1.667484724840001228e-04
2.659297738994153334e-03
3.241908175095223419e-03
1.287056421489600347e-03
6.310815317019185210e-04
1.111481398987810339e-03
1.641984056031032711e-04
4.533885160415955805e-05
2.048396072310265174e-05
5.427323832210159628e-06
8.274414039250740945e-06
1.147408127992180090e-05
9.969624239812609274e-06
1.210391600186320130e-05
1.373999656960886877e-05
1.331397263083321525e-05
1.365771568332165393e-05
2.147240648201426068e-05
5.327755439506132379e-05
1.494332156253315317e-03
3.726870968435669080e-03
2.201606448331299218e-03
1.652917487721072354e-03
2.419560829571379759e-03
8.254774210891088109e-04
8.567732118518044549e-04
2.624803076452977943e-04
1.956334949874972002e-05
2.743100865953785469e-05
1.733474326758144128e-05
3.493010450716066255e-06
3.174758702967765620e-06
4.630006373263962430e-06
5.461700466493016738e-06
6.857209660491878876e-06
1.310255376338431898e-05
5.253774635345497278e-05
4.433974263928322154e-03
5.630619193425997343e-03
5.609632438587882405e-04
3.866690471015505454e-04
3.312565083737935702e-04
6.974842374168709449e-04
3.772403102187361999e-03
2.463491972871660780e-03
4.372347840691516679e-04
1.117507371230843814e-03
2.270695234600935938e-04
4.712140812968640178e-06
2.955740815533705151e-06
6.167281809186253854e-06
4.620641645365831459e-06
3.995702507501189832e-06
8.346706542821242776e-06
5.396547321761839333e-05
3.349545466336958412e-03
4.183954366398734415e-03
2.118753079461070232e-03
3.364571720294577684e-03
3.252168952646156130e-04
4.410955769324633011e-04
1.272717987058805600e-03
1.493292084196370592e-03
1.525540995791720925e-03
6.228132831449739726e-03
1.240691313641122335e-03
2.633575870997477097e-05
4.975516604051188630e-05
1.580361013402329610e-04
1.916962803979694872e-05
3.997221111375115802e-06
9.449542850329716170e-06
3.447572586883141570e-05
1.073118442923474448e-03
2.064122560758645079e-03
1.344537088426792180e-03
2.702684799401622925e-03
1.212217365267465605e-03
1.566302899239377941e-03
6.732060928226113374e-04
1.578971286605705942e-03
1.658398353264386874e-03
1.322241961584881423e-03
1.476830804224285414e-03
6.963675558981730161e-04
1.114290244521213592e-03
1.098546647699826873e-03
5.901595098460383929e-05
1.633657351642011274e-05
1.301667670458983963e-04
8.442620585896078579e-06
4.266990122635964987e-04
2.470926410168038014e-03
2.938471931736769452e-04
4.575516686155103939e-04
2.175251546530820607e-03
2.115710521926638440e-03
4.942621714517817866e-04
3.518947678962241598e-03
1.681823502330771205e-03
2.821347313195132138e-04
1.681818869631561712e-03
9.607210685195280431e-03
2.114023109976680571e-03
4.131525599935017830e-04
5.955617190548817303e-05
5.771726165188970602e-05
1.196043900211982798e-03
2.507689392385536571e-06
5.570925969656809472e-05
8.446007922692534958e-04
7.881476893387794188e-04
2.088354314804993870e-03
1.154511420702844949e-03
3.609694498256431979e-04
2.283562166552597663e-04
1.714246924138996013e-03
7.992371408780721796e-04
2.662907434601515422e-04
8.870144427484449911e-04
6.026825931187356801e-03
3.497230744735308622e-03
5.589839685214317670e-04
7.093824682546411085e-05
2.506481058747522328e-05
1.207518032829093293e-04
4.530668456980319102e-06
5.341621756027175065e-05
8.696511507977217883e-04
1.175312934292822983e-03
1.047407393058503696e-03
2.725618449844536585e-04
2.230394030701992507e-04
6.423462991154489004e-04
2.413512752683954696e-03
8.265970042137699451e-04
1.279612478548082305e-03
7.520218086730093765e-04
1.439748690206417436e-03
5.831285810345366617e-03
6.346563695659042902e-04
9.024307884943405847e-05
2.011952706934816619e-05
1.041992637026280691e-05
6.630690377629179490e-06
1.165225295837753043e-04
4.596130100419773545e-03
9.822770076600162176e-04
9.753361326950062832e-05
2.455249677814801742e-04
6.305625622476744010e-04
1.428060080431366955e-03
4.253781848414888572e-03
1.747796994034667324e-03
7.239636948737655092e-03
2.148487917979642094e-03
1.019169581208900777e-03
5.068173953712598948e-03
2.106813326682854728e-03
9.098396316535548338e-04
9.755971248616893241e-05
1.105696366155434280e-05
4.653845540018480188e-07
3.667109749337707915e-06
1.098481575674740626e-03
2.083074380146981031e-03
3.558943388665908119e-04
9.361467939949276451e-04
8.685347778881905099e-04
7.114738089097320676e-04
2.534196988018806371e-03
9.760154858222663127e-04
2.094824542625502162e-03
6.390106735003158595e-03
1.755902615632338017e-03
9.117179114087690245e-04
4.256955356401994489e-03
1.707239771114235985e-03
3.445252695987315896e-05
7.963034053582178874e-06
1.264311603407727106e-07
7.460456546897435325e-06
4.636771673239120303e-03
5.693121160061869780e-03
2.061125735113662674e-03
1.533962905521978840e-03
2.262615138557467521e-03
1.070690874696596630e-03
2.236977275343950025e-04
4.359369062376657695e-05
1.312868286537852819e-04
4.122434134212499095e-03
5.971738569718967621e-04
4.621223011271020182e-05
9.782442684455252158e-04
1.739455850050753360e-04
2.107396865027642809e-06
3.559435305113195178e-06
2.525127712789618849e-06
9.733116942522728908e-04
8.912460079265561996e-02
1.988803377373312559e-02
6.767521877043753027e-03
1.167442581299089248e-03
3.379611515057952265e-03
1.775106804626378799e-03
2.258544805667968833e-04
1.589350338843780732e-04
2.088637789059269217e-04
2.718983171127608948e-03
1.589259449546999436e-03
1.638413291872426424e-04
1.844183286042411869e-03
1.000729449076982421e-04
8.552141276160429150e-07
2.614091485503924058e-06
4.969742515499676124e-05
6.571131357593176445e-03
1.004853571058703793e-01
4.020508083603687582e-02
2.096421264045553873e-02
4.966742574146357746e-03
4.707055209929292619e-03
1.807062260268167382e-03
2.647842218405034153e-03
4.137571900652799346e-03
8.693947709896411667e-04
3.024517722751761221e-03
6.132062329486622637e-03
8.402042213866226785e-04
3.330184319145141226e-03
1.685726953520252794e-04
2.547662385692107663e-06
4.049631732649855180e-06
1.354606239713574260e-05
2.191058879503639256e-03
1.004032048519553494e-01
2.488158380192634009e-02
1.317725615118245895e-02
5.478647912454253331e-03
7.985449602267600741e-04
4.615282308829454696e-04
1.453649562481283339e-03
6.926094681609384646e-04
5.355209597309485174e-04
1.949246491591371741e-03
6.233605823542927131e-04
1.078068541920084442e-04
6.103790975221721734e-04
2.148398440746816308e-04
7.401877607023300181e-05
4.118926680994400622e-05
1.439522098733081025e-06
8.250683755635775064e-05
1.110426508843871847e-02
1.469312447110276282e-02
1.529818641977344351e-02
5.261993985244360454e-03
1.254572517909550771e-03
1.206113364073457123e-03
8.734682059466528179e-04
1.554932508515186854e-04
4.893194639644485614e-04
2.774107634046920484e-03
8.277924056569285587e-04
6.076370491225179665e-04
1.684236465651290943e-03
4.405122738698400006e-04
7.452372218988903693e-04
2.097629729819839109e-04
2.918121230261079902e-06
2.215404878044426487e-05
1.272087585213400830e-03
5.340784225448529099e-03
3.677127179902185683e-03
1.619272753668626148e-03
8.809717486973035142e-04
5.062492744850420742e-04
5.440242370722147723e-04
1.909447488063784960e-04
3.713683143358933189e-04
3.862487976234926183e-03
3.401609393383411666e-03
2.408514678898815257e-03
3.916034798669668256e-03
4.044658822887499373e-04
1.067834297724206788e-04
3.358577684505705034e-05
9.585153150533132519e-06
3.411391015037865105e-05
1.504153707061817993e-03
4.143295129040267151e-03
8.194361379504386082e-04
4.593532282725834711e-04
1.193576086502973741e-04
1.701679578457883206e-04
2.258552804269385074e-03
2.570420504716047511e-03
2.309419714906282232e-03
2.856850519852407837e-03
1.338482139626733349e-03
1.082577326826786269e-03
4.923155559082131524e-03
1.252599260211167791e-03
4.309984033261093906e-05
9.050913243375187207e-06
8.023829000069802612e-06
8.480826082784590243e-06
1.806642189235782439e-04
1.210450425342549444e-03
1.426404899667688912e-03
1.731506698962734974e-03
3.793681283909025007e-04
1.550420387997345677e-03
3.305671804849425431e-03
9.169993707779032195e-04
5.531362047077493550e-03
4.608288151352902748e-03
2.236108144956645751e-03
2.828520557118769686e-03
6.268316560296558404e-04
6.394671485205823157e-05
1.227503389621880590e-05
1.005456670439453754e-05
5.168546646058427226e-06
2.510972356379366431e-06
1.003840147340551453e-05
9.219024715517657039e-05
7.477750602483251028e-04
5.261239250462680780e-04
1.458178631583055627e-04
2.505948821513556430e-03
2.639369107690025217e-03
1.951368017859367397e-04
1.441090178861870316e-03
4.697661763529665385e-03
4.122515561962289410e-03
5.532330047974584608e-03
8.420190331407992443e-05
1.814801201481305072e-06
2.523867074907260677e-06
1.110443771178433984e-05
7.664437252431204010e-06
2.127371158194470569e-05
3.613269962298480898e-05
6.843684839550682173e-05
1.780601318221725808e-03
1.513494478624676561e-03
1.033155306468674261e-04
3.658123319149436366e-04
3.313376085472048965e-03
2.768266530800551212e-03
2.061608447688250551e-03
3.596853472332055962e-03
2.973787544718116405e-03
1.469492447249429960e-03
4.697961285993836099e-05
2.481965096634953825e-06
3.645400733751337154e-06
1.379133010610449182e-05
4.032327389739784492e-05
1.682423516312953494e-03
1.268954772788520981e-03
1.031474508137768730e-04
1.436327754990094794e-03
5.410596456795068072e-03
1.686579252090713871e-03
1.124531208159195187e-03
1.986151339196386926e-03
2.188554510774133599e-03
1.609213887372363486e-03
3.973862528797507399e-03
1.456385703546826411e-03
9.310929751000439044e-05
8.715524743807495460e-06
3.402270941892175949e-06
5.160092583485255684e-06
1.348265128231104806e-05
5.330005853250668977e-05
2.872252059889954592e-03
5.549011538725950529e-03
1.030473145978381142e-03
2.390155588353377013e-03
2.940329472690335431e-03
4.089923004738057685e-03
1.860368612791283693e-03
7.380917800753967117e-04
1.262957055960156746e-03
3.222130795455162375e-03
1.776801459446133644e-03
8.139690951585171598e-05
5.139271470038774759e-06
3.200304141164751478e-06
5.382571319335137661e-06
5.799762769638378961e-06
9.728261278113994572e-06
6.952025855895766962e-06
9.778540302745762549e-05
2.123703668303928913e-03
2.407209889552532761e-03
8.746005297613617399e-04
1.322418958599436709e-03
1.123580190615219030e-03
2.078804505417954627e-04
5.400225984383900165e-04
2.263676132176624736e-03
5.159372934155321633e-04
2.374358191938756091e-05
2.335545765718260026e-06
2.016945309491675993e-06
1.899444211315698186e-05
1.102289456067451169e-04
2.788511954458161582e-05
9.343579763735016401e-06
8.866139939932230748e-06
1.539730069045177404e-04
5.648769028255650956e-03
2.993070042562370314e-03
4.412991866634424928e-04
9.603786236278929371e-04
3.629795943016697070e-04
2.122138895094425259e-04
9.554403904975620207e-04
2.367770419504523619e-04
5.657816205652129482e-06
8.982965795593354754e-07
1.206786117440358842e-06
4.273835301829214445e-06
1.068589653844057290e-04
1.080814829553479114e-03
1.056535986178220731e-04
1.122941228977182363e-05
9.317796172969302715e-05
1.265935939264178738e-03
6.401830643377594103e-03
4.535836692795358095e-03
2.915540780069744362e-03
1.450059870257241774e-03
3.585504002823865157e-04
9.546764090261339319e-04
3.899117819133975289e-04
8.805107079639437601e-06
1.388535064821736791e-06
2.810775207786051026e-06
6.737752934983850626e-06
9.016094496329455477e-06
3.565108521152202359e-05
1.228118817438331536e-04
3.328903798945848173e-05
1.291570793084939493e-05
