6.876343347078275515e-06
5.313666291041459993e-06
9.494977581456227647e-06
9.347761322817631354e-06
7.473700046443651792e-06
8.549710314246995231e-06
9.922583403032524073e-06
1.035265019878176818e-05
1.033360550381093388e-05
1.015259761267782649e-05
9.975536732302942478e-06
9.874898171882528212e-06
9.827654963616100581e-06
9.843949414276631423e-06
9.844169116964335053e-06
9.565289446537488747e-06
9.841825027919594651e-06
1.454421632598323611e-05
3.937237067513228345e-06
1.802087868232244604e-05
1.253934295583421135e-04
3.545709705938020955e-05
4.644364748128873075e-06
2.990480663520648122e-06
3.911847669655617465e-06
4.972003987224160662e-06
5.784291431118154934e-06
6.315690942692728861e-06
6.463096630171134386e-06
6.452602733466876431e-06
6.375442030128483229e-06
6.276258643362771884e-06
6.207201951444868936e-06
5.979344844055440968e-06
6.159577151845709973e-06
9.839334096119854299e-06
1.788423605216336103e-05
2.868857249449338512e-04
7.639151718091339704e-04
3.860221352639988388e-05
3.810987157212232911e-06
3.539413631041545216e-06
4.149109675869064545e-06
3.144396085165890137e-06
3.044918629439305572e-06
4.260873961352531757e-06
5.204449073274505715e-06
5.780849465595377723e-06
6.358042319352639122e-06
6.395552799376322127e-06
6.155817817666362663e-06
5.832181716838405911e-06
5.978465034415517541e-06
9.561958388861202461e-06
5.803631710006439831e-05
9.334639200108686393e-04
8.332743983807920640e-04
5.299679620181834880e-05
3.693229866673469313e-05
1.157240496326325090e-04
6.376361335133381265e-05
8.219609434283224272e-06
2.992006579842576860e-06
4.420569006476340080e-06
4.216057706584599970e-06
3.671387870176950640e-06
5.254923357934000569e-06
6.745587370772185705e-06
6.696317436391833088e-06
6.151248170979817756e-06
6.205323999710715735e-06
9.841052014226856910e-06
1.021044987116181279e-05
2.932006122262452571e-04
4.877271979550584606e-03
1.694582699007703315e-03
1.157343243045548444e-03
2.704117011937672010e-03
1.128587088301822574e-03
1.600744433136677702e-04
4.581828256553172399e-05
5.063639806350110097e-05
1.390508579833047119e-05
2.537176678934592363e-06
2.762077872852461136e-06
5.292854721983152138e-06
6.722659131844151452e-06
6.380917385141309695e-06
6.275153712768714042e-06
9.829917310322191013e-06
2.203168463483800216e-06
6.670597463355675504e-05
6.377110725410708135e-03
3.692550549701577398e-03
1.878589699911064389e-03
3.090539221646875553e-03
1.817885799104754143e-03
2.636371544346052809e-03
1.509305391499374217e-03
1.075275606287474754e-03
2.198993181755548761e-04
8.799482148317913727e-06
2.097524586675589949e-06
3.003911548997860412e-06
5.308661872512608523e-06
6.337023053328879322e-06
6.408481036571546448e-06
9.805240777917527005e-06
2.653515305627869971e-06
4.577911074139526460e-05
4.712361996195334538e-03
6.975909133882060575e-03
4.054770526175266628e-03
1.929610434406182689e-03
4.395997525943559658e-04
2.061058808611077563e-03
3.563085597066000931e-03
1.404733315427941385e-03
1.092393006775760605e-03
1.362843841756034642e-04
1.021228810020734103e-05
3.406567046943217583e-06
3.707302000551103047e-06
5.514172541048059692e-06
6.561962674548092087e-06
9.981816576552008695e-06
2.465724310197318281e-06
3.172474090095993759e-05
3.890640470167678559e-03
1.277176811358987987e-02
3.239451098291373701e-03
5.566035672440770377e-04
1.508202449202882022e-04
5.706185988949403175e-04
3.620081828461587780e-03
1.630312737229312617e-03
1.902224129482685310e-03
1.024428540228335995e-03
2.033915464819092088e-04
2.043389667893817809e-05
3.463325909515906394e-06
3.912096513211138786e-06
6.355509049879841574e-06
1.055538591299118050e-05
3.392998659759495759e-06
1.208698744770512210e-04
7.747340189239844410e-03
5.842632691448712036e-03
2.399795667836970327e-03
1.718653908778841784e-03
1.425431754566831551e-03
1.060738301526191257e-03
1.749728499192514455e-03
2.520495684780960002e-03
2.926090972134200944e-03
9.082605407036981049e-04
7.807399398934838095e-04
1.000894992886337088e-04
3.812212465999680047e-06
2.260183633749152152e-06
4.792157432007668401e-06
1.065122705585290476e-05
2.186093480172988884e-06
9.769120177759517182e-05
1.111211270034261935e-02
1.581522905354493941e-02
1.075882032604961493e-02
3.222348519898846509e-03
2.296203443832136107e-03
3.415615298476299116e-03
1.343830126341028419e-03
2.045950245291694447e-03
4.837746519199320229e-03
1.809424474211334061e-03
1.284813270797269258e-03
2.510788979861339220e-04
1.099102642810145087e-05
1.937797969600679812e-06
2.298275089613972080e-06
7.677278357341143694e-06
3.148751486785700793e-06
1.131954406045193031e-04
9.520254822725898389e-03
1.637637897053119754e-02
1.282421938845061844e-02
2.152535408635028284e-03
1.299353146810618403e-03
5.955127565170210274e-03
1.899432229972094913e-03
1.662048784485318023e-03
6.060380603032233283e-03
4.209585110509817506e-03
2.279703588444972114e-03
7.972341686825533489e-04
1.207807303081237684e-04
9.246455720029207178e-06
2.156989939366532210e-06
4.933780192098758351e-06
1.582134139195974883e-05
1.457197087950708268e-03
5.588244055368048885e-02
2.484809094841556112e-02
1.118085035076848109e-02
3.323588962192543239e-03
1.970224246528035853e-03
2.178864543194477654e-03
1.138955361379048736e-03
1.564160028360144731e-03
3.424934211831474808e-03
2.164476426658813995e-03
1.685119356092547272e-03
9.153376109247535024e-04
9.001363350810395779e-04
3.546544228306228739e-04
2.048271239959105808e-05
6.735200008452123676e-06
1.098979870503819279e-05
1.363990380522954547e-03
8.219881418976458798e-02
4.851048025089205185e-02
2.011473421640212755e-02
1.612283565841423835e-02
1.337917808823338786e-02
5.302515707095677849e-03
7.697487995274743082e-03
3.984651230817587778e-03
6.326968642517305508e-03
1.012048495600290261e-02
3.145857443963315930e-03
1.060822351468021897e-03
2.027644868298368857e-03
2.053442220778831356e-03
7.231696429531845769e-05
7.439422228749277758e-06
1.403296636613413308e-05
1.835862094377604210e-03
5.836081198792135438e-02
2.527696016468613388e-02
1.976751042822438506e-02
1.583831575472062492e-02
6.982542582736273734e-03
3.303285772857219617e-03
4.820413216644711674e-03
1.444815438553194312e-03
3.642622118632194220e-03
9.102694349090906939e-03
3.562318997580249825e-03
1.194410530586353849e-03
1.096142692304108825e-03
7.508908183139506066e-04
3.331434351410795326e-05
4.891038510935013825e-06
2.514486329527246928e-05
1.097565328003008867e-03
1.006984787973896206e-02
4.231724810592351130e-03
9.483695404873157889e-03
8.362403009920027497e-03
2.430593415370187454e-03
3.139304756345408925e-03
2.110753827355490043e-03
1.915143617136396683e-03
7.341688854747611959e-03
7.377172215924917252e-03
4.687932953815805541e-03
3.621288784231753172e-04
2.084627046495045690e-04
6.780190108978974674e-04
6.202483100116100532e-05
7.704443908663545192e-06
7.732928975737003236e-06
1.958257232545873540e-04
6.003956692696470025e-03
4.403114410422228828e-03
7.908053939547198680e-03
8.196498084326986344e-03
2.392479022117627915e-03
6.304023263602594358e-03
2.218461106021345480e-03
2.558433372400281333e-03
7.709411268311506908e-03
4.999793333913142568e-03
1.468146257319418412e-03
7.866246554953489002e-05
1.121874019756500200e-04
2.720408534861952694e-04
2.532928587613991365e-05
7.259742933011919363e-06
3.100990176970597246e-06
8.826574179123768398e-05
8.072420422770773540e-03
8.122721313747392063e-03
3.106745447832619245e-03
7.132798365999641491e-04
3.292503346462424731e-04
1.257918261683599499e-03
1.417192181789290279e-03
3.142908926965106917e-03
3.730060359452406094e-03
3.754882786983478569e-03
1.270599588428166296e-03
4.983811674893767491e-04
7.719722201544798254e-04
6.889695975310560167e-05
3.918136226106614905e-06
5.045859362535827129e-06
4.227201037774605916e-06
5.799029827351595171e-05
1.665693460902224364e-03
3.848113834873922827e-03
6.229228102668554930e-03
2.843750622531746996e-03
2.419426785986978322e-03
2.793545888194699789e-03
3.638348546772000956e-03
6.881481785937631872e-03
4.839119112648528759e-03
2.442460467486751597e-03
5.170226749172989258e-04
7.611714181863299053e-04
3.672559998423964643e-04
8.084535355738026459e-06
1.606309954769289597e-06
5.992855795260825681e-06
3.055960450153428524e-06
2.620684552394486486e-05
8.126772970600882641e-04
4.025356054738805402e-03
6.163711590170375780e-03
3.084043067216768463e-03
2.861654812836148584e-03
1.747349367890238710e-03
3.315662591015482684e-03
3.561932648575168257e-03
2.157411885793633459e-03
2.227795518087225923e-04
1.584507294453670403e-05
9.698687705857024304e-05
1.734436784768819218e-04
8.282814329172120819e-06
2.300008742918856420e-06
7.445728276205930017e-06
2.997588036151266227e-06
8.644995692255322609e-05
3.775518646612215437e-03
5.473739454938397753e-03
4.115281431132352188e-03
1.741028832834968457e-03
8.775589866225798211e-04
4.475293800322896042e-04
3.080212859753164202e-03
1.429920045222569719e-03
1.096791080038819928e-04
9.230015052541794995e-06
2.522872228973653858e-06
7.350840803452420675e-05
9.655936746886260901e-04
7.799415874717528904e-05
6.168685700562839969e-06
8.205263156079282914e-06
4.491852614896921902e-06
1.938887263985679486e-04
2.383838573176218396e-03
2.397924023095862362e-04
9.103759316337670907e-05
4.032446017944289903e-04
1.374573754181600879e-03
2.353895181925955149e-04
5.723099016964062471e-04
1.382215750424662846e-04
3.943403592191501994e-06
1.469985443065077895e-06
2.344068822508062551e-06
2.261548287126353222e-05
1.242977132251670697e-04
2.843021275991429450e-05
5.573165002585500676e-06
8.268333534603855702e-06
4.508302909049083826e-06
1.906234684255508175e-05
6.736313550396380177e-05
3.944795263862783719e-05
4.500927241155455873e-05
3.456487397903661141e-04
3.335824955393630782e-03
6.016965509017337165e-04
5.862558625740124782e-04
1.002114360154829348e-04
2.912373894676828257e-06
1.960885542815397544e-06
3.465015761209075011e-06
4.686323950512367881e-06
5.433769463219655385e-06
4.144171332669068617e-06
4.190807538158796436e-06
8.984110906139365350e-06
5.173679475158481020e-06
2.166559737055904696e-06
4.566492644437231868e-06
1.094604053947383126e-04
7.564777881786743192e-04
2.353000171482018583e-04
1.158253947270758373e-04
5.371637510450857623e-05
1.113731471405715156e-04
4.514683693805550548e-05
4.884587848447699862e-06
3.997743737773651531e-06
5.442283674908906414e-06
4.583963009775631918e-06
3.820489557739123717e-06
3.995264549846993706e-06
5.196534306119942263e-06
9.720659071546580438e-06
6.864096932030389368e-06
2.123843758486821193e-06
6.579439010754006609e-06
1.647668217830728255e-04
1.881904378623674566e-04
6.881274101162740913e-06
1.373541027363089272e-06
1.796254849282556289e-06
4.906684342130450825e-06
6.158943864903777696e-06
4.509572294712788883e-06
5.529001886532976195e-06
6.634022292831344525e-06
6.339680660563636250e-06
5.996260044487150659e-06
5.907296502760089654e-06
6.309938978200942552e-06
1.009305504275209257e-05
1.151775610264360133e-05
9.041351863920153842e-06
1.057404422417241446e-04
1.076246367754180294e-03
9.939192805378515845e-05
3.060872842652427708e-06
1.826887837968502830e-06
3.743447748246307874e-06
6.112792502274490618e-06
7.583084875778692377e-06
8.684606527363136045e-06
9.905803273522020055e-06
1.022634012346685131e-05
1.010720248783757985e-05
1.006394774541320574e-05
9.762639294629628337e-06
9.951796811689332911e-06
1.454990943654030045e-05
