1.094002722227933044e-05
7.290598798628774794e-06
7.361765026078478820e-06
8.028562391764985245e-06
8.579790582509580455e-06
8.973523815339494434e-06
8.769845724974047798e-06
8.466222127544434500e-06
8.476600719210887529e-06
8.684110471120175313e-06
8.797013392301520111e-06
8.740737611532677182e-06
8.629837011563386653e-06
8.544063531665996617e-06
8.466730647242315451e-06
8.292700867926925198e-06
8.629939223151729684e-06
1.187025172114323261e-05
3.574161270803414905e-06
2.830288755482789091e-06
5.554083161785697716e-06
6.184491904103731146e-06
4.693547431747550452e-06
4.199620571151262900e-06
4.179461445066457542e-06
4.696651440607223833e-06
4.958153061970197577e-06
4.969946052086370497e-06
5.257576441587899999e-06
5.638168913706374513e-06
5.914126398479419896e-06
5.966074895006005915e-06
5.838024128505413668e-06
5.618244278503001782e-06
5.855052366787674005e-06
8.635678266666181146e-06
2.467075701074158908e-06
8.103369047688635507e-06
4.358566427827770604e-05
1.459109704813220515e-05
1.944290318265398706e-06
9.695899382152466648e-07
1.915207398154855668e-06
6.211313921371373264e-06
5.860820207127364953e-06
3.099292056399205041e-06
2.994523562236909617e-06
3.753660541304893811e-06
4.752611155068238615e-06
5.637473451988147115e-06
5.766112246421649933e-06
5.456428461942607678e-06
5.612386834048241208e-06
8.303630658491692077e-06
1.890534097831911655e-05
3.661573541496650360e-04
1.332961042837870532e-03
5.769314745448201969e-05
1.203210167027217189e-06
5.607075802807631050e-07
6.784108698975792100e-06
7.820485854934744539e-05
2.486890562851285866e-05
4.495009297298604848e-06
5.123431182620882535e-06
4.488450416762054381e-06
3.507406801250387255e-06
4.784471169527133610e-06
5.919882205777079453e-06
5.723897917777912005e-06
5.784545298296862227e-06
8.468865428968547324e-06
6.198261158375074171e-05
9.440134608620115875e-04
1.563392509311392576e-03
2.658174379089531920e-04
2.565616386513670666e-05
2.814542685177865030e-05
5.219227927216681150e-04
1.016061177996017625e-03
7.018686852824827197e-05
3.359428485397940425e-05
1.463097212884844635e-04
3.237396478102073580e-05
3.296677893231560474e-06
3.220404266605218304e-06
5.404933016036597786e-06
5.820044453754881237e-06
5.849919689309508643e-06
8.495549741660181009e-06
3.332604910784552890e-05
5.016180233677784229e-04
1.128178560296735954e-03
1.973512192591318944e-03
2.307522554070644185e-03
1.228856717550517010e-03
2.479369410309106500e-03
5.361106499145736710e-04
8.852402833271565781e-05
1.858858376711448239e-04
8.674132892445255046e-04
1.342043757050627006e-04
5.241996630374634850e-06
2.710690571339836754e-06
4.729444792290836223e-06
5.746480003502002065e-06
5.878033697063753666e-06
8.486150530081726048e-06
3.678298783352879021e-05
1.212413300717644221e-03
2.957081000430926854e-03
4.104139035653054865e-03
7.890544508336424373e-03
1.707853825630833945e-03
1.441303949572846034e-03
7.425166565439551922e-04
6.728804926479938463e-04
4.760855827046750455e-04
2.631977195875544813e-04
2.220971467202309741e-04
2.964292920970136271e-05
5.043931717335232629e-06
4.624980705014789588e-06
5.624490105724593592e-06
5.905732522505466991e-06
8.492457260384436040e-06
2.441709696253860809e-05
4.161829664672831233e-04
1.653104798303254306e-03
3.328502795000458370e-03
5.820995960324706724e-03
2.623938539854489375e-03
2.785523707564763109e-03
1.057972206252697335e-03
6.650524431742881352e-04
8.969514881968823324e-04
6.418707228392084166e-04
6.633324779557729254e-04
7.192496798668344179e-05
5.533825400065897560e-06
4.085665425449976040e-06
5.474970984053746655e-06
5.935205957700547762e-06
8.501591216710957481e-06
3.774912057598245378e-05
1.166337104483785268e-03
7.317646294159715382e-03
8.674946884614754064e-03
7.123081171752504437e-03
1.245446776304646530e-03
9.366328281563242927e-04
3.290726381269599337e-04
4.234705288257310991e-05
1.187484278574250490e-04
9.809082683191916886e-04
9.924536824304317374e-04
4.153279290226817035e-05
3.313056009593956096e-06
3.515194139472541310e-06
5.428916660922331316e-06
5.958308806511331084e-06
8.498940799964163563e-06
8.095418643669394468e-06
3.286426341900256648e-04
5.052012435363011089e-03
9.053965256135521403e-03
9.624739338747655137e-03
1.342371850828583558e-03
2.277261613408586120e-03
1.187730675300087456e-03
1.971910097934398523e-05
1.764557430448924713e-05
7.365403582304634600e-04
2.249909091210413378e-03
7.421949897189527104e-05
4.510073286568782730e-06
4.067495105522800538e-06
5.648318343194626924e-06
5.978488871278448941e-06
8.487465137447767563e-06
1.732910956725835130e-06
8.698772372274485884e-05
3.008860183420256334e-03
4.558077891520431052e-03
4.609999172571947225e-03
2.563799445853964278e-03
2.142435480209502197e-03
2.243992244827019489e-04
1.167937101657241580e-05
6.322380901498713735e-05
1.076627627322230543e-03
3.851970596949956830e-04
1.186884240383945661e-05
2.392720987538224198e-06
3.868966783847449719e-06
5.733586214489213841e-06
5.992942049349154819e-06
8.485085266125612445e-06
1.278854911434858254e-05
1.651830371748311353e-03
3.307230036728465994e-02
1.183758623571476258e-02
1.552097595904304746e-02
2.052202659918531819e-02
2.685372494907927680e-03
2.388882471321650540e-04
1.476951615892801929e-04
1.537523038901848597e-03
3.481207308486687635e-03
3.998997713901048965e-04
1.290191847612112294e-05
2.280283917930433084e-06
3.523637320710919714e-06
5.557184492746778966e-06
5.976152740294259816e-06
8.493263004115786556e-06
4.076616358492050744e-04
1.428321895238652932e-02
2.647235001100379237e-01
4.618527332693511678e-02
4.207281508991437408e-02
4.850885698519043221e-02
7.600053101578633369e-03
9.135824786960186975e-03
1.013267482749594627e-02
6.285237452478126090e-03
3.369710055850618120e-03
2.258994241678301349e-03
1.394841216269950370e-04
6.218668905001149877e-06
3.973163973606461187e-06
5.446410245493735359e-06
5.935745009815453743e-06
8.496566100384596529e-06
8.975120141309212004e-04
1.086379477238996532e-03
4.854428108079245768e-02
3.143860541904949096e-02
2.290164136525290467e-02
1.531600015589842240e-02
3.026211120281287539e-03
6.642479842107354947e-03
3.478202631713534030e-03
1.248195934075762821e-03
1.116483556591877334e-03
3.321339023977827728e-04
2.030517649818017246e-05
3.536325879727030708e-06
4.125938406053932646e-06
5.582649919597359877e-06
5.908650644218763165e-06
8.482641461370578874e-06
8.112861074253971210e-05
6.070533252223086275e-05
3.371957599397603245e-03
9.329739782754972038e-03
1.078927325829403053e-02
9.809427249213275787e-03
2.209592031511851962e-03
1.177261487831435813e-03
3.544619750109004471e-04
3.275412317719191891e-04
1.547226321760902714e-03
1.014815359871668266e-04
2.138342922442386231e-06
1.728759774127178242e-06
4.573642067441206709e-06
5.911037387069848051e-06
5.890724405565164630e-06
8.454650573518504317e-06
4.654096582898111461e-05
2.023500956559506480e-04
2.717619501390492603e-03
1.203395723798565339e-02
8.022865380018409653e-03
2.733220849117482237e-03
1.028725143959664367e-03
6.694685149491483127e-04
7.402263526810594569e-04
5.429941510160693182e-04
1.164709509945181451e-03
5.084778945673012069e-05
1.064528244371880816e-06
1.547655834326213039e-06
5.071564770203284272e-06
6.115330901202517842e-06
5.881543407460935796e-06
8.435884091888822147e-06
7.153054911801553150e-05
8.280293273203048494e-04
3.023759469162857864e-03
1.092512694521365763e-02
1.097531386558356185e-02
3.630564980417445332e-03
1.180120640685668361e-03
6.636374510246290104e-04
1.270007504465273454e-03
1.739418300330272758e-03
3.569428161451322721e-03
1.234940061020962931e-04
1.560537807693988449e-06
1.423303249980183800e-06
4.530785019355938350e-06
5.981167878409216183e-06
5.900914182033460025e-06
8.447501792057264246e-06
2.585468878450047784e-05
7.205564762230355245e-04
5.089056469649085902e-03
5.638979817284592126e-03
5.553398452016048911e-03
5.962552570859451159e-03
2.010017169788818649e-03
8.823607016675573921e-04
5.385702714386023235e-04
1.466638404003664867e-04
3.934433778262929780e-04
3.274275003389870192e-04
1.231876295987012699e-05
2.442680205642141615e-06
3.906844233405196275e-06
5.625832777494394695e-06
5.922720359825795195e-06
8.478223356153418005e-06
3.351195347280490588e-05
1.111788741967637559e-03
4.748055574882248733e-03
3.810861460355568792e-03
3.792743327194460223e-03
1.251339522887151730e-03
4.318927021043527021e-04
4.300133339073780158e-04
8.874127952729391573e-04
2.224071866069351588e-04
1.528346682691117267e-04
8.999200713868505492e-04
1.264375097900991278e-04
6.009636659043562186e-06
3.889009033013992561e-06
5.376911833617189891e-06
5.922774368067804615e-06
8.501777918958944010e-06
4.319434531656403967e-05
1.838849005176943982e-03
6.932402939148692676e-03
3.449442410525918427e-03
2.845730002604492884e-03
1.900588315305812856e-03
2.032839604695115855e-03
2.775796678127587800e-04
3.660494040920629437e-04
1.073366066114381841e-03
2.147079623584431142e-04
1.294509397904948034e-04
3.446115668107728621e-05
5.170143501398946582e-06
4.173026188858641774e-06
5.442898289363685509e-06
5.914625516416674886e-06
8.508023173274228396e-06
6.010986778460208908e-06
4.202472841067527213e-05
3.988175761537155980e-04
5.211564426015578844e-04
1.326395274997960833e-04
9.696030325998155946e-05
2.268184701091628024e-04
1.922270059539767808e-05
1.017426251959900161e-05
6.176083566263744138e-05
1.788819602656649551e-05
4.186914197069124909e-06
3.460004941296493232e-06
3.695554383806304260e-06
4.921485153294949630e-06
5.674101837455414265e-06
5.893810213837430874e-06
8.508950513945256295e-06
2.321131587011394306e-06
2.415531861623525787e-06
6.491119907423211768e-05
8.595883732294619817e-04
6.512741737210099341e-05
2.951589060066893110e-06
2.399972581558091224e-06
1.590566559821596964e-06
1.884387034644868089e-06
5.337085162706274992e-06
4.016497068333792343e-06
2.493861572158363295e-06
3.308729593323253040e-06
4.829966855595044951e-06
5.744539179989832267e-06
5.715989412696981184e-06
5.814421160038453040e-06
8.469475603163925955e-06
4.618155004474993985e-06
2.894918556411350527e-06
2.454738926473559881e-05
1.969979452105599931e-04
3.148906780232776074e-05
2.380488059523479388e-06
1.660713789922746237e-06
2.465751259632327540e-06
3.476119234658665686e-06
4.603902433391225794e-06
4.670973438312045496e-06
4.703777812766190589e-06
5.332382361914877576e-06
5.776612120788416378e-06
5.751382255018262251e-06
5.468631455991844139e-06
5.621601556741450951e-06
8.299365714421441705e-06
7.982252267113400311e-06
3.979536851867870517e-06
4.249157689098966537e-06
5.895075741250845088e-06
4.480221910310364696e-06
3.558624733380750146e-06
4.468401122427142526e-06
5.585432838779344670e-06
5.954028669870574324e-06
5.937638191903814501e-06
5.904660071001473077e-06
5.978570006164890701e-06
6.020216774369236533e-06
5.947621957603019221e-06
5.820514244349344348e-06
5.619712881798886101e-06
5.856352029548459659e-06
8.633585180173784736e-06
1.237947542812979004e-05
7.621747478104699072e-06
5.449473940595135511e-06
4.736436581898860046e-06
5.511085214000733101e-06
7.414146971180524861e-06
8.875686204607310690e-06
9.069597920855142047e-06
8.807075279943671499e-06
8.622904679344455041e-06
8.570449763576594305e-06
8.561845185096070296e-06
8.528987100222991798e-06
8.498874999108691801e-06
8.457413824902954778e-06
8.296005083637168439e-06
8.633688776058862828e-06
1.187255732327733037e-05
