2.224487532557372802e-05
7.546788543849421898e-04
7.788288502210409525e-03
2.299259081150042527e-03
2.487652905451730439e-03
1.915740731826368797e-03
2.997259924692383375e-03
1.420939613945484698e-03
7.387034277576569373e-05
7.012908221254438831e-06
4.992152364850959610e-06
7.164053966276709389e-06
1.186767812284187276e-05
2.258025477159155678e-05
2.949064788348295396e-05
2.953747154918052361e-05
3.008694048770635591e-05
4.201832152908511174e-05
1.314350084259650931e-05
7.158188888898251183e-05
2.194236810958768308e-04
8.417917319843644971e-05
8.046963561149540756e-05
6.759046397811522763e-05
6.249854341125423481e-04
9.055993641215374229e-03
3.829347260213211528e-03
1.035872245930863746e-03
6.730687123488774499e-04
4.947070187994749894e-05
7.023990388501071946e-06
7.816200768340403110e-06
1.158800340768147700e-05
1.525868324184215552e-05
1.850677307799007400e-05
2.984301654614986222e-05
1.788838981112013564e-05
1.569972690894358411e-05
1.380894338861134210e-05
7.760964556541655193e-06
6.345312509377620419e-06
4.761684664491878740e-06
2.121998465985747311e-05
2.160639336810646002e-04
5.322285457404305354e-04
4.863594415267401792e-03
2.151958535340283904e-02
9.671252063737643175e-04
5.887497835834867355e-05
1.578255634492147901e-05
1.036913308870744883e-05
1.308407450047877611e-05
1.530801240324200410e-05
2.717050256681172643e-05
2.760407558405598047e-05
1.440877033342507657e-05
9.578599902778103879e-06
1.057676852684670818e-05
1.318100693126119821e-05
6.577321035708689464e-06
4.374397301625595928e-06
6.017200292666148600e-06
1.176310186480307539e-05
1.702878396921471448e-04
2.770752446312017316e-03
5.486699040753328926e-03
4.134005078523002828e-03
5.001391458070867041e-04
1.308687549566394889e-04
5.018977766493685106e-05
1.670482878424442400e-05
2.389922618987049645e-05
3.042116207138931451e-05
1.398332023330967571e-05
1.286853131103863517e-05
8.573085186997306132e-05
4.841645948294789480e-04
8.680536879519256560e-05
1.241934306464427463e-05
3.206573254473621371e-05
1.913515361574369476e-04
6.012518034629933152e-04
1.748164350362715154e-03
4.996965401329422733e-03
8.449165143229788941e-03
6.069105460155967136e-03
3.960137975106445968e-03
2.787249506576446154e-04
1.689744233748437404e-05
1.804941460552332054e-05
2.794363495085681569e-05
1.031756414735746376e-05
1.097477180808182651e-05
2.290662958883127038e-04
2.913971373665028616e-03
2.455659376148139122e-04
2.299041507240612495e-05
2.163036105866955898e-04
4.015809574799835725e-03
4.422711901618512666e-03
2.629294906654147928e-03
1.080681609508804542e-03
8.070167491447073410e-04
5.233445586581018764e-03
4.222681853719533265e-03
1.862774969843758997e-04
1.607858683454057726e-05
1.499418498466391300e-05
2.696586552541221601e-05
1.147327020182477008e-05
2.377797777920085014e-05
5.312797943806154936e-04
1.847882465891675843e-03
1.056293475888305764e-04
1.478840706377717946e-05
3.523128935942272297e-05
1.590631757122793128e-04
5.116252367698526744e-04
3.109551369800976628e-03
2.318637472845265675e-03
1.612770340249928408e-03
8.007883508719816634e-03
1.422576888134833304e-03
3.089458935057209942e-04
1.003528105861878431e-04
2.540201550847172619e-05
2.525162452358179125e-05
1.493644780522328755e-05
1.210611359087888060e-04
4.147362437063906691e-03
2.542481253890632991e-03
1.920944934730500688e-04
9.373131462666390212e-05
2.006248082491436749e-05
1.730646104220628402e-05
2.072099898043056033e-04
1.937172540240701809e-03
6.545818193128088948e-04
4.397109702524949412e-04
3.254687626856532425e-03
2.138197616216846748e-03
2.157446991424000985e-03
4.415838658326547085e-04
3.338314494138818508e-05
1.533110353312810151e-05
7.198753672560901919e-06
1.077519164245288114e-04
5.630904437665494935e-03
2.048564797337660420e-03
7.750457015644636721e-04
3.891972517419105444e-03
5.764527055984242825e-04
5.619049129238358172e-04
4.357749681895266118e-03
7.776936717415645905e-03
9.577417996068966636e-04
1.004655725523830354e-04
5.620509343587669262e-04
4.622503393073069781e-03
1.276909894821856920e-03
4.809966114359281612e-05
1.336837000301469042e-05
8.542432176101162397e-06
5.544046631541770794e-06
9.065269717305604656e-05
3.869003492204430190e-03
2.736456566355023601e-03
1.573560882027306117e-03
7.304814911542492281e-03
2.188235302441149995e-03
2.052049662818251474e-03
1.335425480256592851e-03
1.218000750427774073e-03
2.494183559994617595e-03
4.629616010060090808e-04
4.387689597065090575e-04
2.941820208102436697e-03
2.022704890408212120e-04
5.347471028151986069e-06
8.211826876856670029e-06
1.973631244345776939e-05
1.590855646561929228e-04
1.199269132250627536e-03
6.843686395262058410e-04
1.739556364722886616e-04
9.726130412076618419e-05
4.458063751547557650e-04
8.795056524571558381e-04
3.812128873063430601e-04
1.270650619243088785e-04
3.057233645012913869e-04
2.477954327556605198e-03
3.623346236399068235e-03
1.311268771033273668e-03
8.005299257720504017e-04
5.199772422806296803e-05
3.906451565758492755e-06
9.459833471721614066e-06
6.971001718132427004e-05
5.544645723435757435e-03
3.548048199318042800e-02
1.916285377460953546e-03
2.991214282993621336e-04
5.041030022300477519e-05
2.016948177064407368e-04
2.997694251298155862e-03
3.802840755851250119e-04
1.919266017761819235e-04
2.225472612887212810e-03
4.333479020972984957e-03
4.528416403411443525e-03
4.214299814473708439e-03
4.202007821091095080e-03
6.633002740006962864e-04
2.657240446284500366e-05
1.308290443038941483e-05
4.342765920885950588e-05
4.347626710299016053e-03
7.458454944091019723e-02
2.338747196182871732e-02
1.308750162913964281e-02
4.086328202679170396e-04
2.694835523191505878e-04
5.488714137768685788e-03
3.867585127433831381e-04
1.203425677930385865e-04
2.191570884475876110e-03
1.530675318125339444e-03
2.322409039390187560e-04
4.381461893918853559e-04
1.028512434612563649e-02
1.880703338821446136e-02
3.249545683399577981e-04
2.146179489070476187e-05
1.084885366945440604e-05
1.137040802989397383e-03
6.880974947201480563e-02
1.403843947864930226e-02
3.804125536235848908e-03
7.811898296547265972e-04
8.205283524156311301e-04
3.242029967432905058e-03
2.214408538296757658e-04
1.252987176754611926e-04
2.869417401232810839e-03
2.549770480556728339e-03
3.285830199204273628e-04
5.340626687711540936e-04
5.222262556460518373e-03
4.801443407385818513e-03
1.525903588263536682e-04
1.972632269460420626e-05
3.642310920337682877e-06
8.162436239031499799e-05
8.385038679320180877e-03
7.233552268169505563e-03
2.439844791964172668e-03
3.315791660024330553e-03
4.715429104950586564e-03
6.771939653744490873e-04
1.581695872102659769e-05
1.884709806130750514e-05
6.888440976856325662e-04
3.583643288602223788e-03
4.169676172466570303e-03
8.853068946676413004e-03
4.682856596394327151e-03
2.331874512145848627e-04
1.615421367411591191e-05
1.422383276074889266e-05
6.435413194405326062e-06
6.201978136072678867e-05
3.024294176466772472e-03
6.250110409307015058e-03
2.617159899324193219e-03
1.637884706887839537e-03
4.035306580981040843e-03
9.159833865655970121e-04
1.878152513102038584e-05
2.507987274136767107e-05
9.941598368331991918e-04
9.795341351812231201e-03
7.206905403013813723e-03
4.979820697611913802e-03
5.396289018697869068e-03
3.846180823222471461e-04
2.015152574739513029e-05
1.885809343749368525e-05
1.521740982367572809e-05
3.238791901106184441e-04
5.296303852116880130e-03
7.520030870835812346e-04
9.091842317631953336e-05
6.727508056974093782e-05
7.023128813589560532e-04
2.885929977376452960e-03
5.086783556054752260e-04
4.799098570795197038e-04
1.925126520516397006e-03
6.195397349332940236e-03
1.530557514492409061e-03
1.113257407250147759e-03
2.429856880417958359e-02
4.343654557018536942e-03
4.899245025058848919e-05
2.016848822989307223e-05
1.662793628013122993e-05
3.512963275746795863e-04
3.472926511355637832e-03
2.004250016042461477e-04
6.445855636933318488e-05
2.102793757380762697e-04
2.078389238462331951e-04
2.216427814256466595e-04
8.183572438155398317e-04
3.431895271350995837e-03
4.138393161008572553e-03
5.059795788505382259e-03
9.541019598180026972e-04
2.142617305982243321e-03
2.279849750074274331e-02
1.150537813300503637e-03
1.702874720117268686e-05
1.143617346014010492e-05
1.225158351490042891e-05
6.230245569967625050e-05
2.986851505183817524e-04
7.630229080220440841e-05
3.177337656142774358e-04
3.437832918835712417e-03
2.893978035544889473e-04
6.355403433167898769e-05
9.239387577102888428e-04
7.616563022514839625e-03
1.029873547084275177e-02
4.097196841362565553e-03
3.045301046178319239e-03
2.704744172562489890e-02
6.014284463409993488e-03
2.982367666607468317e-04
4.531524534348535082e-05
1.865767073437793512e-05
1.468587541552936398e-05
7.195583374436812581e-05
3.710646516264101626e-04
7.822399283892824459e-05
7.971914401815642312e-05
3.195235839457649489e-04
1.000515402142805165e-04
2.923624361068940906e-04
7.680427920476540563e-03
1.000099125969887426e-02
6.959705314484232117e-03
3.163327691424037448e-03
3.092905055190948993e-03
1.738023230319261925e-02
4.251914784154607434e-03
1.942893006132120860e-03
4.292843673079102074e-04
3.682467599885488700e-05
2.521508327415363684e-05
3.294451273528998061e-04
3.494372605234121864e-03
2.817953896795663332e-04
1.688256462412866636e-05
1.073202492725163508e-05
9.842423050384501671e-06
1.113162922180757218e-04
5.731446321734427578e-03
5.832453967287022645e-03
2.759402976515486737e-03
1.012932978747230900e-02
4.149820657663778715e-03
1.315780631641775243e-03
2.081364310096537901e-03
1.333154257878327222e-03
8.774281217385329124e-05
1.687207345112798937e-05
2.018299079567945287e-05
7.584852729905821385e-05
3.517911343640194293e-04
7.573356893154437400e-05
1.114405387642627159e-05
6.803766225390889361e-06
4.294984015839447445e-06
8.634737206887384078e-06
1.603787432406412615e-04
1.096678929878461359e-03
1.535348200774772423e-03
1.180403011024857771e-02
1.599012290194559358e-02
8.485625453333052850e-04
2.117037155001610612e-04
5.143764132360981411e-05
7.977777614695881174e-06
1.115809909240216662e-05
1.383227482077468218e-05
1.316147040407729505e-05
2.311177396841144791e-05
1.377259968530990531e-05
9.240449863555278174e-06
1.057604512741091257e-05
9.916473121986491902e-06
2.639633532975961888e-05
4.407991021029073115e-04
1.003553169686738182e-02
1.144631519004961698e-02
1.263455529331186222e-03
4.981515782668565536e-04
8.829361161323515833e-05
1.709486980138819143e-05
8.921289305621483414e-06
7.962784863629779222e-06
1.988704349995187176e-05
1.674995954879103893e-05
4.437852547233198911e-05
1.604109076909413889e-04
4.461888439111347579e-05
1.114382073544283081e-05
1.105420374255271038e-05
2.235353566850505752e-05
2.602113001111829678e-04
3.556653128023979770e-03
5.651284324680484229e-03
7.758027656127677602e-04
1.811088093961415150e-05
4.817152770564515062e-06
7.534413201477134663e-06
9.492329131149633084e-06
1.233408461270181833e-05
1.669230645638638251e-05
3.047516403701690246e-05
3.382467434846701376e-05
4.035353559787588449e-04
3.939274577122829982e-03
4.027629870933966891e-04
2.393873743731349810e-05
1.466128388271263455e-05
2.350678445014048391e-05
1.133976370067000860e-04
2.827071773519584117e-04
5.600687058862475576e-05
8.418043142074537762e-06
3.527126121940067939e-06
5.562001256513629522e-06
1.504613538928915690e-05
2.525021042019929434e-05
2.909048183624715167e-05
3.104177409501899089e-05
4.328914252697157366e-05
