6.097401736109089334e-05
2.027502017877382337e-03
3.224241879035023677e-03
1.029262541656209657e-03
2.520643787870085507e-03
1.218458512202554196e-03
2.639399215147605199e-03
7.451412326462649371e-04
4.001025384966544116e-05
4.265725089723879120e-05
1.324801818728431259e-04
5.170426227707864114e-05
1.302674616256070584e-05
1.301758580960679256e-05
1.736833074902035574e-05
1.676099157537038522e-05
1.609119922575238658e-05
2.489902620606788752e-05
1.366948206361973419e-05
8.529540131996449963e-05
4.201547973916454863e-05
1.662075982783775056e-05
1.588950651690279321e-04
2.485249315214052264e-04
3.900545525228663567e-04
1.466089179245674140e-03
3.577367826247943462e-03
4.389649559508339641e-03
1.233748510786444180e-03
5.153478316862754289e-05
4.319978754942587523e-06
3.943705312520212731e-06
7.851676238520055492e-06
1.002689759763994625e-05
9.914422352493604298e-06
1.601160177202525959e-05
3.604027651345616213e-05
1.026027812182223867e-04
1.010887551265367989e-05
2.246091139011281334e-06
5.506901632727132623e-05
9.359054432075950870e-04
5.926374919658001540e-04
2.351047591376472792e-04
1.970372373454775967e-03
1.136792876922239522e-02
2.680755844124482930e-03
1.985665411577540343e-04
1.567466125823567411e-05
3.331156642583932682e-06
3.886766267313851462e-06
7.732099958147663365e-06
1.005744907098116820e-05
1.616684865861064814e-05
1.317095467416781176e-04
1.365416181816763840e-03
3.383926516063712588e-04
6.097563988298117406e-05
1.857228024398033337e-04
9.436411741989853691e-04
7.821118665620801699e-04
1.215417327670255724e-04
3.925221942348469228e-04
1.892560146898321577e-03
3.531995379334884697e-03
1.331598560475971867e-02
2.248366724594667160e-03
2.473058723056227451e-05
2.818201926578653915e-06
4.716153165330314991e-06
9.486891638032825190e-06
1.740290490703486385e-05
2.676170153510462222e-05
3.381234239453998511e-04
1.501619395149882911e-03
2.100705153303565609e-03
1.155962859440242893e-03
1.414549617972634733e-04
1.011374833491607761e-04
7.182252607742703032e-04
3.120273602682221634e-03
3.107214631666008523e-04
2.653731630112185730e-04
1.022381199163536862e-02
1.670460593395120888e-02
3.653757333388590704e-04
8.066201900646392510e-06
3.286664126346259349e-06
7.082823196348669304e-06
1.754241110115258652e-05
5.566055915289879468e-06
1.045149506122050680e-05
6.473156848175717958e-05
1.782134458783935969e-04
1.221735985099935975e-04
2.860062485758614180e-05
4.607081807935821394e-05
1.554727653565903108e-03
3.770046851135796379e-03
1.448692070622745241e-04
1.159321464483259332e-04
1.283744741262158066e-03
9.360124315731592828e-03
5.395038541583481624e-03
8.570725291650303258e-05
4.369920014256271772e-06
5.168359188266120082e-06
1.671787283531098167e-05
6.468514453149049639e-06
3.588997515826376198e-06
2.282769522856311771e-05
7.211870574998602930e-05
6.283207794660331154e-05
1.395547754891538080e-04
1.076277506884950268e-04
7.584640482079459437e-05
9.867050994168572267e-05
3.354284818541339330e-04
1.306222604137474534e-03
8.036571882897968876e-04
2.744277574495073303e-03
7.372574217337743083e-03
4.109631495117041533e-04
1.135268494427545530e-05
4.330585463658062420e-06
1.311620697939218208e-05
8.664942564000517182e-06
5.317192627906562564e-06
1.127966998171678472e-04
1.194255796313261177e-03
7.558399443478439669e-04
8.445077179924196254e-04
1.052341699488009655e-04
7.069906132774471520e-06
3.138764640546890861e-05
2.026746944108736345e-03
1.779571735472230184e-03
5.582500496890876324e-05
9.099321092716013853e-05
1.533324614192430393e-03
1.087953422840027108e-03
3.910940628527914323e-05
4.063278833464013438e-06
7.621261826696286917e-06
1.293021888828667343e-05
1.754189590817892269e-05
4.441532024711530987e-04
3.939897807330545662e-03
1.833250736477629126e-03
7.584373550874003904e-04
2.300031411783796964e-04
7.130326521531762148e-05
1.473025541044447077e-04
1.101953082790582900e-03
5.528878798592525750e-04
8.961875923823671485e-05
2.696406112106143746e-04
6.443005909672575027e-03
6.214610115547526160e-03
4.894596967194572235e-04
2.343947097948655147e-05
7.603582056442545549e-06
1.072791579606282310e-05
3.307677639918172783e-05
9.621937583514284962e-04
4.554964952307115865e-03
3.515092392482403391e-03
3.501878310981576797e-03
3.779322355994042294e-03
3.111645962071325940e-03
8.666189655220733062e-04
1.626535118286340708e-04
2.523097646841322987e-04
9.061419078996382380e-04
6.532767334019591154e-04
1.676800931819111447e-03
4.938605953715469871e-03
6.506010000939182331e-03
2.237688477155803251e-04
9.499546163892569562e-06
4.424327913774881906e-06
3.758597942301797595e-05
1.415406530629451098e-03
2.593861747383669099e-03
3.084596013291895141e-03
5.515098543012531170e-03
4.761235265948725662e-03
2.302758037065650264e-03
8.970159359818842592e-04
8.024802967355015144e-05
5.091809060460915202e-05
1.219417583807790099e-04
6.188638510272184365e-05
3.048544801514034650e-04
3.410301384968935767e-03
4.561435478445423873e-03
7.235674245222159301e-05
3.537386385175913346e-06
3.520369369431761444e-06
2.181234913578181740e-04
7.974691621724913637e-03
3.605082624472073782e-03
6.710206883918976017e-03
4.627998105356752323e-03
4.118258135488508075e-03
1.084166024820924518e-03
8.095258205041298751e-05
2.448784361355662019e-05
4.791143771500876571e-05
5.666387931618889560e-05
7.361354220075201681e-05
1.333881228391716215e-03
8.328167921810061478e-03
3.414720568180309220e-03
3.466804471753268319e-05
1.923588017629992336e-06
2.332370533070017061e-06
2.711036067363439698e-04
1.808892263430211117e-02
8.335472672502418356e-03
1.838071360008724717e-02
7.299107779124144532e-03
1.440510870998315714e-02
1.290987001818034996e-02
2.256374879890079481e-04
1.898163435681033426e-04
2.097503263927124207e-03
1.379150674676657634e-03
7.716521011989999762e-04
1.739853790484015891e-03
4.115119349749486732e-03
9.664339538058425161e-03
4.744388698620389936e-04
1.237877441058746912e-05
2.046838653341227607e-06
1.380238096197475490e-04
3.434557459137617397e-02
1.822568215959772392e-02
8.225455042061416422e-03
8.560355072555115089e-03
7.744857379591887393e-03
3.633318576403191634e-03
3.755489063615285983e-04
1.473767421581893920e-03
5.449736208468967946e-03
2.397191203221506802e-03
3.426096309988023534e-03
1.716995555833471720e-03
2.666549859132178856e-03
9.336859147927411076e-03
1.461869958371586273e-03
7.638223192753026947e-05
2.438791095253610390e-06
6.380645324475291906e-05
2.063247033875010433e-02
3.206369940094355026e-02
9.137251348655624217e-03
8.028282699883102294e-03
7.414892877027052078e-04
1.949667368073314456e-05
6.464785167457921687e-06
1.689869242444951849e-04
4.868374138494517794e-04
3.071813045092164113e-04
1.466793840601719398e-03
9.848988074100790101e-04
4.445422547591896395e-03
3.065857719892622468e-03
9.366709138428912945e-05
2.032739460488569057e-05
4.098585284028043998e-06
6.152472613173201588e-05
4.884894711835603351e-03
2.109970336023647697e-02
1.624666762586643096e-02
9.115134144334714750e-03
1.779515799501319275e-03
2.313258471506723235e-05
2.125725522118513328e-06
6.601941890599975174e-05
8.942832848918423790e-04
7.421474015438910953e-04
1.110285257511113913e-03
6.810227501153840726e-04
7.891943744988983919e-03
7.442955504832980337e-03
6.825678696496346933e-05
8.903040703605388936e-06
2.587447803833320533e-05
3.540406855372235238e-04
4.152946173795768817e-03
1.546983030360663501e-02
1.006081756168965974e-02
2.567391972637882592e-03
2.263327323466550293e-03
5.680926931957279999e-04
1.329509548589880811e-04
3.471144358390528743e-04
1.956126320218105376e-03
2.255039145542064426e-03
1.894628301615635876e-03
3.726794641019950081e-03
1.801364669164341389e-02
5.569612411266964755e-03
8.231962890626739137e-05
1.211157218923933511e-05
1.322609362605225991e-04
1.217073547815455481e-03
2.177153617291265660e-03
3.561151902158969304e-03
5.908814115858357710e-03
4.926957229777152204e-03
2.294859538960188766e-03
1.437989860312588724e-03
3.046563186078629464e-03
4.008291014775654422e-03
2.337946456143294178e-03
9.361784967733366263e-04
9.118330511696620634e-04
1.111242104725972471e-02
1.768175664727444571e-02
3.128258844314182126e-04
8.733064958252509437e-06
8.483718229707458577e-06
2.543801548664926501e-05
2.070302868129624333e-04
3.699841348262448005e-04
7.985768187121756155e-05
1.569693919502531450e-04
2.663934450075931999e-03
3.414689147878844852e-03
7.933099336305504375e-04
8.438060029368428311e-04
5.284038058811234111e-03
2.162245855015847758e-03
3.328730753738076416e-04
1.651921075992015837e-03
2.052831955194077754e-02
5.478892897864579524e-03
4.956186058673220211e-05
3.681687093670726769e-06
9.244547699715299508e-06
4.348169311721233619e-06
8.821435089572555457e-05
1.220180413572523846e-03
1.842032625525330980e-04
1.392069260723540370e-04
1.451008480270385903e-03
2.227924630882434885e-03
2.830585064561423093e-03
2.059419969066058134e-03
4.361760511851938554e-03
1.215201931330443710e-03
6.382579856022871064e-04
1.336676891221632787e-02
1.102159796131659507e-02
2.107356376946520555e-04
9.027720932924478118e-06
4.965911294371530526e-06
1.464756830810765108e-05
2.503524868560805269e-05
4.217785435982421977e-04
3.891300892316569039e-03
2.024768072456775963e-03
3.519200511202384999e-04
4.630750994502128427e-04
2.184081056031289027e-03
7.280767499058427884e-03
2.386017484966867705e-03
1.074681880691133158e-03
7.363660877915600630e-04
3.753761361399750394e-03
1.551395863607839265e-02
1.000189303794932422e-03
1.555564107773332430e-05
2.969186497265319438e-06
5.550338169682160423e-06
1.715554460571312406e-05
1.823387532924581028e-04
8.868693687088201848e-04
9.037206939568717852e-04
9.977005812684674058e-04
1.213543608128468486e-04
1.156823236227794480e-04
1.205947257926108171e-03
3.842680454724426526e-04
8.241576138360681334e-05
2.790325866615566493e-04
2.261297170522696444e-03
1.697687974869092203e-02
6.570917022026892367e-03
9.475492542488519023e-04
7.800440510347842556e-05
8.573398216076484781e-06
7.313709499054836706e-06
1.689792735450086281e-05
4.325300482619081222e-05
1.791818506201956363e-04
2.801374944161758246e-04
1.128610443339334994e-04
1.320871219136961735e-05
1.528773069150517704e-05
8.098078850753331534e-05
5.226491956703615085e-05
3.436464651296650586e-04
3.387312138362475952e-03
3.928212634421425486e-03
1.855585558410277960e-03
1.942177356714986551e-04
1.229636926079493678e-04
6.602509095912630435e-05
1.188265456926508194e-05
7.921868822367226156e-06
1.579695154518010589e-05
6.311190559144818388e-05
3.513524016814806999e-04
2.946132096420289032e-03
5.118743718775105008e-04
3.519086321564058955e-05
2.709690054466550700e-05
1.272604760237996675e-04
2.670009153562258059e-04
3.017331871446472542e-03
2.351513606647666517e-03
1.073923592008341611e-04
1.983172901727358478e-05
5.642174856647652625e-06
6.073424302733044772e-06
9.125131155704022161e-06
7.507485329673445560e-06
8.305813830058820233e-06
1.609968626127349531e-05
1.664060017442232095e-03
2.172658211251071812e-03
1.170906224356897674e-02
1.413038331386788637e-02
4.928131822306567981e-03
2.999086132466191428e-03
6.651069874119442532e-03
6.129291160863765270e-04
1.005930838105897928e-04
2.841369669419767084e-05
5.272734865721418053e-06
5.568757598411113026e-06
7.799313253626899802e-06
9.750588088227136400e-06
1.277869584449317636e-05
1.429532224970735794e-05
1.597973522681979847e-05
2.554861332332724165e-05
