2.508803064718338424e-04
3.391829268562449907e-03
2.974195621875791971e-03
7.387689719018820413e-03
8.638587444702069962e-03
7.522197328261885120e-03
3.737120520676243899e-03
7.932344363568283579e-04
9.874550401159959585e-04
4.409283007584329059e-04
1.669505501005842378e-05
3.232782313085290600e-06
6.828502655484508699e-06
1.459739261582020169e-05
1.619264906197095193e-05
1.446381491875004135e-05
1.429724383910705013e-05
2.142785259647063083e-05
6.497621883236979622e-05
1.893622400257008280e-03
7.418553438647996871e-03
1.392429020652256703e-02
1.148459421303614329e-02
4.805355904871376482e-03
2.077310800541338261e-03
1.012610433368535227e-03
1.666162606714585801e-03
3.186369219062181249e-03
1.677109081290789670e-04
3.589017793978503393e-06
1.781230477962683126e-06
4.636950738794311556e-06
8.546490941652690025e-06
9.266382739049855598e-06
9.119619522654695678e-06
1.433668549065032477e-05
7.086336053126518394e-06
1.246814428959948297e-04
6.868098519957907891e-04
2.000526403848208159e-04
3.277421353978245784e-04
1.006807770669320432e-03
3.416744333163643796e-04
2.322364571909420639e-04
1.025554420818617935e-03
5.820177736267709290e-03
4.275509633385778108e-03
1.032449110387586639e-04
3.131608500710996207e-06
1.724336554870405962e-06
4.040705656324986525e-06
7.578377324282895084e-06
9.040895075101703399e-06
1.412913766493815781e-05
5.565255521220425724e-06
2.007590649578086159e-04
2.933885720704768659e-03
2.186988992721853079e-04
8.169134980976967993e-05
2.774641916786780823e-04
1.394130294234780735e-04
5.101561228439671213e-05
1.917928949333858708e-04
1.274824952135906282e-03
1.484569988927180589e-02
8.167773832584572166e-03
1.067376018750895673e-04
4.331450258534088718e-06
2.870757232429070445e-06
5.811101231791121210e-06
9.054673044630851445e-06
1.487221468497320104e-05
5.452339304743078858e-06
7.421774149591153064e-05
1.887685407834134360e-03
2.424018071733544024e-03
1.361289232767688706e-03
6.721473509307602547e-04
7.486061526653408401e-04
9.895854443363540261e-04
3.350722060298277211e-03
1.342187171667191424e-03
7.524660713622770107e-04
5.640826970820056116e-03
5.899430833439685100e-03
2.796487613193797341e-04
1.384815866408456503e-05
5.906703653663240497e-06
8.386465495765716902e-06
1.546660696756015712e-05
5.985344380241123757e-06
3.252597553907523204e-05
5.529064665589909127e-04
1.943967588846785789e-03
1.562236486176268998e-03
2.469506078475653169e-04
2.431621484466483932e-04
1.593201947500352518e-03
3.978006760790697011e-03
1.267441568752271960e-04
7.709540173838662971e-06
1.602571185135111460e-04
9.993062312980513506e-03
5.498328950011385774e-03
4.790465900455176206e-05
3.177892528544209029e-06
5.356138535858440764e-06
1.551165414870053031e-05
1.134056461343149866e-05
1.127472780615942541e-04
8.816418587472888389e-04
1.932233223734312704e-04
1.116871688444812463e-04
1.356119554858332759e-04
5.665599046471083713e-05
1.441394561800134926e-04
3.021420155714027098e-04
2.608104048761732423e-05
1.973951182562986098e-05
1.846873241812672819e-04
1.695951038602604198e-03
4.539957320756736123e-03
4.970311525728646397e-05
9.342476890500868308e-07
2.252610460825547612e-06
1.379697344926517376e-05
9.142035476758402209e-06
6.290675045675246972e-05
6.998124034037358316e-04
3.138611692582658460e-04
4.416546031648429247e-04
1.157968045550154465e-03
1.129255052436165506e-04
1.092516942496191932e-04
1.176787123164789667e-03
6.933721026626751697e-04
1.597067661361546665e-03
3.478903662188367711e-03
1.199868672637834522e-03
8.580602663453090750e-03
5.833834293000956161e-04
2.539650333946988497e-06
1.624757196933244217e-06
1.085256451204622607e-05
6.347694559839050164e-06
3.468460825655465010e-05
1.313117469053118108e-03
3.463976162480503565e-03
1.616186682260244102e-03
3.871651014035835795e-04
2.500976196474477607e-05
2.007861301300299935e-05
4.516139233759163246e-04
9.903749188952281658e-04
9.780829583620445807e-04
1.133210269882956424e-03
2.035912391324708334e-04
2.282351678892814966e-03
3.616374803100974068e-03
3.038401529174488972e-05
2.921347764912920602e-06
8.631552515065962148e-06
4.651807432343285451e-06
4.258631281986213134e-05
6.891054310850368856e-04
2.550800275624525142e-04
9.916633835790726343e-05
1.364781966845090557e-04
7.774467174815215926e-05
1.064167867828449725e-05
1.513186150761866285e-05
1.565669916457123137e-04
4.266587585195778299e-04
9.692152280158663840e-05
5.989188894990172121e-06
5.277707768915812557e-05
1.859079475818588116e-03
3.318618379664458793e-04
1.599824844930640430e-05
1.164687115608723445e-05
3.440857627244119219e-06
1.893482740565492815e-04
2.983919381567111482e-03
2.761552698283473704e-04
3.662861289432186337e-04
1.551596710931978790e-03
1.598611602295283525e-03
5.216467713329973237e-05
6.204142735456139248e-06
1.269460460029352264e-04
2.792050218551301102e-03
3.578976499917730573e-04
4.603840552680150947e-06
1.971560690269234060e-05
2.250081956365140856e-03
1.472356170846717601e-03
4.593917480472347985e-05
1.542315152200729052e-05
1.400846640724489503e-06
2.320294058027864178e-04
1.768876698776894810e-02
5.039974885482818162e-03
7.936240788018961503e-03
3.620395699239314230e-03
1.594947001030200869e-03
3.373533834594484191e-04
5.127614273231565341e-05
5.507915712226052739e-05
7.491671650159955698e-04
1.803946100620197135e-03
4.481659716416024926e-05
7.555438392130395687e-05
3.549960950226998223e-03
3.201089395401576884e-04
5.562192947266445876e-06
6.325821040527742762e-06
9.484321760212733734e-07
2.372502445813354298e-04
1.018748392186365342e-01
2.649079276367363733e-02
1.040811754089162287e-02
8.050960413019121742e-03
5.330587927053966057e-03
6.555124707919779067e-03
1.309565496523203794e-03
3.503051216195850908e-05
6.596166175636413061e-05
1.308709070540870802e-03
1.382500667836438000e-04
1.835433854211929140e-04
8.038171822351315721e-03
3.073734311936659504e-04
2.622727098719275115e-06
4.116852370582592798e-06
1.587392420120702267e-06
1.863345354235455831e-04
1.295454453677430673e-01
3.377667013388437750e-02
5.781558038952425496e-03
1.549850209649325863e-02
4.901498447036274110e-03
3.178460128034022759e-03
4.484602536332249088e-04
3.917800924848909509e-06
3.612838224861037062e-06
2.892899686983160887e-04
3.438249589441272911e-04
1.758870598273204575e-04
4.941620980459483434e-03
1.972615175290827472e-03
2.625805789960719902e-05
9.730256360860181357e-06
3.199409047765998699e-06
3.693095278264074162e-05
6.642403398977761268e-03
1.394901909918871107e-02
5.490929256584130974e-03
3.098544791869736834e-03
1.534896857874863219e-04
1.322092623621916720e-04
1.437317575442780904e-04
2.699061179180266841e-06
8.597152704054681265e-07
1.073988729008727494e-04
7.863702180922628850e-04
1.866629513455928891e-04
1.458663539421447631e-03
1.709334585880191004e-03
5.505220562747584250e-05
1.416167187701734197e-05
8.994998048031884833e-06
3.008325476157560477e-05
1.483417282996586347e-03
1.195607633301057175e-02
8.166024754367491242e-03
1.083461551025433154e-03
2.483317319578668265e-05
3.858226988696248028e-05
1.341356263749595660e-03
4.265923652064821867e-04
3.338861848708422620e-05
2.225138645970465472e-04
5.073018227113419102e-04
7.494633581962397220e-04
3.962068966269727439e-03
3.148876721938433619e-04
8.687339381545283653e-06
8.353737722429569788e-06
1.099134079453817390e-05
1.505392886313199078e-05
2.655909553692242255e-04
2.110267954943520399e-03
1.939904086350689076e-03
6.737439030605516617e-04
3.037595294707912293e-05
1.417951020382690257e-05
5.778507708837137208e-04
2.839415562745227668e-03
7.315499004623682560e-04
8.981826250075196708e-04
3.583827549931767808e-04
7.606069310333503928e-04
1.577690359345336338e-03
2.112711709288188526e-05
1.223012169884367801e-06
5.590917011371324946e-06
7.663551565455729292e-06
5.332141015468473988e-06
7.171214530964998071e-05
1.478982324658017697e-03
2.820792923291307909e-03
8.536270290702234736e-04
8.026510384560442944e-05
8.944591146218169842e-05
3.029764815169004024e-04
1.316808570222008053e-04
4.548242509576072557e-05
1.421491141284995897e-04
2.279657641795084942e-04
8.910002915121830727e-04
5.010132179177892615e-03
1.026467151426972371e-04
2.566125870403402740e-06
6.848151999757289780e-06
1.087655309146494354e-05
5.469468887460661627e-06
1.319759164478437224e-05
1.136697341145046446e-04
8.090762095599729345e-04
1.213684369812759005e-03
2.972711339383206602e-04
1.280072848638240347e-03
3.433949566039390215e-03
5.091843389383823339e-04
6.271871928332485525e-05
1.377759584118061638e-04
1.456237095117420216e-03
1.915198510454005788e-03
3.556725001295966970e-03
2.288180462729401410e-04
6.099400765081295382e-06
8.645956252218814882e-06
5.639633883963144262e-05
7.191745230363452419e-05
5.275935287600444588e-05
6.314399334093948035e-05
1.824406554645237441e-04
1.424520489284287214e-03
9.710528258085235863e-04
2.518956373694593211e-04
3.693633657832587108e-04
1.713389224915971539e-03
9.138965942507915659e-04
1.078018830617479776e-03
1.303133588777040559e-02
1.183661086116519212e-03
5.692185883999463172e-05
1.180011158206437597e-05
4.317015431958610152e-06
1.041775971595855934e-05
8.245300738782580254e-05
1.305770219876645905e-03
4.808707810468715316e-03
9.905143089721122826e-04
1.059106136170748431e-04
4.779863334374248748e-04
2.564716594149343745e-03
5.410372328663336553e-05
3.019355655800856967e-06
3.972809942843128465e-05
6.105473002161674852e-04
4.013287142292798135e-03
1.400211343799456776e-02
1.268961694250943717e-03
3.899370275025645607e-05
6.745776585801611591e-06
5.637790980226808678e-06
1.350356055021228511e-05
9.061453319643535131e-06
5.652480015862085608e-04
9.100095092367485941e-03
8.000173747030027644e-04
6.169183599580105738e-05
1.441174367156999013e-04
8.086027694912373926e-04
3.016832013968225704e-05
2.447697267011415695e-06
6.991079000756718993e-05
6.059257212641122776e-03
1.718731264383436402e-02
6.625580782344351466e-04
5.876828827735372008e-05
2.793522496378755750e-05
1.143443825050804168e-05
8.475306259165657545e-06
1.486705455089146492e-05
1.103491616965904468e-05
3.402067035510751613e-04
3.365431100971595559e-03
1.003670961234021108e-03
5.653434959747429900e-04
6.578062672674675265e-04
7.263496441340630853e-04
2.482906805908654808e-04
4.339861479092022218e-04
5.545937435017707536e-03
1.608911702831855930e-02
2.020254533348961757e-03
1.474417218119395445e-05
1.980166825184004302e-06
5.524186310853255335e-06
8.491395644960643362e-06
8.586294295814335373e-06
1.414158830250072477e-05
5.823093118255326915e-05
1.196643270698031104e-03
9.252431742746194607e-03
6.517477839006888957e-03
3.547160573757572859e-03
1.300491078926605242e-03
1.007102678260452530e-03
3.939638423644758677e-03
9.371239994092891296e-03
2.116072140376955377e-03
1.441298170768606540e-04
2.082424197027138091e-05
4.038558876387066183e-06
2.806265161042861843e-06
5.957535330436689711e-06
8.408768708180188744e-06
8.881848125807104881e-06
1.436802447125043869e-05
1.932618772408778107e-05
6.027475926314208735e-04
1.694775826261497864e-02
2.110668601549370305e-02
2.103693930440315649e-02
1.032051630735208655e-02
5.720515710186025241e-03
5.714213883262238627e-03
4.653087047017192852e-04
1.468605261377677732e-05
3.300183691899416850e-06
4.809002662462271358e-06
9.298036298502301465e-06
1.300035887486216410e-05
1.514834714995748193e-05
1.466017689294899399e-05
1.448703479099530411e-05
2.151295343142775826e-05
