3.760753545682626561e-05
2.256088466807610639e-03
2.216029734257269485e-02
1.529613577197383792e-02
6.558045826087454712e-03
1.252262899112958211e-03
9.777373254340701071e-04
3.548211366882801708e-04
1.620056256512918743e-04
5.526971088663216894e-05
6.498961796242588396e-06
3.029000164164941340e-06
4.934123303148116679e-06
9.782951605908939060e-06
1.494099321154008071e-05
1.558505575224679372e-05
1.512832994239867051e-05
2.296352077587399666e-05
8.279795955534398246e-05
4.979666159175396602e-03
1.098624425104030231e-02
2.680306186678119932e-03
1.928587477027582202e-03
1.141561422562658613e-03
2.437119459720677123e-04
1.678404703692554462e-04
3.061936054314669427e-03
5.682865690712706266e-03
2.492431729737711152e-04
1.629515754718257426e-05
4.692931641710853236e-06
4.154686514031325186e-06
6.700029490122957260e-06
9.055979326641590144e-06
9.438854554080174694e-06
1.501026625245446289e-05
6.981570123400472280e-05
5.974308876142196776e-04
4.602785078478690639e-04
4.785781264860010462e-04
5.116148802699125968e-04
2.648820636351616772e-04
1.812204244361551703e-05
6.417492583104429694e-06
2.812318379369349586e-04
3.573525893716452545e-03
3.287713001941709647e-03
1.941744620754028497e-03
2.656824869311300149e-04
1.505221242045578188e-05
4.649325749296195372e-06
6.624590314895447951e-06
9.369251380882243730e-06
1.543100672651346564e-05
1.465056135733166197e-04
7.557052525559634091e-04
3.898623831944892574e-04
8.478472523848998603e-04
1.818838292013626092e-03
1.445628988689377781e-03
1.924853937256395186e-04
6.598731032962467215e-05
2.816837839133266332e-04
1.755527391284853475e-04
3.507618935988037292e-04
7.381122197851863742e-03
4.964970777816453580e-03
4.282366514388991053e-05
1.720346070326186784e-06
2.475245055797225393e-06
7.251653323392602039e-06
1.620471422266583838e-05
3.475918140873246784e-05
4.358037370009378323e-04
2.068306026925243943e-03
4.268461977399841921e-03
4.012870003499835816e-03
2.038623829777920678e-03
1.227534706612685642e-03
2.393206161238370898e-03
2.290499515559403856e-03
1.405240079450925531e-04
1.280683082778896059e-04
1.638553589698068646e-03
6.361396535737197724e-03
3.031134595073649751e-04
4.000456702576509177e-06
1.656520826703979133e-06
4.907608973768085741e-06
1.504582087256501282e-05
5.073121299733329833e-06
5.313789538520011620e-05
1.004055269925184643e-03
1.840741738268907935e-03
1.088192959304613372e-03
4.305333050687483996e-04
4.867451821133886758e-04
1.501134740778533672e-03
1.298695319123908390e-03
4.577573576810618945e-04
1.027604652454817708e-03
8.393224714083054967e-04
4.462324669620198851e-03
1.067989843971097613e-02
3.574520644962774244e-04
1.449619227234857876e-05
6.876332588629151268e-06
1.455468657031001570e-05
5.594352761434829678e-06
3.238417532865474563e-05
6.316029173976340843e-04
2.313629041214928378e-03
2.538653748426653641e-03
1.385714918363130030e-03
1.470960856716371995e-03
2.321458702651651041e-03
3.852362256353063143e-03
2.450202543271413815e-03
3.073274863559788753e-03
4.627994174398706597e-04
4.634270282071776214e-04
8.296331966746667633e-03
3.098470310780957263e-03
6.224825841759749217e-05
8.268766098137880850e-06
1.340300386748685335e-05
1.204199700985240877e-05
8.452428687414763895e-05
1.292883928563582242e-03
3.120135650929228496e-03
2.651735195238284857e-03
1.311384849909556652e-03
8.827435091974404667e-04
8.999126575598420793e-04
2.481874834178076673e-03
1.579305281645431184e-03
2.790228426673381154e-03
8.768342407862821358e-04
2.037866522430608208e-04
9.880169787771749586e-04
3.825834732553016256e-04
1.568531048640714302e-05
4.558687522725212163e-06
1.058818092484494623e-05
1.083225333957342084e-05
6.647537923951307357e-05
1.651987491858323545e-03
3.873144330996309594e-03
1.777129755546618881e-03
1.348452233208222032e-03
9.040798674547132190e-04
9.189022408796441175e-04
3.320354648480578451e-03
2.324854874394353694e-03
4.910314272288119827e-03
5.668966170426018025e-04
3.966199377026772844e-05
1.210663606809261211e-04
2.599041755065503571e-04
8.709325043018650403e-05
1.699914800697413986e-05
1.262731620447002209e-05
6.305336316209722423e-06
2.052189878412067489e-05
5.500445528041772924e-04
4.208253590113907733e-03
5.249287061859583478e-03
5.363029707357797396e-03
4.451683206334373748e-03
3.861801628935128579e-03
4.533017004300849903e-03
7.543655829312979639e-04
1.061392399490812370e-03
2.741484760142692259e-04
8.771982533716051768e-05
2.245139168466328994e-04
1.391100375211715579e-03
1.562753375226600934e-03
7.759181160090255537e-05
1.472414472755636038e-05
5.723558080376672280e-06
5.556661770369591508e-05
1.284562078901982981e-03
4.065680735681830027e-03
8.412080824443651100e-03
5.210710202172469212e-03
3.835497910328361949e-03
6.300341766808763289e-03
4.122295980611423438e-03
2.434006688969622407e-04
3.166179658640868927e-04
4.101995317750208622e-04
7.952865104405686938e-04
2.534669220240056363e-04
1.161161705011061783e-04
1.278156979661448770e-04
1.580644243081991683e-05
7.502105424305272275e-06
2.773758665743695250e-06
1.975989169517033159e-04
2.595562586255285159e-02
1.933851082683688688e-02
1.147179618586883360e-02
6.781698952417132206e-03
3.098611061422551320e-03
3.804224493867348206e-03
3.981678817259117799e-03
9.791570566447173763e-04
2.190295115962097219e-03
5.744810473620653914e-04
2.841379807077632695e-04
6.965439490428720285e-05
6.022150107387992337e-05
1.738386165804889209e-04
1.942062253165203551e-05
5.988109044344666690e-06
1.734821071312130569e-06
2.259136424596377393e-04
9.360760959431271844e-02
5.602589680976410164e-02
1.817535627653535726e-02
1.426144362244653914e-02
9.059054476207537357e-03
8.985226972338885426e-03
2.072486203289261412e-03
4.915406724491184695e-04
5.503297057315633019e-03
2.864648160689892403e-03
7.706294937470115894e-04
6.666168613687262125e-04
3.407052139071071323e-03
8.890847347118299715e-03
1.673936116037186804e-04
9.352682976683740577e-06
3.528550085491480775e-06
1.443102717851008055e-04
2.560103537410389138e-02
2.174180262487667922e-02
7.186854007723288487e-03
5.073519881254115980e-03
3.703266180402268407e-03
7.583856063087991359e-03
1.524681412877755592e-03
1.491083231716020647e-04
1.416257928638209925e-03
2.838648885688373376e-03
6.622252135271580959e-04
1.146123184884228563e-03
4.273314716845965679e-03
1.731775585426171583e-03
4.436067947086397506e-05
7.593660981938441827e-06
5.245261626764007540e-06
1.075285750452373403e-05
3.631886377076324343e-04
6.192487778049034046e-03
1.805320350390561199e-02
1.290384494736384474e-02
4.796548692351746551e-03
3.492484754644978144e-03
1.949347443372453264e-03
2.485162192519148046e-04
3.163554883660412266e-04
8.750338452458937804e-04
9.441525611350820536e-05
1.433048671011899987e-04
1.685864529384057016e-03
3.988751327563305922e-04
1.500232886194032759e-05
7.879873752560094828e-06
7.156059094597456416e-06
2.071290958708000954e-06
1.881494664495064314e-05
1.303611939232710145e-03
3.750992979694965646e-03
2.287660603997784467e-03
5.691577684612920789e-03
4.289156765013262505e-03
3.811241493200904964e-03
1.046382927667659050e-03
4.118825030808591142e-04
2.049931983973509071e-03
1.307931576134662029e-04
7.514295111041688531e-05
3.487503634022688821e-03
1.451383245630025751e-03
3.566761006588764146e-05
1.388140026965547878e-05
9.981080674152554042e-06
2.587311580685331670e-06
1.332244251504188819e-05
3.345389709302820300e-04
2.303951417165911995e-04
1.450287059729392142e-04
1.628766021510916770e-03
1.463726036688968750e-03
1.849655870948763159e-03
2.210019915923590577e-03
5.250669410147060755e-04
8.961354566549318027e-04
1.299625389449062679e-04
2.307802156919714276e-04
3.876990265237593904e-03
2.844405952021615449e-04
8.965527339673648832e-06
1.031448434884299648e-05
1.069129371270624726e-05
7.449277454329805553e-06
1.144816008176039243e-04
1.757438533043730955e-03
1.154255349974408259e-03
2.163861930444008728e-03
3.671796020500356361e-03
2.349780295555264280e-04
4.208923729401429820e-04
4.796942914176361566e-03
1.773190575988606863e-03
5.766140247162934978e-04
2.688854876322934427e-04
3.275598842062956047e-03
1.094151529564272793e-02
7.500989068273650846e-05
2.379373599484766786e-06
7.315671176831851310e-06
1.225876141931524128e-05
3.215920864847699004e-05
1.868567512519368106e-03
5.385305015374451665e-03
8.413097446061741820e-04
3.535895597491277645e-03
1.346721627760196415e-03
5.997844223094571142e-05
1.682341164272434860e-04
1.542028122123600921e-03
1.089514447019102267e-03
3.013363264275987401e-04
5.869582887598621046e-04
7.567216504510707389e-03
7.572120341591347115e-03
8.005168196056262919e-05
3.906705633874467294e-06
9.595059062343039646e-06
1.134903534350676465e-05
2.759610558944881374e-05
1.867264209192121297e-03
3.403574364492375440e-03
2.827557336866427296e-04
2.785571138289161947e-03
9.055842132645942552e-03
2.056973780768511176e-03
8.448943163799242173e-04
1.385263261726792225e-03
1.928669885838300759e-03
5.597241183943510142e-04
2.341681609818450048e-03
8.051296332631630026e-03
1.525354095078762821e-03
5.588946853706521780e-05
7.303440679292488204e-06
1.284921201583438993e-05
6.595814547873808462e-06
4.023718780643477433e-06
1.837915117750188909e-04
3.568470550158272039e-03
5.087093611625668511e-04
4.369161477594634400e-04
3.806322813508770768e-03
3.326895597051034766e-03
7.529433950691702534e-04
1.482491521811457385e-03
1.915076834833562454e-03
8.338497572245137830e-04
2.376591675177240452e-03
1.573023191871104074e-03
1.415679086485235514e-04
1.724600514181340113e-05
7.620373275714662514e-06
1.434731843509792792e-05
2.963659122657329590e-06
1.260697430944409814e-06
4.527350020130233282e-05
3.685500626057623252e-03
1.101622578574745640e-03
3.352459024539153684e-05
3.233147775259091235e-05
3.890621298430771094e-05
7.091326645411848433e-05
1.028996046726218068e-03
3.122661578970695271e-03
4.229801843064432548e-03
1.785818272328980544e-03
1.089682716859839223e-04
1.223081598235240427e-05
6.175282624586000740e-06
7.244431052491820394e-06
1.508943561521842780e-05
2.361354074788002388e-06
9.758243949166584368e-06
3.253188343871857052e-04
1.689668753332763864e-03
6.033651057847550002e-04
6.850550800798223369e-05
4.591662213961703731e-05
3.415963134939201275e-05
1.707853907217155736e-04
4.396361320443110954e-03
4.726127123659141192e-03
6.264114965812025938e-04
5.869135300916193860e-05
8.714688527223242483e-06
4.924267474927492584e-06
6.026015202181316160e-06
8.160772221211202366e-06
1.507153484187285231e-05
1.052309649634938085e-05
4.765168358881294547e-04
1.179927314074362930e-02
4.940967223700502668e-03
2.519613710196023492e-03
2.610842223369391063e-03
1.110923134559590672e-03
2.970235969049120459e-04
1.504705010785605110e-03
7.036454766952676861e-03
3.012895918160770421e-04
4.339505406828466875e-06
1.328592762287552096e-06
3.087424462378688824e-06
6.625687508393175693e-06
8.497093220400557542e-06
9.166473087497917861e-06
1.520744752256962594e-05
9.652344201115753105e-05
1.436998789180750575e-03
6.435206256241026400e-03
4.824455415652064913e-03
6.386491592002496720e-03
6.863465388773332988e-03
4.283252141607039442e-04
3.111529511817029463e-05
9.583725023204218356e-05
1.680476932406395883e-04
1.292708814564091929e-05
1.787203265638872166e-06
3.107579189367915438e-06
1.042143225745951399e-05
1.646110468405033862e-05
1.572859845246750920e-05
1.516856502551304065e-05
2.311316848436342083e-05
