2.831113295744520125e-05
1.588109319072778463e-05
9.028351524111399813e-06
8.161548578904202959e-06
5.230234098548257473e-05
2.520793037135966950e-04
4.509535316123187450e-05
2.579172124139982939e-05
9.801242539831361681e-05
3.725738616742710915e-05
1.037625510798806898e-05
1.338683937960220666e-05
1.908522793936836325e-05
1.917487847425436532e-05
1.796738126119076941e-05
1.712756911257048590e-05
1.822792802609854066e-05
2.726520703055967506e-05
1.496596482302229087e-05
5.806605218926673206e-06
5.280847996499103522e-06
1.223301164779756540e-05
2.011477495095913444e-04
1.860330845044394802e-03
2.054879255773477771e-04
2.098087777735664389e-04
2.427769322050764289e-03
1.982896986759449917e-04
7.560116692986935507e-06
7.022186045986704832e-06
1.192204770149871995e-05
1.094632187675128251e-05
8.358476896293175616e-06
7.265552918696900636e-06
8.418005326471495560e-06
1.629688479690696317e-05
8.778037510098884717e-06
4.959349337626625477e-06
3.568613455543183653e-05
1.954840535680571088e-04
2.019750119732968555e-04
1.915466896695904107e-04
4.131956533015567634e-05
1.491887742427035820e-04
2.378224989954044917e-03
1.426015065837267211e-04
4.543831771167085471e-06
4.691987233961870171e-06
8.816349654515326056e-06
8.251772139538455638e-06
8.308999471255052496e-06
9.331520216041318266e-06
7.794868074072136422e-06
1.172698890751320563e-05
8.710940656513686510e-06
1.935948367098385434e-05
5.517726789797730829e-04
1.414412251323515042e-03
2.375036913116349371e-04
1.105597026137216353e-04
1.996870003569670339e-05
1.521901557353749487e-05
8.040396789678570528e-05
2.425753972852962552e-05
4.710028151142860530e-06
4.240336304782609591e-06
4.720353459711879940e-06
7.876960844591945565e-06
5.387597000901426196e-05
2.144990847185862526e-04
4.721430027572770278e-05
1.334150224471253784e-05
1.449133677208062954e-05
1.259349110217919854e-04
2.184642537970729690e-03
1.128377656111585053e-03
6.312861885786508502e-04
1.947169831001010088e-03
2.548363523174933059e-04
2.602787110390948147e-05
1.075765216440493008e-04
3.090528500478091959e-04
1.927125836347611193e-04
2.267057505241094393e-05
2.495532557109165941e-06
4.093299114119190468e-06
1.577538079291436230e-04
2.015073946547895224e-03
1.871041335499502899e-04
1.606847308175876412e-05
1.553704119700152964e-05
1.312905319306535484e-04
2.590175991052193118e-03
3.000631337292967993e-03
1.553922991735858048e-03
3.512025614646986302e-03
2.509315318090493425e-03
6.150081354650935739e-04
2.016271178895309192e-03
5.430355871157351542e-03
4.827648714844298694e-03
3.414726153320114181e-04
6.876888463357078110e-06
2.279917617710271677e-06
2.805450308208850608e-05
1.880988927416351610e-04
3.569045146132820653e-05
1.024224266668928189e-05
1.073863801129191456e-05
1.549053608359179300e-05
2.097419162614473805e-04
2.180692686330360733e-03
1.142831721075989035e-03
5.820823700780687095e-04
1.777005139592936290e-03
3.299792136811817260e-03
8.656815951913445634e-03
4.261265511477952198e-03
3.059588499947064454e-03
2.606384142615577985e-03
3.319715821358324554e-04
4.935350897823776421e-05
1.416968823938862237e-04
2.308359722138097645e-04
2.616522716268432456e-05
1.042799923217464264e-05
9.595443879499224380e-06
3.176902831143830666e-06
1.857918198375772719e-05
8.976359103580682603e-04
1.220973969447465210e-03
8.109398973352718116e-05
5.905797454605384841e-05
4.387459138045098593e-04
4.299578516407683189e-03
4.855933248889492994e-03
2.833567358791179002e-03
3.067706744951299337e-03
1.661355478094551572e-03
5.538523829506990064e-04
2.285838726055570806e-03
2.374023187636667767e-03
8.455555519158856382e-05
1.519784985740816179e-05
1.027541725090378290e-05
4.655045623597442316e-06
4.528258783249884803e-05
2.060440554081230304e-03
1.331127153768997626e-03
2.496851979800669233e-05
1.861698036448513488e-05
3.477151095053836161e-04
1.025582767342384438e-03
1.258075427158613594e-03
1.610861700406536479e-03
1.233062250601058181e-03
2.017540849916466753e-04
2.651195996774305432e-05
1.000698735505668773e-04
2.424536464810776867e-04
3.040843042415623473e-05
1.127880705093407688e-05
1.007402848411239451e-05
1.954028698704800331e-05
3.911659001430124413e-04
3.046862741814562476e-03
1.489164041464440891e-03
2.687153119839643702e-04
6.433759602504769649e-04
6.600787556311379228e-03
3.186710619665055529e-03
1.164855320026258328e-03
1.907954074001416657e-03
6.503004213678602319e-03
6.647332965672933264e-04
1.041321343717705956e-05
2.215330541861503327e-05
1.721424014387849030e-04
4.530952753835620889e-05
1.383729835232316129e-05
9.176934819440230509e-06
6.946010119147523194e-05
2.103581256352959027e-03
2.804762035938553055e-03
1.764502987448145427e-03
4.481501190221847536e-03
3.252200590446709116e-03
7.649105727974629372e-04
1.435891390395848961e-04
2.861901566091592033e-04
2.214569418684981215e-03
9.884393089524864950e-03
1.627372677908322119e-03
6.928878663618346983e-05
3.979091402269603617e-04
1.957621708565400898e-03
1.232786104541475395e-04
1.749227241925390428e-05
2.449017545063208166e-05
4.210733409819695464e-04
1.727807117388563407e-02
2.050739186410047502e-02
7.056245439504113710e-03
1.248470426072218614e-02
4.696610644220289461e-03
4.558757607818100625e-04
2.791147098614325860e-05
9.062650892883632539e-05
3.151875432054736335e-03
4.761757900573512607e-03
1.248046761125425758e-03
4.620326576927830716e-04
2.099046205237114441e-03
5.568256294721508860e-04
1.185743927005123333e-05
6.619236882130697015e-06
1.049693631861183229e-04
4.867190881486833584e-03
1.670651461253598036e-01
8.408268106366774408e-02
1.358485476902615563e-02
1.278327502611740184e-02
4.995874723125446649e-03
3.431889670261215920e-03
4.931216513269996151e-04
3.174638397345651199e-04
4.192252385648550898e-03
4.828554166766458808e-03
6.204746636760164261e-03
6.349979242296899945e-03
8.233779888192190033e-03
4.838660721566016083e-04
7.313950104284476052e-06
5.842495040152503385e-06
2.158608158575881224e-05
5.603862647254849796e-04
3.873477889275397240e-02
4.780283535279043761e-02
1.052303699932679963e-02
8.241280920083049813e-03
1.986946402115105387e-03
2.112883414390448467e-03
1.850814215909737026e-03
7.692158988492752434e-04
3.093771470117500418e-03
2.617279896825395330e-03
3.548867163106911912e-03
3.061618837675312253e-03
5.485291131777200041e-03
2.304723197448018714e-03
6.803794914992804558e-05
1.598999701184193684e-05
2.151727089951107025e-06
5.739546622376615189e-06
7.040322723014725463e-04
1.282241903200432437e-02
8.226422668904368254e-03
4.999147052442007994e-03
1.800274095080584393e-03
2.763249378317411860e-03
1.997130278418842841e-03
7.434120090088345211e-04
4.210632191852472887e-03
3.704826071169014731e-03
1.985265422362410617e-03
2.835949965694887381e-04
1.063100278151891883e-04
1.565962732311183163e-04
4.275354069927460830e-05
1.871539127615805265e-05
4.253416042871528474e-06
8.712878608881618523e-06
4.183817282003245348e-04
5.736213004717299890e-03
7.832897754942013541e-03
4.859444851344834997e-03
2.079982329130926257e-03
2.401512834390223759e-03
3.330792258305292582e-04
1.623138787661727335e-04
3.217508288541484976e-03
6.128915280785753560e-03
2.512362696002065632e-03
7.654732719154592189e-05
3.735305337402605169e-06
4.919647098305254414e-06
8.986401295368588279e-06
1.516564431377647873e-05
1.503308316497798808e-05
1.030862654542064359e-04
1.709045742209205736e-03
3.241795885481769512e-03
3.649343179112163240e-03
2.727190024820985974e-03
2.216868706447369664e-03
2.231961691233633454e-03
4.492821220095597487e-04
4.689078130374233714e-04
4.401278315997773742e-03
8.779882269352485766e-03
2.922290587520633837e-03
6.219198630342138295e-05
2.327214421613094347e-06
2.520760647063873635e-06
7.308773815883508516e-06
1.734274334917574622e-05
1.259745131601444201e-05
1.132349020165854009e-04
7.994039553924933792e-04
2.665495763324578172e-04
5.102156196689666993e-04
2.441932708643361396e-03
1.573188638437602368e-03
1.039364468515435302e-03
2.137694755787357057e-03
4.954295334826362002e-03
7.070146328078672111e-03
8.675031251135027419e-03
5.032502065019095472e-03
5.783797306524241563e-04
2.731029618330040731e-05
6.329663645250586104e-06
8.688874024166318884e-06
1.868130675626753930e-05
6.304292241012506498e-06
9.716690254161227216e-05
1.597518554073221794e-03
2.727517651000143815e-04
2.165691372301356272e-04
1.604675484612446378e-03
2.134095419970445488e-03
2.891889728763469194e-03
5.814815065344047969e-03
1.219297030852167264e-02
7.935648511906544939e-03
2.001159276749533630e-03
1.110512364409150989e-03
1.541499285419979746e-03
1.965650529314724639e-04
1.406006039503518901e-05
9.238013519014202964e-06
1.808755954029772999e-05
4.037139313511273799e-06
8.812405685571319701e-05
3.765337655256058291e-03
2.058151568969743966e-03
5.214032307072811144e-04
5.302653059885135316e-04
1.881260864079119287e-03
1.188703854041870192e-02
9.936791851479579926e-03
4.317860948606695552e-03
6.005035914297969079e-04
1.785637900750261184e-04
3.879444928353668475e-04
2.987674963097592621e-04
3.213993447377280191e-05
7.607959934386090719e-06
9.188730986344914532e-06
1.836332598000135421e-05
3.303457820977869061e-05
6.386641022152636472e-04
6.923969219208889192e-03
1.051932869060581352e-02
4.042739989515538139e-03
6.361933064456253440e-04
2.790624112084101561e-04
2.569096861367978126e-03
5.183780509894372196e-03
3.666859947230452022e-04
2.425057336826611775e-05
1.592486919720235896e-04
4.642145094263017829e-03
2.795285883890091436e-04
4.296291536099474337e-06
3.356956644369604587e-06
9.427400876635727813e-06
1.929606757919164207e-05
2.376573724807402670e-04
1.414524568699124371e-03
1.895888175086943512e-03
3.199042723213885078e-03
2.097813614033319871e-03
1.178554280543824559e-03
7.966193358320273728e-04
6.285536422500750085e-03
5.147005106396244749e-03
2.314189679440004500e-04
1.031951603605039188e-04
4.237635286094930528e-04
2.470566944931482448e-03
1.636287223197453841e-04
3.683178463932758253e-06
3.249820983970880796e-06
9.469229247995976714e-06
1.939035654559836282e-05
5.730214942956959011e-05
2.389576213389811978e-04
4.588647321956853924e-04
2.217576467070016147e-04
3.921533654772083364e-05
5.056506504881700818e-05
9.896202248076622335e-05
7.644257665478838707e-04
1.044703619527602521e-03
4.697593522261748621e-04
1.468594232216690904e-03
3.522009516493902000e-04
2.090878613974536638e-04
2.663342440672718334e-04
2.664993173963887507e-05
6.008444919351855724e-06
8.535669687920759664e-06
1.810689988019607098e-05
1.462838162182514363e-05
1.819550041951601988e-04
1.723661145949746459e-03
1.779980136657746605e-04
5.806869006754367388e-06
2.981977758366948640e-06
5.191099941989290272e-06
1.212497808833136632e-04
1.263535328158505453e-03
4.226575192485284541e-04
1.930359391579144254e-04
4.517420715291566881e-05
1.484267247774050081e-04
1.887071525871943361e-03
2.066549125847975694e-04
1.063516950233961951e-05
8.269359143075333940e-06
1.811611148757494725e-05
1.402025620471425311e-05
5.995878088883250997e-05
2.973786931682565696e-04
6.309278149061623645e-05
8.588905323093657261e-06
5.771412649575390285e-06
7.825663896725670697e-06
7.345027140538430135e-05
3.471206105632132391e-04
4.641785183219520770e-05
7.835406926950767704e-06
6.757734602240088584e-06
4.218062726205054142e-05
2.615773802068132236e-04
6.186412842825296608e-05
1.117637298913653113e-05
1.285933866750343788e-05
2.636185800868958996e-05
