1.215044790937334396e-05
1.704320073031093000e-04
1.700960148059012808e-03
1.455814140470357667e-04
8.612220013134794244e-06
6.696472840299829243e-06
1.036921172501402839e-05
1.318962000409996093e-05
1.438194010906244413e-05
1.483127300480097182e-05
1.497069560352638769e-05
1.467368229250289483e-05
1.439468560925562205e-05
1.439075385685875063e-05
1.441651579244813936e-05
1.406242634169095694e-05
1.452445828945703464e-05
2.099317228303879449e-05
2.017385200506856599e-05
2.063313497490700920e-04
3.172397101189779732e-04
1.548615893432858564e-05
3.191138518890751279e-06
3.122464806274424473e-06
4.370005127284114490e-06
8.108441086293264314e-06
8.710715113098146942e-06
8.258941294617022744e-06
9.555655293790971412e-06
1.017340139630116369e-05
9.766976098488680571e-06
9.420339314831943406e-06
9.296196312112957135e-06
8.994489078662591105e-06
9.315032452819509617e-06
1.452484042329230094e-05
5.522557046194034777e-05
1.752811351705055006e-03
2.127835694766689722e-03
1.988292630210045835e-04
1.684734741882193550e-04
4.813868971427700958e-05
3.225251855146838890e-05
4.879780638718066296e-05
9.704779214900866139e-06
3.287515372085971449e-06
4.926367590489355842e-06
8.260912956585290406e-06
9.747664206341276178e-06
9.564013843295521920e-06
9.164063696120717102e-06
8.724155597872639619e-06
8.984743806335699075e-06
1.404757615344321526e-05
3.135666407085738823e-05
2.935133679069605595e-03
8.580323941555964215e-03
2.661476005466806554e-03
1.053241584009344083e-02
2.313914996803223979e-03
2.609887796074516608e-03
2.040192400761872173e-03
3.004548132833850208e-05
1.724988015194109289e-06
1.376364106721114819e-06
3.284791659845543655e-06
7.461775111572015217e-06
9.891716136407709749e-06
9.895506316971385851e-06
9.224506293925468416e-06
9.310105336099315355e-06
1.437607431492084434e-05
3.815990850847287761e-05
6.560519659122195958e-03
1.155889518713372303e-02
9.382360315386508755e-04
5.945289612321092571e-03
4.026338056172131148e-03
5.417224861809691316e-03
6.681977518719577243e-03
7.197492751923493734e-04
5.060181283799720643e-05
3.562354624500349262e-06
2.116305373181561804e-06
4.999510006485724513e-06
8.263992351954665302e-06
9.864190119704571941e-06
9.782127581679054355e-06
9.626714941599886916e-06
1.446533558849850276e-05
2.671881772683960449e-05
2.595711828739561029e-03
5.525784352372301207e-03
3.804623428812605249e-04
2.274389651143344029e-03
1.384427525434136661e-03
4.082609249622525948e-04
1.656970938512037847e-03
7.134757782338102539e-03
6.840385393455700354e-03
4.330200596921405512e-04
3.882961966568509435e-05
1.013331398425932585e-05
4.949084475533068628e-06
6.369118640192193042e-06
8.980213567417152495e-06
9.957944930979662339e-06
1.484235436297152203e-05
6.526796764050136343e-06
8.861290985920235554e-05
8.727626959235012432e-04
5.478046774547990069e-04
1.453393184985051888e-03
8.283973339272876534e-04
3.639244625777388162e-04
2.167057821818658275e-03
5.199070810477577492e-03
1.542446135456919387e-02
1.560070492303730107e-02
2.128864713163856372e-03
5.951174512027852727e-05
2.825884901956607340e-06
2.096055578627562624e-06
4.977246150175505525e-06
8.573307576461537341e-06
1.496752119014739670e-05
3.768268805349348799e-06
1.738737467877731071e-05
9.767290883063073272e-04
1.896668968003010656e-03
9.261456492961989096e-04
1.283701633982920354e-03
3.666705852247247846e-04
6.450450926635843945e-04
3.058561630120308801e-03
9.134996075033824034e-03
1.479904708552456233e-02
6.341354844612785528e-03
4.273087060567970085e-04
1.203755153369327021e-05
2.861903131329570037e-06
3.866559764503280414e-06
6.395496420869331240e-06
1.360028199518906120e-05
4.589450192708388490e-06
3.214704907612924410e-05
2.184394182022389875e-03
1.273340242751591373e-03
3.802342967335857471e-04
2.051999685778006528e-03
1.404630729265784995e-04
5.342329488166576380e-05
7.455285038250886046e-04
2.283594743245156294e-03
5.663875698742312781e-03
3.221541534640587953e-03
1.012421219999412028e-03
4.372540743291797858e-04
1.609114806714059625e-04
2.754559347995514645e-05
7.806029226258679016e-06
1.197069273851279896e-05
8.207164048166201402e-06
1.291993733609724090e-04
3.956909559612992872e-03
1.038488057666420421e-03
5.817763405699051711e-04
1.630223528645313377e-03
8.059947559506451618e-05
1.240934000145313789e-04
1.313657028625492794e-03
8.971264353574080449e-04
7.353499484123844632e-03
6.628328971939404998e-03
1.243070246399558074e-03
1.723148366442602041e-03
1.720724950052868489e-03
1.271988472516613774e-04
1.091832768381486420e-05
1.166612990092110644e-05
1.549463383230184757e-05
2.250285934158244554e-04
4.806878486951863053e-03
4.300895916702494187e-03
3.267078272779582425e-03
7.969499320182096011e-04
2.301874596078560972e-05
1.744460863253543116e-04
1.853526630844372705e-03
4.053393177658517208e-04
2.837415780236249557e-03
1.398225045399367067e-02
5.825615930278983320e-03
8.035775412321364544e-04
1.025982786885391607e-04
1.808253007966094197e-05
7.232039926736437287e-06
1.231267500925662150e-05
3.888007768110396107e-05
1.823797722925179837e-03
3.899669812583809320e-02
1.351320460780632698e-02
6.104265096978941582e-03
1.365955684671475625e-03
6.724830811177881105e-05
3.670190977429971311e-04
2.043621137968805023e-03
6.409024388592415335e-04
1.027907457340819074e-03
5.663779546564869614e-03
1.545884621024394730e-02
2.304947378421161926e-03
4.689788481871280716e-05
5.128365226700479052e-06
5.445516038091359010e-06
1.349561937591559401e-05
3.663279866768709756e-05
5.085074135030247591e-03
8.034645301395283712e-02
1.326240771795712814e-02
1.830070799470817980e-02
8.518307242266704229e-03
1.228756278398450462e-03
3.173646568215556223e-03
5.485032996379944625e-03
7.844940222401895411e-03
1.108579091036014305e-02
2.106692100227557096e-02
2.916785243673803221e-02
6.011987347750282450e-03
1.349535230839860858e-04
8.241746986375295085e-06
6.745432342062901134e-06
1.453944499824565061e-05
2.356996318583827826e-05
2.166450064789156998e-03
5.794977058358747463e-02
3.035835970641317591e-02
2.766990484758386284e-02
5.964610804267419554e-03
1.290566900137531505e-03
4.334094193746081711e-04
8.341333967446625723e-05
1.316561234438345961e-04
6.154657244093553539e-04
8.252256229367767315e-03
1.233234999944807231e-02
3.942391666585781098e-04
1.251663704404510266e-05
4.710458233113081913e-06
7.541524677757807523e-06
1.503836471784526741e-05
6.152505430313450014e-06
8.201363378702477668e-05
3.927635853001294232e-03
1.055685444912502630e-02
6.590761059106432090e-03
1.774720612274969037e-03
1.931716418280629035e-04
1.474487683866172512e-05
5.267906894334525302e-06
3.026809589130706677e-05
3.594668273150093229e-04
5.127431399127631989e-03
8.213346968302250722e-03
7.394702774691375028e-05
1.699281191131974337e-06
2.610583223464808760e-06
7.958360242802276036e-06
1.527697185650388719e-05
8.315770369688375681e-06
1.550891637609780500e-04
5.916427144100078368e-03
4.741162258146262333e-03
3.376227961168130638e-03
1.918130510331163925e-03
6.935467252357441431e-05
1.439214110696082299e-05
9.644570773924405723e-05
2.047112576317417637e-03
1.066284724033753593e-02
6.569990361173046710e-03
7.230408225495941164e-03
2.409097707328924725e-04
4.508004378473810193e-06
4.027643825999505903e-06
9.009405886615837896e-06
1.527828892255003710e-05
7.330348847691873231e-06
8.059842625276694575e-05
3.525571823756781884e-03
3.950684089373666767e-03
2.438096005797545443e-03
2.982849536496717802e-03
2.911607863311950332e-04
1.591038025518481773e-04
1.480115224411733500e-03
6.191388599241783725e-03
1.002983514079181480e-02
2.660966533937072359e-03
4.685581872656626075e-04
3.232119355541113057e-05
4.315944150614502821e-06
5.462917231707082952e-06
9.562748316889239198e-06
1.519915290820720030e-05
5.140673416966105336e-06
2.662063252154593586e-05
2.363425088064187614e-03
3.955782285201145387e-03
4.457513070197392032e-04
1.305498276291127769e-03
1.321676578590799331e-03
6.744979815409389437e-04
1.945982139228198378e-03
5.911986121687770254e-03
1.094019451537098057e-02
5.736989151072782386e-03
1.411962449480049756e-04
5.264884285550805877e-06
3.088722437091215852e-06
5.303430724618686393e-06
8.712294666263935812e-06
1.500592896014656359e-05
8.072063808820244024e-06
4.286397946150654925e-05
3.695241770622849972e-03
5.302901026663978806e-03
1.887845702060931446e-04
5.600752823469387371e-04
1.440932660562376736e-03
1.177304223503108710e-03
1.515107249794441771e-03
8.609803282061451526e-03
1.096247176677796545e-02
2.217848438290076236e-03
2.784949861416317939e-04
9.863193033689377051e-05
2.749996471539918136e-05
6.982744561940662532e-06
7.132247279512520327e-06
1.445386288292515696e-05
2.727415802703845614e-05
1.048164065193342209e-04
1.373831416775506955e-03
4.984694156040059797e-03
1.216117464533527813e-03
4.833138404041329751e-03
2.563766717084655852e-03
1.278098993944113511e-03
2.174223228513979742e-03
4.524457554881613705e-03
4.724982875679696148e-04
3.219813132167383048e-05
1.514208969654862983e-04
1.563318928299389354e-03
1.824634675596627849e-04
8.579602341765610958e-06
6.186232802013153085e-06
1.407116886771381996e-05
2.729886082074611158e-04
5.852388914836156517e-03
7.299360025009653599e-03
2.224783285473459684e-03
5.124885124538125286e-04
2.308433862236358627e-03
8.850732405199758989e-04
5.942627488760922382e-04
2.801501361987679059e-03
1.746475584722029847e-03
3.701750370359070008e-05
2.600178742297406261e-06
1.829814432434563988e-05
1.692751718608645776e-04
3.995784609672637652e-05
6.159913765699232421e-06
6.580154949115653947e-06
1.444095142976817522e-05
1.191090221465177613e-04
4.614017002758730515e-03
6.770449794490516343e-03
1.757058478400270064e-03
6.956635533629320928e-04
1.656492081575971099e-03
1.968109528791154098e-03
3.913524520131664991e-03
4.167131433508580729e-03
2.941699415781843401e-04
1.104641689659480190e-05
2.891559410268503002e-06
5.257148692788708854e-06
9.293507847967047590e-06
6.766030900260022134e-06
5.725934241505542833e-06
8.129327333452775721e-06
1.488096649228525477e-05
9.218804661225838052e-06
4.324082044196383051e-05
9.611535347704304303e-05
3.878707673899455997e-04
1.430932597782464365e-03
4.775771921078629002e-04
1.405890616497021807e-04
2.437721773625863789e-04
1.348636034517532070e-04
1.441687456981549913e-05
4.371464352748300095e-06
5.180423152629566246e-06
6.629694600092743463e-06
6.500432236417539908e-06
6.631663625975989525e-06
7.668018248208106910e-06
9.117742098323885068e-06
1.441860402262559215e-05
1.347529915055464486e-05
5.121808009830068961e-05
5.658710866958107039e-05
5.620017397738129289e-05
8.574161540719408116e-05
1.295319650196578086e-05
2.006655111915339481e-06
2.639726119886139920e-06
4.104058443933278200e-06
3.982491912893486645e-06
5.377615019221487613e-06
8.437427799455406879e-06
9.660618391074750444e-06
9.281158698819515457e-06
9.256651014039416891e-06
9.236810225861213496e-06
9.550180370504385464e-06
1.459778858329848679e-05
1.110326170769829939e-04
2.122859916859151479e-03
2.036975927736221076e-03
1.043254689880404888e-04
1.541435686603210190e-05
5.913489052158610199e-06
3.657094658705233275e-06
4.846868063049942761e-06
7.705533042182585962e-06
1.094408524509541372e-05
1.394418694207797331e-05
1.534936649130457743e-05
1.513434184584334936e-05
1.479345402938247424e-05
1.468005326538475841e-05
1.422349920295444321e-05
1.455667331719265975e-05
2.093704423387871227e-05
