2.039359321740045360e-05
1.723517791424237667e-05
1.667670548600824643e-05
1.644555806104155030e-05
1.570307928832486666e-05
1.518389240207426338e-05
1.529980706289355965e-05
1.542661934365870978e-05
1.533618855132077338e-05
1.561729373947356745e-05
1.623556911434308775e-05
1.653648090479387418e-05
1.645222112927605788e-05
1.633633019334410324e-05
1.625944108029510931e-05
1.618640001098615427e-05
1.683610288358689306e-05
2.010843931918098007e-05
1.683149945577762447e-05
1.295212815215700147e-05
1.138998506667644987e-05
9.851498160125253019e-06
8.520259368938984694e-06
7.692107380187758082e-06
7.072189030941004519e-06
7.421018138256019219e-06
8.441790574409032330e-06
9.320678593309166316e-06
1.084710810487040729e-05
1.256246718163802657e-05
1.314689737434978847e-05
1.305583155293436935e-05
1.292720778345295642e-05
1.283218725305283957e-05
1.345823214134480485e-05
1.683801824471472310e-05
1.363217945292205307e-05
9.164749091943489662e-06
6.610123554114659602e-06
5.125381582796774653e-06
7.991509548555503654e-06
1.175165262270776882e-05
6.220123307841650807e-06
6.485792018662020059e-06
1.354232068142780657e-05
1.145011653275988269e-05
8.484088593377615999e-06
1.036520950219958832e-05
1.235675686865959708e-05
1.256978472750757146e-05
1.237361054132227530e-05
1.224366135335744374e-05
1.284040536407325850e-05
1.619426846952744316e-05
1.098103947633174811e-05
1.148637238166866255e-05
1.072067903148187659e-05
7.874314923864566705e-06
6.788438536713989433e-05
5.106129723116530897e-04
7.756803345460533763e-05
6.296151051243234530e-05
4.007782838507770477e-04
9.590208458708973768e-05
1.067707240236758547e-05
8.593653217006419243e-06
1.190116440620768436e-05
1.278193393608811666e-05
1.253109393467418273e-05
1.234820080113481846e-05
1.293022165305184432e-05
1.626955625598361645e-05
1.387514802825972962e-05
9.568857814747531109e-05
3.585789448913424371e-04
9.892695316302013188e-05
6.635287819686451439e-04
1.067363456074088557e-02
7.331966039040382997e-04
4.318367176137830705e-04
4.572421130066391809e-03
3.936774794449326401e-04
1.094361465587678417e-05
6.659403959444740363e-06
1.102492797441653537e-05
1.285206306004553775e-05
1.264597819790592305e-05
1.240446650309019093e-05
1.297412751241027636e-05
1.631257714414646173e-05
1.644885442281608767e-05
4.176942502096870377e-04
4.630634181059391230e-03
3.523195991558417746e-04
1.279331259651097315e-04
4.610549298749286513e-04
7.264130891893291254e-05
4.953058960094716169e-05
3.820080704677245162e-04
1.206531650353503200e-04
9.454606181790381212e-06
5.837706235015992711e-06
9.838058253732363275e-06
1.256768582979111280e-05
1.267442733461490144e-05
1.240976504099198696e-05
1.296491252073331946e-05
1.630647969838145992e-05
8.310983679170225150e-06
6.713121378605273551e-05
4.409347719637212761e-04
4.888536382145376182e-05
6.462619673629067938e-06
7.584195336953640699e-06
4.314068330561421922e-06
5.729231429549430151e-06
9.816902906724523498e-05
4.963243362138061721e-04
7.113242609851969090e-05
1.032029423864350169e-05
9.187003016540835849e-06
1.204079594240205846e-05
1.264433197152147778e-05
1.240317786475585859e-05
1.294448913350057082e-05
1.629171623505431169e-05
6.289966218308215788e-06
4.827189722268311823e-05
3.702722048422368091e-04
4.375141919604993074e-05
3.701752190905719910e-06
3.030615827737699382e-06
2.879005822639246059e-06
6.606032842585251764e-06
2.835745730849614094e-04
4.424733825625606215e-03
3.797685981488802529e-04
1.610614998829321010e-05
9.108948137756723738e-06
1.189995114755492211e-05
1.270624155075073181e-05
1.242161838332159478e-05
1.292708236283389255e-05
1.627432683863841247e-05
1.001310338310816441e-05
4.594596273285141749e-04
1.192893391774705984e-02
4.149542252634490463e-04
6.148049482835994386e-06
2.770080360899265521e-06
4.215095096536679748e-06
2.645668332004670704e-05
5.502924277214657446e-04
7.295693969314339094e-04
4.383152740193458496e-05
7.635803477220223090e-06
8.770521020610909539e-06
1.228608164312677076e-05
1.299060208685630618e-05
1.258083322347920447e-05
1.296594805418134537e-05
1.626353416536979041e-05
9.186962357354014897e-06
2.840025668911347247e-04
5.316356633290441301e-03
3.203032544459695290e-04
6.982570344249393459e-06
2.157146421007645958e-06
6.043367128512536038e-06
3.140719231972547223e-04
5.564244552022939820e-03
2.657557786394495265e-04
5.398629998988230846e-06
3.590027645875946576e-06
7.420831961824359951e-06
1.049376199610896825e-05
1.230425348607226728e-05
1.277485263301018207e-05
1.313742127448532752e-05
1.629490736342476941e-05
1.893429907080886431e-05
2.098342494259646071e-04
1.293851149690073647e-03
5.174357913099550703e-04
8.703764311966841422e-05
1.243661776973314433e-05
7.796815702847526805e-06
2.601691273131179292e-04
5.433968673425973797e-03
2.889358736902513151e-04
7.966304505002658838e-06
6.399689629744058594e-06
6.081009055134190574e-06
4.966114947261576363e-06
8.081796543003566134e-06
1.192407223461149063e-05
1.331944648825009323e-05
1.640068614331602521e-05
1.446350989067783025e-04
6.238437439147381108e-03
3.266882112176942160e-02
1.156707577490145682e-02
6.172207722922262718e-03
9.467253749155627200e-04
3.270723470220285328e-05
2.490619309813496690e-05
3.932838932099314423e-04
5.291402322909488382e-04
1.413050465183848098e-04
1.422990138027708574e-04
2.515399367551175453e-05
3.272656584834700228e-06
4.229757828518940295e-06
9.595893556969450195e-06
1.311942301345481144e-05
1.652372535104038148e-05
8.359282259553370384e-05
1.281029270978194939e-02
3.057407420466595749e-01
6.414441457215094844e-02
1.898110803296332305e-02
4.679732933729169320e-03
1.220308464245039275e-04
4.736215629118871581e-05
1.304226760606439287e-03
4.147917864265372040e-03
1.318574702959847758e-03
4.409214273620788195e-03
1.538210432844199860e-03
2.919726558540267772e-05
5.389677217868281703e-06
8.161722233138133078e-06
1.254608886595486933e-05
1.655800183817604797e-05
8.136731467368839085e-06
1.112747162617898616e-03
1.540007838328094902e-01
1.007453937324083865e-01
1.647525178567766160e-02
8.731518682574385647e-04
4.442274774642408070e-05
2.032964774176350474e-04
4.919643045586759647e-03
9.723899364560418786e-04
6.626856505382134287e-05
1.158751899265917555e-03
1.095306311336520337e-02
3.667522605173082753e-04
1.316126151105514896e-05
8.516872459897422809e-06
1.219477342197072998e-05
1.651856910023821769e-05
5.658008925479153784e-06
2.173085106336268676e-04
1.018390577153446656e-02
2.109844460306943906e-02
2.120875617398500917e-02
5.652133917344142862e-04
1.346584286254539069e-05
4.166622248759885744e-05
1.739111680935305048e-04
2.905837457386453550e-05
7.300326652547146778e-06
5.019983201892205967e-05
3.874693084125748702e-04
9.573757158360312941e-05
1.260319808754916051e-05
9.371439677912495470e-06
1.240324408419976460e-05
1.649199450484642329e-05
7.055328795122324664e-06
4.916039601105536580e-05
8.815465334460033863e-04
2.929174843309333490e-03
1.804478495350509294e-03
7.363050097953507608e-05
4.831712218405469488e-06
4.417196931254959265e-06
8.807888811291202463e-06
6.367518709924953476e-05
4.623872877468150665e-04
1.328867717223862455e-04
1.803981435309858736e-05
8.801162669329928344e-06
8.380969549620307919e-06
1.061258522413850727e-05
1.292129212367133266e-05
1.646535780574503671e-05
8.077297494585177113e-06
4.631222128022274202e-05
8.127399699787271527e-04
5.709128001485732923e-04
2.866083421772222775e-05
3.607682606910335107e-06
2.781121592834656012e-06
4.752982278800747195e-06
3.230624355562602393e-05
1.655933294534194834e-03
9.558699430352753795e-03
3.498610722465359327e-04
9.732639277667444878e-06
5.013537946940730620e-06
8.603189167106665424e-06
1.192418196817642588e-05
1.323085908382783383e-05
1.640588479064935664e-05
1.227114984873984824e-05
2.655582799625805105e-04
4.863894125656955010e-03
3.026907510143151802e-04
4.450120987931665906e-06
1.875684270376477984e-06
3.889147137290376399e-06
1.207753970652390409e-05
2.030166459869408419e-04
4.019787500081235462e-03
3.987022339829894048e-03
4.164361766323250403e-04
3.245148217410247574e-05
9.108582501418808949e-06
9.708722477516341131e-06
1.216166311747881406e-05
1.319953098014899621e-05
1.635262756185949901e-05
5.631959675341959033e-06
2.223945303265522570e-04
6.756022902456762513e-03
2.603838906212357137e-04
3.981568778162413649e-06
2.835988778542027169e-06
8.066137088436540044e-06
2.044025208763173510e-05
8.811940949249762384e-05
7.887294069302440078e-04
4.946928518473831318e-03
4.860757506275964999e-03
2.675481552428232018e-04
1.758602824232693483e-05
1.007592188443418203e-05
1.187678682185685079e-05
1.309797486817526350e-05
1.633595034941876732e-05
2.460304186856980627e-06
1.344614451262154270e-04
6.111494210667932185e-03
2.671462827151810252e-04
4.140124502976758283e-06
4.731061461956937345e-06
7.030506582047524875e-05
3.497514508776029189e-04
8.780176628457284527e-05
5.055715543544475881e-05
3.393969930081446257e-04
6.203619967825508598e-04
7.258021925319487725e-05
1.193211935295008506e-05
9.884526991936568724e-06
1.194921721468543924e-05
1.308465668105508778e-05
1.633683722237558514e-05
2.328129659613308679e-05
1.710005920703453267e-03
1.150223604375593713e-02
2.551134311898851838e-04
4.861760118542154599e-06
6.634426688289629993e-06
3.526731680415233126e-04
4.857513421110657564e-03
2.984794870298495412e-04
1.066384874147859899e-05
7.542769082127287335e-06
9.549549172177299955e-06
7.437727608392211984e-06
7.849532761877790112e-06
1.068829679042361580e-05
1.234828614596529488e-05
1.308816024324188740e-05
1.632351362905690184e-05
4.156866759879311764e-04
1.050349172734619044e-02
8.086986249652034289e-03
7.564936481818516261e-04
3.455992943159117120e-05
8.133721351517757142e-06
6.073587355550226063e-05
3.986114999681237008e-04
7.762054659844656401e-05
8.123725806068810891e-06
4.657634002172046350e-06
5.335618834262806929e-06
7.074900937769398276e-06
9.992059554672064783e-06
1.214087812208102646e-05
1.252364423139339585e-05
1.299210179060390020e-05
1.625673373063712536e-05
1.097749022160346931e-04
3.766178315939138909e-04
9.366516226932617957e-04
4.022689164980542548e-03
4.301386671497555727e-04
1.265784398242267352e-05
7.558968945072751945e-06
1.377789210961090886e-05
1.130904458837320866e-05
8.472956952671999238e-06
9.248101774196914300e-06
1.047161350134181717e-05
1.149257426460696656e-05
1.237186620957114479e-05
1.257819812691083009e-05
1.235693674202907006e-05
1.284762309997988463e-05
1.617741557082399688e-05
1.103761792850832715e-05
8.483515834997390416e-06
3.778118600696808444e-05
4.229043146673580763e-04
1.355396788098466347e-04
1.133701779489524522e-05
6.468652247820128318e-06
8.146765771226023228e-06
9.539244449743824376e-06
1.125105171035735992e-05
1.285256762388547084e-05
1.337168600449028201e-05
1.333083293393427760e-05
1.320740606090227339e-05
1.302711861850925204e-05
1.285395070744098325e-05
1.345318946657028771e-05
1.683562357891574848e-05
1.143479582996727879e-05
6.315104272435355600e-06
8.583475382925590932e-06
1.926964943111655806e-05
1.584190089079653575e-05
1.047384525971094985e-05
1.226496786101973468e-05
1.482567348676945400e-05
1.576644706583926850e-05
1.636853525381730203e-05
1.663597314904867512e-05
1.654900538159272423e-05
1.641024585475574029e-05
1.633205820882618905e-05
1.625783631828114489e-05
1.618329137144076615e-05
1.683933980286969281e-05
2.011572003705184954e-05
