2.336062462748949263e-04
1.303072681171395242e-02
2.611948883783414208e-02
5.005459358961850125e-03
3.112845554675731929e-04
1.868383203749106715e-04
1.144273134665108532e-04
3.126747655375008582e-05
6.522645871667558104e-05
4.068443991400488082e-05
9.470404127372927678e-06
5.657611309278853509e-06
7.638720733934817699e-06
1.377908081641049228e-05
1.699236472388771782e-05
1.533936674475610873e-05
1.490011277757942299e-05
2.291848522143788522e-05
7.041786468257842785e-05
5.751540275508906785e-03
1.072737840489128985e-02
3.368128626623305942e-04
8.042051961029530788e-05
1.379102735992176598e-03
1.405011455743897329e-03
4.827334654884212471e-04
3.543860412255768824e-03
1.975122376874480570e-03
2.135874685265748776e-04
1.268415734668019763e-05
1.824996799545167801e-06
3.292155872683827083e-06
8.253306001087138823e-06
9.667913475659957329e-06
9.252199505860239371e-06
1.488927108271642367e-05
7.434801351814084934e-06
1.328469812424581042e-04
7.982970747160312176e-04
1.303058380243661215e-04
7.663673655098936493e-05
5.726923461889577883e-04
1.980792196903230203e-04
1.558189986077806999e-04
3.078428125922658392e-03
4.438515595556558578e-03
4.949651890712074634e-03
2.966600002119423028e-04
3.153674431225135086e-06
1.366704631116042819e-06
4.418526824177408537e-06
8.581237586427582095e-06
9.513736299008209156e-06
1.482317532630834739e-05
6.533034241565072594e-06
5.424593211171761082e-05
9.740135891938228813e-04
3.495136613388999131e-03
2.090748545606255834e-03
9.970909336943264544e-04
1.360145819648291400e-04
6.347913308726308628e-05
4.694037346572665719e-04
2.744453388284180738e-04
1.932983508437640611e-03
7.803704951348245690e-03
1.819005379207783721e-04
5.475194164746476701e-06
3.079949837968585337e-06
6.132331251628300770e-06
9.643207560640796260e-06
1.609559371223948137e-05
5.013421682537453397e-05
1.921766922396280170e-04
4.477039574069500310e-04
4.634180260489497057e-03
3.297191833749553869e-03
1.242106125532642423e-03
1.222501643082106850e-03
6.673599097620150356e-04
2.637164250755608119e-03
1.584427132538111956e-04
1.246639752457305084e-04
7.210915588381799045e-03
7.491046372336929854e-03
1.679760939833426121e-04
6.201841943917073956e-06
3.429922645599170206e-06
7.182521260042575993e-06
1.654714139662556788e-05
1.902488810910374904e-04
2.771418492112057586e-03
3.017857985385822943e-03
4.298521067089423019e-03
2.064035663728969877e-03
2.244563856904705813e-03
2.810944998047965569e-03
9.542029941120976771e-04
5.587728073582686091e-03
5.016663692660742113e-04
5.564220870831857889e-05
3.859955645737717729e-04
5.887539694628557592e-03
3.822165189771808708e-03
3.982893327404439570e-05
2.260561969838048902e-06
3.796024421301113989e-06
1.450891169959435655e-05
1.561739466258070893e-05
6.755723481803974258e-04
6.505093230299592751e-03
3.318369361025857046e-03
2.102482548691191142e-03
1.527256237508783530e-03
2.057121538627205363e-04
1.729785001209859755e-04
3.167258290920731568e-03
2.206449110014101645e-03
9.078952768737916148e-04
5.750419256317651235e-04
1.811770995310690944e-03
7.202717853378612541e-03
3.305851633065158188e-04
6.380550536073328153e-06
3.138378710831327634e-06
1.133283609526581875e-05
1.360699487490938278e-06
6.249619431692203929e-06
2.253522444247880335e-04
1.498446970350217995e-03
3.089504341668496742e-03
5.459379845489464129e-04
4.050983391802983935e-05
1.801453403159857772e-04
1.783906157042496228e-03
2.565730734279157450e-03
4.405974503055125335e-03
1.247653744000586876e-03
1.387263398250059574e-04
4.073054990423713960e-04
1.600528815074177573e-03
1.411757418841661632e-04
9.633333060041894904e-06
1.073753193344489369e-05
1.953682240057525377e-06
1.115547405733351454e-06
4.917709208628342989e-05
2.289434576473084893e-03
4.599846497381435834e-03
1.189953715703241134e-03
4.533080171108804521e-04
1.147980240235614872e-03
6.774946434442883584e-04
7.845737643747170567e-04
1.582292053130857903e-03
5.368971701827161651e-04
1.830572466094422236e-05
3.571758750756224323e-05
3.636721839652322808e-03
1.885568793924960072e-03
3.612326403079223116e-05
1.256767122444231529e-05
3.071488377545745259e-06
2.465518565976578008e-06
2.319466339171759317e-04
6.673040346067127954e-03
3.877973119818423249e-03
2.113971533701321931e-03
2.031939910613668639e-03
1.835247974458970466e-03
2.743081598027522112e-04
4.563083590940400351e-04
1.010755859245528578e-03
1.067457084894111227e-03
7.512764558771611292e-05
5.949145610223470580e-05
4.148055051847865729e-03
1.902988183889194008e-03
3.252061339887088844e-05
1.263180722318262662e-05
2.915581846076435074e-06
1.403266735333479652e-05
2.043977835611676848e-03
6.226174707948591361e-03
7.662487851145895245e-04
5.562115074587518091e-04
1.013156372197711536e-03
1.050080028258881673e-03
5.555600771515618050e-04
2.681172356264092775e-03
1.694661669585362284e-03
1.774501901538774349e-03
4.066337308089285583e-04
1.229691298044740351e-04
1.039417255651233852e-03
1.352948151823053888e-04
4.768559402542732417e-06
7.914593491852890813e-06
1.104669209438147310e-05
3.942828699678629163e-04
3.803597249167962185e-02
2.503114412306035527e-02
1.565336664731346427e-03
9.491493660151151777e-04
2.065537921486000888e-03
1.165922305117205815e-03
1.333515989545158882e-03
3.324604742302707684e-03
9.010788762661270769e-04
2.529831088702638731e-03
9.752990380231430119e-04
2.012349853205600654e-04
9.617145199687071036e-04
3.485630604036367127e-05
8.573032902917949130e-07
3.827506265830816028e-06
6.615931142366700702e-05
7.258992914815673436e-03
1.345504984923571457e-01
4.437340147091307224e-02
7.912781348582056257e-03
3.222197497618045723e-03
6.756625823706838459e-03
3.552444927997952875e-03
4.089352655604738991e-03
4.349008725099377803e-03
1.878432267504706729e-03
4.206074870127030074e-03
1.009072678946667731e-03
4.205700971987411823e-04
7.776014488908054162e-03
5.000051113527013459e-04
3.183375160528285960e-06
3.910569519519941387e-06
3.001125457105418616e-05
4.170785086131206972e-03
5.117081314326572122e-02
1.829042128877644835e-02
9.141510473019334032e-03
1.217800947821683771e-03
2.056591888829755431e-03
1.335934151054111270e-03
4.859586280644964456e-04
1.917324317215960078e-03
3.781043924075532230e-03
1.503874497484035400e-03
1.065901656642289112e-03
2.142484828928760486e-04
8.242160920313864290e-04
1.787438466867827518e-03
5.412420190927862232e-05
9.871555213259949031e-06
3.979897110844867615e-06
1.826542048390462003e-04
3.905459301531621300e-03
2.564818042215879623e-03
5.725108154176778569e-03
5.022811135998879982e-03
2.826817349405891504e-03
4.129665189037435040e-04
8.483645011925978921e-05
6.029041011902441446e-04
2.338262092129069804e-03
6.231855440677991180e-04
9.146073932979189788e-04
1.273122848032694860e-04
1.610210776232989989e-04
1.326199168253243714e-03
1.192717959345374258e-04
1.364717999536772996e-05
3.766333096112516506e-06
4.804880584789096467e-05
1.538437299320613355e-03
1.891291981546360055e-03
2.397904407976700347e-03
5.939453261671008566e-03
2.408222008995978235e-03
8.163423589640920238e-04
6.230825027193864730e-04
4.674231018311769681e-04
2.994741722966041617e-04
3.010052015896124843e-04
4.367668035672269181e-04
4.415812502732992901e-04
1.491911000283398150e-03
4.421878614362454970e-04
1.376535980574831903e-05
7.036456157727198518e-06
2.661726862789350870e-05
1.628528990313954773e-04
2.186913105640437768e-03
8.921000985512446066e-03
4.245346120338271134e-03
1.170506890903137698e-03
3.640803730685481920e-04
4.401995427878783421e-04
1.348658581488298676e-03
1.238165267526706572e-03
5.303520480588253590e-04
1.168746501200527716e-03
1.502090477251369913e-03
5.898181421104551139e-03
5.411559249854623783e-03
4.980716765242699498e-05
2.294985234557981744e-06
6.449618771074348801e-06
1.143427852432207992e-04
1.256400350587248433e-03
4.564632517519226149e-03
4.363748895605193065e-03
1.192180647358811671e-03
7.008219023747807100e-04
3.464447727908095943e-04
2.343070733323621331e-04
2.524527728477266725e-03
6.717168445749425142e-03
2.613462501131476583e-03
1.496544700492729186e-03
1.081914920744638312e-03
5.184528380289909685e-03
5.235572086228930649e-04
4.093378905806126003e-06
1.848398331516122733e-06
1.098129721999756635e-05
2.521505187471224365e-05
3.716003165424341709e-04
4.815064941762473537e-03
7.162040101704456214e-03
1.515501410638365153e-03
1.015005323776332598e-03
8.774634806712615668e-04
9.205284517656566693e-04
6.124270109188312272e-03
2.989226123048790550e-03
1.622593406402785205e-03
1.792653433102873832e-03
2.316081304993311638e-03
1.325002753938473972e-03
1.774085363621785412e-05
1.015522660523098211e-06
2.893887705846952182e-06
1.547286877599459587e-05
1.461622117907269553e-05
8.189543211081307464e-05
7.762900216853836416e-04
4.475021109086560131e-03
5.467399711869599249e-03
1.949475763418220993e-03
1.714080539112989047e-03
4.665371163086009729e-03
5.251747617666764276e-03
1.405964052571417487e-03
6.174994040700313184e-04
8.317818013926988078e-04
6.386449629887985292e-03
1.126107532105601874e-03
7.393222848903009628e-06
1.562025663450316658e-06
5.220199814121694890e-06
1.666362573667335919e-05
7.046650693391600002e-05
1.490507793603752882e-03
7.582064060078383579e-03
3.388849617530023846e-03
4.072803764682237510e-03
3.756926874884798564e-03
2.713703682886131792e-03
4.120324616180450275e-03
1.408452067305666173e-03
1.785850050453625937e-03
9.873268533331157164e-04
5.176288646035924002e-04
2.294333645814151251e-03
1.169052423662266579e-03
4.746591534146615729e-05
7.666870583627337946e-06
8.107698063041997338e-06
1.596759157044576457e-05
9.358100613740733516e-06
3.373535176208820093e-04
3.355506666835662063e-03
2.610067035525670499e-04
2.999763770479666088e-04
1.136838720719381135e-03
3.330308136364152965e-04
1.102855612644219749e-04
4.759789616383647656e-05
7.222741122742647180e-04
7.937306848332006948e-03
6.223029660784273366e-03
5.092301820886162679e-04
7.940599876310758070e-05
3.520907554294719729e-05
1.265073024835562963e-05
9.022407059908291735e-06
1.519744766578251103e-05
7.096866180569061199e-07
2.045288023754690765e-05
4.866227154658178070e-04
7.139980123878301587e-05
6.113538920182676271e-05
1.189300522577226054e-04
6.334437436398553957e-05
8.850393904208651060e-05
1.462740534354580737e-04
3.232569558484538370e-03
5.963793998308413585e-03
3.671930656687201152e-04
9.972628717172811572e-06
2.707372581582375460e-06
6.117113130939616440e-06
8.179576596175062883e-06
8.432514213081767417e-06
1.459267304223688240e-05
6.748569170754091237e-06
5.608904856629238090e-04
1.400324977174720320e-02
4.769926427945265883e-03
1.061038132729689261e-03
4.308752749093875691e-04
3.115372850039371940e-04
7.700649026895198040e-04
8.738808802207834701e-04
3.249057639984538962e-03
2.451915549401012138e-04
2.720327951347291012e-06
8.597269668467168868e-07
2.196022869898391597e-06
6.188283522600517402e-06
8.431270044573648225e-06
8.946480784825150257e-06
1.505335690085031910e-05
2.776932154065975874e-04
4.765548746843936180e-03
7.505379084117178023e-03
8.099821766069607160e-03
5.388857549569744249e-03
4.516317137413625345e-03
5.853970568248576239e-04
7.485364598137353226e-05
3.512734077337558661e-05
7.853048824235870154e-05
2.186377676857372189e-05
2.741655698146695902e-06
4.166678567570069401e-06
1.181128542130008371e-05
1.664970271363602181e-05
1.555031992597418633e-05
1.513158326803529837e-05
2.306780202386997299e-05
