3.990396118519169499e-05
1.474490514679194621e-03
6.465410485456360434e-03
8.749237066798861567e-04
2.215837103033378719e-03
1.349562920728545386e-03
3.477947318912990150e-05
8.661887854755736572e-06
9.643333885291187539e-06
4.592397812827659999e-06
5.317340714588903034e-06
1.191644215223273540e-05
1.201536765074800669e-05
1.134498767460203182e-05
1.357616316701948392e-05
1.343557808037084358e-05
1.284405407067341578e-05
2.073512256293384896e-05
3.874032838982132578e-06
4.328243321435911020e-05
1.403118392090793067e-03
2.055965158899827634e-03
5.535939446344768792e-04
2.977148394015663850e-05
5.712141475435917577e-06
4.224484911346715110e-05
1.269177744640277304e-04
1.511489747519162952e-05
1.623502941944765488e-05
5.789872054893647595e-05
1.372190065712184995e-05
3.946758590480991874e-06
5.725579640924542093e-06
7.839144802390707220e-06
7.733715563677752547e-06
1.309967020906970229e-05
1.561101197424223505e-06
1.278688350102468730e-05
4.868074525851240710e-04
1.740426864243900616e-03
9.137552908640858909e-04
1.490053726173901094e-04
1.991570589010192795e-04
1.500362681187289394e-03
1.965637649691581463e-03
4.714718212158801824e-04
1.397025672669335904e-03
2.576968821029691943e-03
5.118464162361218822e-05
2.160837471458822716e-06
2.935161075674323579e-06
6.921440895013204537e-06
8.131499829265557644e-06
1.294334440876605444e-05
9.579906560599946278e-06
2.894818785820805845e-04
4.252223629600591567e-03
6.079617461249912230e-03
3.967399823676201823e-03
1.707242685851372314e-03
1.772087226933831633e-03
1.604733465956583328e-03
8.145899634452003586e-04
8.627554125721836539e-04
2.697983942426291672e-03
4.092630440562660017e-03
2.716663839927838564e-04
6.896922320307255754e-06
2.426034759489456431e-06
4.646047728503694481e-06
6.233078083989368252e-06
9.641893096196944805e-06
1.149084050815096141e-04
2.509219964172767700e-03
8.144148858908377073e-03
1.645699110721895314e-02
6.937260671406007828e-03
2.696019951092479099e-03
1.319714865654865758e-03
8.829964028812918456e-04
9.229049310675474949e-04
4.265244010717237494e-04
8.292374890310397868e-05
1.253793264222469866e-04
8.569952738015123228e-04
1.510349373284368228e-04
5.656315779882555090e-06
2.507966177566382112e-06
4.235820209764914901e-06
1.042741499828326125e-05
9.989015485086221585e-05
2.131512663296276314e-03
7.135979606920817182e-03
1.138360125819195753e-02
3.875607248272983866e-03
4.727785098064342210e-03
4.659628860330315529e-03
3.187375135763282664e-03
3.160296575891792092e-03
2.082744514540306718e-03
4.276812465584663115e-04
9.703586518259286770e-05
1.678454125334537033e-03
2.747867395489076141e-03
2.718045871789921708e-05
2.370192669962994899e-06
1.126069397919666146e-05
1.238483297293309945e-04
2.472239380436199542e-05
7.163408377195060574e-04
3.946953071349513543e-03
5.186544546391170553e-03
3.575856081004169171e-03
2.159694280995682215e-03
2.108113553367430438e-03
5.387128582490208553e-03
5.118660128275096845e-03
6.723054361092814513e-03
6.953885451221133301e-03
3.473210109765625313e-04
9.816181561229796355e-04
5.324615382287541457e-03
1.642048867118471654e-04
7.049540677044764077e-06
3.676302866635832269e-05
1.123401579219782164e-03
6.572384692149524940e-05
7.914850399161073953e-04
2.572589531275824241e-03
5.234197714847286728e-03
3.905662652170733065e-03
9.690809075757275551e-04
7.164382748116773347e-04
1.604903022261374356e-03
2.430827128559245268e-03
5.547528720674823992e-03
3.342317747153995822e-03
3.003514993663777008e-04
2.928674329610548525e-04
1.519294922654748419e-03
1.359983239469910420e-03
4.276443350614319964e-05
1.001261534843649879e-05
1.051152636860899027e-04
3.122392876029119754e-05
9.491744258187411647e-05
7.522847808422061973e-04
2.792338227236234715e-03
5.065801971801922772e-04
2.541769817260761382e-04
8.983008519613933486e-04
9.301038571872000680e-04
1.233068320223511477e-03
3.070117803647648674e-03
2.787098530218856673e-03
3.874308284276750496e-03
8.025781605061785241e-04
4.414620148891947992e-04
3.625030849221246281e-03
1.115126239627083098e-04
1.573804920656509751e-06
4.603488726547046939e-06
3.584354008742718688e-06
2.291315193824218217e-05
9.767915877782638520e-04
4.605005834344981681e-03
1.953105666609093348e-03
7.779694157250295877e-04
1.773108937702940488e-03
3.178542014253616863e-03
5.712056719442961880e-03
2.766436974000719209e-03
1.369090029600592267e-03
5.722035431142114513e-03
2.667863428124859484e-04
3.730500903658709423e-05
1.360004612459508183e-03
3.206070660632617288e-04
4.938430443216057369e-06
5.011948380936113691e-06
1.079186457160055428e-06
6.407540535213606542e-05
2.889250895613171190e-03
1.675153511746827611e-03
3.907058392857810231e-03
1.218314418132271718e-03
7.257886580694535277e-04
1.411022121563644625e-03
3.587090154785861022e-03
3.933154467523227067e-03
2.144892000737514456e-03
3.338462434983863539e-03
2.818909217620229105e-04
6.002623922957093112e-05
1.351266437630233106e-03
1.001756016003744901e-03
2.917214571230560566e-05
1.277183359514814125e-05
1.754949997569619192e-06
5.010147964210071980e-04
2.939109960764503190e-02
3.784349298566349381e-03
6.519449455630987877e-03
3.442548924951137519e-03
3.379926082213000407e-03
3.871312895835898535e-03
1.377738809163215911e-03
1.034173297485694925e-03
2.153667435303781037e-03
3.644212533043617898e-03
3.678911422049317790e-03
1.478719036403991667e-03
1.369101109481418894e-03
1.840843563947402116e-04
7.270617093607670292e-06
6.581636862131771967e-06
8.058599441198108514e-06
1.175622129290843304e-03
9.685547081463562191e-02
2.079021084904205882e-02
1.034536720035593091e-02
4.830069437139310196e-03
2.154588093101986439e-03
5.565439247542561252e-03
4.387759636681091285e-03
1.580967855263331907e-03
3.980940440898288017e-03
4.051450405250456299e-03
5.488428351860959696e-03
1.686526728198254558e-03
1.015742765022632733e-03
3.800588041330475969e-04
1.497377378107875900e-05
6.299092114631270308e-06
6.933276297944786542e-06
1.946646335096007267e-04
4.513016281229647458e-02
1.595319132385424055e-02
1.652813755467823654e-03
3.741476210527647488e-03
8.765128964837298883e-04
1.566224179954004781e-03
3.449822433427494374e-03
1.884004671652421718e-03
4.701720164530821637e-03
3.870456260921023052e-03
7.628661682126519888e-04
5.406158855889162866e-05
2.652182972517891086e-04
1.998424698439298965e-03
1.023082554725154132e-04
1.220425937161363756e-05
3.234877762330060100e-06
8.784554602835279512e-06
1.115137481728136100e-03
3.404658503958191661e-03
8.297936899054934130e-04
1.007042524293610139e-03
2.486083233018664953e-04
5.291865935222474747e-04
9.812677400831593295e-04
9.683243592177845404e-04
2.266660036362566806e-03
4.531433346821597992e-03
5.294605820038948826e-04
2.704157940581753856e-05
2.861707393641777712e-04
4.010958325960349981e-04
1.121854788601832100e-05
5.897781574953855621e-06
6.576865545348695865e-06
9.153950721836875550e-06
3.342774862112248306e-04
5.411669241692738767e-03
4.152035345264908778e-03
5.182286490335831974e-04
3.010907145684667947e-04
1.865133138455367986e-03
1.026436278922403765e-03
9.282108448715460473e-04
1.410451915511360581e-03
3.006448031060838903e-03
2.555086954601900814e-03
3.891555449525516954e-04
1.526915573579192822e-03
1.282792713833262621e-04
1.734122909183609887e-06
3.837821753552261614e-06
5.981872719580309146e-06
2.186992089552381504e-05
9.776540538218787043e-04
5.699564296704373589e-03
3.781880035657949300e-03
1.451868075478395274e-03
8.853808736861758797e-04
3.020151571359233362e-03
2.206502556570754704e-03
2.057147926743000538e-03
2.011993218909941938e-03
1.082178812644913430e-03
1.564057884054155176e-03
5.926947978440521647e-04
7.607765757353390779e-04
6.018066790846635062e-05
2.452190139929961196e-06
6.883985297412963286e-06
3.965333235022028291e-06
4.000545886059796326e-05
1.825856379555315396e-03
3.865000252569654373e-03
2.594293183774104561e-03
3.179823028067155829e-03
8.861907830797677212e-04
1.737848809533784362e-03
4.046743324017443300e-03
5.526705561058898805e-03
5.660557050263586784e-03
1.002203811119381852e-03
5.488140130357951072e-04
1.445483773450489864e-03
1.735983172765993105e-03
6.264652743204061121e-05
4.217953242181239324e-06
1.032610464108307817e-05
2.962503328179938992e-05
3.446650908789135738e-04
1.830479606256923877e-03
4.662774215490624215e-03
4.182015175640425679e-03
3.804142380983436579e-03
2.121294357494810795e-03
4.832108912727763050e-03
5.806187673750516295e-03
5.603455028058300716e-03
2.886869293433310009e-03
1.164162241483164030e-03
1.802343074572709423e-03
3.423950246791265632e-03
9.943778899495060806e-04
2.348346851527798770e-05
2.801998297409641320e-06
7.648542985845363537e-06
2.046460535356104391e-04
4.446512893160016119e-03
6.202597946201940382e-03
1.275005615078632706e-02
1.041705465849026430e-02
5.407399622266446937e-03
2.622718364426007611e-03
5.570002913773170958e-03
6.235250408229355175e-03
2.102995278835171830e-03
1.637579652802525370e-04
2.672031149099453654e-04
4.772475388573287243e-03
3.793928792918909148e-03
5.328233326554426656e-04
3.277228627261757405e-05
5.385121266031533523e-06
6.744741859889698312e-06
3.016036469567331119e-05
1.859651476940668308e-03
1.540523514464350527e-02
2.382482537021863439e-02
1.285278588904416493e-02
4.679124202858089485e-03
3.741112523886199609e-03
7.993505352953863760e-03
2.343817058640804227e-03
2.571932339273537947e-04
5.401678030229581948e-05
1.651492931758928649e-04
1.534564871007448005e-03
1.015695727410895893e-03
2.149838184218221730e-04
1.063840727015432752e-04
9.984489804149201530e-05
3.002414742854251774e-05
2.234363133748295987e-05
1.432869448515760582e-03
1.054922558251035654e-02
8.829307242105403214e-03
1.033838381439023887e-02
5.715309555361776546e-03
4.318758843744572272e-03
1.760189846722621382e-03
1.341503411818945122e-04
1.456532503257375788e-04
1.337987618699372884e-03
1.038011055451857874e-03
1.364502306356577715e-04
3.000026031176100856e-05
1.461396451854929367e-05
9.767236395226220399e-05
9.348359204247792169e-04
1.293230881399754157e-04
6.121736279417367029e-05
1.077830388593564118e-03
3.120720277108157172e-03
4.278277820086135753e-03
3.078367890246166538e-03
1.257826083236085642e-03
1.228616127562708526e-03
8.973800445253534873e-04
4.808968384469029691e-04
1.070001259547077302e-03
2.619577305746750070e-03
2.149448977094343028e-04
7.222590188257938134e-06
2.631371693420568836e-06
3.281066586588666235e-06
1.966290071446129422e-05
1.065709440380153809e-04
3.356470967414926584e-05
3.360370228411132051e-05
1.346392038709070637e-04
2.034327655082244092e-04
4.526750297354700391e-04
1.915205614403230614e-04
9.869448269421291550e-05
1.658672358713134370e-04
4.785657309332187596e-04
1.983107324874806756e-03
4.031040934349474909e-04
2.999850081066640506e-05
5.128538169888915311e-06
2.272591473159129902e-06
3.256406732744780538e-06
4.403778281867204582e-06
5.517513371737639083e-06
7.025151776600555328e-06
8.132181806299706626e-06
1.134804734304195600e-04
1.106221403742628420e-03
2.852771720374871339e-03
6.636568364795611928e-03
4.100453624889428828e-03
2.797943036789857403e-03
1.037276419492560433e-03
1.544073420371487539e-04
1.024392132375563012e-04
1.522551913482209578e-05
2.606419735664845749e-06
3.822662237189985223e-06
8.410389477949068893e-06
1.337881693464891230e-05
1.371241057241348508e-05
1.093659428304981670e-05
1.002442389728162477e-05
1.663206125269110013e-05
