6.232177537847800740e-06
5.041190562848297117e-06
5.706084095675763624e-06
3.195662550446272916e-06
3.213649174953276609e-06
5.715279048670727655e-06
7.131862466363432473e-06
7.847725922869022835e-06
8.671121603471982419e-06
8.866192294040794081e-06
8.741457755112340538e-06
8.586840227890594175e-06
8.464508902532470657e-06
8.414359903544593256e-06
8.365740105474348096e-06
8.171510944498321682e-06
8.478930727020795943e-06
1.195472214630060749e-05
4.796072649994622416e-06
3.791701466828578801e-05
1.609638318836353248e-04
1.003341322447028037e-05
2.157254331964681282e-06
3.717365715802861041e-06
2.623769380915557565e-06
2.297826238160539784e-06
3.605794911388438428e-06
4.675692887439671197e-06
5.232393022281209401e-06
5.615309795174943119e-06
5.709906677173527971e-06
5.688940133745328502e-06
5.600427574228536328e-06
5.390090964705826741e-06
5.594109837540857159e-06
8.478895535527237185e-06
3.781788782958148119e-06
1.639248733148516665e-04
5.115187841930458716e-03
2.636849081898067567e-04
3.743442197734235869e-05
5.804131022055320025e-05
6.669198537766887236e-06
1.741727203582306443e-06
2.746676753876863068e-06
2.657310460460955109e-06
2.933237842392785675e-06
4.145939880508954372e-06
4.938454754162365423e-06
5.419506633101838113e-06
5.508231907155742955e-06
5.245473827320464789e-06
5.386265793112772592e-06
8.176068966882925787e-06
1.344070394987814420e-06
2.517335662192064129e-05
5.992932039898645445e-03
4.943732022601387936e-03
9.578011908888939795e-04
2.781752955544163075e-03
2.159931626871851112e-04
3.838855544656870290e-05
4.276225999507540408e-05
6.248248177311838899e-06
3.286901341840111337e-06
4.544336920895810125e-06
4.165030811144131971e-06
4.887696682805350721e-06
5.671804168661636425e-06
5.481648678934305223e-06
5.562894947748167385e-06
8.369688415346333667e-06
3.645765311581621048e-06
7.152611009597440318e-05
1.379540521747817799e-02
1.145868148507358554e-02
1.456868176978097160e-03
6.893896927719324157e-03
1.368856430399220496e-03
1.324290395073970169e-03
2.863272392992311042e-03
1.153983377003041442e-04
5.040822797239722866e-05
2.743159542195069568e-05
4.793253467984338041e-06
3.958643284292308090e-06
5.504201683972772478e-06
5.563302641545512411e-06
5.592701072240515339e-06
8.391095413258072510e-06
3.892604719294290582e-05
1.402380606542221776e-03
1.235624377888667504e-02
4.242831757265628535e-03
4.381112185374994375e-03
6.445229603690508409e-03
8.938704244336548397e-04
1.741868157682312452e-03
3.506232414906088404e-03
5.927144320556662453e-04
9.071319890669860128e-04
1.284218792401161887e-04
4.617464224528649434e-06
3.198927958890811815e-06
5.356253494902449163e-06
5.603595113188596516e-06
5.583709890760942729e-06
8.371108962075292224e-06
3.486752759606396120e-05
1.351705805666635974e-03
5.351533306488188459e-03
2.482768659096761324e-03
7.213181819602038948e-03
4.853827040839643961e-03
1.560628275148609294e-03
2.869373815827658183e-03
2.350876277075467612e-03
1.515097773774056952e-03
1.380365349174214867e-03
4.464230295895816307e-05
2.111056307146202548e-06
2.742659090865439030e-06
5.426605871700667000e-06
5.637333328130859805e-06
5.572656637556367830e-06
8.365326237751667592e-06
4.470300849858971251e-06
1.776353714985382470e-04
4.374972780331284374e-03
2.203135229630963712e-03
3.082976927797200471e-03
2.896953994551525191e-03
8.739256918680053839e-04
1.632996066868880065e-03
2.021208703237848195e-03
2.252593663284836126e-03
1.986469974189763836e-03
4.969306313122637514e-05
2.431659795770081594e-06
3.109107883992137654e-06
5.680116838381564131e-06
5.663819648784482956e-06
5.554868375136442726e-06
8.355916605547033255e-06
2.153235907192157794e-06
8.184220776690885461e-05
6.140063898366268820e-03
6.156922000925329694e-03
6.430564283467235520e-03
3.116185589195470240e-03
4.184710068946184062e-04
5.943741603590808843e-04
1.140333998544951905e-03
1.248305445154452480e-03
1.747215752850011161e-03
7.453485223146923448e-05
2.959454832164614341e-06
3.126357292437085857e-06
5.760806927249341304e-06
5.766418414114425316e-06
5.572624868758693145e-06
8.339770073560041601e-06
1.930057731203720781e-06
5.976899899181983058e-05
5.979437291339692595e-03
9.818914807904692565e-03
5.517983698146609710e-03
2.528415646300858754e-03
1.567570077809181308e-03
3.031993712232499728e-03
8.641411251400766408e-03
4.907683498958957842e-03
1.023911971566164288e-03
2.330115606365378001e-05
1.158063468274697670e-06
1.804928641567410957e-06
4.984055853998358885e-06
5.887380942902684134e-06
5.675635423005936628e-06
8.342148608231520645e-06
5.064806014734269133e-07
2.626130676262415761e-05
4.939129954466001463e-03
1.278270130223270636e-02
9.962690950986846303e-03
2.805100074875934053e-03
2.829662865437442779e-03
1.638667142615418074e-03
1.040105516681127940e-03
1.082995526505696688e-03
1.812958177714290263e-03
2.331158346074671149e-04
3.827362307382324989e-06
1.222439984947118282e-06
3.310243238567875896e-06
5.558603622643104929e-06
5.800907331090109305e-06
8.387006045092113276e-06
3.031355663803959414e-07
2.124067845267015768e-04
6.334617931847419392e-02
2.496027870158982684e-02
1.841922318864284286e-02
3.865877254950067336e-03
4.226789182304179458e-03
1.223760841009987298e-03
8.477149955993165936e-04
7.237706317083977131e-04
2.025607151928856230e-03
4.209950851894839891e-03
5.611133168605075513e-05
1.695813519275947184e-06
2.183652420397442827e-06
4.761129367693999873e-06
5.782485329486369438e-06
8.442599343606980541e-06
6.974536208023881610e-07
5.093950490170040491e-04
1.261221375116758636e-01
5.658684238861860782e-02
4.254130130189220926e-02
1.587281550748920536e-02
1.291244697469023060e-02
1.788695449817329520e-03
6.719783195193496789e-03
6.773591453915153542e-03
1.690368503141849183e-03
3.721500801163275026e-03
3.572457776098050646e-04
9.643254588798619591e-06
3.388780343579637789e-06
4.559730002241591513e-06
5.642348292606936814e-06
8.454958505048048027e-06
1.426540896552282182e-05
2.590766363051919246e-03
9.592379773712353397e-02
2.423648780513221537e-02
9.997348382198159925e-03
1.123075968299503367e-02
9.685461005750888724e-03
6.990241914111839077e-04
1.277328295885477461e-03
3.933799965316218429e-03
2.210971704009314764e-03
2.569955841046635617e-03
8.544848925382394697e-04
4.950691513531421770e-05
6.877913397872891207e-06
4.884575530102315399e-06
5.557479767081003164e-06
8.440434116104953514e-06
9.733179147225786053e-06
1.774684128406311089e-04
4.878278579335447451e-03
7.309151623493007066e-03
5.850094604822277458e-03
5.250963987503114855e-03
4.507873958656409379e-03
2.578290861061564073e-03
4.484617142553470751e-04
1.784783376058994076e-04
2.253063549992082720e-03
6.483482804560980819e-03
3.108619991714645916e-04
1.265299373454437299e-05
4.316802552291283462e-06
4.730199869540941809e-06
5.593658489851966061e-06
8.435780359893447166e-06
2.447240565415944132e-06
3.363749387227303009e-05
3.067365070648209787e-03
8.348281727997239679e-03
6.013999817865828788e-03
1.892412468623621462e-03
3.874134753190915667e-04
2.573786309528997701e-03
9.884535833905383831e-04
1.208871793342368558e-04
3.701941478381565523e-03
3.256466905966076426e-03
1.691329766237326424e-05
1.433730802070677553e-06
2.618920908601938101e-06
4.924340220093649034e-06
5.717847812419930906e-06
8.413679917698344262e-06
2.372461866015872229e-06
5.219635239775218021e-05
3.518182784988167257e-03
5.035803482509125691e-03
6.132519098646874861e-03
1.877538947307742226e-03
1.226351891809576635e-04
5.600013480263138976e-04
1.398505678590458321e-03
7.774928862391266432e-04
1.250904864471866001e-03
6.239192457890767687e-05
1.391075812979727899e-06
1.163491591372727159e-06
3.757699741282374366e-06
5.700364677942105795e-06
5.784699166076202058e-06
8.366742879612382888e-06
6.519410560156313131e-06
1.667891910622475984e-04
2.498077782856001836e-03
2.351326516835021332e-03
2.752696619450207063e-03
6.261031218979782893e-04
2.617123238333012025e-04
5.589211730843908791e-04
1.588233394640489217e-03
6.482776397524358039e-03
2.861959291726217042e-04
1.691040354152020438e-06
5.506911447532367908e-07
2.038671156494325928e-06
4.949630375674946109e-06
5.810897076558871182e-06
5.755966540871164697e-06
8.370083592855571362e-06
2.778701721030643244e-05
1.336351724185978057e-03
7.217736414557422882e-03
2.632856048219982953e-03
8.363486256549766077e-04
1.981733221545704099e-04
9.130322460448708202e-04
7.245129593330771342e-04
5.353284420884149835e-04
4.398799191812835692e-03
9.973124258617949470e-05
1.083382418627232596e-06
1.603775092616151104e-06
3.868505265911915921e-06
4.203063623361728290e-06
4.903618628227470028e-06
5.655310674067944170e-06
8.450891772879645476e-06
2.867101216843492739e-05
1.491557653814665945e-03
7.508948044661003726e-03
2.038083449338807911e-03
2.720184452540384563e-04
1.081753985833589589e-04
1.629359238774308197e-03
3.624793243529694960e-03
2.906545552157542740e-03
2.624475700727882648e-03
6.098311395580421342e-05
1.437149475418343154e-05
7.467747005264463835e-05
2.539312103251180450e-05
4.306451727896926672e-06
3.937944100959726776e-06
5.469601239225642857e-06
8.536553400767474614e-06
4.390617462892944982e-05
1.586493537967291825e-03
5.370772113741663009e-03
2.528056549035480587e-03
1.020376680844079821e-03
4.594455332900523122e-04
9.031476699461789140e-04
2.492912948284907969e-03
2.559782375034728129e-03
2.111034124963968232e-04
1.204356573423337514e-05
7.656040038309032836e-05
1.069898315195729876e-03
9.882187825001513353e-05
4.979039743500579487e-06
3.608856505101203878e-06
5.389267747550992612e-06
8.584237401151267749e-06
5.875883815676544386e-05
1.025027330727875394e-03
8.289126141426828975e-04
1.501626902572645032e-04
3.229726249176283160e-04
8.624905723596494123e-04
5.413635837828881334e-04
7.206823922504319467e-04
2.006892486031261653e-04
5.969660324618911157e-06
1.513874414562016909e-06
1.497392049346540524e-05
9.763457591025682838e-05
2.100978633353740204e-05
3.892935098008938398e-06
3.942086788709236627e-06
5.513624509950118445e-06
8.538254316595724982e-06
1.379601515856532573e-05
2.753459189228813376e-04
7.237615517699945607e-04
3.905621070532981165e-05
1.411844943113191570e-05
3.989113026054242554e-05
4.387939394890022580e-05
7.394549009766373030e-05
2.270516046424034522e-05
2.216706352092148347e-06
1.452615615435409103e-06
3.385856787558853813e-06
5.347407217541672554e-06
3.965246387710364589e-06
3.593196285506072260e-06
4.630448847497885557e-06
5.514371507189828731e-06
8.269380189265352553e-06
3.498698390716027382e-06
2.123522031112161623e-05
1.423059572104099890e-04
2.684814396664938723e-05
4.361734370560992513e-06
3.976576178541154900e-06
4.097125486103986461e-06
6.172305156132224209e-06
5.448246916575448908e-06
3.468584488377224193e-06
3.797783346718005079e-06
4.238569475486957419e-06
4.006968779626797880e-06
4.162331101128487274e-06
4.934629555954404435e-06
5.439795963348597958e-06
5.717400435910724405e-06
8.490958621012346597e-06
5.329044338884588521e-06
4.638392162947687222e-06
8.623992932836533254e-06
7.613336254075288553e-06
5.585990679510412877e-06
5.818703111588240493e-06
5.723323695887219568e-06
6.274155822660113997e-06
7.081061091418542114e-06
7.827811378965188348e-06
8.708605227174494236e-06
8.683077262867488610e-06
8.280458595472195039e-06
8.353107230960252330e-06
8.569099645639381257e-06
8.357698305876520422e-06
8.518891348568944657e-06
1.191798714132756195e-05
