4.503587485494519563e-04
2.539208223196960310e-03
7.902156476446766178e-03
9.522147025689278732e-03
1.041923670302153694e-02
5.747225020233771159e-03
2.029141233599726570e-04
4.353222542781975821e-05
1.865440345902524507e-04
2.185421710180358152e-04
6.761518718508716878e-05
2.665850476932148252e-05
1.685819786464111129e-05
1.741269462784751941e-05
2.099761608852011407e-05
2.105078568215156771e-05
2.084943296173769650e-05
3.121164854092608462e-05
2.161952708335109288e-03
3.052277544529785787e-03
6.632106344304076161e-03
1.145825256940429145e-02
4.889257063889838884e-03
1.507757129137968959e-03
9.848613669710329496e-05
6.958250532035213003e-05
1.738605562062949406e-03
1.149774002898646709e-02
2.337585454309770890e-03
2.002397854222033818e-04
2.635468071376376037e-05
9.739576509043111556e-06
1.120479807528973245e-05
1.302438743091080999e-05
1.310092077029826567e-05
2.096569261150180207e-05
4.016071626423680578e-04
2.297171544076451188e-03
2.881841986007266723e-03
1.254767127773153768e-03
2.040867752745480559e-03
7.622004539527167666e-04
8.984038549736847695e-05
2.801696205105950349e-04
1.674184961851308238e-03
6.964358207684668428e-03
9.698565086190998052e-03
2.246971333698980292e-03
6.831440796096649199e-05
5.028936206471910517e-06
6.115028737564736622e-06
1.095980340459490400e-05
1.233316757013568009e-05
2.084623333641951191e-05
1.778819301640641940e-05
4.135015977253464156e-04
1.615586890414577809e-03
3.892504382879890742e-04
2.140953265714830907e-03
4.809009694058261758e-03
1.414461070338577948e-03
5.933791808677772207e-03
2.793209106575912214e-03
5.135435114505634184e-04
1.850461168805560101e-03
5.604813803346942944e-03
2.420631335988957975e-04
4.528856176938621153e-06
4.796747459435122158e-06
1.096986035871551772e-05
1.027281236849198734e-05
1.959157921800173680e-05
3.225517109191614088e-06
1.268889295235717561e-05
3.398869703696620831e-04
4.693817661450311492e-04
4.966465504475549428e-04
2.932422996387258358e-03
1.872135848641275123e-03
2.077267769485958721e-03
2.083860383547022146e-03
6.912886280142861630e-04
8.635866927011630941e-04
8.018607524316457083e-03
5.876168990498621680e-03
7.661120389305267164e-05
4.339115151557046749e-05
3.937376919277110651e-05
8.534820058024068998e-06
1.478672596093471818e-05
3.211510008155737984e-06
2.625266266871475681e-06
3.048958000017211868e-04
3.869337496649982461e-03
9.206983917691541862e-04
2.498697331717245063e-03
2.978678924805397421e-03
2.550793999557085957e-03
2.710633097018766771e-03
4.768183609513754195e-03
1.412178436564837060e-03
1.754353230761600312e-03
1.142341631803092845e-02
1.484129234761429527e-03
1.893841355473201713e-03
3.184719642956700819e-04
8.041454174073390322e-06
1.099201649105456730e-05
1.018176202281362190e-05
1.464196360281109721e-05
6.924162625430408616e-04
2.540372566640758997e-03
6.666399347112757310e-04
1.168499560463794659e-03
1.791951473450791336e-03
3.326453604710245034e-03
1.380058809474436245e-03
3.729261017951271320e-03
3.841454252753093417e-04
2.209794654212515194e-05
3.343187549847530531e-04
3.777432730942716782e-03
1.029174722284363630e-02
2.277868415513294945e-04
3.796823902919644741e-06
8.667648280521568626e-06
1.779038648848704147e-05
6.798577516172600685e-05
1.472128925473457483e-03
9.378476884226574295e-04
7.880126954491773752e-05
3.842706971191872921e-05
1.085826364300889661e-04
4.802907437573428477e-04
4.230791621173507727e-04
3.241912450392845420e-03
2.288947162585595917e-04
3.515021972325810262e-06
7.431224177671404932e-05
7.227653657152213404e-03
6.284885784759814895e-03
5.010145258541130725e-05
2.294355434957088275e-06
7.752216901958834815e-06
9.625747684691422600e-06
4.628401722644164023e-05
1.321764950814358465e-03
1.379448397198972196e-03
8.933145090589569945e-05
2.733312982686703443e-05
4.256164641567264807e-04
1.861207600457559248e-03
4.588281036202287088e-04
1.363944658296116800e-03
1.141594633627029189e-04
2.489246500158317170e-06
1.249586020057540697e-05
4.716170450941049581e-04
2.285436541831242264e-03
4.220901629927528861e-04
2.134276317975266032e-05
1.124981592582147321e-05
1.025110488780564907e-05
1.393126448716370169e-04
1.905057564576418750e-03
7.560168886519464965e-04
2.585127130006271480e-04
2.041369503600514227e-04
2.140085594935552549e-03
2.691101147190796440e-03
4.161902592949193961e-04
1.202924762704436464e-03
1.549567457517642545e-04
2.371587083018739892e-06
8.945915242109480911e-07
4.964050331892799799e-06
3.631562991876997382e-04
4.544635240015343532e-03
1.811123531266857804e-04
1.161017787073768757e-05
6.312294055721930242e-06
2.169654012496579644e-04
4.699920361348293094e-03
1.574374258981233289e-03
8.605490945552897626e-04
3.867323912453226350e-04
6.049654099118824922e-04
1.686228219861588256e-04
3.482610360671318980e-05
2.892658671142220891e-04
3.339940604266690947e-04
1.271282228791867724e-05
1.847481694800893555e-06
2.170929636853148288e-06
1.032872416604024119e-04
3.338054263229780876e-03
1.459425345489255294e-04
6.456871585669114219e-06
3.485950503033682135e-06
2.175533738516270330e-04
2.571943445257813751e-02
1.882278127493164019e-02
3.608776511080853157e-03
1.029187656893374098e-03
1.167378910319884742e-03
2.678610871394610004e-04
9.861286322540059471e-05
6.556871060508944783e-04
1.854631846856081819e-03
3.169533522338641727e-04
1.071395711628829727e-04
3.309738059053169042e-05
1.542521100032930004e-04
1.891401153104989860e-03
1.369322827385725545e-04
1.211415538878742168e-05
2.058357421158648170e-05
3.104696473997396126e-03
1.676432774588180463e-01
3.703552290729882068e-02
7.589684585317820441e-03
5.050534377051939770e-03
3.573093062924172225e-03
6.770792363971532904e-04
1.262807642944156154e-03
6.021537727643996689e-03
2.228136358620100982e-03
8.158420889578839189e-04
1.682283486212927254e-03
1.514773704261056827e-04
3.531334784575113712e-05
9.618015283546351379e-05
1.079360113905767054e-04
1.757670736344840755e-04
6.560785224141709663e-05
2.630551615003174758e-03
3.022801016293973422e-02
1.004874028273756124e-02
2.081682885474800751e-03
1.216613210957223547e-03
1.349471407797552761e-03
2.708014044871584329e-04
8.304154515455106555e-04
2.808680116401498714e-03
1.732219348276189746e-04
1.730719048824830005e-04
2.908102192969231822e-03
6.743090212478145950e-04
6.881441402536601568e-05
3.719700196824520433e-05
3.091870218429228624e-04
2.187794788570932361e-03
1.565830058866119867e-05
4.075709535035278592e-05
7.322492357817332511e-04
3.848561647616137275e-03
3.152987906846813461e-04
2.553925174132214162e-05
5.376307397715126169e-05
1.975452871561110167e-04
2.644671361521838421e-03
2.135762439689977386e-03
4.862047352879846014e-05
8.438765818596816073e-05
1.745394752025817208e-03
3.169418401266037560e-03
3.944537237053019271e-03
1.505617263997073010e-03
1.616014332542787830e-03
6.509820494033052678e-04
9.849758442226904810e-06
2.531819172455818302e-05
4.039596816597591420e-04
5.363499340612027169e-04
3.528434466814403807e-05
4.498829022246710685e-06
6.430903061546733198e-06
1.414550594042485220e-04
2.054820616797684279e-03
5.917614011070280186e-04
2.239176059710514856e-04
6.646341065959814921e-04
2.469243494807242360e-04
3.222821303351567452e-04
9.220770001114547351e-03
4.694508198929499623e-03
2.447373177407622747e-04
2.196280227183416175e-05
1.793401847273693882e-05
1.724684630584863063e-04
1.356588441939626539e-03
1.395273864886095564e-04
5.106403540217589195e-05
1.356938287760465329e-04
1.149133694712623437e-04
4.496906405931917587e-04
2.396772004847180359e-04
7.792215572929945470e-05
2.290488706420319622e-03
7.110457434268933029e-03
8.572014363539852335e-05
1.403880113907061934e-04
1.318469768523091237e-02
7.189570071397353036e-04
5.332933869389481997e-06
3.224903963395338554e-06
1.353752375377754201e-05
8.535597736137747024e-05
1.013641858081540739e-03
2.675633111087308584e-04
2.360453502985819377e-04
1.343314800315187785e-03
8.708008519012088887e-04
9.373539577599257662e-04
1.911096392162431584e-04
2.419899120323071697e-04
3.428214350613098191e-03
5.673313218106306810e-04
2.185792792369920044e-05
5.302787275349781382e-04
2.459670216517961111e-02
2.141274842366155864e-04
1.689876563285294158e-06
4.355199428532062341e-06
1.015828139191805894e-05
3.434606122041458794e-05
1.737212478070965542e-03
2.370431664287754678e-03
3.016892597216913152e-04
5.184383126548916402e-04
6.575415067890128668e-04
7.757492018110897060e-04
9.304814419719843310e-04
4.836128411913107224e-03
4.715860672656067669e-03
1.851985020412576038e-04
1.646048623946478793e-04
2.535669844561937256e-03
2.903454306443906899e-03
5.204177779538809225e-05
4.070013627268406512e-06
1.214004358574567852e-05
9.078498133593562879e-06
2.237280413937415668e-05
1.406731656889700444e-03
4.773803137734348306e-03
8.572711400896287524e-04
1.966483642678554244e-03
4.796157445158582416e-03
4.907061179197013887e-03
1.842727216471555908e-03
5.825481877152684663e-04
1.699680055681389908e-04
2.161089740911803958e-04
4.979948491470698874e-03
2.842918252855548833e-03
6.799711229961733850e-05
8.183510138262883253e-06
7.568352020616279414e-06
2.057441120302591411e-05
1.113724027574972787e-05
5.572716141561052288e-05
1.606556840871837307e-03
3.315650221117470101e-03
2.495850651006528177e-03
2.986584091132621441e-03
3.441212545413685053e-03
3.868593612129245761e-03
2.499421603792367601e-04
2.621985654122951554e-05
3.855710385995500956e-05
4.625244480206257172e-04
8.164860579329245513e-03
3.868344180067639850e-04
5.015477093982785547e-06
3.732113604089765193e-06
1.008082369072872221e-05
2.272858501784031992e-05
1.105181142732072210e-05
1.675762774200328378e-04
3.475286746652301792e-03
2.737141452969299015e-03
2.805695652679259574e-03
2.264244801318991956e-03
3.735249461598056167e-03
3.303460473083208709e-03
2.601952216263144261e-04
5.945273797982423029e-04
4.628699227553157748e-03
8.852423348297279795e-03
5.051742372969195150e-03
8.618520887995717009e-05
3.943561442486254007e-06
5.653208563039584574e-06
1.250336572021842075e-05
2.220121438938103410e-05
8.399805258006746449e-06
1.748733295748685127e-04
4.129243612646339365e-03
3.728895558530928838e-03
2.249364209278828432e-03
7.977034054807857506e-04
1.419973749474915661e-03
1.441734402781940684e-03
1.036188728418999767e-03
6.737926814318322827e-03
6.643945716092190812e-03
2.178356392478532095e-03
3.758506005633550700e-04
1.985650230895831430e-05
5.987587069072764007e-06
9.440006442105796646e-06
1.317536473788315930e-05
2.072780291016620285e-05
1.338159287325484998e-05
1.981653355997590939e-04
3.543797364763455558e-03
8.286070278482198653e-03
5.104238364551935171e-03
5.256214774105169227e-04
4.510035961379241860e-04
2.328711869576067638e-03
4.734105888696069596e-03
6.736071708442544371e-04
3.236988175890399166e-05
2.270279910163066150e-05
1.952648671947455777e-05
7.892608206517913162e-06
8.410337596759166173e-06
1.212211540511748287e-05
1.330180854467762374e-05
2.073791801462551056e-05
1.147321395504250337e-04
2.578613885593788405e-03
1.917990321347799038e-02
1.981336689437931953e-02
1.693828735056367857e-02
5.260332573067929424e-03
2.644925432031369674e-03
5.798473551926834266e-03
2.840760665185127366e-03
5.378861050139604653e-05
3.368758981125075857e-06
7.045258901322130025e-06
1.603691523689279087e-05
1.642201658950780938e-05
1.937690098857973954e-05
2.116450605034605965e-05
2.113509237029609768e-05
3.116495250554072441e-05
