2.462450328914400985e-05
1.635977537274856502e-05
1.402604890781288281e-05
1.395565546152015972e-05
1.443255435550514273e-05
1.606889889782950204e-05
1.806581510925057391e-05
1.849219320786925081e-05
1.796325946446268915e-05
1.765500056390204009e-05
1.770514074845446379e-05
1.784246721274627406e-05
1.792534786875375655e-05
1.794528064696506386e-05
1.776928295540561228e-05
1.730598937077677682e-05
1.793096647703825135e-05
2.401531468211517696e-05
1.565304391968108444e-05
8.544441339331767577e-06
1.059018586471678747e-05
1.630024794874082697e-05
1.144465342578541788e-05
7.564111086542434721e-06
9.042946925044517646e-06
1.194329087165804559e-05
1.307375521401554606e-05
1.303935365476155785e-05
1.263694934121435802e-05
1.202513119338912549e-05
1.172422486169340975e-05
1.208856841114095014e-05
1.251746264625871968e-05
1.227923854077451903e-05
1.264600560091755576e-05
1.793043686029136978e-05
1.045710887958794243e-05
7.739623979695124613e-06
4.043713052689871666e-05
1.919947540225304134e-04
4.671106818927187005e-05
4.783527417004141839e-06
3.382250218889692324e-06
6.721620556552328768e-06
1.065551815644429937e-05
1.216044837823960743e-05
1.091177086851348669e-05
8.847481718397130930e-06
7.900598122048238495e-06
8.529822075376075621e-06
1.035089879134452793e-05
1.158006345517003380e-05
1.227574127208905350e-05
1.730393284062206624e-05
7.970862514000860970e-06
1.815749509784357759e-05
3.805275752905804432e-04
2.561230699747396589e-03
3.732690656119619561e-04
1.408410151276642500e-05
4.517815362851975175e-06
5.418490966042169038e-06
6.290684558305329824e-06
7.230302252246236033e-06
7.824583070239913833e-06
1.001190619757987383e-05
1.180505586141341024e-05
8.635581907432520932e-06
7.934853883191927225e-06
1.035212458851096098e-05
1.251563379999355479e-05
1.776227474919443467e-05
1.233657739848342302e-05
1.123522424447307794e-04
3.353890405250079584e-03
9.468514477213675617e-03
2.625739059804962396e-03
6.991885950652852429e-04
2.524528692500742247e-04
3.801081770754334994e-05
4.504697508861311491e-06
2.263098924230159495e-06
4.995570948026990853e-06
5.292652485135060744e-05
2.558240216271493264e-04
4.902825414095922542e-05
8.555410209817753924e-06
8.515143534195748212e-06
1.210238017505067304e-05
1.794179809834245583e-05
5.757693645018553577e-05
5.719083649901462747e-04
6.366466872183928691e-03
1.055027137326354676e-02
4.697497297058496855e-03
7.035383718695884143e-03
6.141809686100658736e-03
5.216001736101878511e-04
1.566532118809664726e-05
4.402856819603385589e-06
7.149598391203246301e-06
1.607006281869553647e-04
2.790370943441618581e-03
2.556381164482301625e-04
1.143647435435599316e-05
7.799928565818281076e-06
1.173887455114326892e-05
1.794210695105814292e-05
1.490118002277540155e-04
2.099624917693719214e-03
7.704119416185472961e-03
2.337739953006033166e-03
7.883364425442116125e-04
2.916951847138850914e-03
7.071406905260153863e-03
2.044955887186594799e-03
3.505672294104957335e-04
5.890591098734410331e-04
1.062054258379626742e-04
3.400578636922187240e-05
1.613226412982534991e-04
6.023967914765467611e-05
9.852299046755520168e-06
8.593561968858914573e-06
1.199449143364219057e-05
1.789173055077481430e-05
2.164077901745412738e-05
1.169017655179676414e-03
1.130286041422513474e-02
9.224342913160524151e-04
5.020568745100569994e-04
3.386278659456475482e-03
6.144016071741936584e-03
3.065127553759193837e-03
2.769962456775360536e-03
1.095327697910475524e-02
1.188224298481900098e-03
1.727737077612235034e-05
5.848516853182145153e-06
7.850576203270966715e-06
8.680081131371596286e-06
1.053927322839687974e-05
1.246347786027038046e-05
1.776463770162385882e-05
2.819436406622851052e-06
8.754019882727557210e-05
1.754123261523127383e-03
1.109631925490278410e-03
2.295132070864233393e-03
7.924489077482858943e-04
1.625997710346882509e-04
1.189467204638300704e-03
9.287024881694999623e-03
4.373025917645176862e-03
2.596928334316771399e-03
1.384253659252210767e-04
5.287106036806009488e-06
4.907413247818578676e-06
1.011780173919019573e-05
1.220959089732131546e-05
1.258662978280091936e-05
1.759694865488461635e-05
4.837595353135101376e-06
1.083750605644111031e-04
1.903330752821344061e-03
3.574171782948865148e-03
7.589600450802394711e-03
4.489406900808616974e-04
5.755977255166122943e-05
7.371177255911244260e-04
9.079509062864280985e-03
3.333709654592109054e-03
6.466628823856542321e-03
4.848806011090143770e-04
6.093863031239649812e-06
4.599028329950565032e-06
1.109970544398230427e-05
1.271948675497481375e-05
1.248193351523112438e-05
1.749709645669337990e-05
7.435139455298263859e-06
2.631888673646665014e-04
4.506368327322997878e-03
1.685006071257263722e-03
1.572074428182672172e-03
1.516534271820732527e-03
1.342781948593294548e-03
1.051676109830931545e-03
1.353655705129086246e-03
1.786290750723566268e-03
3.556273982873473568e-03
1.105323627302529977e-04
2.316697516913917291e-06
3.597891998813159974e-06
1.095076299662138619e-05
1.274192112954450901e-05
1.244485782235701142e-05
1.748750360114720385e-05
3.827009767081892327e-06
2.312508278570956570e-04
2.091707600546616197e-02
4.076672943673476102e-03
1.134718136821757321e-03
4.102586807286415747e-03
4.393231078306328481e-03
3.707545458508643837e-03
6.185927933020317175e-03
9.447526190950124997e-03
8.158624091190945157e-03
1.063522032852995511e-04
2.146051986654026519e-06
3.251189665600292660e-06
1.004357576934245325e-05
1.246905853871815426e-05
1.246999007399677644e-05
1.752363074385008868e-05
2.416627918749694170e-06
2.201960293954251713e-04
9.377792173053579872e-02
2.943541354475508187e-02
7.311826168106869139e-03
2.130108215921306183e-02
8.088344153630301972e-03
1.597804218536282711e-02
3.015472060484819528e-02
3.487910211132917021e-02
3.164224959432104800e-02
9.413056443375763778e-04
1.846515231948457419e-05
6.765859256988209938e-06
9.956163425533823304e-06
1.195391762967084789e-05
1.244671689547683272e-05
1.756506879019676008e-05
3.986921235077524640e-06
3.206659098921059762e-04
6.612520514404179872e-02
2.053517916137782492e-02
9.177331878803148685e-03
1.516845451639434877e-02
8.666353719150253140e-03
2.453826773981663753e-02
1.310836725081895512e-02
2.940640070659911176e-02
3.025884654236758731e-02
2.348492286396058112e-03
1.290851481890633982e-04
1.754889015082214106e-05
1.101423844339938551e-05
1.164127494488938501e-05
1.239279557414025722e-05
1.758375853926595961e-05
7.045364393567190446e-06
1.459210175268761103e-04
5.739794433547605254e-03
6.468493116120131378e-03
1.038818016845543049e-02
6.447109535697295030e-03
5.151136290835537680e-03
7.210288996796654359e-03
8.527938510046443763e-04
6.284462915889996865e-03
9.753125969569306428e-03
3.813778951534977312e-04
3.915911162010564389e-05
1.321757678498067521e-05
1.105508400216475514e-05
1.178114949116655443e-05
1.240841758882564910e-05
1.757576660651409195e-05
8.895809411102631556e-06
6.437258629292500227e-05
1.367979014315838949e-03
2.609539083854930941e-03
2.946395546772532723e-03
2.026338867629352402e-03
3.071236173666995906e-03
5.962686558747882191e-03
2.066122394930004161e-03
1.171257122180724419e-02
5.539230180352946141e-03
6.302717979491447584e-05
6.182884466191187937e-06
6.562134760189408551e-06
1.061755413792557383e-05
1.221804937466783414e-05
1.251412451864438240e-05
1.756287714487581524e-05
6.676553110037660890e-06
5.475605290007559152e-05
2.303258541902172742e-03
4.404906196612518900e-03
2.359718708549092461e-03
1.007001116749485286e-03
5.322916688311585915e-04
1.920076750712340326e-03
4.820835663861468279e-03
1.087584197123155072e-02
1.909155723779270512e-03
6.046407962825437116e-05
8.084336617043598472e-06
5.937864740373071356e-06
9.605116954386090362e-06
1.219736194107525740e-05
1.263518513231811807e-05
1.758129183466374131e-05
6.583903119622568964e-06
1.823195160875228018e-04
5.857677617048898458e-03
2.035387986483935818e-03
1.890307244620908307e-03
1.947840476864224051e-03
9.199694788030975123e-04
1.821651566330551768e-03
2.225186262539708814e-03
5.739525848335864759e-03
1.225575960851894375e-03
2.929179829554128802e-04
6.433656943799353231e-05
8.737680723139885648e-06
7.676554174047972036e-06
1.139294047630743790e-05
1.269185104170160432e-05
1.762941762151849301e-05
5.840761050727089696e-06
2.794280671791488763e-04
7.142885095781907438e-03
8.686380256809913235e-04
6.123685639861865988e-04
1.591748395477306753e-03
3.942289548941449451e-03
6.499636216427597674e-03
1.935251694959971109e-03
5.098881471808292508e-03
1.878497099760652886e-03
1.822405262771935536e-03
4.096559446951804611e-04
1.316678915205536579e-05
6.706182062925229120e-06
1.080260177866658530e-05
1.269227035358815251e-05
1.765658853359738383e-05
1.728145455738633920e-05
5.217783232248138616e-04
7.684588633738655312e-03
2.270372825517737170e-03
7.408113202117086763e-04
5.026068089668134101e-04
1.888964754959749585e-03
2.840000476167160899e-03
2.503600669435370124e-04
1.564983355543975326e-04
1.023616330430728955e-04
2.064570432509145741e-04
9.553057491726353752e-05
9.857873759468545048e-06
7.407266537083513484e-06
1.117729263968874514e-05
1.267866350257636378e-05
1.764050216534224116e-05
8.893717691599439270e-05
2.861205091147613674e-03
7.989603283174840850e-03
1.474255723238646759e-03
2.098230040342965487e-03
4.789933444136008044e-03
5.486193043242404768e-03
5.825849091352598361e-04
1.535744740989139465e-05
5.100056584546829799e-06
5.473855552604648467e-06
1.012300360430178285e-05
1.127402882360065057e-05
7.873558178135798020e-06
9.692503861388631720e-06
1.194763018705199437e-05
1.260936810486876130e-05
1.761522358180573863e-05
2.464996296559563750e-05
7.549562158551299806e-04
2.525012673248447533e-03
2.303994409717022968e-04
4.665613509101852892e-04
3.145350827122996278e-03
8.032824640548716756e-04
2.665218284904634743e-05
3.404463084819064446e-06
3.839975510916963957e-06
5.942459112533900302e-06
7.627337791105133927e-06
8.992934064596726047e-06
1.025805037240617438e-05
1.186124969174794532e-05
1.213180102212782843e-05
1.240357858430543029e-05
1.752351754152139623e-05
5.207335395493314383e-06
4.492988212704990969e-05
1.487570760206011493e-04
2.353469371882227040e-05
2.046448958507096286e-05
5.177896456485055649e-05
1.369789938961797319e-05
3.045072454339783135e-06
3.794441309550227804e-06
8.298272664185776104e-06
1.135945994327473630e-05
1.159639140158578097e-05
1.166488867085648720e-05
1.199117253154838867e-05
1.208882018809558021e-05
1.165616806198003784e-05
1.201586108472793279e-05
1.722486793307266830e-05
2.514784940339492888e-05
1.284400820891132408e-04
5.510797509450206309e-05
6.920625423843609947e-06
5.730839870009500575e-06
9.331788491469324045e-06
6.314885131370542870e-06
5.402595847509989670e-06
8.826805119315697188e-06
1.265881421969003947e-05
1.327371510178188352e-05
1.280453300441859251e-05
1.257962384132793664e-05
1.251764164768681518e-05
1.237267834834252567e-05
1.201245718061992295e-05
1.254286239416952726e-05
1.795157383913142973e-05
3.176967173483776549e-04
2.983217939427585015e-03
2.824015047309902339e-04
1.365068412742346833e-05
9.762529466570192164e-06
1.517651416133003315e-05
1.601226566603935035e-05
1.646770284810683633e-05
1.818927841682459686e-05
1.849429012131555128e-05
1.787573545316207253e-05
1.756448199377051489e-05
1.755407691010121078e-05
1.759652386128490297e-05
1.753032996025451979e-05
1.722882157243904938e-05
1.795303400282137398e-05
2.406095228315360468e-05
