2.002778427688695908e-04
7.188263825920642065e-03
1.547930366911772632e-02
1.108813269342704549e-02
4.064372530524936605e-03
1.043520433618706951e-03
8.081954221374763924e-04
3.160172266907793764e-03
4.291468269428124990e-04
5.966406000637140974e-05
1.685040269481526105e-05
8.449796072248848239e-06
1.083776444640023727e-05
1.046516615439985717e-05
1.116277412215365180e-05
1.363676963020087956e-05
1.621599245795943877e-05
2.592036361198528764e-05
1.255912098883005441e-04
5.322057498304522474e-03
1.897793206521335499e-02
4.924210873382795818e-03
4.976307186973910873e-04
1.826037878536340708e-04
2.387182080228053484e-04
2.808453069225974597e-03
4.465020009169914060e-03
2.865203939731785637e-03
3.566733271124198929e-04
4.440437279112502005e-05
1.848859675681227324e-05
1.192237881385346160e-05
8.192620904497557893e-06
6.182874346714571848e-06
8.028012428890653264e-06
1.658660897326126306e-05
1.122983880797524101e-05
5.928376772676100388e-05
1.337090349768397060e-04
5.659594025745262933e-05
1.975591047961544036e-04
1.207201697280859982e-03
3.289378424754898817e-04
6.505945475258729464e-04
1.863453314127541628e-03
7.291606709416737983e-03
1.206379151860223313e-02
1.087992044288951278e-03
1.268521302131035353e-04
1.941739250804529540e-04
6.714230601694613310e-05
8.167755770029690442e-06
6.548504941969615653e-06
1.638319385572974975e-05
2.366456025919716166e-06
1.523114040832524773e-05
9.688221038724650880e-05
6.802935441873434624e-05
5.325199008727481056e-04
2.919491582892218186e-03
7.550384491634855701e-04
4.362201656426761918e-04
1.782015773584996971e-04
4.294749744959686219e-04
1.385505621559741940e-02
8.201047006662815636e-03
6.623183016995057206e-04
6.513551288674076850e-04
1.183932238786948962e-04
7.805264532160340930e-06
4.932498536926565509e-06
1.406334327194651659e-05
1.565658102995553348e-05
5.310791481679699201e-04
4.690872989244812379e-03
2.213537812522022117e-03
1.015061837371397744e-03
7.966535241024643669e-04
1.811618534703870456e-03
8.807080165321276750e-04
1.857514809009824786e-04
3.671347145690346387e-05
5.271966753486871963e-04
1.458427083572582869e-02
8.938513352044652471e-03
1.256009695697567902e-03
1.088641132926996234e-04
1.596922915560970566e-05
5.883302888200011962e-06
8.381750072883622328e-06
1.035064850002278939e-04
1.227841294189056061e-03
2.345549122112212861e-03
2.593402692976328958e-03
1.072529705527484976e-03
1.630959037344178065e-03
6.811247456960585131e-03
2.910751644393272299e-03
4.235093074711137121e-03
1.623561507399405243e-04
1.986752309332264713e-04
3.860098024229044293e-03
1.096259982408450892e-02
1.072858158470079044e-02
1.250354193890149557e-03
2.115810113807001399e-04
3.126351841080521858e-05
7.707048494928471789e-06
2.726625206613208602e-05
6.679156475376915895e-05
1.694955406060841253e-04
8.130727899272300425e-04
7.819484965147631981e-04
2.616672542075667782e-03
1.413083615799214663e-03
6.632789889950438476e-04
1.088358232379417825e-02
1.287915282302785035e-03
2.484986173917436668e-03
2.239430928603419139e-03
1.118853004332866913e-03
1.259297893297564759e-02
3.515769026367120045e-03
7.947523824642553853e-04
3.382260390185834052e-04
3.254756995365720571e-05
4.023491401155516409e-05
2.424927822803773256e-04
2.961870256612426098e-04
1.324099657339684606e-04
4.719995911359655408e-05
3.956659565309421410e-04
5.928739893894261273e-04
4.380506686007581952e-04
5.948454444947324365e-03
2.820715026898186917e-03
7.172308668242534727e-03
3.794927629517851932e-03
8.506771879929913866e-04
1.149720228821388482e-02
7.987098582845252731e-03
1.408401011547662229e-03
1.180935643158183756e-03
1.392075463820850539e-04
1.856475902721627927e-04
2.974067481611509731e-03
1.473199334932285805e-03
1.374482869135318082e-04
1.018367623990195149e-05
2.280497687828485502e-05
3.077294129675650050e-04
4.527337672659764245e-04
8.773826207547895948e-04
1.208349275788899368e-03
1.994709713900962109e-03
3.991797151059239823e-03
1.073220860057197499e-03
3.667678613911807845e-03
8.409808575611417425e-03
8.942452238996951176e-04
1.641727476213838000e-04
3.928184846870207489e-05
2.415281205699314012e-05
1.878033313554629291e-04
1.012755996161335010e-03
1.422570929761682963e-03
4.584387591040645641e-05
6.158539667717810863e-06
1.531728704658641600e-04
6.930257717905215741e-04
4.227160847890094279e-04
1.038899606024412973e-03
1.616987459163336111e-03
5.801283105586238498e-03
1.627701365971231029e-03
1.527740449487076553e-03
8.872783511172693122e-03
9.367807509938880749e-04
2.306919080819330037e-05
7.328770557217282435e-06
1.432586604954938251e-05
1.693408786860890335e-04
2.859742091463938606e-03
3.730299753137880040e-03
5.932743953165133959e-05
2.343151918311561307e-06
1.758013449594830497e-05
1.490780563841379708e-04
4.344975785266914480e-04
2.014410010120145506e-03
9.405928116056951624e-04
8.272767484642941762e-04
6.613654370324475789e-04
5.911418469136476075e-04
5.450149381419897021e-03
3.028461411245850395e-03
6.040478515410398420e-05
1.110860781238699220e-05
9.114237254142642120e-05
3.415725623056418189e-03
1.587622220851600194e-02
3.757060536445860823e-03
2.594476149452284715e-04
3.012624362121915476e-05
5.462447118942844175e-05
4.444143617121208852e-04
1.581341411308651848e-03
1.323298636067291815e-03
7.061270130598135087e-04
2.064747001965718410e-03
4.495165322776651512e-03
1.295373414322147174e-03
4.650046610125994559e-03
1.990062750186620197e-03
3.339764798166961564e-05
1.042542896070684071e-05
5.754064760422860616e-05
3.778930591937862665e-03
5.201805613173393628e-02
1.541664761363091725e-02
4.633545501766016088e-03
2.564388325025316467e-03
1.327909137508439478e-03
3.254303948483420333e-03
3.375375813359502916e-03
1.301622476575720836e-03
2.968083571784445578e-03
1.278078660183334762e-02
8.093033939486474204e-03
1.111593787578601424e-03
1.723467935233850140e-02
4.145018743489857667e-03
1.435373871217593735e-05
6.240027487568690981e-06
5.415104003810063617e-06
1.673409937249139136e-04
2.270953882120905348e-02
1.128924869474700297e-02
8.812450702962545046e-04
7.222801697668958026e-04
5.339590420001626538e-04
1.158578659516810473e-03
1.519973720711449055e-03
3.555593587100053590e-03
6.941826011105921637e-03
7.269673027959673572e-03
4.058836711581034241e-03
4.428447697256172465e-04
1.346504480778723707e-02
7.460561077427940897e-03
2.498341062051774925e-05
8.602917626067625021e-06
2.918983060771127240e-06
4.371074973617760056e-05
5.852261364764073208e-03
4.667080913042846724e-03
5.953784615784536586e-04
3.360656159363359808e-04
4.759378129937017182e-04
1.835436130727506479e-03
8.766570342324048670e-04
1.723959814802437929e-03
3.767896856394988957e-03
5.591956455676782255e-03
3.322461718058685506e-03
8.324182054449307325e-04
1.060085875982427761e-02
1.976780495931976071e-03
1.575195580791026185e-05
1.020298508532121647e-05
7.113364628808070660e-06
1.023850201544864000e-04
1.357108124729268462e-03
9.157775617545441376e-04
3.132992928841485739e-03
1.050143965403665123e-03
1.281831163339190087e-04
3.575506899091851097e-04
6.227889232555221515e-04
1.182505074697044051e-03
2.737960817239808164e-03
3.007159219060683356e-03
6.741070428785731579e-04
1.516246717619183218e-03
9.395920105677621481e-03
1.853721251430480508e-04
3.744589136995759742e-06
8.451986138369282689e-06
1.032616857636713358e-05
1.613669590641435855e-04
1.578251465194893590e-03
8.801835296289125437e-04
3.004485525160175211e-03
1.361242610577036334e-03
1.251965631006866561e-04
1.762099376588023613e-04
8.464790707284992541e-04
2.360045125846213510e-03
3.362885159310729458e-03
1.748606805142275756e-03
5.438167132896528462e-04
1.373788574986594714e-03
1.942586629558918721e-03
3.736708324794103494e-05
2.617963325357455966e-06
9.467913049847584178e-06
8.109753947686744422e-06
5.208313923553148649e-05
1.773249212075869415e-03
2.818720764326559328e-03
2.370685992859701118e-03
5.045899749186039118e-03
2.491421740053025111e-03
5.019870043282753311e-04
3.143771490271237193e-04
2.028991693634379055e-03
5.574655638965292544e-03
2.553048800726296936e-03
2.550695434611472637e-03
2.972544556575603455e-03
1.629148787468163778e-03
6.713888907083539190e-05
5.546271633076103859e-06
1.207426015006615860e-05
5.791616556041995976e-06
7.205066855815664349e-06
1.826947939693116386e-04
6.454364309975960026e-04
2.980643049184237463e-04
1.181680766592863464e-03
2.462058462321898688e-03
5.153103714008591208e-04
4.389420610181431746e-04
7.366172971528990761e-03
8.783802113540673667e-03
2.240310210493287428e-03
3.827942221363473535e-03
7.226678068561041661e-03
3.467568038175878123e-03
1.130026365545869546e-04
7.945413662503701685e-06
1.294697063093476551e-05
8.082900457075983521e-06
1.518386754485779578e-05
2.617937227204123439e-04
6.080128865528290931e-04
2.484795752567245429e-04
5.156790915284909568e-04
1.528357596629581830e-03
8.567449908507449811e-04
1.956177148035617968e-03
8.991524721298415831e-03
9.948113167357040300e-04
8.601512862794892349e-04
4.583614746265556039e-03
1.652004966558601705e-03
1.648116570783969060e-04
1.564367198754608210e-05
6.015644119789095158e-06
1.403613608399740574e-05
9.294680392472727551e-06
8.870846293483231905e-05
1.333084554742919575e-03
1.449939001833143145e-03
3.215653249101904643e-03
2.170140785495114789e-03
1.014731198049814449e-03
2.098181253396329271e-03
1.710301191304815097e-03
1.237479199959180170e-03
4.010438700947778186e-04
2.287147214202509687e-03
1.796588939330530724e-02
3.471711653248565205e-04
4.407769527965628214e-06
2.490566708529321334e-06
5.933474150333396044e-06
1.642343560758761752e-05
5.452640023654988686e-06
1.085941270399168459e-04
1.792775590162210692e-03
1.371088828300637188e-03
7.407599504030386826e-03
2.904270228617708560e-03
5.132759059407313897e-04
3.774412566991396101e-03
9.749171825333864672e-04
7.896523049551166682e-04
6.562316067944586918e-03
1.173896448783922491e-02
5.485856625219953826e-03
7.688065252612270352e-05
2.408286802951890194e-06
3.212670773788556260e-06
8.460838464730517780e-06
1.767877646138615649e-05
1.583409729414027826e-05
3.209015410868629333e-04
1.551338596171238223e-03
4.054573930250844464e-04
5.929043763742676901e-04
1.339192755123949923e-04
4.673899288450949888e-05
1.234755526483890913e-03
1.239572507969361002e-03
1.430911849276463596e-03
7.738422726758321935e-03
1.701830868124966541e-03
1.191580117213037778e-04
1.118214249891052469e-05
4.233296371969869083e-06
6.734306891745797853e-06
9.874357999253438676e-06
1.647256861322912751e-05
8.457412804228175410e-05
3.197462451745328518e-03
1.165637579163941034e-02
1.950269066040499159e-03
9.248634445126461450e-04
2.488651781877679499e-04
2.203034150991414015e-04
2.629232773528765357e-03
5.596471426702142151e-04
6.355621005103087595e-05
6.931513045295572563e-05
3.377625249219591672e-05
1.019187915899530499e-05
6.029325023344342455e-06
7.252583816315609111e-06
9.352408580527929184e-06
9.841910105735704310e-06
1.602306944566749412e-05
4.357495531332199911e-05
2.204408018592745114e-03
3.918038709901860289e-02
5.454968673164677789e-03
8.177412791072911826e-04
1.259544112091657165e-03
2.174452869755931668e-03
1.910812414056279728e-03
6.057364036903743033e-05
3.528194605911468192e-06
4.881799310289848571e-06
1.016811660601769663e-05
1.254274410946409869e-05
1.414533059088317597e-05
1.646585463665801877e-05
1.653435478031299171e-05
1.616715391812962135e-05
2.510455261356122296e-05
