1.845048408674090402e-03
1.155842318719573110e-03
5.957327589184595318e-03
5.616002745702688113e-03
4.606358663996105128e-03
3.829079449303092117e-03
8.709874580063426373e-04
2.042647546159516783e-03
4.357103220067793173e-03
4.918306169286935274e-04
8.727454508639288398e-05
8.425944751860998635e-05
2.869519747447598601e-05
1.052252797513397689e-05
1.520486932151391425e-05
2.192907268617396368e-05
2.265569880749566017e-05
3.437620684521564929e-05
3.520288354444784610e-04
1.224856191905473795e-03
3.735354493698613432e-03
3.273609961012816441e-03
9.946594510802000532e-04
5.517727403172838913e-04
2.006661500051730787e-03
4.951173270897149016e-03
5.537217926384166954e-03
3.843945270421827813e-03
2.293877329102733068e-03
2.217919278859936064e-03
7.825887268868285558e-05
1.911015847654208006e-06
1.983458998340685405e-06
6.007630042650566417e-06
1.033768886511196578e-05
2.199464426778052650e-05
3.163487968289735593e-05
6.079592282938132541e-04
1.441581337751424640e-03
1.646550170053076969e-03
7.025882467681380172e-04
2.592338200169262046e-04
1.875528033019447640e-03
2.044316299946204174e-03
1.963502680854608586e-03
7.598653128585220080e-03
1.073767082863962517e-02
1.576541772176017278e-02
5.079772835329790558e-04
3.210528715052719847e-06
2.080757460197818936e-06
5.121180525495530117e-06
6.487831271529333328e-06
1.845483907918396189e-05
9.443958460218704798e-05
4.595925474292637987e-03
2.709446534848122291e-03
1.514506736877810822e-03
9.289591725685134417e-04
5.248567753025107537e-04
2.676100969986065260e-03
7.973313330665665957e-04
5.118470811807661639e-04
3.716404853742271731e-03
1.104002780215585997e-02
2.243757025946235828e-02
6.441796408727930474e-03
2.963165609680437455e-04
3.021092610145033092e-04
7.474318222030909911e-05
6.380554395828688971e-06
1.270780459210397694e-05
2.969490321122688096e-04
6.265480167291605403e-03
4.651464824361641460e-04
2.751843342032300722e-04
1.258435102482999106e-03
2.626608799404917590e-03
1.047554343249479207e-02
4.594904485998771958e-03
1.778394791709025794e-03
1.516130549286689782e-03
2.550729222520658427e-03
4.932700393854944250e-03
1.363799187804099443e-02
5.800727247074116688e-03
5.307964505776218735e-03
3.436683532474181773e-04
6.840760270267137978e-06
8.949051941779953497e-06
5.133751605653319282e-05
1.652170916659722309e-04
1.207773560650584489e-05
3.979004126217032663e-05
8.096779714453837366e-04
3.064574294091249539e-04
2.351661714216956092e-04
1.551717926673138598e-03
5.615065991134479857e-03
5.410382005012976184e-03
3.059791189967878740e-03
9.096668755393457232e-04
6.913172068779773090e-03
4.957721235463338066e-03
8.908121047436798161e-04
2.538275972166522516e-04
2.325279660961393312e-05
1.391291036047656246e-05
5.957896572105588260e-05
1.436588864784362699e-04
1.416469370035855974e-05
5.603261903381585391e-05
1.024607904498910094e-03
9.186669329563499004e-05
7.908124181726897844e-05
1.530276309312079324e-03
9.924569851675320385e-04
2.127862040950698891e-03
7.737086486937092000e-03
9.144538257876254220e-04
3.791802012912284889e-03
9.101048099159987984e-03
2.724935923155475184e-03
1.485127302222428222e-03
1.279754700057480056e-04
2.327720847887150302e-05
1.622295987743335634e-04
1.554339420246716400e-03
3.782064245497267175e-04
2.597339458335220196e-04
8.168012253312046788e-04
7.774965657211617811e-05
1.479945683861088560e-04
1.631236022917778887e-03
7.172712901410514407e-05
1.747210092381056110e-04
8.645389925345301971e-03
1.437227369256490091e-03
1.118128221846021071e-03
2.927278361610143043e-03
1.571945018044803221e-03
3.996670059096125690e-04
3.115088242152068540e-05
1.269414123890336913e-05
1.854315926388731096e-05
4.681986193576364317e-04
4.273047179078602077e-03
4.980405378536726518e-03
3.706047490054447183e-03
2.600415199689830987e-04
1.083932331060712741e-04
6.746487896745993881e-04
1.236381780463185445e-04
3.260232929512247939e-04
5.206826786476334047e-03
1.081564158763708046e-03
1.541165744920371637e-03
1.740113432545436047e-03
9.058394042709550084e-04
3.747846214303988065e-04
2.544001688843866292e-05
9.559035456335011012e-06
9.148800102688275387e-06
1.968212360747818661e-04
2.426090232780433922e-03
1.981644666144213428e-03
3.227267794268913036e-03
1.787037019613438695e-03
4.057048071727229247e-04
1.473614357009674037e-03
1.863068097722246587e-03
2.971128958442683255e-03
4.887576762776501063e-03
1.224547375308050138e-03
1.268291894729725372e-03
1.185568874471862669e-03
4.176505707001757980e-03
3.404423264195326811e-03
7.806248919481554162e-05
8.615111304467609020e-06
9.871415673262869692e-05
2.153671194584657212e-03
2.204507344051401165e-03
5.394590639002254428e-04
2.425636932075032285e-03
2.238888125418488605e-03
1.100547288634585883e-04
1.585100441392926968e-04
8.193490500108072680e-04
1.672206152878937891e-03
2.241535694672242701e-03
1.429298378706204704e-03
3.738612897153381631e-04
3.145543916143928075e-04
1.634918542170930291e-03
1.868041772120430282e-03
3.253463511969395430e-04
3.228845535742750500e-05
1.437430009195297205e-04
6.683388546757685310e-03
2.443892770393057967e-02
9.510118561650467151e-03
1.109006362532281680e-02
2.553479018644024250e-03
8.906420756787945586e-05
2.925225506907344706e-04
1.842086284149738185e-03
2.396072442780658018e-03
3.870018553159827648e-03
4.069827989031021831e-03
1.325220564416531308e-03
7.082531362892608524e-04
1.453324391311303651e-03
3.143005833839699475e-03
3.774971483901351944e-03
2.635998210866893031e-04
3.837058278936838649e-05
2.839018750835294123e-03
7.136978226207328635e-02
1.584782950010447944e-02
6.499692536868277755e-03
6.405422257549942336e-03
9.783711763963151044e-04
5.693998681328882663e-03
8.218489068338757225e-03
2.141272283199749295e-03
3.022704874121201826e-03
5.664615379720089154e-03
8.068772089332845038e-03
1.921426367206068454e-03
3.049856407788046047e-03
1.945021250718374567e-03
1.913445780449302028e-04
2.696545562892151422e-05
3.539379527441272809e-05
2.069403227341519783e-03
2.911712003727564765e-02
2.799818639561487896e-03
2.095465161984347291e-03
3.501117547191762592e-03
2.556631344835527068e-04
4.542047269795133620e-04
1.271447242387088684e-03
1.164569272082461009e-03
2.832819276649275846e-03
3.742430884387566801e-03
3.427475883688751220e-03
3.936920719151159090e-04
2.316286725186517473e-03
3.928158422164824970e-03
4.165185601085663109e-05
3.832120411241603173e-06
1.874006522561194647e-05
3.466055421198482455e-04
5.827329923415830795e-03
3.082232493800944866e-03
2.009295668026123052e-03
1.475835487436162391e-03
2.692781580648623252e-04
1.411885851763967231e-04
5.681726841162520721e-04
2.059982961113060798e-03
3.200603888537855921e-03
1.574014771485534626e-03
1.147408299732029712e-03
6.066311323464634864e-05
8.553135487801985179e-05
2.116284332934246972e-03
4.308148199386606001e-04
2.355063525698071621e-05
7.706274931258401832e-06
3.009632901777409310e-05
1.173243343362412750e-03
4.423523137592878449e-03
1.713830942569707352e-03
2.211798608617659805e-03
2.787027553665289044e-03
8.034328798012547188e-04
9.624761326634423842e-04
2.989423782597689077e-03
4.113608434348761320e-03
1.114439816497134281e-03
2.973380427592118690e-03
4.639366138548861097e-04
3.827198753337667392e-05
6.987612875568226462e-04
1.639898525100646218e-03
1.065693537547547127e-04
9.037944613900710539e-06
2.407617688435421434e-05
1.110922610255549951e-03
2.676604258381568707e-03
7.328936139523770880e-04
1.006284997042322053e-03
5.294841955899492808e-04
6.445267556949981977e-04
5.678005210246777528e-04
5.395191278889129157e-04
3.304305558334645013e-03
9.503155137623827591e-04
6.402510877866633482e-04
1.174294668144894868e-03
1.036476138461048333e-03
3.585639864147122623e-03
4.842431307357963530e-04
1.889219567656838804e-05
6.819959873034050249e-06
3.328977994401209080e-05
1.645663608495522966e-03
1.123364389931282752e-03
5.435446530773854366e-04
4.178130795244959679e-03
1.814046616148379427e-03
3.113878033896222679e-03
1.297660236246854937e-03
4.547618252979683442e-04
3.857469598774912120e-03
2.926728648210871666e-03
7.665797219273409128e-04
1.166285860462946966e-03
3.331212020391367042e-03
5.588314164653828374e-03
1.135155283720798940e-04
4.265435353853758053e-06
7.453718748141712134e-06
9.953456685972583869e-05
5.245053086978340717e-03
1.454847376853304853e-03
1.684012162225469633e-04
3.923311285178956477e-03
4.329352111128989544e-03
2.052808920727777157e-03
2.868494087675976800e-03
3.148379785088222058e-03
3.989696359457512408e-03
3.705230301256378245e-03
8.626465891915022569e-03
1.282003507471458914e-02
4.752968621348377908e-03
3.331868126877205339e-03
1.590222689839732885e-04
1.047070569526979141e-05
6.911928327555195495e-05
5.242180132939959101e-04
3.598114254666742468e-03
7.629305715472316229e-03
8.813278934243944703e-04
5.371473202115487414e-03
2.711524598899125484e-03
6.924296233252166853e-04
4.619744518833020230e-03
1.135889042508596855e-03
3.675585417191235861e-04
1.759587212618705368e-03
6.144821527521117897e-03
9.767983666079792932e-03
3.616201696664197562e-03
5.583158151842224082e-04
4.234200588647330426e-05
1.457392636819328811e-05
4.157785469034666896e-04
2.385075628536083812e-03
1.664712155095296247e-03
6.572175616387002615e-03
8.596339941743593198e-04
2.470046383128062743e-03
2.701311129673723225e-03
2.368228520286980057e-04
2.966121355097371920e-04
8.962810221678127985e-05
4.337693789622206809e-04
6.589214479196306255e-03
1.335622664191322452e-03
3.137994306999683882e-04
1.449216335253016941e-04
1.847691344430886731e-05
5.232270173967242995e-06
1.237490610670445592e-05
7.824082783872722535e-05
1.217317828222609080e-03
2.013937611026399982e-03
1.614675449809244634e-03
6.924418762854576005e-05
1.671338972926085964e-04
1.200349260064380265e-03
1.529115095547467452e-04
9.790544868336826959e-05
3.177357916092408648e-04
5.711572102605308628e-03
1.331022530872482193e-02
4.282921571738214144e-04
1.377453224966118162e-04
4.960882749283903811e-05
4.918020041063499021e-06
4.152949174594930904e-06
1.760609687074860238e-05
5.573189080210266068e-05
1.553475502580602911e-03
2.514808909507519966e-03
6.621632213745720034e-04
7.646123831684755086e-05
1.133576561552449713e-04
6.207759776507813538e-04
6.017931198918350559e-04
1.608415146841434820e-03
4.721550507661723128e-03
6.407759738896848939e-03
7.306299118101804851e-03
1.054500506755163321e-03
1.199205987725351225e-03
2.485364462367388515e-04
9.234929639546168463e-06
6.421307328659001103e-06
2.124414144930962054e-05
1.294860921103169595e-04
2.641365970642014799e-03
2.337743934596406108e-03
2.083799826437550233e-03
2.184343408609581549e-03
2.188107676848633897e-03
2.337388434588454338e-03
1.148761388012813599e-03
1.522821217761109432e-03
3.295492292788681880e-03
4.742556488818472121e-04
1.718816728541479983e-04
1.087427785574610512e-04
1.769402836288952148e-04
6.818074831526537219e-05
9.140252997659139054e-06
8.407704023899292202e-06
2.166362873646366546e-05
2.445879060654284091e-04
1.650233380808738574e-03
8.388852623698812893e-04
1.719067770416030788e-03
3.091663040678787732e-03
1.911506324825553273e-03
4.902913184757886136e-04
6.443957827805426415e-05
3.905657542026283680e-05
1.432252386434960218e-04
3.586269247863095881e-05
7.016149148442535357e-06
6.473909812550054288e-06
1.194658109354080769e-05
1.519102304498506296e-05
1.362858385240996365e-05
1.847896679490614404e-05
3.493254864795532493e-05
