4.695238981029404124e-06
4.143680676662719023e-06
4.023583449457570903e-06
4.038812892482260698e-06
4.044279446187649724e-06
4.039760743640787472e-06
4.044855599768404143e-06
4.045741704602924566e-06
4.031866779778327749e-06
4.016800149450112283e-06
4.011289941404829093e-06
4.012463589956478148e-06
4.014140390226884137e-06
4.012362181306088737e-06
4.003824281726356150e-06
4.002480084985065831e-06
4.139078324807511698e-06
4.697707864047663051e-06
4.145175114820225912e-06
3.541069703010311532e-06
3.398717236906002549e-06
3.322489707500609591e-06
3.175797266449709040e-06
3.094356304957586274e-06
3.177602210552653471e-06
3.331296989851040434e-06
3.410933617553405696e-06
3.409589139680439805e-06
3.393905439946590401e-06
3.389394239352655460e-06
3.390220920557077722e-06
3.389209854090186191e-06
3.380290662024969117e-06
3.375784280211788814e-06
3.518803512163566421e-06
4.138694076626320698e-06
4.023803337393940678e-06
3.398791539406657004e-06
3.108983802594420311e-06
2.716597947096174057e-06
2.357419452898509171e-06
2.243212532079517872e-06
2.359687386713456086e-06
2.725828448049267333e-06
3.124482904473299706e-06
3.273607414989141239e-06
3.268426289995108160e-06
3.253584246815741742e-06
3.251867658746030557e-06
3.252353194239798226e-06
3.244594101024712522e-06
3.237680968091638306e-06
3.376666927059715178e-06
4.002828052964625405e-06
4.041173257484470054e-06
3.328057571720385310e-06
2.723246924882985680e-06
2.311446652870314753e-06
3.118157572021584409e-06
4.401648165461261577e-06
3.103382911083545994e-06
2.305908758714260137e-06
2.728228377943581900e-06
3.202696447316200557e-06
3.285649809033091551e-06
3.264815858203453705e-06
3.258423288938312811e-06
3.260124244528264580e-06
3.254078412562653007e-06
3.246327766467921622e-06
3.381724011244629595e-06
4.004007383599592079e-06
4.071377003171161860e-06
3.200072441115876597e-06
2.371395728923945267e-06
3.141118253739372857e-06
2.519926934208697444e-05
1.310469612359251718e-04
2.475269047063839405e-05
3.099317918053916724e-06
2.360981364997218752e-06
3.058989645490474726e-06
3.291327048622526452e-06
3.277659008411460585e-06
3.266645905596466798e-06
3.267951324634159084e-06
3.262308875275648439e-06
3.254817774244713374e-06
3.389691748578521440e-06
4.010472454852455016e-06
4.095629777089293505e-06
3.047184779408984536e-06
2.133875769260773597e-06
4.239027823850687271e-06
1.312675650373884757e-04
1.782731916469513633e-03
1.333466134838320199e-04
4.442777214332034144e-06
2.254594392310587465e-06
2.983687193375913156e-06
3.287690194080809580e-06
3.278986826797391876e-06
3.265712658536157766e-06
3.266268908806836410e-06
3.260279899824987194e-06
3.253214909951605324e-06
3.389044975053113055e-06
4.010342648288450373e-06
3.814581945951922219e-06
2.534261012690004952e-06
1.803832412645399760e-06
2.692765544183293086e-06
2.285827112959432485e-05
1.236380833456448094e-04
2.447218510040381431e-05
3.105253293389109172e-06
2.380755897890110645e-06
3.084761273668642840e-06
3.300832779973539244e-06
3.275733307477246364e-06
3.262219481071174612e-06
3.263262229480231522e-06
3.257579922934260571e-06
3.251184455435717071e-06
3.388005191856166385e-06
4.010137940672500041e-06
2.708143051008997983e-06
1.621476893106170912e-06
2.474280131697275613e-06
4.640270806550935261e-06
4.222047872793701629e-06
3.647957425050338413e-06
2.466850735585564209e-06
1.926625612707996782e-06
2.554601891144662053e-06
3.225432195375667231e-06
3.326934793068772480e-06
3.277694922621278316e-06
3.261324234415201617e-06
3.262278275408472483e-06
3.256901286658121208e-06
3.251468717271594804e-06
3.389515870522773575e-06
4.012435494768424175e-06
1.576552306260474562e-06
1.585007293367303083e-06
1.967983821253886726e-05
1.030516891745805898e-04
1.798947507551702191e-05
4.607664146573390601e-06
2.714961330537678688e-06
1.752857287829301523e-06
2.214987002662118072e-06
3.071690134957866105e-06
3.325724374840771563e-06
3.289825791863133664e-06
3.264140218425115038e-06
3.262375354884416378e-06
3.257200418738406852e-06
3.252404133290581049e-06
3.391225423709621155e-06
4.014698194558825630e-06
1.450503524663084069e-06
6.710605345408426559e-06
4.228136301929697675e-04
1.513304982586798856e-03
1.599579955039575751e-04
8.600884818311905697e-05
2.774768298971403048e-05
2.943659518703756671e-06
1.659024318325004036e-06
2.562567837615248249e-06
3.234401004479734203e-06
3.301674487801669219e-06
3.269119224587876048e-06
3.262538710711435806e-06
3.257615905716873992e-06
3.252691905426460727e-06
3.390912656079462458e-06
4.014461731938368135e-06
3.707911120974816550e-06
9.570430521626842790e-05
4.311578883731529734e-03
5.238157270918772888e-03
1.218968324853079944e-03
1.066404861274549906e-03
3.654380990988661507e-04
1.548070215647322424e-05
2.103176630689630689e-06
2.184562947340892398e-06
3.070414242410870337e-06
3.300243114653055292e-06
3.274267773773504583e-06
3.262593517615956847e-06
3.257441271141792292e-06
3.252282057134369707e-06
3.389888110600698192e-06
4.013477441698928811e-06
2.342507509225869174e-05
2.615798737518378308e-03
5.648628161804848669e-02
4.196605009450093265e-02
7.641163635016118977e-03
1.934413111577491014e-03
1.740187809895884542e-03
1.251316430252350875e-04
4.329878209655832920e-06
2.155638002460604820e-06
2.966199320229338981e-06
3.296858707454735108e-06
3.278157652025907694e-06
3.262255028603824384e-06
3.256370906835229529e-06
3.251666870693856384e-06
3.389827895254196071e-06
4.013371156217820831e-06
6.175458962173123283e-05
1.416984613785149567e-02
3.549047160583465588e-01
1.621950269396016664e-01
8.055415461790981987e-03
2.085479194983274644e-03
2.036558904632349443e-03
8.875572412161553397e-05
3.266718715443892926e-06
2.038463113146305427e-06
2.982385383051976953e-06
3.311696636752249605e-06
3.281557575289569227e-06
3.262622226080033023e-06
3.255901514426291160e-06
3.251346599612477088e-06
3.389849866974728644e-06
4.012829727351117057e-06
7.806312510929450750e-05
7.894874107542583855e-03
1.303502726138597856e-01
1.140343678716057296e-01
7.638360638623739249e-03
2.094498345512643862e-03
3.520948370318096481e-04
6.886180141881868117e-06
1.049862718025624194e-06
1.748540934069574346e-06
3.020268009575007055e-06
3.330716204712567794e-06
3.285494348563205723e-06
3.264950803025304710e-06
3.257326111834341945e-06
3.251793182803269275e-06
3.389462395734407182e-06
4.011486756038704610e-06
1.043774862358691345e-04
3.728383525001020132e-03
1.020638839598711316e-02
1.216299512403482691e-02
5.554973543849431143e-03
1.787579432164086062e-03
3.956404838135687977e-04
1.380044278490010657e-05
1.523916195838060451e-06
1.817234411536561425e-06
2.984403228465965132e-06
3.322151689924459083e-06
3.288032420995897697e-06
3.267869668724706314e-06
3.259242733320590928e-06
3.252921732952860685e-06
3.390101079832577217e-06
4.011825233801775782e-06
1.175648544993976194e-05
5.282636784265648793e-04
2.417712591080849877e-03
2.610472859194739193e-03
3.819174643066517404e-03
1.307421112341287548e-03
1.283214784301349312e-03
1.648103961646645661e-04
5.349231949904897287e-06
2.192905937574512847e-06
2.935957938247713116e-06
3.296239064188463693e-06
3.286831268653166110e-06
3.268939692549317955e-06
3.259852105154386283e-06
3.253818379030858626e-06
3.391601787817599062e-06
4.014070759269257954e-06
1.794705358483426589e-06
1.843819007233585109e-04
6.176734472272464756e-03
3.829343763535844603e-03
1.665053747858799733e-03
1.759775225857298836e-04
9.775010418283755931e-05
4.285254311099114628e-05
4.680052965164101455e-06
2.408170392838663669e-06
2.997441419413026279e-06
3.287313770409440093e-06
3.282680306102996092e-06
3.268265475443055750e-06
3.259621810842771752e-06
3.254258668131384879e-06
3.392775411630448105e-06
4.015899524792129464e-06
1.755594802450878141e-06
6.041346885612720728e-05
2.572993940231351959e-03
1.887461423571144088e-03
2.004627760059316519e-04
1.070782021732018964e-05
3.385493058718114577e-06
3.505018192810619670e-06
2.602197318033457861e-06
2.676838850277248327e-06
3.156395159697392596e-06
3.290343087714259463e-06
3.276677843420040774e-06
3.267828593453848020e-06
3.260072315210644364e-06
3.254320423016644607e-06
3.392609610651190305e-06
4.015832622691047294e-06
2.068897856879372303e-06
6.109488207252073416e-06
4.742726785555171563e-05
6.829244578871772396e-05
1.440882063019839935e-05
2.510524671403594008e-06
1.587369299227528883e-06
2.167534588570328989e-06
2.708766830579968929e-06
3.085826752638778689e-06
3.270821868622992953e-06
3.284589510943292023e-06
3.271087944171627725e-06
3.268516752871020833e-06
3.261301430624164086e-06
3.254123386760375361e-06
3.391477287545298143e-06
4.014755572602597308e-06
2.757586964936432414e-06
2.230043567999841077e-06
3.291214502395999147e-06
4.365837639719119579e-06
3.139458914161906120e-06
2.252112817029890326e-06
2.438699504715371357e-06
2.936922920470496648e-06
3.204398184966677996e-06
3.286716884878091592e-06
3.290408632937241376e-06
3.275050025174738740e-06
3.269740507819751592e-06
3.270504728173007394e-06
3.262919929255724228e-06
3.254923942198886921e-06
3.392114557514120907e-06
4.015655045376066349e-06
3.680114971698278209e-06
2.708419160191391990e-06
2.457690443478848847e-06
2.581187330383592366e-06
2.706188706490847049e-06
2.895872773148876526e-06
3.164824357164367076e-06
3.305651190659937490e-06
3.315150245810923799e-06
3.293718210067368025e-06
3.277457057969447776e-06
3.270675885914576159e-06
3.270950743702146525e-06
3.271884785208179245e-06
3.263735278455109583e-06
3.255879432031635794e-06
3.393193537950587097e-06
4.016540792503707789e-06
4.034885486075628374e-06
3.313656163674209895e-06
3.080003433689527393e-06
3.076833733227236698e-06
3.156910295945415799e-06
3.248971992296153405e-06
3.298341493711901436e-06
3.295774223854230660e-06
3.277653333387750499e-06
3.266395621472506606e-06
3.262361045866634908e-06
3.262176040968786933e-06
3.263878735663889010e-06
3.264463069808424774e-06
3.256166941687767977e-06
3.248301005877982720e-06
3.385553224446412171e-06
4.009474666866633827e-06
4.035221593079621739e-06
3.409766906995654161e-06
3.263465671533019893e-06
3.264945648231017925e-06
3.274568053899884419e-06
3.275419819297117998e-06
3.268385357359983548e-06
3.259190380738724438e-06
3.253863333821763587e-06
3.252494763138924358e-06
3.252857357763666714e-06
3.253920702702819039e-06
3.255815182640866014e-06
3.256716154098549352e-06
3.248502314771542017e-06
3.240918145228624178e-06
3.379873288765272363e-06
4.006416500215849844e-06
4.145669767889517671e-06
3.530255152789789453e-06
3.389815517331263567e-06
3.392913446402624425e-06
3.397452814393367410e-06
3.394410500626548186e-06
3.390961475114763146e-06
3.389099350493981837e-06
3.388955800998479730e-06
3.389297741598676170e-06
3.389495799207646757e-06
3.389998907699388858e-06
3.391607792501578347e-06
3.392602568824261661e-06
3.384894246872985687e-06
3.379498586068978716e-06
3.521413140179748531e-06
4.140761323686958765e-06
4.698513592927657101e-06
4.141621750811356548e-06
4.006197918377774297e-06
4.006728924235930440e-06
4.012425342837661091e-06
4.012474505697295594e-06
4.012065509635670507e-06
4.012263153586552699e-06
4.012931610232321912e-06
4.013158574995166132e-06
4.012857709907186636e-06
4.012835842795734233e-06
4.013887206909192653e-06
4.014480058077256748e-06
4.007881923718804818e-06
4.005749620040182010e-06
4.140937267300463134e-06
4.698555594981046966e-06
