6.823296118980439178e-05
3.375771775981824437e-03
2.077023781032900571e-02
6.013391341661895699e-03
7.875222031850023785e-03
2.293422160614928297e-03
1.195814366097573467e-04
1.883605244390628070e-05
1.097718168251628263e-05
1.147674622387865715e-05
1.098687466433060056e-05
1.045290025268305327e-05
1.132962983956552012e-05
1.347072073361929732e-05
1.498898894717955045e-05
1.425828995231873120e-05
1.407258647375983017e-05
2.183233951343041792e-05
5.430268679499989902e-06
2.485562695121682625e-04
6.858395923478254573e-03
1.122050832374873542e-03
6.637931915134961209e-04
2.871391643572143975e-03
1.466804999694382335e-03
7.058448911997851523e-05
6.810924457667430171e-06
3.848494408622745950e-06
4.951320335690378545e-06
7.843755223266932338e-06
6.626646361531620897e-06
5.884942520330302460e-06
8.030754565700232481e-06
8.901917857192467203e-06
8.656744748713113402e-06
1.411178489544126698e-05
3.171673169262017392e-06
7.043627388233379206e-05
1.729585063713944774e-03
5.421248770514536545e-04
2.553648870385544288e-04
1.593560429649436251e-04
5.017713060506635760e-05
6.527102128296476604e-06
2.096853361315357886e-06
4.804368348608068081e-06
3.005592817933710337e-05
1.455413467639684320e-04
3.247023260168887876e-05
4.610019229791823438e-06
5.098629839151126891e-06
7.993752232943167758e-06
8.806163083866884523e-06
1.429845196763372836e-05
6.734728824180393908e-06
1.102782758316763509e-04
2.853511584324925666e-03
4.037657229145109189e-03
5.037182305032221995e-03
1.074227224068961166e-03
8.459510188840068312e-05
5.663470329332409093e-06
5.075123308425066724e-06
5.347824854742060595e-05
2.528159697883504658e-04
1.059197680635897689e-03
1.397592360566092518e-04
3.911147358604571220e-06
2.264089332917096447e-06
4.916679706963323527e-06
7.616994707896735620e-06
1.466883611839557455e-05
5.766273786631039281e-06
5.197000786772978866e-05
2.071386536831525994e-03
5.011239851269815720e-03
7.145344947773328223e-03
7.695602370339099836e-03
2.628804809834458817e-03
3.887550002764547088e-04
4.332260802262202955e-04
1.045435382807649236e-03
1.111324426895943116e-04
1.624183651346862423e-04
2.286241976302356071e-04
1.154519385896046884e-05
3.918442453351993208e-06
5.460969946918196347e-06
6.098883734698824027e-06
1.310138823046069901e-05
4.333827921851518700e-06
5.213497625434367451e-05
3.284834015695747584e-03
5.158912347098274474e-03
3.968572142424931296e-03
2.418955032894408094e-03
1.257399760361487071e-03
2.766516223957108615e-03
8.379889686384313710e-03
9.144337924488590494e-03
4.144364486134889821e-04
3.751439711776385628e-04
8.783684644239525595e-04
1.814049868169658971e-04
1.675544261716268939e-04
5.254723237421265580e-05
8.470708838135051078e-06
1.203174264290585582e-05
4.296563128016149264e-06
1.291158377496194175e-04
3.407338603829102811e-03
3.454620798310182000e-04
4.965629307611934672e-04
4.779195396943785104e-03
3.148108798028296379e-03
3.097399743123431092e-03
5.076029911099795566e-03
5.602232217328505411e-03
1.601928287878516891e-03
1.074661871493121134e-03
4.363635434098602373e-04
6.876038717675042773e-04
2.442168838932169597e-03
1.232730147533339952e-04
6.376217023488634312e-06
1.082917896954782772e-05
4.518310478311268202e-06
1.767294038102810657e-04
4.615931966584067327e-03
3.186938760070664664e-04
3.381041096161874790e-04
3.051756225702483265e-03
1.893249063688598726e-03
2.434641223462036177e-03
5.333404638184149546e-03
1.545902765182463005e-03
3.399958763037107473e-04
3.968643523216650341e-04
1.665543215564090139e-04
6.347987684193006318e-04
1.156225720716465765e-03
1.753459789656230939e-05
1.684681211404162056e-06
7.916189197087033694e-06
5.232450250580462400e-06
7.423590436919541330e-05
3.805920351946058197e-03
5.043384166396381631e-03
2.596614088964798329e-03
7.475621373200929147e-04
2.977074563102974098e-04
8.170105550030227733e-04
5.004323507611456966e-03
7.009058286887208736e-03
2.136617995330339359e-03
2.230236222696848399e-03
7.037977312554801433e-04
4.980625050710209929e-04
7.719541071250576739e-04
2.164366651905931790e-05
1.432508992638341662e-06
5.788397447220132092e-06
4.035788870682910189e-06
1.973081499559363830e-05
1.125803242860971658e-03
7.733514370049049923e-03
4.032086529096085351e-03
1.224954641545926729e-03
1.349469584903666359e-03
7.726847421411177017e-04
9.953005052497291682e-04
6.075741949308678495e-03
3.618851054845162452e-03
1.030560919079282758e-03
5.277474857292653631e-04
3.340955792446598520e-04
1.945199711074398468e-03
5.080968435860938647e-04
1.236521436379110962e-05
7.986078256651573716e-06
2.661782774998628188e-06
3.048154199215661147e-05
2.779396402774618295e-03
1.263618154549295443e-02
5.204840581883315477e-03
2.168312918332108638e-03
3.708499916026035490e-03
1.030269856069558447e-03
4.721658003479366097e-04
1.591443583234386245e-03
7.732997471333620922e-04
1.071793832808810170e-04
2.034756801459810117e-04
4.841720067449225445e-04
2.993381230235074315e-03
2.741169505926661573e-03
6.580114728970998554e-05
1.106985520811832016e-05
5.525624046428657397e-06
3.290520283288652747e-04
2.967853417067294747e-02
2.698259491373558236e-02
7.659489335435391497e-03
4.105381796469832756e-03
4.219914474927003063e-03
1.519684815443548068e-03
8.001131933266409117e-04
5.133506168947888151e-04
2.726258009451280103e-04
3.529967056724915304e-04
1.780428945157274626e-03
9.069603228424856587e-04
6.167515580764956241e-04
6.260692434800003070e-04
3.659514097829736604e-05
7.500678998201882124e-06
2.919016490163923555e-05
1.728154349237811605e-03
1.204071476868631418e-01
8.271359149505176644e-02
1.256543708274366830e-02
1.252987655323173355e-02
5.545225039336593859e-03
2.419946598238768929e-03
2.299482645739673800e-03
1.433113132678927922e-03
2.050143063384972115e-03
3.003380712353246208e-03
4.604767686208874507e-03
1.045537840016723310e-03
1.431335758276578623e-03
2.878502910952038425e-03
8.920295649987490061e-05
8.502181584005879042e-06
7.173470277450252051e-05
1.444446449141456286e-03
4.172821373909799125e-02
2.128691853936113404e-02
2.402972574579009552e-03
5.737414042395025567e-03
1.978808235464672802e-03
1.071341560512571863e-03
8.618937302757388296e-04
7.572573687521873178e-04
2.007587070274318829e-03
1.184184425038404230e-03
2.073293287497762934e-03
1.330296241341392526e-03
1.670671650948998789e-03
1.836670605044752030e-03
5.835754238134857797e-05
7.598341361900833262e-06
1.735603646366050884e-05
9.289631528978647957e-05
2.093081550744014738e-03
4.621174419075511734e-03
2.434219125922627847e-03
3.743157410477549515e-03
2.196544686324561346e-03
2.348251494579499301e-03
5.356050342472963837e-04
2.259988316354129463e-04
6.289347744084302239e-04
1.613460647196155763e-03
2.616679888174409246e-03
2.590143204922997020e-04
1.148595425257457019e-04
2.388730036590806219e-04
3.284054334411072221e-05
8.696055202729287289e-06
7.988109526842763743e-06
6.299334271964629386e-05
1.955312993560608201e-03
7.141576011122992458e-03
1.152273398714882130e-02
8.137158818578703323e-03
3.851932437307428302e-03
1.754980256029428946e-03
3.547137574436014283e-04
7.864793990908541983e-04
5.151561764987637286e-03
8.753034913127356528e-03
4.712355179238708613e-04
3.142001599108917051e-05
2.773977392671539768e-04
1.044475682410365416e-03
7.101784319895057746e-05
1.370065736652003979e-05
5.379446667853135493e-06
9.279624400446119178e-05
4.023720436058079997e-03
4.492711617561105479e-03
3.504800022405680365e-03
2.971314099501659589e-03
9.643621033786361303e-04
6.592335338523327916e-05
1.090151385644955597e-05
1.344190218063253154e-04
4.205936832514908970e-03
2.668757628488098704e-03
5.770560825219720971e-05
1.709999559250265750e-04
6.493380834854869249e-03
5.432531650240337694e-04
8.722507015491316864e-06
7.078436745007127417e-06
1.990425973941377297e-06
2.726968022440938143e-05
1.325707791006440657e-03
2.150310221431095577e-03
2.063308817825729689e-03
2.118532220621716436e-03
8.105778486958565817e-04
6.289019062283976772e-05
2.578538837246698983e-05
4.269617642699828110e-04
6.305874632539174192e-03
8.216091715517089824e-04
5.616603089116455576e-05
1.669200539408211047e-03
5.069950695383088068e-03
2.222745075518591228e-05
1.099067315895848206e-06
5.478787851011921181e-06
1.509752828735609402e-05
4.234963914672943298e-04
3.595753053145109551e-03
1.759157119693518893e-03
1.187243803382946475e-03
1.207839337488286714e-03
2.942415066254361680e-03
1.465348380894293968e-03
1.896991615229639801e-03
4.496586488971457407e-03
3.784640722531041647e-03
8.773573083552479611e-04
4.296028062696309862e-04
3.229831184781917480e-03
3.403570432215755233e-04
2.716418227991236172e-06
1.443341700938789782e-06
1.016911241353520179e-05
7.543852146044243139e-05
1.191407670737902299e-03
2.597431309658151423e-03
2.585967989396802981e-03
3.120932033970359384e-03
2.025230225193762335e-03
4.362243015400230593e-03
2.970562119531341798e-03
4.424816834197316945e-03
1.052721654297441483e-03
1.318399136795769800e-04
4.569632074087728911e-04
1.704533226937181550e-03
1.398572224427780666e-03
4.707691259638535023e-05
2.423550634118802555e-06
3.658488621935325451e-06
1.500843494519116875e-05
1.902396544328577917e-05
1.754950420479502041e-04
1.726133732468711907e-03
4.477273928395417331e-03
4.797359747728500816e-03
3.959001418163157066e-03
3.601498836191778432e-03
3.249452468670436557e-03
3.830054382339642856e-03
7.430380817256947981e-04
1.374415438559535726e-04
9.605124165009680005e-04
2.110936107558602105e-03
1.744702580891999968e-04
1.011988994249149978e-05
3.962784055249020763e-06
6.883501969147509179e-06
1.581226573838389419e-05
2.041066960535572742e-05
3.404037224342948680e-04
4.553590477940922671e-03
4.053826336507838045e-03
3.145979359177414943e-03
2.182073851026885766e-03
7.208725977365124191e-04
9.947718668930904951e-04
3.310087293765231402e-04
1.692733167999986186e-04
5.370723843135960128e-04
2.176910667561100798e-03
1.271001485854022931e-03
5.585900363029926927e-05
5.949902007271155326e-06
5.531331449464634769e-06
8.561926071602476271e-06
1.512605630021649335e-05
4.121838860957938199e-05
9.591657201171697750e-04
1.394345480794507682e-03
3.888969854400793754e-04
1.081945450740226349e-03
3.507616313445921096e-04
6.019006117842717684e-05
2.979956202081263474e-04
7.298945324250085158e-05
9.567338681864974686e-05
2.642505165062884222e-03
1.741366510662107053e-03
1.380442794559234442e-04
1.696243567966981242e-05
6.496555078532104059e-06
7.024421141245724642e-06
8.524711343489854454e-06
1.407998225422682026e-05
4.371506057313330533e-05
2.717915302980452794e-03
6.631760479706812032e-03
1.327443352786070521e-03
8.850189443400496283e-04
4.805085099963473869e-04
2.279448061063344593e-04
9.127041597162033381e-04
1.394182342639277948e-04
3.893081385087810304e-05
2.202339058099832714e-04
7.525682198646050465e-05
8.912533257123513971e-06
5.522289504947282354e-06
6.994072315977438044e-06
8.169617489567650894e-06
8.579762520605893668e-06
1.412605182174933001e-05
2.226376427660858837e-04
2.395960788007667295e-03
5.539950622371696796e-03
6.639010978845947750e-03
1.879314769941413128e-03
5.621961696041365142e-03
2.162373535278053639e-03
2.013548048591655047e-04
2.350728636542509682e-05
5.458095849924007882e-06
6.699087131539670906e-06
6.528125481202480490e-06
6.276301525733879376e-06
1.002033646526422689e-05
1.415959529893595575e-05
1.445536009471154748e-05
1.427228013025493346e-05
2.189472397832506175e-05
