1.808855069927727021e-04
3.645124449612048134e-03
2.216880250690915141e-02
3.805282859948961541e-03
1.174690476983162267e-04
5.045050727037884465e-04
1.158050676072830062e-02
5.208832376390334310e-04
9.473104795976838749e-06
6.055273258095515297e-06
9.806360961729970437e-06
1.213460044494117320e-05
1.429476189344839856e-05
1.702819958330721096e-05
1.905179136688566155e-05
1.931497891114948944e-05
2.000423968856627013e-05
2.643876473019469623e-05
2.048413477217979759e-05
4.256773958588110736e-04
2.484762706426050724e-02
1.763039741918249678e-02
1.258845462343768928e-04
3.309457826579046823e-05
2.109158203943943142e-04
4.224406176483881919e-05
4.116689842130319521e-06
4.324554103335860544e-06
9.576253093077550209e-06
1.054503768931962499e-05
6.482390731775616547e-06
6.465592067959555877e-06
9.529199818459450303e-06
1.186689149372087353e-05
1.363234100958210128e-05
1.986225726477617394e-05
6.040179929663231595e-06
2.511379301060126873e-05
6.806141665248822753e-04
3.152564985422454200e-03
1.335841474219194396e-04
6.822763959368395326e-06
7.028830993962915979e-06
6.880709412074633642e-06
6.027825390505184113e-06
2.999960745333259143e-05
3.172080821861897955e-04
2.347134984877948796e-04
2.144565609315903149e-05
9.316687278038027439e-06
1.146456822225396380e-05
1.113268239234616269e-05
1.228598571160310707e-05
1.891539155357086161e-05
5.649473423117520610e-05
1.871181608029491420e-04
1.226715301231474790e-04
3.516424229134160304e-04
4.986138015983550406e-04
3.566945669942048934e-05
5.821310342442484184e-06
5.952134901788030769e-06
1.250316304127611503e-05
1.541958710011895588e-04
3.651897390392655138e-03
3.231611156833397516e-03
4.487198805164132926e-04
2.210159544641566336e-04
7.011495435262554482e-05
1.680723598792857002e-05
1.249223204235786760e-05
1.930279029782024715e-05
3.855593753007084787e-04
2.854170944956843734e-03
2.387538336764566404e-04
2.689384655165097046e-04
2.854022992405356139e-03
2.967505842185323597e-04
1.231625401739457218e-05
7.150644891641366663e-06
1.084914526278368345e-05
3.163528851317221990e-05
1.511860686954413020e-04
7.928171273876451599e-04
4.889955493422973136e-03
2.787129281807821171e-03
1.014965407658851199e-04
1.134422337820682983e-05
1.073502460652085944e-05
1.958996282786294149e-05
5.579586890316999282e-05
3.029310716954731705e-04
9.309651820196653059e-05
6.433451357945315990e-05
2.545170820557810638e-04
7.356816454565621869e-05
8.894255524195254369e-06
6.053342976933498245e-06
6.888852644425056350e-06
5.247739526658525110e-06
6.673400192360929404e-06
1.388921449571045856e-04
6.727838422862696989e-03
1.922758205750708244e-03
2.333774449977392038e-05
3.890296697654277078e-06
7.457565216306575527e-06
1.882186023369527959e-05
1.042970785042562109e-05
1.130674448335463206e-04
4.251689169409763464e-04
4.826487820722787683e-05
1.352365293309703699e-05
1.795550461663263884e-05
8.983906355013619385e-06
6.948195128167124612e-06
1.180602706322740690e-05
7.224604210332227563e-06
3.586281275929286009e-06
2.020244886866734055e-05
9.285585080487898961e-04
3.054857286993660406e-03
1.662476588407666204e-04
1.023560418744442541e-05
7.351993370900791972e-06
1.715060089877712418e-05
9.619394985663690638e-06
2.318003740732470382e-04
2.264771144128129195e-03
9.741705314880392673e-05
3.254164327641842594e-05
1.617359755533664511e-04
4.844193613114289890e-05
4.596780216576323245e-05
2.191152624796110224e-04
6.132388620477659063e-05
5.511081948836011148e-06
3.526736950576353022e-06
6.116416200187117271e-05
4.110450233867606572e-03
4.530663532555010385e-03
1.022177687514413708e-04
1.040802593939911800e-05
1.458596447813895902e-05
7.273253417169443220e-06
1.391419229614732685e-04
1.686154146934499545e-03
4.568889754598776066e-04
1.338115131798799052e-03
2.283549216238855550e-03
2.030445965748511948e-04
6.212189630169166320e-04
3.080495590483138015e-03
2.064054902128665018e-04
9.234855530585087718e-06
2.767619465491865436e-06
7.687119609687227410e-06
4.025310470572113978e-04
3.189452211164127155e-03
1.394104610593835652e-04
8.045393174628793313e-06
9.438497521871984142e-06
6.442861611714077941e-06
2.393270270305283495e-04
6.244123052800537241e-03
4.342357569033096498e-03
1.437166234080517260e-02
6.604280543760699361e-03
1.174869636237074787e-03
2.942092267960307039e-03
7.350038169987235803e-04
2.535896865022013052e-05
6.057459500333823380e-06
3.586625364775200100e-06
3.529913412144726826e-06
7.460258534617908097e-05
8.028988738496608407e-04
7.121063811774317972e-05
1.012255587648533368e-05
1.075395222997003241e-05
5.153321647535343170e-06
2.460745050053596760e-04
9.307453006448780999e-03
6.221128835903996443e-03
1.030547018327766969e-02
6.895708305683044374e-03
6.720553484153881686e-03
5.202155017123631479e-03
1.006180050959279432e-04
4.918395934948327993e-06
5.029987510261974504e-06
4.296572067513237670e-06
4.556391667005041180e-06
2.035829171916021579e-04
2.843033612972823559e-03
3.705404741545574002e-04
2.529387264897103187e-04
1.064609866514722142e-04
1.444317886707120640e-05
7.419848121214867075e-04
2.812655968999260708e-02
3.361351214973159335e-02
2.780730741017529289e-02
6.333115415350376760e-03
6.274962861485842112e-03
2.989357567820683046e-03
6.231931838625434303e-05
7.124579035828531857e-06
8.093403645581272838e-06
4.819528841259765618e-06
5.428905820503002214e-06
4.797348442131571153e-04
8.537302093646592302e-03
1.300748215323620704e-03
2.092895932851887748e-03
4.965225905856854999e-04
3.272486756247894942e-05
3.213709211108764941e-03
7.124041799547964349e-02
3.499278744717716771e-02
3.578373325105527192e-02
2.032394628263093153e-02
1.538132324572074987e-02
9.857756233046153192e-04
1.559838480379558041e-05
5.669860155612250776e-06
9.338296143856290282e-06
5.456831938524372286e-06
4.577498185308256771e-06
2.193483728178898288e-04
6.505624484252115619e-03
1.346539268450484828e-03
3.859881994860727122e-04
7.894692712912602082e-05
8.319450802379566235e-06
1.365287151954523801e-03
1.080335712188990188e-01
4.534173164953578944e-02
1.831165336238664912e-02
1.150655687736256046e-02
3.543707941495009232e-03
1.280146851917198208e-04
8.418107231997666321e-06
6.237602792368181684e-06
8.170597482345531989e-06
5.360335004160869851e-06
3.737771705003428136e-06
8.844345588654660536e-05
6.262671739512208451e-03
2.554162915347160060e-03
8.760204008526657358e-05
1.455939317721252059e-05
1.158328389136315334e-05
3.346925992899867628e-04
1.389832161841520267e-02
2.133471572840145783e-02
5.017776488829045652e-03
3.112148401293899497e-03
5.102613271993305900e-04
1.058405370566677361e-04
1.874641045300000320e-04
6.114265389696011647e-05
9.553074080522422031e-06
4.089997519144640844e-06
4.377997469597743824e-06
1.821016032670951564e-04
1.112545325026734200e-02
1.053239525503797680e-03
1.515411430988639840e-05
7.665424251134069541e-06
2.510897841757355441e-04
2.724720773039829118e-03
6.581241910403136386e-03
9.409993648401743932e-03
3.327052297173752667e-03
2.548392259574389779e-03
3.546415800909300930e-04
2.969263520201054847e-04
2.973810899567083492e-03
3.404747347651681491e-04
1.023928164658960023e-05
2.677244519771471459e-06
3.466301850688192138e-06
1.678924199765869524e-04
4.354500954070200311e-03
1.460630868743971217e-04
3.761541296752464036e-06
6.700237979494935376e-06
2.830675599948116088e-04
4.088014818636317646e-03
7.554071835582687119e-03
1.501987480636667385e-02
6.499868587915890242e-03
6.564061173984437258e-04
3.927526066365885610e-05
4.227857418575826329e-05
2.733123669636371047e-04
6.644985592373100721e-05
6.605662603934595929e-06
3.390474982868794142e-06
1.373061147775743497e-05
7.369251779045271926e-04
3.869116722305703665e-03
1.073961010617500598e-04
6.476523107142389437e-06
1.149509137799836451e-05
1.342463020294731429e-05
7.295982843850294176e-05
6.171251112339216482e-04
2.895463251893967953e-03
7.025615469156824312e-04
2.711529806635057317e-05
3.803243353985467666e-06
5.274493599672212371e-06
1.310715921457867524e-05
9.773249433444137428e-06
4.194435472925767151e-06
4.282151562727860177e-06
1.238073865769300289e-04
1.185194723167059053e-02
4.140753584237225927e-03
4.794793214796858841e-05
8.326158333822532043e-06
1.659126072165619981e-05
5.046183913692164460e-06
3.071424628262317883e-05
4.705154015125636116e-04
3.935602790710549404e-04
2.224802567531780626e-05
2.832386303983185185e-06
2.632678845291399695e-06
5.117443939189424259e-06
7.653397648120863350e-06
7.408562940526228032e-06
4.636889649755222684e-06
4.231144901127475241e-06
1.766197126968211664e-04
1.312924175355419977e-02
6.486937330912717061e-04
6.324956071488617733e-06
4.722932234237914572e-06
1.682756679152751006e-05
3.676389497527617398e-05
6.660352602427886248e-04
2.293493094716012991e-03
1.108536425117020768e-04
4.591495943198663320e-06
3.728216483596058265e-06
9.357848370053768299e-06
9.507173292032271427e-06
5.633576597155191963e-06
5.972133027816297951e-06
2.307414229475800404e-05
1.010447189499005121e-04
9.745533043030326064e-04
6.973889346453145295e-03
2.206111581120601530e-04
4.569440730514659734e-06
5.258110708725343098e-06
1.779031802459477457e-05
1.511536507092039214e-04
3.088934324815563980e-03
2.262060789394449746e-03
3.644626261131562431e-05
4.466841287725830690e-06
4.155209158335895677e-05
3.125370588934923434e-04
4.758549607415280420e-05
2.542930285724493427e-06
2.515441290629177924e-06
1.738026778596186430e-04
7.722175831999764616e-03
4.041409015698256210e-03
5.109018360102445585e-04
3.792158773084811183e-05
6.947921226350994069e-06
9.144471280229780845e-06
1.968966121456624136e-05
3.907091500997738400e-05
6.680665152551437105e-04
2.260596894154311923e-03
1.082747048470202820e-04
1.205456587366409410e-05
2.078112945028198560e-04
3.101094171391024622e-03
1.978375363125525516e-04
4.317269253053002560e-06
7.064372725111552253e-06
7.802869355852306427e-04
8.181652819102562882e-03
3.073499578592177252e-04
1.104381205530341677e-05
5.456574086183701755e-06
7.817979462740859675e-06
1.245789986339790538e-05
2.014273570113677558e-05
3.949695141084832586e-06
1.967337374704806332e-05
4.773428442622909486e-04
4.231304253414454103e-04
4.128124048778820525e-05
4.834848283503067039e-05
2.170019489707187426e-04
2.021756055042514425e-04
1.768111995874295625e-04
6.097501272357042264e-04
2.820854587762573230e-03
5.045213343302492118e-04
1.213950604750372626e-05
2.889707514367164207e-06
5.417386718318917538e-06
1.053902947096936630e-05
1.365633214808177357e-05
1.943092816362498702e-05
3.176617032571810508e-06
1.721127742967203767e-05
8.190324521367799756e-04
2.796186394775420671e-03
5.294488852601724220e-04
3.940339271856636817e-05
1.526406628627579646e-05
1.552004904834903892e-04
3.316424289634135793e-03
4.038968032251581165e-03
4.757701748477476968e-04
2.475401300297744555e-05
4.404869653406462194e-06
5.694153534257395365e-06
1.108304273113322951e-05
1.380516217592160497e-05
1.437634692626772517e-05
1.981941696703429950e-05
1.737588027600693886e-05
4.874045288099364162e-04
1.103306157235506117e-02
6.353657566023122004e-03
2.952921623520616493e-03
2.719807791976387658e-04
1.788513577368696674e-05
4.263892821471509931e-05
3.018748218304774674e-04
1.521984544337246816e-04
1.956194832420133996e-05
6.970454525901595958e-06
8.884982429958868566e-06
1.610340676268125464e-05
2.057441257428423883e-05
1.993335744942642236e-05
1.988679828477101178e-05
2.620062472817561052e-05
