1.709745654077447731e-04
2.106839849163068962e-03
9.043773388458034579e-03
8.079425598535685746e-03
5.498549618859229632e-03
5.894692320677533126e-03
2.319765991071852298e-03
4.320547344859367186e-04
1.163654697015211278e-04
6.149034641748243684e-05
7.156754541433760978e-05
2.499938474978947284e-04
8.455446700274146755e-05
1.354013711464706363e-05
1.496099022972129558e-05
2.152542220761089156e-05
2.180260024356116990e-05
3.162362172944609612e-05
1.665215353736638655e-05
5.120868283071217065e-04
1.066907203078469070e-02
4.822172756881829350e-03
3.710711488489116128e-03
4.258190508461384347e-03
1.144801850428226299e-03
1.567420648505153799e-03
5.925634036528831979e-03
7.888271083260407768e-03
3.414494815652925098e-03
4.321630347411883032e-03
2.297848845645955021e-04
6.083330436093173339e-06
5.999266079084350694e-06
1.257695576525503863e-05
1.385191607006672539e-05
2.093522464400300012e-05
7.537191930333281811e-06
9.925331663423617114e-05
2.096425724201692389e-03
1.874980206940265537e-03
2.009281303767535779e-03
4.385147281914087932e-04
1.950832740310236101e-05
2.250204495001664217e-05
5.961053108128049494e-04
9.829303717688092287e-03
6.378365145014999564e-03
3.036597675182240667e-03
7.697334254075282526e-05
1.554397577070643495e-06
2.200506737252549780e-06
8.881897158496321177e-06
1.367400820883630357e-05
2.116572074663613205e-05
9.670249425068597180e-06
2.326496337534895623e-05
3.296560895113154091e-04
1.535367361691460574e-03
2.275071298504554446e-03
3.233971159628182398e-04
5.311956357729005789e-06
8.853879220996498745e-07
2.181899431378393051e-05
9.919466752585026029e-04
2.007720130655413736e-03
5.177175321268330521e-03
5.430100682537699524e-04
7.135682018502421745e-06
2.225079938982055455e-06
5.555628513406592118e-06
1.226192337839285152e-05
2.305621694715574667e-05
9.504543242979826711e-06
8.192502466435420003e-06
3.216535433678246439e-05
1.604544668466317250e-04
1.607542684614843547e-03
1.986667620809211450e-03
4.831232582543411867e-05
9.218949010069937456e-06
3.665710540646315669e-04
4.093195475418007906e-03
1.639695470054334690e-03
5.283939344753169239e-03
7.060357457412945806e-03
6.253814516109099586e-04
2.144332847453524511e-05
4.025491650145736922e-06
7.508952108921901275e-06
2.244682431153206942e-05
1.237020583324722270e-05
4.609640811017386332e-05
1.672410044425513007e-04
2.731556875663015515e-04
4.133465909085191035e-03
2.786642650892979470e-03
1.082092805326770514e-04
2.951575358362758966e-04
5.277044941317385850e-03
5.647850493322201931e-03
2.375366412548634860e-03
2.277424737516887520e-03
5.071593415284052046e-03
9.636092912297593988e-03
2.009541888210387072e-04
3.179215556142022949e-06
3.420746969885482888e-06
1.747447083233725910e-05
1.819781232412242918e-05
3.106539535998300498e-04
1.585750386274471747e-03
6.579190485262986212e-04
2.800756687405876744e-03
7.496826394141579020e-04
1.410859229912726537e-04
2.221615964559083348e-03
2.825991051071661143e-03
5.577351649573801789e-04
2.873779361676175037e-03
2.917646362098500357e-03
1.584961243038668583e-03
5.521969696427674913e-03
7.268939546669749702e-04
1.404234780804715432e-05
4.372470813024553753e-06
1.389569906010468753e-05
1.478611952927725907e-05
4.987473759663640802e-05
1.198066362619714249e-04
2.563060306776663894e-04
2.883299368411072674e-03
1.640197201435037626e-03
6.634492623493656307e-04
2.520070122194735789e-03
2.481143999885393123e-03
7.133662708359106647e-04
1.457457340912275082e-03
4.484267304274862690e-04
1.339799790405434054e-04
1.276124251136296663e-03
3.846445506937658070e-03
3.927706074573742464e-04
2.571520329138595994e-05
1.612737258681719985e-05
1.091772315821252060e-05
6.026078405387183111e-06
1.558025471983444466e-05
4.194740150553341249e-04
4.117562890500075547e-03
1.740820861226776220e-03
1.275054034397701125e-03
1.191979402156658147e-03
5.365992572431079084e-03
2.361965395826168441e-03
6.419224926812392958e-04
4.362167219623775349e-04
1.988473897404261729e-04
1.269231512611854878e-03
7.355596093378212984e-03
2.100910006248189570e-03
8.168954459210948265e-05
1.626862369808386533e-05
7.621260904480473342e-06
9.447111422844776317e-06
8.516712190587552372e-05
2.249344219966302894e-03
9.309290825583368609e-03
3.129309589207878058e-03
2.131326117312863210e-03
7.121496670519346589e-04
1.492661550068720552e-03
4.672312672244654012e-04
3.332571311199990249e-04
3.774241477339957719e-03
6.133289128996117058e-04
2.098273641410621610e-04
1.958866342620118120e-03
3.016010503547075089e-03
1.050391892800349051e-04
1.147088907812261831e-05
5.723640769386517766e-06
8.761915155239456492e-05
2.758421945576744558e-03
6.520956333135917785e-03
1.457380759638571104e-02
5.926221698877120851e-03
2.097318910486962226e-03
7.495828539304349829e-04
2.587885639625295926e-04
8.595304825968449244e-05
1.282157984847250812e-04
3.082813545458458569e-03
6.559021481928375410e-04
2.948029698584605040e-05
2.374388206620492480e-04
2.450758298970403919e-03
1.429084379401262422e-04
1.078061781515193283e-05
1.437728741378467306e-05
7.816569065089217861e-04
3.140951338174319263e-02
1.188958268833041274e-02
6.937069482923652157e-03
2.589061414737928602e-03
1.506461252775791789e-03
3.223396342408816912e-03
1.651484918835856514e-03
1.226683083705427902e-03
9.589904117254941440e-04
5.648131848906651382e-03
3.843143986245585453e-03
3.730317258929368644e-04
7.279726555429438372e-04
2.195206570551737259e-03
1.199527227146167689e-04
1.071125695294286367e-05
5.088727670298024010e-05
1.912506061953048175e-03
7.192148152342134337e-02
5.453338386060267717e-02
1.880863629049420865e-02
1.001072138190909830e-02
6.090842212289479356e-03
3.026043691116102677e-03
2.543526866358142291e-03
5.713598475041873313e-03
2.564443636476428871e-03
4.207689116943517070e-03
2.678185496773110089e-03
1.618071248666847319e-03
4.788805848990703405e-03
3.399491795934422682e-03
1.101478407594570238e-04
1.234709506476003483e-05
2.388036954193580415e-05
5.816273013636917392e-04
2.572734035648040901e-02
2.309458192803793067e-02
6.117273264490125442e-03
9.540799772153985697e-03
9.843975463904841225e-03
4.010977255700097261e-04
2.434569586526918105e-04
2.169756386965204786e-03
1.362444134294725278e-03
3.150624629139055829e-03
1.461833386985238832e-03
3.431499013328044578e-04
1.296553334639732142e-03
1.473610232720545940e-03
7.468624332743454576e-05
1.372743266538204857e-05
5.959967163274308341e-06
3.996263918915451469e-05
1.003360896766654006e-03
2.524101326199563403e-03
4.789757822855659000e-03
1.124660013997469399e-02
5.596847515407467853e-03
2.092301287035042894e-04
1.500042993678941852e-04
2.250652098295692887e-03
2.366496269938283582e-03
1.963917524401237198e-03
4.345474143092399903e-04
1.871127184198844752e-04
1.701544132241230483e-03
1.290530316655890113e-03
4.429402478175768006e-05
1.180702192397311529e-05
9.479433549046134363e-06
6.337363598099890732e-05
1.998732265898564911e-03
3.815933068949833341e-03
2.670980495313314985e-03
4.668675578679361109e-03
3.732819695575718619e-03
1.312861526150374157e-03
1.546556508883259245e-03
2.098567354130520448e-03
1.085012541306684154e-03
2.091504745511129661e-04
8.338383304041765065e-05
5.910102913647259605e-04
5.334597811150803594e-03
1.825503685609755188e-03
7.528260374423390293e-05
1.898784492115122537e-05
1.659440584154650333e-05
1.246041184816620102e-04
5.656841095998291040e-03
4.330683534526913285e-03
3.455403766707710461e-04
1.359684989419660027e-03
4.408028572613527374e-03
2.023687259539792577e-03
2.739454802511109757e-03
1.430819219012868446e-03
1.320478095363608649e-03
2.191859468849654516e-04
1.124565593835033262e-04
1.095823528605042877e-03
1.347975785505711862e-03
1.891844783172669079e-04
2.870632137037525691e-05
1.992506139647701356e-05
1.349293552962801950e-05
1.215884820129894947e-05
7.722634002766685295e-05
3.953604337238619294e-04
7.768526598662002774e-04
4.213863553576811978e-03
2.211529024901830870e-03
1.106219860687990660e-04
2.223392731388039467e-04
1.378784403180469131e-03
2.154389163660074685e-03
2.613294536423928336e-04
1.529805750456401090e-04
1.203588345731725377e-03
1.693902131380241273e-03
1.149862296733340349e-04
1.119362040191922775e-05
1.459802375512664468e-05
1.380147972180128845e-05
2.333071012872779822e-06
3.040730139441192059e-06
9.822811388346158919e-05
1.183042214315445850e-03
1.314685317434747007e-03
7.047431397360834609e-04
1.436021455484677264e-04
5.519321777039523430e-04
6.221460261553537346e-03
3.486738084810443901e-03
5.512684924222464736e-04
1.665133069233392521e-03
1.152536969010746482e-02
5.336597051850792972e-03
1.393178350304201570e-04
1.020796072026595580e-05
1.535077018954419137e-05
1.499838241331889762e-05
3.613367428376812774e-06
2.170134884605335335e-05
7.064026644078465200e-04
3.784512929993686628e-04
1.643382508408253357e-04
1.333406202333343744e-03
2.704216548832421522e-03
2.059355260702802788e-03
1.415716322165208596e-03
2.424484619247709721e-03
2.232825918195313099e-03
6.350778241040314076e-03
7.398567120634776464e-03
3.244951650820178824e-04
1.420322186556155471e-05
6.788758157045107742e-06
1.801984689721681588e-05
1.029179824255531782e-05
4.402275346488727326e-06
2.764788700917385450e-04
9.458692700314954779e-03
2.523868213729975091e-04
2.680749927842339674e-05
1.144244565623207875e-04
1.138209591538850507e-03
2.642644883083202032e-03
4.027978302937640668e-04
1.822881412914954336e-03
6.437389296456356817e-03
8.214147016239820021e-03
5.264504167227473767e-04
5.777668983063316987e-06
2.125906284097087951e-06
6.715912637704204068e-06
2.141629857174914161e-05
5.508864769947043284e-06
2.291036055449536680e-06
1.569478219774869438e-04
3.480833869486995441e-03
3.188373190273395227e-04
7.579088264358073293e-05
1.892031329232791385e-05
1.087406297226971568e-04
2.867374853605051451e-03
2.013181481953847662e-03
4.637974627230299386e-03
6.158312723817594390e-03
9.673319812297199657e-03
3.231065727307480063e-04
3.010462096582265223e-06
2.679476186279166539e-06
9.998754555223633098e-06
2.318654362702440960e-05
5.630933064974255001e-06
1.268589611778829900e-05
5.711194110109025363e-04
1.234227998837298963e-03
7.225182159902753714e-04
1.717892078815082442e-03
1.136085998372149874e-04
1.331759541633468016e-04
2.787352183368489115e-03
6.579315279663882840e-03
1.129600722027675544e-02
6.797585125404717946e-04
1.517690404712619787e-04
4.466516899542613973e-05
6.044750782455738981e-06
6.689260024133358025e-06
1.255916176634244057e-05
2.177842765592807937e-05
8.240827869450983344e-06
2.091042493087984276e-04
7.424262378071898490e-03
1.066579363315217329e-03
4.434357906912771000e-04
2.037063708348297100e-03
1.293239178936508686e-03
5.068744954128329323e-03
1.374053564370692274e-02
2.473656005754009974e-03
4.028611271660912166e-03
1.979862009474519407e-04
6.086958231767030805e-06
5.788353691527881278e-06
8.729544149975543917e-06
1.155710889246265821e-05
1.346112637279594767e-05
2.124549569326402405e-05
1.107579748596305274e-05
3.404939757263011684e-04
1.060702640635979334e-02
3.418620261674696053e-03
1.228755379833723063e-03
1.855746678468148548e-03
3.404852490882740584e-03
1.501651053520966853e-03
1.789241930623598916e-04
2.291579765941293377e-05
1.103553861381192513e-04
8.905878444096947035e-05
1.070982713827739431e-05
1.101725529709082512e-05
1.983711354201756448e-05
2.195188945727679345e-05
2.153518462613591576e-05
3.168966461654112402e-05
