8.033528356177784110e-05
1.764773741463837673e-03
7.555062218264578695e-03
2.902863094587030800e-03
8.660481067267732655e-04
4.178512367197004902e-04
2.073696859867432771e-03
3.770535661932381075e-03
1.838935644662082001e-04
9.674899913567547974e-06
3.262285162973229091e-05
3.947722866560477697e-05
9.260705522250880606e-06
1.059586155969037214e-05
1.761448941082842024e-05
1.792109659689724270e-05
1.721289804957555126e-05
2.732957421660758065e-05
1.133105138452661527e-05
2.135293966415692610e-04
1.087691662454481553e-02
1.075073481593644305e-02
4.848630098215774530e-04
6.644424855338151989e-04
4.465242407029829455e-03
7.814325122600853518e-03
7.029483963589608711e-03
1.012238753245766048e-03
1.221662323115350543e-03
2.599169383618024414e-04
1.051209907745007482e-05
5.720105978971314665e-06
8.812573251399724773e-06
9.741547135986853754e-06
9.854510896815923946e-06
1.725873884752511259e-05
2.993639186171103103e-05
1.671190860710806796e-04
9.902521240949041167e-04
1.675953383954996044e-03
7.468505029671628935e-04
2.547548082568678197e-03
2.901099082705761376e-03
1.648980210101555488e-03
4.467083352972847296e-03
3.580258983078103089e-03
5.825634462633589965e-03
1.778612219221316825e-03
8.576040847672173175e-05
1.211293430898346882e-05
7.295953784784910878e-06
7.914078263327029882e-06
8.978654603261637329e-06
1.726272366013432055e-05
1.372743391247873074e-04
2.756219791895432765e-03
3.760619067500337986e-03
1.758152303854789225e-03
1.313699394712544754e-03
2.647109470486108760e-03
4.985644387651378892e-03
3.772096443735281981e-03
1.464676311099998452e-03
7.082059429029661547e-04
1.409165540472590060e-03
6.223603243716045903e-03
1.629549428314516551e-03
3.429207290608606495e-05
9.839035192742434457e-06
1.092848338720708732e-05
8.578657796339132010e-06
1.687570457271756239e-05
5.486130452783278947e-05
1.173858878335502266e-03
3.123747709086772441e-03
2.670696437994779949e-03
2.013703379216636759e-03
1.929888806628358554e-03
9.029881041827196022e-04
8.051721562297651765e-04
5.358036950120618515e-03
4.466225167794228047e-03
7.211866455679022663e-04
9.007418973778590424e-03
1.161274495674634137e-02
1.379981151719990155e-04
7.484043284580080919e-05
4.732915069733784177e-05
7.661111510620178725e-06
1.231860105940976471e-05
1.044140169935215600e-04
6.341636824946810837e-04
1.212830652391040957e-03
2.538069124063856846e-03
2.302422609294662182e-03
3.065075154896278100e-03
9.663500039806118902e-04
3.879084804085673245e-04
3.363919629603632187e-03
4.339371393851302987e-03
5.870343324910671807e-04
1.757400480026907871e-03
5.054805496184615853e-03
9.515523371537091797e-04
9.401827296095274355e-04
1.319510156386190052e-04
5.912383741233357284e-06
7.963734197130249891e-06
5.268832201368458488e-05
3.809997137291642869e-04
1.800515588690280912e-03
2.163588815806011430e-03
4.272187184744086447e-04
2.790642282766914238e-04
1.079110971310210743e-03
3.160598341433428111e-03
2.740953943213285220e-03
1.862036756604298167e-03
4.090541640091000658e-03
1.715265762251200633e-03
1.437429258887646831e-03
5.578422561792531313e-03
4.192822013712889026e-03
3.894501960411867630e-04
2.447357412068283975e-05
1.287404233319482694e-05
6.967369386248945632e-06
7.692154489884501655e-05
1.285292938914943135e-03
2.084707686908396796e-03
1.228273548681869899e-03
3.970318502709080442e-04
5.740439531368340996e-04
2.469054675807464284e-03
4.270058205141820384e-03
2.853748198436451434e-03
8.636112884830857497e-03
3.509386287518900804e-03
1.541612162943754773e-03
1.257162367991649862e-02
7.889551149034794778e-03
9.707992484239621198e-04
9.654361327085438788e-05
2.348502858931156146e-05
5.393410614785555789e-06
7.302037755182228700e-05
5.142868963733638558e-04
3.312825921649183007e-04
1.592829981525987690e-03
1.893912480161437720e-03
8.731226772135690156e-04
5.506966555085061324e-04
2.520396955822198568e-03
5.305801127153629386e-03
2.795434598633634270e-03
2.159242673146477380e-03
7.389106752277855347e-04
3.604875695182879151e-03
8.644265258448890696e-03
3.366136013378690775e-04
1.211040030464026327e-05
9.036069635712126692e-06
5.551930840404395772e-06
1.347216539287766337e-04
6.583735043196476408e-04
2.854399390632495403e-04
2.270497594059170138e-03
2.266026281059400991e-03
2.548057385031997878e-03
1.210326500132855119e-03
1.822285679105369255e-03
3.435115245666930679e-03
1.547351771846520920e-03
7.232236396276117349e-03
1.228347014010311867e-03
1.016805440426176398e-03
9.123196762014573052e-03
4.158946232501772563e-04
6.253288829103685244e-06
5.998498372582675510e-06
6.870537978316662449e-06
2.476951462153538226e-04
2.425453552396085195e-03
3.082533553986709085e-03
7.461985630482324307e-03
5.836815175347434244e-04
7.427005934143341651e-04
7.742015408727690676e-04
6.598681020180717028e-04
1.009635222048891907e-03
4.536526046153611675e-04
2.040312186543950281e-03
1.494374263610599414e-03
9.939156824397335759e-04
4.066621225358751056e-03
1.610385959049131545e-03
6.112505130441070662e-05
1.509635188180345929e-05
4.012698032173966705e-05
2.019644876484131494e-03
1.588151132065976703e-02
7.409505658844871279e-03
4.402410742605908887e-03
1.254358604302108909e-03
2.291548440458049396e-03
1.283582916448058843e-03
1.275772598823056783e-03
3.024692226725235206e-03
1.109591877531857992e-03
5.112200003227889431e-04
6.744978645135021574e-04
1.651473751965418409e-03
6.760766385301238482e-03
3.267324938698496373e-03
7.731296236006710509e-05
1.038619968018886916e-05
5.404380600119141850e-05
3.376556742331504601e-03
3.993618795726711079e-02
9.784275428464489846e-03
7.371807583519124699e-03
1.207803449004156947e-02
6.337887144485685950e-03
1.632129142512129660e-03
1.935742921335758615e-03
6.632050708206667367e-03
1.011266075084411332e-02
3.552649437837883308e-03
2.708354880624462297e-03
5.209802291237498016e-03
7.597732651947084262e-03
8.578503761353488410e-04
1.886066752018868636e-05
4.322306549361190980e-06
7.317828038310235887e-06
5.277154106661519073e-04
2.302895584193219089e-02
7.436157959579419059e-03
7.873660997969818970e-03
8.713880451646971795e-03
3.654608977908605817e-03
2.277176411112839631e-03
1.405610304354000398e-03
3.651323450406454042e-03
4.707956241170808270e-03
5.428579600085198329e-04
4.777000559318246120e-04
4.360426834683317834e-03
5.746178404355166761e-03
1.064209871869737202e-03
2.480989169544423707e-04
3.408423213466639599e-05
2.503378355669600273e-06
4.294794360885214804e-05
8.015543192515752662e-04
8.656867381615877951e-04
7.295516338439179613e-03
8.615697297686072259e-03
2.308041058545920107e-03
7.222683830299786965e-04
9.040119480944919413e-04
8.155657748362615117e-03
2.128845681739001926e-03
7.944458915156671851e-05
3.899701634184474025e-05
1.022115636779865255e-03
4.133340778725199012e-03
8.377238559159087480e-04
1.106557685289063543e-03
2.140141606874586201e-04
6.875619074703200212e-06
1.016652770156852622e-04
2.900974647892772158e-03
4.330211743432647517e-03
8.341009363352523340e-03
7.380987298097671859e-03
5.018125209274628025e-03
1.569916715611009228e-03
1.947663449366195381e-03
8.913437832495931315e-03
3.686505352741909543e-03
7.015849803737661062e-04
7.063960321471469549e-05
1.058086738202244307e-03
1.229509445894727028e-02
2.688220182168920202e-04
5.418637802298142682e-05
4.623854509824028151e-05
7.167406081911341079e-06
7.603841872928671043e-05
4.004715001083322505e-03
6.869026401032860864e-03
3.439759392269812685e-03
2.668029114419072020e-03
2.150164891896187962e-03
1.831334514891819936e-03
3.773486094803650114e-03
5.030749778099105271e-03
5.381302541071333705e-03
4.951907373973133027e-03
2.327770275861284609e-04
1.359741686312923624e-03
9.874936468070182397e-03
7.732975175455668066e-05
4.295595653998419981e-06
1.002358775262641695e-05
5.818228341035015328e-06
2.721427461845558058e-05
2.907021779009275465e-04
4.635959021897330455e-04
7.482837168799865574e-04
3.165171358806290062e-04
1.653384296443340075e-04
7.189442393819782222e-04
3.404369776111027847e-03
6.246805947432962185e-03
5.114175646723606410e-03
5.307015037429089338e-03
2.606447452375700285e-03
1.150310237616950816e-02
3.635032178615413105e-03
2.410459849547438646e-05
3.597772199412827915e-06
1.195636822127428983e-05
2.834409674688220183e-05
2.853092439250648547e-04
7.866895978263753475e-04
5.235997009288359408e-04
6.396963981462225161e-04
6.730339331168891143e-05
1.124275233806450701e-04
2.044155670413111067e-03
1.828972510203608418e-03
5.418339144451062538e-03
9.694992267149014215e-03
1.474955152178750303e-03
1.665956916916454126e-03
7.150399072550907113e-03
2.683077525428806767e-04
4.615489487308398539e-06
4.049666864147151253e-06
1.706091431776619185e-05
6.221497783654727251e-05
1.408404957107542996e-03
3.278581045701406665e-03
1.154927284733195609e-03
9.027038941724322037e-04
1.048040602945790167e-04
3.050630899686512386e-04
3.108908767358242991e-03
1.971427828813900312e-03
5.454147356160606551e-03
7.611068353511247532e-03
1.788991614683909867e-03
3.815920302649699128e-03
6.201647255284031129e-03
1.061861398839634919e-04
3.800901953209124486e-06
5.244776687962854522e-06
1.833026195766699994e-05
1.142945795143890796e-05
4.604264365045547232e-04
7.743956409002564212e-03
1.791517732266114781e-03
3.379898673536971851e-04
1.799018590696148943e-04
1.349175253748938945e-03
2.931399777242503762e-03
3.706001371405299311e-03
5.412058759319679155e-03
8.447315358061917735e-04
1.123119750885143890e-03
4.443879137741556413e-03
6.037227662087612644e-04
1.635141360015656477e-05
4.332981298198550011e-06
7.775998921090724393e-06
1.880382076065957714e-05
2.363437941079783292e-06
6.613400665677525653e-05
6.826195812101889387e-03
4.301794593725319187e-03
9.128524752751002213e-04
1.175006192995333397e-03
1.461574482025245446e-03
8.188490674287876711e-04
2.970842499697243233e-03
2.869288459856877624e-03
3.171550154010006873e-04
4.432572473734701932e-04
1.083287102017831734e-03
5.738277925821436674e-05
3.391704015680473576e-06
4.127674799168463895e-06
9.375219091753941004e-06
1.863806111485986685e-05
2.841893451398479785e-06
4.893466279979046419e-05
2.655159392030968270e-03
1.541028997074191066e-03
8.931006837149708943e-04
2.320265526022253274e-03
3.092753844514195614e-04
1.119867906245336644e-04
1.384065497910045737e-03
4.202635708643992149e-03
2.555006531167003034e-03
3.826784129725804601e-04
1.055166862318299842e-04
2.564058539172342610e-05
6.503008265275649140e-06
7.041077907581707315e-06
1.000181010304380475e-05
1.738548113544728982e-05
1.026479608332890527e-05
2.389077486127815007e-04
6.397779168979723582e-03
6.388830139921026878e-03
1.751376864175723837e-03
6.804903711579587088e-04
1.074718979879919642e-04
3.247224039554882805e-05
5.889050573260799998e-05
1.358323059948458454e-04
2.368750660995450248e-04
3.199262207674248213e-05
6.677830583629754086e-06
8.259741794985019352e-06
9.446064618634450810e-06
9.721651659781684044e-06
1.010854097462374538e-05
1.709557309033330139e-05
1.706864146470980412e-04
5.332351127280545409e-03
1.319449889880253309e-02
6.405480330558052139e-03
3.497649170335833356e-03
2.071244650086942474e-03
1.427423468803300146e-03
1.487679838594593775e-04
1.003478175729511119e-05
4.451091789541825172e-06
7.370638190118684604e-06
7.031278525626475570e-06
7.477099184397285937e-06
1.353882143286712341e-05
1.797675891659614690e-05
1.744266763007403447e-05
1.713857169311982999e-05
2.725250618363098327e-05
