9.999004658786145742e-06
8.994576203914330141e-06
1.502468724981804592e-04
1.527048534533194434e-03
1.483264683210473364e-04
8.957996689746454340e-06
6.101588759044625656e-06
7.845690979008630104e-06
8.172407041045741806e-06
8.096863431498719813e-06
7.903278233602680376e-06
8.383300208176029295e-06
9.409293324617046335e-06
9.938051042489994845e-06
1.053807766642734764e-05
1.088385469253363125e-05
1.123977039358275783e-05
1.551826996582368230e-05
7.301742247945006231e-06
5.799390143923872641e-06
2.457823451437119022e-05
4.645812255217150342e-05
1.581208122480956641e-05
8.255685555130169283e-06
4.013132044602355139e-06
2.169810603309097558e-06
3.685076661827161579e-06
7.849791877103095631e-06
5.287505598129966158e-06
4.138156525736418266e-06
6.449674293689879620e-06
6.131066843589914135e-06
5.507509357836273252e-06
6.577778422294477584e-06
7.558719300761117832e-06
1.114718465893190884e-05
8.891528831716334486e-06
2.233284369643200542e-05
5.821928070965570799e-05
1.156130107611056898e-05
1.441700034229310809e-05
1.015411327313381638e-04
1.733815862051359049e-05
3.375127906113461223e-06
1.854286465776939133e-05
1.452040459613881929e-04
3.495213504272137663e-05
1.576641256393218632e-05
5.288438144936026140e-05
1.775488631645333876e-05
4.195271912793765645e-06
4.911636588019002196e-06
7.192091465367146421e-06
1.096950381178438144e-05
5.797588233149668358e-06
7.270414556021999222e-05
1.506083309499699164e-03
3.695431822533175358e-04
2.707221618075563276e-04
1.105337083718356756e-03
2.179809082488973389e-04
1.113123210949158547e-04
3.141738370095531409e-04
1.098411269413823374e-03
1.357943615670592326e-04
1.276279007484028977e-04
1.695987417454429026e-03
1.170842517698174432e-04
3.429826316522732756e-06
3.303858353633043043e-06
6.902795401176012544e-06
1.150032317852049649e-05
3.164298702354402485e-06
4.940441208483623518e-05
2.256934152782724343e-03
4.587954036306070120e-03
2.882286115907431185e-03
1.290046877483307574e-03
1.499288108569468616e-03
2.232106115646550690e-03
4.506561182711522201e-04
3.329425781001860737e-04
7.771157023192415436e-05
9.948162969209508905e-05
1.432486931174156838e-03
1.291467026553246174e-04
2.912283104342507261e-06
2.332664942009274810e-06
5.982819861712302688e-06
1.156355854358162596e-05
2.108008734745438822e-05
3.112556266001510795e-04
1.406855755157984363e-03
3.710332032588541454e-03
4.113690438251859857e-03
1.016648990798839662e-03
2.520871920306539359e-03
2.534535409486020699e-03
8.788355295822817929e-04
8.473652915054547463e-04
3.861687813488165325e-04
8.250178210302135887e-05
1.883952976895974477e-04
2.254914957602394197e-04
1.566067483066792466e-05
3.387961824645281144e-06
5.156234619374094830e-06
1.111642317274625612e-05
1.192779041022676371e-04
1.298265140970156174e-03
1.949644426946460334e-03
3.166564728712862806e-03
2.011018061789677375e-03
1.103964226927522593e-03
1.190257206833520050e-03
1.232480153925273559e-03
5.689535914806255826e-03
1.613210906402855888e-03
6.931989435465961196e-04
1.366766578781924513e-04
1.349246114975737932e-04
1.245519832985242251e-03
1.459783885922678512e-04
6.580294777242085749e-06
4.877464799148674815e-06
1.068568778549362801e-05
2.211497601771540461e-05
1.188745103008349277e-04
8.913839250017898319e-04
1.677382566387499233e-03
4.089087476800577683e-04
5.028951732926827773e-04
2.200950227161665800e-04
1.331384563441032781e-04
1.522708512862881074e-03
6.543389456110126380e-04
3.763420664909005635e-04
8.476040138766147939e-05
2.734550189970611162e-05
1.197529828161246414e-04
4.117064667173275100e-05
5.659421634023957369e-06
5.202178535970977260e-06
1.077468818246005584e-05
5.556622481684708403e-06
7.042619125057477736e-05
3.076226478853590074e-03
5.486535360225093527e-03
9.877319874980511512e-04
4.465001510579320160e-04
1.973120308190925282e-04
9.366509090139321593e-05
4.618705775227233503e-04
1.222070908333245005e-03
1.043421737765103021e-03
2.565720321206689135e-04
1.986342866638344574e-05
6.242089629257456819e-06
4.907046923146503506e-06
4.654163790825312896e-06
6.346999266523058146e-06
1.112631190350502240e-05
3.162438528040347138e-06
9.468902712924676666e-05
4.161874017879536695e-03
4.514603286138017639e-03
5.485177673799350451e-03
6.617329091449338473e-03
5.008010142998399819e-03
1.740281356232969761e-03
1.846662537325300139e-03
2.274722634238887393e-03
1.352016050871470169e-03
1.317846270323976866e-03
1.036026650772632699e-04
5.153448424391031040e-06
3.421700608189202890e-06
5.845746464678777247e-06
7.650903574863322589e-06
1.128930945818041618e-05
1.075158644531004324e-06
7.850025855429693393e-05
8.697963509535033486e-03
2.957728552968399115e-03
1.185755552177208180e-03
3.183909430959654206e-03
6.473364700454970616e-03
2.043707500119925583e-03
2.065545049420704736e-03
2.868375332735574601e-03
3.469469846522695890e-03
1.696613020867100176e-03
6.180035922276219760e-05
3.363294929081910391e-06
2.488274001876757862e-06
5.289263641160309504e-06
7.744049297701423206e-06
1.135529395856745431e-05
2.388863212329440412e-06
4.434132709377262252e-04
6.083627376046785856e-02
3.238172624444120989e-02
6.443340591895599032e-03
1.904688860007201388e-03
3.175343520437167930e-03
2.192679660191655146e-03
1.868749557859268389e-03
1.101267186410373423e-03
5.779894436720678548e-03
2.522675678937847613e-03
9.131725504988638241e-05
8.018900993407899834e-06
2.292750216142953885e-06
3.330061518198387454e-06
6.536279189299993022e-06
1.133800528947180469e-05
2.440238524298681452e-05
5.645889119096105663e-03
1.761787774685761587e-01
6.571628304448512425e-02
3.777601116412578064e-02
1.511798655816939604e-02
9.880688475721131209e-03
5.563073855927103475e-03
5.332069146670994839e-03
1.297969008302383900e-03
5.986252726923342767e-03
4.154308055204645328e-03
1.208234881902118477e-03
3.646433672005455762e-04
1.547551608203396348e-05
3.659842145990016324e-06
5.507065431686361632e-06
1.106125184175349889e-05
1.683498894764959676e-05
1.977779486490327445e-03
1.181241267124392008e-01
4.058899201330594397e-02
2.063421617647843986e-02
2.991633277854828521e-02
7.838830018210033931e-03
4.177661632694093345e-03
4.605876235676050791e-03
1.863103166921465650e-03
2.867831871188989811e-03
3.149797804415203364e-04
2.954214196456833043e-04
1.415607374304463009e-03
9.630469731135598741e-05
6.519624457180129502e-06
5.444955621910913013e-06
1.081057672715068743e-05
5.486681004664214904e-06
2.146480541857185567e-04
1.187469946943851135e-02
7.052123209943341776e-03
7.817233824371083370e-03
7.125303473186266577e-03
1.387704657585011637e-03
4.507130363244540167e-03
3.673745603393981877e-03
1.872045130433812972e-03
2.533671461644037160e-03
5.829997575316930202e-05
1.131350993772670696e-05
7.316599720597860806e-05
3.437382745835413235e-05
6.714636249008978275e-06
6.023815961811197118e-06
1.108550011231721170e-05
4.166061592704326770e-06
3.997209304349408192e-05
2.422457910847361767e-03
4.591114377212706689e-03
3.792977648356752295e-03
5.382085724741132553e-03
1.083000337370196861e-03
3.737091949051641205e-04
2.148340862735926096e-04
5.794510685180308002e-04
7.735001342968520583e-04
1.912629483824919568e-05
1.992692249410205500e-06
4.394117434476138738e-06
5.600162179797940927e-06
4.719791620412459087e-06
6.448697312558161861e-06
1.159043653040140995e-05
3.318031959648133761e-06
2.935525156510880173e-06
8.389868380469726178e-05
1.258430174389172426e-03
2.187832686261138859e-03
4.988921092222518144e-03
6.040777122832315929e-04
1.897281038858967961e-05
2.588380658056866826e-05
1.037003749171977376e-03
1.491592540443730484e-03
2.069594226522088060e-05
2.528538604224422942e-06
4.612924549478212277e-06
3.543616755692951882e-06
2.780729348233631231e-06
4.753418887417711435e-06
1.020595531617780608e-05
4.906831420007754820e-06
2.074529165875382316e-06
4.683032471586341406e-05
3.194497354480834144e-03
7.034993312869434155e-03
4.652444975873256706e-03
1.744468936105257649e-03
1.767057698219442108e-04
2.921499880518905058e-05
3.467704732042425431e-04
2.269603176753981922e-03
8.630307068563324003e-05
3.113872007882718517e-05
1.085026392719462096e-04
1.803313529537841451e-05
3.968710492604911284e-06
4.413220672613963332e-06
7.580593301130958967e-06
6.577292555191914690e-06
3.746400745770796897e-06
9.496079040427370100e-05
3.918212361677756231e-03
4.516056278298773846e-03
3.408550695806934414e-03
3.697727647859915066e-03
1.152257015117512558e-03
1.253505262739297468e-04
6.133479292987365763e-04
2.909814411713075241e-03
1.434273804456602259e-04
1.615999083209958200e-04
1.234295608031920439e-03
2.873555210150328639e-04
9.804535080699245102e-05
2.801280382159936210e-05
8.000792888534682929e-06
5.154179187807685430e-06
2.571006862655449067e-06
5.042330647558732797e-05
1.501695337061007517e-03
2.313021208877271556e-03
3.257012168233077744e-03
1.297272354587947034e-03
1.596501900839250587e-04
2.279787543350595769e-04
2.944422027953575143e-03
5.885684170034383243e-04
9.423059565725090065e-06
1.311704690900127707e-05
9.340850443448178557e-05
2.798649742541526155e-04
1.244542083754343912e-03
1.642002822419378629e-04
9.777494889624693971e-06
5.985813872439999589e-06
7.277289221468941525e-06
2.653093590238113082e-04
4.054124113668864347e-03
1.534869959742426277e-03
2.280669342588215100e-03
2.487593869085958330e-03
1.030835588915009524e-04
4.045317774066541403e-05
1.301213982354483306e-04
1.209180464446893217e-05
9.009718119869176380e-07
1.501402643024633931e-06
3.808154050899726646e-06
1.740210172421819792e-05
1.226169760586143915e-04
3.813085018760186784e-05
7.487180440396997838e-06
1.040348433704167978e-05
4.409742374154807041e-05
1.651661665375607707e-03
3.454212871879741922e-03
3.370658397342728391e-04
4.387709699105277086e-04
4.391957076878632519e-04
1.997046195184291149e-05
3.968231649971182042e-06
5.320809498473891524e-06
2.866111944947780837e-06
1.993474451940332166e-06
3.096242195226119216e-06
3.236905520713460927e-06
4.048180961803373820e-06
7.045038695601701464e-06
6.023335534117217437e-06
6.978923430540461947e-06
1.001047284801972898e-05
2.032450937442006851e-05
1.046931695266420414e-04
1.086440161677492669e-04
1.770489819174012459e-04
9.818365730214161612e-04
1.161965770610578840e-04
3.525449495212365375e-06
2.044958119272901014e-06
3.978239256022367997e-06
5.090201191532032159e-06
6.028489582049519741e-06
7.031334679989773282e-06
6.302390252598332855e-06
5.238824645135726089e-06
4.866932787862011425e-06
5.324201671210715132e-06
9.348432469362442940e-06
9.005000571064686028e-06
5.450356828251015710e-06
4.476084978479500847e-06
4.208023899748211909e-06
2.689937527193174904e-05
2.108540858516930617e-04
3.647387513251371181e-05
3.861774613422899987e-06
4.081760967277933537e-06
6.801014985789242663e-06
7.667911132716852488e-06
7.800122103856336228e-06
7.871648060893033193e-06
7.691025363408443869e-06
7.292848959740830383e-06
6.848432841209082840e-06
7.234738869348187105e-06
1.133213825002383799e-05
1.500786279686901351e-05
8.853389390146743865e-06
5.901568760081847662e-06
4.218859976102111555e-06
5.833842932410016715e-06
1.015826103647802337e-05
7.956764637968423925e-06
6.851300760422171548e-06
9.729670320424007866e-06
1.168998219302925989e-05
1.138408542149885702e-05
1.100846531501152155e-05
1.094594491313231699e-05
1.103510869242008705e-05
1.107706743394901669e-05
1.083838375004203146e-05
1.122746211132307188e-05
1.573718674487114549e-05
