2.458495303549597887e-04
3.298624155329166197e-03
1.197587663627379352e-03
1.887362707061439196e-03
3.847077786250800106e-03
1.394179385056023310e-04
5.009177946479880249e-05
8.976902533905213263e-05
7.065818292502162000e-05
2.179981733554144780e-04
3.779083195333126114e-05
6.094163334685928347e-06
1.073204756607783627e-05
1.713892379127177130e-05
1.774460169938803916e-05
1.511193542772091056e-05
1.404169880263792874e-05
2.250543363975409509e-05
1.466383162974129821e-05
1.233898240608119999e-03
2.887524854490924019e-03
5.179568055142960790e-04
6.125334518441660986e-04
2.602720737129999825e-04
3.947660598305246572e-04
8.949115827886211516e-04
1.443569880453137930e-03
4.934568666574144259e-03
5.568406790324604292e-04
5.984898044724417147e-05
1.516189415905912982e-05
4.722473777564667901e-06
5.044640529767302484e-06
7.981584137906741469e-06
1.007607129943775016e-05
1.161821589603582532e-05
3.129024731061370645e-05
3.608095622130909688e-03
3.007131881872893847e-03
1.856150023858979883e-04
1.008019978867550790e-03
4.165281788640207671e-03
1.836701780111195522e-03
8.471603071977087994e-04
1.512413646450811279e-03
2.889230311792572673e-03
5.001402881505087952e-03
3.850393734100494500e-03
6.911250549227564003e-05
2.555993019871549415e-06
3.579677715864157789e-06
3.609422941233415144e-05
1.559402091064261860e-04
4.449043014838968154e-05
1.320378216117355926e-04
1.168974192455958863e-02
7.706117669389353150e-03
1.272972603241595167e-03
2.287135153605364141e-03
7.873798894156286768e-03
6.149378420770719098e-03
3.045004684211560265e-03
1.476705812809302534e-03
4.007000748809199145e-04
1.259142068805380868e-03
6.259096051083852010e-03
8.173443566111640059e-04
3.916707936561519430e-05
1.235464991234913602e-05
1.433889944015772115e-04
1.582611275031454686e-03
1.825965601278690118e-04
2.173251967252750238e-04
7.856176875902686624e-03
6.195843481095753870e-03
6.260094453654551326e-03
3.194746265990265881e-03
2.602007473597085091e-03
5.058477703950632620e-03
7.614038053422542487e-03
2.721362907171362075e-03
4.207069748714716549e-04
1.538445623800882849e-04
1.475408904959758490e-03
1.205355876147423851e-02
1.927618782728246234e-03
4.313590112084400612e-05
2.720953223771743697e-05
1.315222946680205532e-04
5.246101344927747663e-05
1.742140369933133429e-04
6.467038829991571605e-03
2.596183755516797732e-03
7.172360275766211102e-04
5.895826328431892638e-04
4.902965816446432394e-04
8.484475750420850245e-04
2.427554579093061000e-03
3.053098505212830088e-03
4.528016351603995210e-03
1.548085223103318198e-03
2.151944025670045769e-03
7.675874581859106101e-03
7.136150999567019391e-03
3.294365762447755918e-04
1.150786111949579852e-05
7.036169701138919929e-06
1.269941842849059836e-05
4.596442068520938091e-05
2.363049858062269120e-03
3.320813406342306741e-03
3.785715890246727508e-04
8.631908805417228773e-04
2.198794854815751178e-03
1.539595882539451181e-03
3.208149811761977933e-03
2.900601562439367696e-03
2.747188867579075221e-03
3.913732551699413212e-03
3.203631280215767010e-03
2.929796744918089588e-03
7.395152371207181635e-03
1.736493502051264471e-03
1.565308083922660985e-05
1.920594560517383016e-06
8.592976387237435761e-06
8.624975274112907261e-06
6.412023161186476748e-05
3.589674414681364822e-04
2.240835758742962497e-04
8.680062149433285948e-04
2.229841613280242763e-03
4.747006593119127826e-04
1.699517384800637099e-03
2.903157245482641119e-03
7.315069934089508431e-04
2.018728928248333249e-03
6.159252762859297042e-03
5.779037651779815772e-03
3.564928697387796577e-03
3.164457849240145514e-03
3.813774033174253600e-05
9.475917440017231334e-07
5.101063854473646129e-06
9.211455975833936007e-06
3.371320399629182391e-05
4.518074376140923491e-04
1.201028742894667259e-03
2.579472725830428068e-03
1.232876452733628302e-03
2.297207702884908320e-04
7.249439079780602797e-04
4.960732825153057243e-04
2.305189096228275859e-04
1.255200122550138159e-03
1.827674409097132958e-03
9.811849288094041336e-04
9.045945507715531407e-04
1.253534276093189702e-02
1.003974521151348347e-03
6.570718679056084735e-06
7.300926498871192906e-06
8.273070518164829678e-06
5.439665534643187166e-05
8.919233148791780481e-04
3.602886545598366855e-03
5.994009168872609268e-03
5.529058520122941784e-04
4.551103638889108637e-04
7.805426837819179776e-04
3.366471263890825400e-05
4.930541795501798314e-05
2.398875428782823883e-03
1.805935286428054501e-03
1.697591741470130930e-04
1.891355045318431679e-04
2.275454919398158839e-03
1.179008909242540036e-03
2.978024824970436880e-05
1.033333487672059095e-05
2.175351635470799926e-06
5.701344400608013703e-05
1.672973182520131946e-03
3.311805527974081252e-03
9.006074397254070982e-03
6.485528595648862218e-04
9.136092685511620079e-04
1.701118396377593019e-03
2.949810726868238521e-05
2.783213406274074046e-05
1.918574335338605122e-03
4.087632826701899542e-03
5.804071855541831446e-04
1.509455048116270124e-03
2.945052845922232522e-03
7.040468083466816388e-04
2.738906411213496485e-05
4.905017942383467608e-06
2.930706694525556509e-06
6.521394082745689226e-04
5.891664961966262826e-02
7.933291329424446356e-03
5.906293567618517253e-03
1.317650310677928550e-03
2.658763642608278949e-04
3.832503266510365876e-04
1.048169993395346613e-04
9.352683383111046666e-05
6.042091432881549701e-04
2.048011784007081667e-03
4.971096655539175612e-04
1.431955599023931316e-03
6.396658126996557746e-03
8.042652540971213099e-03
4.705856360755892079e-04
1.585638157265185791e-05
1.834323021027843253e-05
2.162590274200329368e-03
1.601113421263167802e-01
1.529540880023764690e-02
3.435240456139538896e-03
6.488348692905361245e-03
1.328058342313724041e-03
1.098053751259561164e-03
1.035944762154238823e-03
6.336888760288589186e-04
9.296848869842059843e-04
3.212327326472168808e-03
4.212136548541175812e-04
5.546105079056417838e-04
3.467102116739707862e-03
8.470635009074377331e-03
1.774326989364683393e-03
7.185790262416391573e-05
9.257698449293039103e-05
3.960828998802373713e-03
5.099768856213115348e-02
1.092467601946573753e-02
3.646684956905375113e-03
4.420785754209418002e-03
2.242877227098625820e-03
1.622375686284781510e-03
2.114639582108952375e-04
5.581398886577535211e-05
4.359929627804691281e-04
4.375974179872112353e-03
6.048868194188825823e-04
7.641912278931403419e-04
3.136829774563372041e-03
1.221035276406299630e-03
1.666138380124092201e-04
3.153329412289421668e-05
2.875651049200099042e-05
3.944741430733568368e-04
1.509131187785004487e-03
1.351990921739954941e-03
2.135154446133428162e-03
4.897346758456333883e-04
4.338553273301429432e-04
4.188191530742917568e-04
1.972799956660245489e-05
1.190633732674927425e-05
4.837388127333018236e-04
5.260399508792355273e-03
1.020282171945308429e-03
4.928697581333271131e-04
6.365211762140617069e-03
2.652557789919227950e-03
4.772907705350720736e-05
1.155735899790865534e-05
3.805660045550328374e-06
1.038211033250215065e-05
1.050786477084249119e-04
2.139543980364173349e-03
7.699836571342820110e-03
6.311158135926150633e-04
9.224024062162959614e-04
1.851408122093855125e-03
2.761878846817856234e-04
1.344513732645728191e-04
7.355522088340879288e-04
2.379292084264949484e-03
2.146322883467541298e-03
5.007711695147014364e-04
6.441290968706919057e-03
1.805819363884665412e-03
9.845214747455955731e-06
5.425790741859056557e-06
4.112437328381444869e-06
1.457181307289316401e-05
1.899741321078564544e-04
1.961065886528827462e-03
2.657334529078187423e-03
3.285003402415798265e-04
4.023439828495307046e-04
1.310325703689560820e-03
2.738830170597738450e-03
1.492641303262265406e-03
2.051315179435320938e-03
2.501389839599079627e-03
3.802531593586298223e-03
2.499855276303083323e-03
1.136647871361069762e-02
1.523314905005384873e-03
1.473740089612640315e-05
9.664664809408350893e-06
2.357819365233577836e-05
3.660259798677398648e-04
1.389007754719981435e-03
1.128582188110644185e-03
1.287034594246347060e-03
6.858864851696704155e-04
4.778093767581989039e-04
5.440684203910835801e-04
1.923969687515709277e-03
2.365140038484851975e-03
5.316178348187217302e-03
4.863707965548735683e-03
4.569470726915207670e-03
8.682367423920134969e-03
4.306041817665209014e-03
1.946040448826052234e-04
1.401025361209240304e-05
1.648159486613753666e-05
8.982349703837973025e-05
1.733465628806385656e-03
2.487735585041659248e-03
1.763967108888239320e-03
2.337245319576678436e-03
1.812066939053350902e-03
1.495892411293840100e-03
1.680395311604028930e-03
3.009914575295280850e-03
1.717956272651602551e-03
1.927595813022197572e-03
3.121600699591997163e-03
3.746714183083631536e-03
3.051962339630381188e-03
9.604291184292891104e-04
6.940233697183143056e-05
9.952557576727094418e-06
1.486045023245778674e-05
1.380017551255889661e-04
2.300292173768073069e-03
2.808803134413956435e-03
2.155193111945277393e-03
2.352440185506112554e-03
2.773053150986462632e-03
2.996511537077402830e-03
2.754770860196701331e-03
3.144196669081984405e-03
2.876658887516255619e-03
2.741444555835446245e-03
3.571246669348152134e-03
6.484106903687711365e-03
6.135891121271187841e-04
1.016805302813111466e-04
4.665104252175928436e-05
1.369103561731417193e-05
1.637773929760922808e-05
6.321967561673624120e-05
1.749949522503941798e-03
4.034675620757381849e-03
1.757112545596797035e-03
2.532538830625474628e-03
1.557265457605370215e-03
6.919683529334099813e-04
5.373302420629145603e-04
2.514794903363086476e-04
6.338388058461282828e-04
1.795932924290187874e-03
9.532281066166256589e-04
4.207269885046252783e-04
2.067882856994217411e-05
4.556369492069892063e-06
9.133396295841414035e-06
1.086169459082889266e-05
1.771965985835682259e-05
4.641157840819365552e-06
2.647640598196955987e-04
2.681376290542322478e-03
8.684409703074189935e-04
1.685393046324942887e-03
3.312714398103979059e-04
1.492380146989313048e-04
8.458046211801195169e-04
5.961038582089446189e-04
1.440536300984188384e-03
5.153156141246797994e-03
3.315181996234185802e-03
1.466970340348862595e-04
3.615322358973113306e-06
2.332264583373099011e-06
6.862315528475163386e-06
1.068382739523877144e-05
1.857061509007926282e-05
7.123556910514030035e-06
7.819188683519985323e-04
4.725524360047411200e-03
5.458569121369038222e-04
1.407030212277324928e-03
6.002699204530231088e-04
9.489770244133675589e-05
1.610789747606571922e-04
3.606414776341213598e-04
1.683429382912812310e-03
2.588853003030366223e-03
2.099558823377015940e-03
1.325885352033772746e-04
5.901759679580587651e-06
5.266828935130595276e-06
9.916234523068435185e-06
1.126772651866090972e-05
1.808264128241028235e-05
1.224433363552190337e-04
3.552322566649195566e-03
1.275959177439933527e-03
1.300776833165969175e-04
5.102944759882941392e-04
1.329531892314858620e-03
1.066348731162493129e-04
8.957060875296520640e-06
1.310491894657932691e-05
5.862272925338274669e-05
4.752914937586658712e-05
3.846930511384247643e-05
1.843956217182758054e-05
7.448765778096856417e-06
8.992115064168408218e-06
1.124344935350610090e-05
1.112432512081031832e-05
1.808078157463006804e-05
1.863184757505597570e-04
2.119054010721996197e-03
2.356027506857039534e-03
1.351419771536306819e-03
3.559136221562017935e-04
1.583519968341941166e-04
4.535072951536368353e-05
8.647055389502900861e-06
8.508037791981458854e-06
1.491088279365717515e-05
1.182856799026709136e-05
1.152369229293007763e-05
1.388418710317517859e-05
1.555385484044147690e-05
1.843672378329933424e-05
1.854307896072530275e-05
1.818162702820190716e-05
2.809174379329763959e-05
