7.223043499239518529e-06
5.431088004909390324e-06
4.399946109934325069e-06
3.892913140065040535e-06
3.321890496363879162e-06
5.265754715776932286e-06
4.686098587316843655e-05
2.407260472712821836e-04
4.555116044795227211e-05
5.914277825649603744e-06
4.618849141620348294e-06
6.064222326646149967e-06
6.568882979349624809e-06
6.551610377933599647e-06
6.516063328736621487e-06
6.511404612249246467e-06
6.724760182883141278e-06
7.585653963527663446e-06
5.560510807457426044e-06
4.060562888490994274e-06
5.566124029792041642e-06
7.703410595641051699e-06
4.209274158511060022e-06
6.225291082764719955e-06
2.159259086208083168e-04
3.091942862222300369e-03
2.251202269531139214e-04
7.502868464032287774e-06
3.819288995473808211e-06
5.063953713798979334e-06
5.594546712265852735e-06
5.583514697985272369e-06
5.546233470279620837e-06
5.537428925205868306e-06
5.764148222158264101e-06
6.728112575189420697e-06
4.852601838618107919e-06
6.161894801439753586e-06
5.809399386277774201e-05
2.911525922018354555e-04
3.329202159911210567e-05
4.734953411183542792e-06
3.145021489241909098e-05
2.242471561934233850e-04
4.382425280392308534e-05
5.226309981298064901e-06
3.880058709293773425e-06
4.998530683215220168e-06
5.381999769005642722e-06
5.362410638180287943e-06
5.329549487085929812e-06
5.316947766473093018e-06
5.537339733558554214e-06
6.512337803129979229e-06
4.681968616418706066e-06
7.928718866728636837e-06
2.142697765278695984e-04
2.808607863949331637e-03
1.745735639665167130e-04
3.874007888248340227e-06
2.604935568147078055e-06
6.088917306602544662e-06
5.254515796676922011e-06
3.863262739718240286e-06
4.483692740379117842e-06
5.249087590315321932e-06
5.394184459449009215e-06
5.365088254772331047e-06
5.340781590331265368e-06
5.327735718428953590e-06
5.543190179734467968e-06
6.511986419060956349e-06
4.553512206554035063e-06
3.667100074107577907e-06
2.380360421545697341e-05
5.493316195066278709e-04
5.452815913673243579e-04
2.129295204776130422e-05
2.673817717396064057e-06
2.614859242444332633e-06
3.682621964110833581e-06
4.516995236541676926e-06
5.154512948835284081e-06
5.392695955086887679e-06
5.389431038763967555e-06
5.367333451971267010e-06
5.351992748375272142e-06
5.341863544424956796e-06
5.557777907391136071e-06
6.524350328724103028e-06
5.006319528332476036e-06
2.400132830663992073e-06
4.486676955742812436e-06
1.820357967476536533e-04
2.819360711697389745e-03
2.188004588696821934e-04
7.358402894664853362e-06
3.523177416859392664e-06
4.600736729210770161e-06
5.277305939524313299e-06
5.407916569453590163e-06
5.392321051406055149e-06
5.367565559762102831e-06
5.360601305768577309e-06
5.350946110649422343e-06
5.342997850624502949e-06
5.560046836074046123e-06
6.526532421765742220e-06
5.856911215090572717e-06
3.226370314096881755e-06
3.793985346044947386e-06
3.835057481766622749e-05
2.660620577327210169e-04
5.242249714880487801e-05
5.854669172763546431e-06
4.067400038665289897e-06
5.095818975335663374e-06
5.441712612704767345e-06
5.398619215846552046e-06
5.362083356190052230e-06
5.356340372728850025e-06
5.358990164118421306e-06
5.350881898159470116e-06
5.342935279281251240e-06
5.560228319066894913e-06
6.527358604750016060e-06
5.600977875229387247e-06
4.067824700063858305e-06
6.305262441479601095e-06
1.277613366654485765e-05
7.688818287038212969e-06
2.698470612721394025e-06
2.501113741256282364e-06
4.104424688057585344e-06
5.320479450085121647e-06
5.462795640700694334e-06
5.378567018107757046e-06
5.351013528345734328e-06
5.354390070263272782e-06
5.359209347554093800e-06
5.350735274407395872e-06
5.343121959927999413e-06
5.561772828910797542e-06
6.530387981761902432e-06
3.280618711859425238e-06
2.388458485546824299e-06
2.019754505266049989e-05
1.675055156806583615e-04
2.340445047030287296e-05
1.840340364960408172e-06
1.751821515051512007e-06
3.656221418130450923e-06
5.155759092529106000e-06
5.462854605555453085e-06
5.400666598272567559e-06
5.357498178364742457e-06
5.353947487140753680e-06
5.357804165032521348e-06
5.348994866104960682e-06
5.342044091270365095e-06
5.562514553455740423e-06
6.532297607420447266e-06
2.821000511548406845e-06
1.770095512847745752e-06
4.097795503124967113e-05
2.853913593998762526e-03
7.878531858440915607e-04
1.865692301962963327e-05
3.538611448080376133e-06
3.113127847460066584e-06
4.250612771526404153e-06
5.227451350686279065e-06
5.428193489046340710e-06
5.379793209164475978e-06
5.355924861785654521e-06
5.356498939324281426e-06
5.347477136378526435e-06
5.339392189187292969e-06
5.559314078325235140e-06
6.529177218509967453e-06
2.180508038723691166e-05
1.195127886084129773e-04
1.640434429045225639e-03
9.017646596554556443e-03
2.692544354712553441e-03
2.757597906486627384e-04
2.372775872117132399e-05
3.856826958763482282e-06
3.082362514921219152e-06
4.514401501602139387e-06
5.355294176343592397e-06
5.410820211313691537e-06
5.363923693263183176e-06
5.356301305700928911e-06
5.346895467751186268e-06
5.336606021192949446e-06
5.553666925875393366e-06
6.522824449313299386e-06
6.487397620934175712e-05
7.616149632022439601e-03
1.676569762851621292e-01
4.611435596691199068e-02
7.243885529538904300e-03
2.903210895628303978e-03
3.322971775372064599e-04
1.371300702460229538e-05
2.937038093843158206e-06
3.623669825280021306e-06
5.091555172263047037e-06
5.425570648386500735e-06
5.377182168950978774e-06
5.357145051048412987e-06
5.346131914460554561e-06
5.335483777414067727e-06
5.551820311238848497e-06
6.521296622642525694e-06
2.270595006769177539e-05
5.521020785362055518e-03
2.703979690327962260e-01
1.025407649003780702e-01
2.252765904155970556e-02
9.288737953062457114e-03
4.000035802158342230e-03
1.421928808132603517e-04
4.966909700341794598e-06
3.108506894048339524e-06
4.771037141105639921e-06
5.414411351200027233e-06
5.388957786326041151e-06
5.358552751615477066e-06
5.345185666998278697e-06
5.335980210906060372e-06
5.554435930219612163e-06
6.525225427052421837e-06
2.509992947332124116e-05
3.597601128242255541e-03
1.827607829775403647e-01
5.374452501028925688e-02
3.232056820086842263e-03
2.316179178771936298e-03
6.729824894275083375e-03
3.172143992928385552e-04
5.867741868694496288e-06
2.959500880469454896e-06
4.679297194218843685e-06
5.410137324062836674e-06
5.392066335932688275e-06
5.358976237008834497e-06
5.345162633687696265e-06
5.337609560899843222e-06
5.558159411537006854e-06
6.529430350384441033e-06
7.598803791258860763e-06
1.797885883730915475e-04
1.281989412844943693e-02
2.167181574848848005e-02
2.789291467146694757e-03
1.880490119015163462e-03
8.185844710845185295e-04
2.674177693356871952e-05
2.743117814862994092e-06
3.119604186301915471e-06
4.920086853408065930e-06
5.428697899249870810e-06
5.385611221090313714e-06
5.358621148457744954e-06
5.346129132392413162e-06
5.339270020659874187e-06
5.561159932726762879e-06
6.532426640814352290e-06
3.206662291795109663e-06
9.489511656647392664e-05
5.681177616793745347e-03
6.229769691074252096e-03
2.430252336479797950e-03
7.148443787990508983e-04
2.634313171437086733e-05
2.055462991695923706e-06
1.911683100733213687e-06
3.883640419536952553e-06
5.278047640706874544e-06
5.431671577700432444e-06
5.372328320882370770e-06
5.357345790179647026e-06
5.345784678797201394e-06
5.338275281648057922e-06
5.560901875057907101e-06
6.532655292178514067e-06
3.877014782184581974e-06
3.458326998129805326e-04
8.797700289713664829e-03
4.752258850818209487e-04
5.645684236297903515e-05
2.304806186587849903e-05
3.159680829024924604e-06
1.631182262991818802e-06
3.072282071926256019e-06
4.940303808444495994e-06
5.456031405800670851e-06
5.401740996326368936e-06
5.359634509452888223e-06
5.356190509599689845e-06
5.344812212298287620e-06
5.336267114849938249e-06
5.558702977435981336e-06
6.530924765512916949e-06
4.167548972347616070e-06
2.054438264731651650e-04
3.181922561686628421e-03
1.107865851157850803e-04
5.264703574675089720e-06
3.395682558819052052e-06
2.866534985401802530e-06
3.435759512551561894e-06
4.806366286823427984e-06
5.444818335037835337e-06
5.438171269936698738e-06
5.369910809907808160e-06
5.356168854782536844e-06
5.358989503476983307e-06
5.347218867982848923e-06
5.337600032340291729e-06
5.558969108460843324e-06
6.530952468913091113e-06
4.534086115169193197e-06
3.293378147157692760e-05
1.804905757012605094e-04
3.243068548165795354e-05
4.499129769232938862e-06
3.566172649647497016e-06
4.423099284715720392e-06
5.110048115037444295e-06
5.446384031843683197e-06
5.449155018470800763e-06
5.382596627638068732e-06
5.358033233832326706e-06
5.360632437926304013e-06
5.364295776355903301e-06
5.351574361529003621e-06
5.341205138884650951e-06
5.561706726728780040e-06
6.533125523882691885e-06
4.787538432611880485e-06
6.207586197400723965e-06
9.553870554141600017e-06
6.748849308975722884e-06
4.471877165169408685e-06
4.706314366427909997e-06
5.293996480845283388e-06
5.458012083882097551e-06
5.430300067119999845e-06
5.382091676304922099e-06
5.360831433948190259e-06
5.360444620304132294e-06
5.366313284469681558e-06
5.368228638295189742e-06
5.354673355343321689e-06
5.344522317877588592e-06
5.564797153877321796e-06
6.535390177255461304e-06
5.672918513981860328e-06
4.458951356525220716e-06
4.266993964477867714e-06
4.410899487950222660e-06
4.788183831054081848e-06
5.235766958335571281e-06
5.417388942482216617e-06
5.406974366900786126e-06
5.373119940164837880e-06
5.359806711295866289e-06
5.360199198743199199e-06
5.363886157526088861e-06
5.367753173419634471e-06
5.368053161814640853e-06
5.354109959728358901e-06
5.344285783547333641e-06
5.564389010436569444e-06
6.534358862881727122e-06
6.414644078068353417e-06
5.249658794338930207e-06
4.931057721082485282e-06
5.045653358368099587e-06
5.259844017475163383e-06
5.374963579285993384e-06
5.381961931669271611e-06
5.359899325277281435e-06
5.348165253968443207e-06
5.347633463165847566e-06
5.350667054689226893e-06
5.352527380165015364e-06
5.354644367745433095e-06
5.354517333524304315e-06
5.340373312573021500e-06
5.330324720073769281e-06
5.550989439173193887e-06
6.522991878833947588e-06
6.561363915638240225e-06
5.568954619118203641e-06
5.331634960976615956e-06
5.348141275857304490e-06
5.371835552774472899e-06
5.366993346712763646e-06
5.353728178898113718e-06
5.344438433553051526e-06
5.340579662658200795e-06
5.340596419427550029e-06
5.341808315275007910e-06
5.342672273134787727e-06
5.344698552956598019e-06
5.344738531762311817e-06
5.330479521099318610e-06
5.320946784227117953e-06
5.544771315192453580e-06
6.521597392952833524e-06
6.749371662214185019e-06
5.792987116941911346e-06
5.567924434386559574e-06
5.571014791202766641e-06
5.576981823784351612e-06
5.570738046691043391e-06
5.566346050655298082e-06
5.563815460975491168e-06
5.561497037137543092e-06
5.560352812390473381e-06
5.560636838941548033e-06
5.561937326086909962e-06
5.563996739215715293e-06
5.563586741193079944e-06
5.550102515436513703e-06
5.544231189642808811e-06
5.771839804367671086e-06
6.734678719832019781e-06
7.595381347553276354e-06
6.740313579113670864e-06
6.528161440453282391e-06
6.528520560830371263e-06
6.536901604135614566e-06
6.534825843504288192e-06
6.532938792125705471e-06
6.531952639172389131e-06
6.530436607061069061e-06
6.529273395063256051e-06
6.529744130090763098e-06
6.531724050834815628e-06
6.533114303314959962e-06
6.531498927624367553e-06
6.520069050375292147e-06
6.519793405248891666e-06
6.734126507227692777e-06
7.592036108050316739e-06
