2.483548169123556333e-04
5.678488919026901220e-03
1.750132414326045771e-02
2.428178325946011087e-02
9.594937288741790457e-03
8.941635200107031283e-04
3.382725584263746705e-04
2.722563085078835363e-04
3.725097332206710622e-04
3.491496262391333453e-04
1.790635778625463911e-04
4.225359070487755319e-05
1.423158749804954931e-05
1.771290308907268638e-05
2.575466295282312243e-05
2.638832839113577558e-05
2.636876386957174806e-05
3.451469157144082908e-05
2.120038717242761744e-04
5.079956038774697917e-03
4.052008953605924085e-02
2.899475080080868294e-02
1.095573915865083719e-03
4.385768404801004307e-04
3.285199295829870515e-03
6.985778821806642482e-03
1.554773120765829721e-02
1.779287886274796837e-02
5.093580394282834142e-03
1.316018685844925411e-04
4.602469322824772790e-06
4.716827967364519579e-06
1.355376480440811525e-05
1.841716199551553297e-05
1.910970071010995039e-05
2.642124461722608573e-05
3.174410652395893778e-05
1.064113592493839792e-04
1.302884854730861205e-03
3.764818620506371182e-03
5.431212139267476606e-04
5.712760749825576082e-04
6.535572654930486922e-04
1.450287639127736494e-04
1.707821982219807325e-04
6.546934250149917620e-04
4.871557504322862435e-03
9.790607003781113225e-04
1.037188780661291366e-05
3.890655003136234461e-06
1.183088981688548655e-05
1.596933705163148040e-05
1.758405416008478595e-05
2.603683879706017017e-05
1.670084950729924865e-05
4.274815678472486966e-05
3.464185216997590520e-04
4.273136389167292220e-04
4.108056201895880885e-04
3.507472931359618528e-03
1.060460856901946584e-03
1.757586933856723180e-05
1.492016935542598283e-06
3.512951918936536738e-06
1.070434405045161139e-03
2.744718423345814465e-02
8.981363157894182775e-04
7.817888106889713060e-05
2.787118993473063726e-05
9.927083355643630768e-06
1.226287219151912401e-05
2.535579758510838507e-05
2.673143623560276456e-05
2.155839734043249576e-04
3.897522038815111334e-03
1.172271147173619332e-03
1.337397277951377019e-04
8.234299399796723117e-04
4.024384694172548210e-03
8.042121396861155432e-04
1.193258770027168472e-05
2.005216744823742982e-06
2.858510545473666757e-04
3.340283139692567377e-02
2.467764031278696368e-02
4.532286800264639232e-03
1.243061262563555482e-04
6.037170059649410317e-06
7.202928070252119005e-06
2.241185056456702706e-05
1.463569557600112608e-05
4.079694997356171556e-05
1.363803226121361673e-03
3.612906702815659767e-03
4.678470489117302652e-04
4.138495276148907299e-04
1.817293017593849978e-03
3.701462737398282608e-03
1.863586942385500502e-04
3.032618910775165857e-05
3.391728864389695884e-04
1.411499494735452779e-03
4.892974611422963062e-03
2.281997612126367495e-02
1.719488130495037004e-03
3.229255613294012981e-05
1.092112401436506231e-05
2.230892594340612748e-05
9.173611984540245228e-06
4.138130196041501313e-06
2.156394524307004478e-05
1.842471422878538758e-04
1.017352155005444474e-03
3.157295176618779564e-03
6.519306887856328057e-04
2.068528746214377649e-04
2.160682587936567844e-04
1.356867633980033284e-03
3.426520279617131272e-03
2.346672994950329758e-04
3.426167636497702779e-04
1.293635016647569531e-02
8.370336227476035326e-03
1.561633141197807124e-04
1.698219080283620882e-05
2.201714273982619742e-05
1.477345225975520677e-05
8.768018562053798396e-06
9.759133835966646176e-06
9.883706033690982468e-06
5.533436991388152455e-05
3.881438420814031158e-04
6.107931632123888535e-05
1.480538863433675469e-05
1.715931778459222560e-04
4.158154302977983691e-03
1.275619239988906540e-03
3.585934358034750542e-05
9.029840726450035784e-05
4.123181314726394320e-03
3.493981902872461427e-03
8.331226901583528815e-05
1.126400343107099525e-05
1.907276444193100337e-05
2.697041017736195932e-05
1.143230071042721771e-04
3.570944247996694194e-04
4.640554645798997661e-05
7.090606353264692709e-06
8.495410258432658241e-06
9.499726818517353698e-06
1.459034413147004567e-05
7.515938840896992069e-05
1.921914030331382253e-04
2.604530092272542026e-05
3.676649478070424645e-06
1.780512507233175009e-05
8.116853261882979757e-04
2.575002917105607449e-03
1.244161711711620115e-04
1.240454735855373386e-05
1.834409326544089153e-05
1.859936528564495580e-05
2.012951451430466325e-04
3.477141516810960779e-03
9.532012581771447937e-04
3.254130746123541873e-05
6.458998472005869809e-06
4.151249997243619880e-05
3.881424544200610537e-04
1.154395988434299398e-04
1.199177826099085874e-05
3.181034193681122023e-06
1.890029799350677678e-06
4.784630606656919113e-06
1.520088179606432000e-04
1.935935766032988951e-03
1.865396644444572698e-04
1.313702636815395047e-05
1.703029472241392842e-05
9.657283142443013371e-06
1.200424322626149847e-04
3.282479372810664757e-03
3.323297064243723852e-03
5.802810906553131001e-04
6.152260236435670249e-05
2.471310157063348763e-04
4.090614729716256399e-03
3.396676165112096904e-04
1.204353401216545698e-05
7.119925682392997873e-06
5.011658343476501769e-06
7.395897166304676781e-06
2.371068357150988518e-04
3.679410626978002214e-03
3.000382324786051358e-04
1.542517424078614554e-05
1.739602781989601536e-05
8.165671525421819399e-06
3.770457009366438568e-04
2.420565203568946291e-02
1.683860819621957328e-02
8.685700890740456412e-03
1.322681020366458767e-03
2.345960782104936386e-04
2.840245526467974823e-04
8.233851077811954456e-05
1.051180371393459255e-04
5.116553514209667280e-04
8.346788092401718280e-05
1.297154963508768398e-05
7.899448389684449255e-05
4.277863174912349491e-04
6.905380497245204889e-05
1.047432999041702775e-05
1.613438391683404851e-05
4.844640036857432104e-06
4.702188706022211772e-04
1.255603955678699091e-01
4.346415789292380066e-02
7.574975190733581124e-03
4.085526571058496412e-03
2.271276624110002472e-04
1.650530676867906818e-05
1.288325128313441011e-05
4.300478178924594047e-04
9.487762298568791497e-03
4.721938448561002104e-04
9.418957707120490381e-06
6.583303361503608466e-06
1.727044144353820002e-05
1.715332932281235712e-05
9.067061442383049977e-06
1.281850221019082587e-05
7.640448264599569199e-06
4.170747023569048662e-04
3.213414439510534765e-02
1.630557401442993574e-03
6.239166034659948343e-05
1.541125553547435334e-04
8.125843982875443142e-05
9.212387338441134447e-06
5.607347923719904278e-06
6.786855196878588522e-05
6.081753181985258749e-04
7.089418447277017832e-05
4.074023367389885917e-06
3.902208721620792425e-06
6.247021995200955778e-05
5.887568533965761288e-04
1.084412212152517245e-04
1.738961875835069449e-05
1.331382721591266069e-05
8.201881579360973480e-05
5.383531733765684058e-04
4.133738493541737048e-05
3.079167818328934693e-06
7.725112155954580822e-06
1.785946161430083704e-05
9.752067236287385076e-06
7.824541817045639589e-06
5.804986045321981698e-05
3.947829993684643822e-04
6.125252735701188910e-05
3.991499633728983309e-06
5.986878470889089246e-06
4.408808817295995375e-04
9.124391939565280538e-03
4.928882123451547260e-04
2.097811258000088880e-05
1.300451806897639485e-05
1.537851192591833382e-05
1.364500083011155015e-04
3.075041193276593010e-04
3.594080539419629961e-05
8.493759288522809503e-06
1.074933752348449649e-05
1.141045141485077556e-05
1.737802233672781986e-05
3.352282340195554392e-04
4.175800180568687084e-03
2.685099339617207331e-04
5.820484690841360107e-06
1.546809970146073918e-05
7.519531445237017915e-04
1.040392862270549676e-03
3.980012972600763087e-05
1.007759972294363740e-05
1.632213386454256949e-05
1.596414748772068376e-05
3.154177634753425907e-04
3.927349153686197566e-03
3.371013383594938218e-04
1.293898328085813208e-05
8.165534819350554955e-06
1.109395723456066347e-05
1.518639632530780933e-05
9.638513163660224615e-05
3.927811905798896303e-04
3.430656266033161591e-05
3.861860390436695378e-06
1.020830925072098780e-04
3.943753756701253235e-03
2.925485625059505695e-04
6.676692911604317533e-06
7.254231020736448788e-06
1.984676599903454993e-05
1.036760992096429030e-05
4.167706444125656497e-05
6.363459674302109938e-04
5.257430452824188305e-04
2.778224845567556114e-05
6.792438216049638779e-06
8.249023043470021942e-06
8.900234965711988395e-06
1.098247073429617886e-05
9.626256002459503426e-06
4.475270433136436633e-06
2.920216644177934764e-05
2.247430782655896169e-03
5.036332366024340312e-03
1.593140278912973714e-04
8.961630685124362351e-06
9.439645842186394117e-06
2.198746568556413401e-05
6.784509344674157782e-06
8.487432835377587846e-06
3.795198536253771267e-04
4.801191305057811269e-03
2.119062494816326592e-04
1.397163764131078893e-05
1.048075153999203923e-05
6.391701240009634561e-06
3.988631398139707912e-06
2.383484850935252299e-06
4.060342210943968586e-06
5.052177978590927836e-04
1.882489234297659783e-02
1.979171027745981349e-03
3.418806278254356550e-04
7.169539061855439933e-05
1.538575245539544256e-05
2.527083381869521501e-05
9.154421511661131841e-06
1.017351564201058354e-05
3.328233760485597450e-04
4.404961982941162264e-03
5.697071254317942089e-04
2.026091874438026646e-04
1.854466949725069782e-04
2.425931164018744739e-05
4.944372097374240696e-06
3.279476281659308361e-06
6.267204446954236969e-06
6.423684814581076888e-04
7.540329287280930076e-03
1.237576599610938155e-03
2.988011609929975068e-03
6.487471485440613568e-04
2.326837326920397250e-05
2.493686785748820843e-05
1.023142222563356162e-05
6.783372766648553462e-06
3.064901001759123258e-05
3.976391412979875576e-04
1.717278702453656257e-03
4.146669056522851900e-03
5.375087914817028301e-03
8.250800137037519544e-04
1.127879966139114627e-04
1.194473301173609340e-04
2.182391901804004082e-04
5.757286027949080898e-03
9.406608353434322070e-03
4.314115983780345475e-04
4.033720046280048883e-04
1.307177811292478751e-04
1.690854884607112486e-05
1.584587466787172553e-05
8.003596371618386970e-06
7.509867775838844232e-06
1.637138427835756776e-05
2.780386944977222266e-04
3.286537314243615469e-03
1.248024868246920896e-03
1.116791257110723995e-03
2.274439152752779671e-03
2.421838577743887395e-03
8.715017752962428768e-03
7.897515656316840202e-03
1.007878146725602400e-02
1.236369595396222742e-03
2.196158838986826643e-05
9.344216099374545576e-06
1.198226947048900994e-05
1.458693357256351944e-05
9.552890124574443993e-06
1.906601905464320882e-05
1.502266740319718871e-04
2.780276126089531756e-04
2.637993844912767615e-04
2.291182213812303209e-04
9.519213554850588382e-05
3.679788349866552639e-04
1.985852958828769176e-03
5.472698167722652406e-03
2.415749666860930386e-02
5.158572774617249841e-03
3.229095664112821020e-04
2.074402708418423679e-05
3.263355484262816797e-06
4.482111607789932025e-06
1.037589677168716679e-05
2.104477454246702926e-05
2.073611490721638087e-05
4.193816682449089269e-04
1.179378618735614677e-02
9.784168791004891133e-03
1.152397639905106217e-03
9.402773727686964138e-05
1.419284753711387342e-04
4.322856074873549989e-03
1.054953986846563115e-02
5.860779773486929876e-03
4.954018658154370550e-03
4.199138986572138049e-04
2.210538582281882226e-05
6.198363451814281044e-06
6.496668644067696737e-06
1.172243973640155368e-05
1.780467935772476665e-05
2.720786935551250057e-05
1.244272462841353719e-04
5.810820523181469029e-03
2.752549121399339507e-02
8.940560084218295706e-03
8.926498566438826124e-03
6.812284700835425982e-04
9.813501659624254984e-05
4.356858460869218242e-04
4.982407072346801621e-04
2.266061265959464182e-04
1.700767321753626185e-04
4.680163567595930721e-05
1.453203545032356701e-05
1.480351739656034429e-05
2.178171028848560761e-05
2.635454263732065557e-05
2.783061516730407937e-05
3.554963325013183075e-05
