1.934931732992143129e-05
1.331595541348854320e-05
1.132865654747574249e-05
1.083461733627730905e-05
1.250281374272459777e-05
1.369510546641351438e-05
1.404784008765689929e-05
1.466375857539783981e-05
1.511112844030775489e-05
1.530176854087082059e-05
1.533311196203960194e-05
1.525588573671002097e-05
1.509040617425277171e-05
1.501372451358143329e-05
1.496590688787135490e-05
1.471615583026527959e-05
1.532433800581910847e-05
2.072140770957309682e-05
1.200992959673430577e-05
1.042375492750982968e-05
9.042250791766086798e-06
6.625486039838715291e-06
7.549922653976229433e-06
5.972978274326186451e-06
4.829423712660435316e-06
5.533366613995506969e-06
7.235846930812407107e-06
8.932178196985169518e-06
9.824722214881937947e-06
1.059763737373147978e-05
1.076187170211318084e-05
1.054585531380584608e-05
1.037731810343266598e-05
1.012397370892037572e-05
1.059575496913010073e-05
1.532190025776391972e-05
1.253650141205440555e-05
4.406001209936097741e-05
1.003687184544458641e-04
7.187283720597040845e-05
5.604650310493711039e-05
1.255234767295846119e-05
5.467744301383197548e-06
4.991963427988896796e-06
7.328540514099026213e-06
8.541093087335598126e-06
6.924692306647167686e-06
8.443293548714172450e-06
1.035230825349466485e-05
1.049638611508270909e-05
1.011848503118626614e-05
9.728287807194874350e-06
1.013278083880796180e-05
1.472589251098254811e-05
1.321444955034909406e-05
1.948960958628828568e-04
2.275969286555523750e-03
3.889323306934171741e-03
2.493412653053878308e-03
3.361384005733910663e-04
1.925301297228789517e-04
9.056086174774595650e-05
9.625919251624434809e-05
3.375694908792541756e-05
5.127410527241873638e-06
4.946027856587391082e-06
8.489454846821925716e-06
1.058331791745657664e-05
1.065590126805027464e-05
1.007818279748786947e-05
1.037886920558036310e-05
1.499093892396722329e-05
8.175457735417010846e-06
1.140479433320937822e-04
2.906064202242724173e-03
6.956675658458057881e-03
4.027294894626296494e-03
2.388436225133158501e-03
3.451604700905053658e-03
1.377163523147403260e-03
2.142020593581942401e-03
2.828402046908132586e-04
1.066979192995139730e-05
4.345377496914866350e-06
5.127374498006533858e-06
8.229434303944368849e-06
1.053613842695151199e-05
1.029335647742246528e-05
1.044208468076727024e-05
1.501329401172996059e-05
7.326083368662384696e-06
9.660255866699777563e-05
3.422997208206065341e-03
5.675391941526085511e-03
2.588458222425429282e-03
1.538318598889558929e-03
9.293761906719214894e-04
9.665467914417095715e-04
1.938039151751366372e-03
4.667855269001684043e-04
1.476762551734309289e-04
2.862796245970617353e-05
4.804677945144789976e-06
5.608868455459720585e-06
9.714005191592680350e-06
1.048071032380235932e-05
1.052660666306539716e-05
1.498141307727838769e-05
8.373476094654003728e-06
1.127222487536418534e-04
2.219651037040948436e-03
3.427615869059374553e-03
3.835529956951112818e-03
5.440686703808801303e-04
1.528621325910941924e-04
1.645986719970586945e-03
1.418597796883215622e-03
2.458167777413568776e-04
1.588812115781550790e-03
5.765150607229009832e-04
1.522184611652558870e-05
5.724512967378707711e-06
8.845111743955628666e-06
1.045210209096773346e-05
1.072018751067376059e-05
1.507259023858867929e-05
6.993818884105046653e-06
9.127491954834551595e-05
5.741074221520161679e-04
5.076820629476785050e-04
1.642275012492732441e-03
1.033527529354334116e-04
1.472789459476868042e-05
6.687129849557590065e-04
1.519639697415068116e-03
3.625707700223319147e-04
4.527220232303696447e-03
2.542357472970014579e-03
3.770010046598523017e-05
5.651624644976703796e-06
6.459595749397234408e-06
8.952990107416809970e-06
1.057432492791454319e-05
1.525584255650821586e-05
6.686542257086373359e-06
2.737456216677544270e-04
4.817216078206370232e-03
4.048839548111071544e-03
6.719867383307576679e-03
1.226120558129823802e-04
3.826421786471869721e-06
3.132437070234086736e-05
2.547153466153384582e-04
9.400949065899759849e-04
3.807347747411449126e-03
4.094753325124046196e-04
1.976000630009253846e-05
7.610909362829566412e-06
6.092070737275917300e-06
6.997440668984653617e-06
9.636154987177187901e-06
1.526166852589924574e-05
2.857338780554263854e-06
1.631618386211708979e-04
9.535942852699787892e-03
9.298391036029354448e-03
7.701845234721912611e-03
5.459033450186811945e-04
6.439153945261398158e-05
4.684589413684137960e-05
1.139490295538708823e-04
2.066852147023192331e-03
2.338801350271428776e-03
1.132328741390398419e-04
1.252127352681860781e-04
2.252194162657597629e-04
3.197939493724603991e-05
8.206947098425383864e-06
8.796881251899292623e-06
1.501441424052348052e-05
1.238464163321977129e-06
8.387294546709439871e-05
1.199059400211044402e-02
1.075677991751828634e-02
9.686905130840424427e-03
7.374158513777210461e-03
1.761980519251937251e-03
8.649767740469251553e-05
2.153602386826213543e-05
5.749918335075638156e-04
3.428699579273622022e-03
7.621321629262283901e-04
2.116870599577769674e-03
2.641362679515147239e-03
1.007360459090008499e-04
1.014182366274055297e-05
8.671800635076705189e-06
1.490017131305971380e-05
7.246038911566533718e-06
9.464114158207721046e-04
8.367531605556072227e-02
3.354962039013449637e-02
1.560062135980378600e-02
1.045811558166141915e-02
1.533340353749667586e-03
2.198241715945851069e-05
1.342216887025841064e-06
3.216559217031392498e-05
2.223720366489859938e-03
2.594766192788861784e-03
1.085072514323114122e-03
2.222900049913187337e-04
1.915801408305490780e-05
7.087189247003859239e-06
8.990264706656791684e-06
1.523949229945275909e-05
5.524690411564485822e-05
8.235849799910941252e-03
1.826110354647056400e-01
5.141135072403207190e-02
2.778739406514541682e-02
1.828256840571002712e-02
8.108241624558148661e-03
1.234823815425240641e-04
2.846564245089071642e-06
5.368968368208855662e-05
7.063828417709324889e-03
1.635891127215396285e-02
1.909064696692948588e-03
5.260624210440738795e-05
5.066809188734488744e-06
5.479680076961509835e-06
9.862683433412640539e-06
1.589370732703899991e-05
1.022652737961212842e-05
9.884230000623073567e-04
6.121661710094462860e-02
3.125821274428435687e-02
1.428114498185544846e-02
1.472682812422852067e-02
8.503584609387536755e-03
2.219205244283232938e-04
3.427747145211554401e-05
6.517065000132883125e-04
4.311040939601377096e-03
5.751962294757793047e-03
4.066126192300765357e-03
1.160573070146494790e-04
5.562873825039896894e-06
5.611388153463204076e-06
9.956656833580819287e-06
1.491312645618795135e-05
1.771830200976942591e-06
3.364764019568510455e-05
6.223578812655269910e-03
1.373653363835037299e-02
3.874425870942535891e-03
4.367322539090058055e-03
1.208094515899163284e-03
4.883186654730019765e-05
1.446483113298117722e-04
7.881190241171719471e-03
3.064232446646493729e-03
5.391233007341333103e-04
1.584512187584569565e-03
1.616878377069420208e-04
6.650961456495791553e-06
4.918830771234697740e-06
7.194473773125412489e-06
1.027481018726968351e-05
3.324041438168480392e-06
6.217834511992318087e-06
3.105787689704887322e-04
4.273453594395393990e-03
3.225013538568748724e-03
4.347001688354142426e-03
1.816182405652928085e-03
3.604520244445453571e-05
1.560676002629837907e-05
8.203729014857704576e-04
2.425856485375106533e-03
5.337604804698187558e-04
7.881771895997329806e-04
1.033069559496526107e-04
5.560343148077172507e-06
3.844920809105575687e-06
6.506496797231574159e-06
1.372158067624967635e-05
7.053350715135756656e-06
1.781623331555897825e-06
8.440705041606123542e-06
8.192477687904829329e-04
4.244124256112127326e-03
1.221411592133902829e-03
1.191314440311804987e-03
9.682311978583984819e-05
8.343205730360389905e-06
1.507786082864233325e-04
3.297313697127691144e-03
3.050336257693279755e-03
2.061043774388763433e-03
1.518241430276779465e-04
7.259156249588637816e-06
5.402664811028026945e-06
2.993832774332804198e-05
2.383244845287709910e-04
8.518176100100049991e-06
1.928069289124259410e-06
8.410716443798848033e-06
1.038340662060637659e-03
2.426194829405873415e-03
6.302083944149688326e-04
4.869222344492768820e-03
2.595911634721052418e-03
7.855421627098877401e-04
2.621277246357187670e-03
2.423210316166837363e-03
4.272547291921669475e-04
1.874842302410332118e-04
4.471996918797427735e-05
7.664029396716375711e-06
8.925685606295891085e-06
1.221750712803419008e-04
2.462869481755509092e-03
8.680046505665898698e-06
5.786473162931329079e-06
7.207632452902929302e-05
1.327587861891748374e-03
3.674310804950017633e-04
8.739614985663658481e-04
8.498375169189329933e-03
1.781729236917934832e-03
4.052504771429605267e-03
7.493896042641914196e-03
2.139651586939725022e-04
7.003451968560604720e-06
4.316000553023264232e-06
6.767594954399836315e-06
6.501277697077718452e-06
7.737648693319237151e-06
3.179539467319227665e-05
2.366889881232079121e-04
2.292901024664088067e-05
5.543891971799805622e-05
3.807710820071253917e-04
1.130672178340163701e-03
5.745587855262293195e-04
5.557896203982990758e-03
6.016061165730815855e-03
4.570210405322274773e-04
1.010326802290860458e-03
2.007635345748855129e-03
9.336074562730488108e-05
4.475276439599223224e-06
3.257667623742007777e-06
6.522164759132367278e-06
8.485551097869381562e-06
7.162459768248848321e-06
7.044101000790818183e-06
1.344881824151850390e-05
1.713509745372413418e-04
2.646006081517340413e-03
6.703771149050203465e-03
6.963787123986694104e-03
4.240544409465691993e-03
4.585666654506827603e-03
1.719338663848928245e-03
9.974173770617893522e-04
3.992517195501709554e-04
1.356019134938235310e-04
3.865996369507721311e-05
9.864719920138261209e-06
7.826626145499448773e-06
1.006703965750907325e-05
1.074764828020279158e-05
9.169431400774112108e-06
7.584951218349125043e-06
9.941226502245883922e-06
1.870899385317408871e-04
2.680099765825929171e-03
3.168921445457420407e-03
4.657772876153763383e-03
2.836049494647498517e-03
5.054194524164895867e-04
4.049554418194371299e-04
4.291842471177375576e-04
3.590990346527589731e-05
6.864256874279350322e-06
8.315469246944949829e-06
9.499584923708242481e-06
1.008477221341008538e-05
1.074213541051249426e-05
1.073224994557827759e-05
1.027402244341859734e-05
1.027089572013583606e-05
1.427041883340225998e-05
2.825293236321801011e-05
7.819347663189138680e-05
2.105903265417660133e-04
2.266918797461410853e-03
2.490893951075222150e-03
6.846162829070281865e-04
1.602862170270329773e-03
2.687758511909723214e-04
6.620143153172895189e-06
2.857193574456000741e-06
6.315122693872524351e-06
9.467051207515993086e-06
1.012973571558758574e-05
1.014880529102111056e-05
1.005594875371269423e-05
9.861230649217189655e-06
1.036908237855031793e-05
1.504069425257054589e-05
1.060378443576615357e-05
8.678485676792864478e-06
2.583559377676878733e-05
2.129034792633990316e-04
1.693861829665755324e-04
8.255086796438148038e-05
2.555250642511477412e-04
6.289464084039256329e-05
5.903862276827730209e-06
5.357481479299911708e-06
9.402998320471806092e-06
1.082467861196913053e-05
1.057529906772906021e-05
1.043079580761677538e-05
1.036214273241019081e-05
1.012909784989177774e-05
1.061525035682648620e-05
1.537255308394069124e-05
1.683364253420396002e-05
9.604664496945464617e-06
9.398880939953399444e-06
1.234190320397219246e-05
7.492314731362946421e-06
5.476952106787047709e-06
1.105536332119311790e-05
1.161058512675009415e-05
9.306976049522049107e-06
1.265993889213910119e-05
1.576111048054195166e-05
1.557397818830482636e-05
1.506570584133368178e-05
1.500713424271166202e-05
1.498250011398102001e-05
1.471090771518717583e-05
1.530241840473787885e-05
2.070099258402447912e-05
