9.423288334835451765e-06
1.717540063007964553e-05
5.636432301501115988e-05
9.424125339203778828e-05
1.121517158814576334e-04
2.619340622493746847e-05
6.492724694894712969e-06
6.586965044296083367e-06
9.013836562758348024e-06
1.042379599986377925e-05
1.046655324308711966e-05
1.004685663744086332e-05
9.802016987133124168e-06
9.782940572792950921e-06
9.771335924425812169e-06
9.436193122492931461e-06
9.664760775392574254e-06
1.450546870453390546e-05
4.766382929890849987e-06
6.172637617767124589e-05
1.151990596616212902e-03
1.339511330004659276e-03
9.099923306115043032e-04
7.359581257396503981e-05
5.275545336840077811e-06
1.975110171249234039e-06
2.072828074500244809e-06
3.953344348667797657e-06
5.965959542060296166e-06
6.510184747836676898e-06
6.293818846022576561e-06
6.143354659048079578e-06
6.178230965943321934e-06
5.936439686835762113e-06
5.994077790700630959e-06
9.643574952300930549e-06
2.800203150367673801e-06
8.704265376757112363e-05
1.204076718603957043e-03
2.690174995197026496e-04
1.869852384484103761e-04
7.583722150329235106e-05
2.451405644872500011e-05
4.325875011182724954e-06
1.446085240547141189e-06
2.039924088334190786e-06
2.910898449992827366e-06
4.225224406656052032e-06
5.369448287150993081e-06
5.450324417792872912e-06
5.690518188786764325e-06
5.922131527314831272e-06
6.030644992787023268e-06
9.462335459359877198e-06
5.925824409268239247e-06
2.383633746839011280e-04
2.157715594020720353e-03
6.411071598955651310e-04
6.509814229168028356e-04
3.922541936423184095e-04
8.490123161082249997e-04
3.756212001944917627e-04
6.434201346300466562e-05
7.865541745972373956e-06
1.064461761681585627e-06
1.656126223782693652e-06
5.901378546225924698e-06
5.748976858278021674e-06
4.285849611848990630e-06
5.267771560128565997e-06
6.367812242889791577e-06
1.004933575739257825e-05
1.747320111384001863e-05
1.119591732132846178e-03
8.646095746837931251e-03
3.464743921860892906e-03
4.164120556382737946e-03
1.562060070441874220e-03
4.028763137093363013e-03
5.163935354945231766e-03
3.653494421274997711e-03
1.809357998675099422e-04
2.763425149982193302e-06
3.451658863881131407e-06
4.440541373402208484e-05
1.766862864164281472e-05
2.686666455876886638e-06
3.135863194843690148e-06
5.502102067843310445e-06
1.012343676982407687e-05
4.504234641791951017e-06
2.782076687161878802e-04
4.183817666170410766e-03
1.488399253145622578e-03
2.922329584799317030e-03
3.540202502877125897e-03
4.634640403089661242e-03
2.334023041854432854e-03
3.919527576246415075e-03
2.551972301016871159e-03
2.297065602281358403e-04
1.468859631498917650e-04
1.069326877969200163e-03
1.110552986667239070e-04
4.137275107666367370e-06
3.029309255128064350e-06
4.509845177398707178e-06
9.223725821045394881e-06
1.178174281366231621e-06
7.375171611061777756e-05
7.594489915961105848e-03
5.986933474808756386e-03
4.689252032843174017e-03
2.194674923613176582e-03
2.573530713277851802e-03
5.451017744613374273e-03
6.111717717459861504e-03
7.802511671755084539e-03
3.878571766897793895e-03
8.382871084767909778e-04
7.494899934521135352e-04
1.869447621414357952e-04
5.814286269976132567e-05
2.035437863835210578e-05
5.642975915145239040e-06
8.006941659570640987e-06
2.235335941822720822e-06
1.134630636330781169e-04
8.244595480911992916e-03
5.865891899128253435e-03
6.055159209996525439e-03
8.645319898242452257e-04
2.281560479014127648e-04
2.111193746365284604e-03
4.723131382084026081e-03
7.252204135660631976e-03
5.382059731297627291e-03
9.558197794309370061e-04
2.273372658919320703e-04
3.019302404078320467e-04
8.650279478054250567e-04
9.740356506618647135e-05
6.471334952620632829e-06
7.344040272929778627e-06
2.186847844243032690e-06
4.442269658095417562e-05
2.052042863760178849e-03
2.086939466385045929e-03
4.100543166889390224e-03
2.745741228088614729e-03
6.933827790066332715e-04
1.318298147878643658e-03
1.520433188797547979e-03
3.811141184509456419e-03
1.178903375504468908e-02
6.111824295956383608e-03
1.840473724306835018e-03
9.419759809267513450e-04
2.293205820073956262e-04
1.479242934994877397e-05
3.644252757316269854e-06
7.660359892866569072e-06
2.169418697172525674e-06
4.697492368632737099e-05
4.743050631744105336e-03
1.073489779225978921e-02
6.051750668309618421e-03
4.993632034777128678e-03
4.803691271765790985e-03
5.006890256625749248e-03
2.883776395948854654e-03
1.684129745602272986e-03
6.739690352944261061e-03
5.205546274637199398e-03
1.788903605010621570e-03
1.775621862325567520e-04
4.887167530085107475e-06
1.271625458348109207e-06
2.782667209754419644e-06
9.229101588528749848e-06
1.107673902056936693e-05
2.551189222183828016e-04
4.331826054734781370e-03
7.226148261309806205e-03
1.089254268466642236e-02
7.972702520047871000e-03
2.403339125509475638e-03
1.417458953835086782e-03
2.570940036701593878e-03
2.001422347241793142e-03
6.226215506028325367e-03
2.989818557723527073e-03
9.096161427941589026e-04
8.983432454396710705e-05
2.342964475334383876e-06
1.142175892001183571e-06
3.742273321842651499e-06
1.054642776829410284e-05
4.298180976282234142e-05
2.269616898840659362e-03
3.729625734722684383e-02
2.338870621703168645e-02
1.247288242893647946e-02
1.007849676519560235e-02
5.116962867018212506e-03
2.344370072545186139e-03
1.729549243606989329e-03
1.938217128255849842e-03
4.464441426629759714e-03
6.433648554651480271e-03
6.401363580209491755e-03
1.401239692411266214e-03
2.997946296376600268e-05
3.205529112036140983e-06
4.343351537469761569e-06
1.029014703432781456e-05
1.858969961760475936e-05
1.730015448854533081e-03
6.981487163965459375e-02
4.023399981153790578e-02
3.067216830665623131e-02
2.723315229259376524e-02
1.411209157364307250e-02
1.442586546154629723e-02
5.910560212532226659e-03
5.295802409574004548e-03
6.014870209491699447e-03
1.827142545627511230e-02
1.849704401558708092e-02
3.633723162095157770e-03
9.989775449147755067e-05
4.963068421333659487e-06
4.157767423750136947e-06
9.890761262515241359e-06
1.180575137420140634e-05
1.093029226992171723e-03
3.232323315809258052e-02
1.484510097351447906e-02
1.977696815820718934e-02
1.571267917201847261e-02
4.239691574352380185e-03
6.259386573014748961e-03
1.800837995375440502e-03
1.492857923996276839e-03
1.860705681433127631e-03
4.963459447045427513e-03
9.304063464327848310e-03
1.340431282822198604e-03
3.296952186179527545e-05
3.270257214803953131e-06
3.874610965090769742e-06
9.966954233226924288e-06
2.513635482121293638e-05
4.466975469159675067e-04
3.766551934367988290e-03
5.425209859128015538e-03
4.836124309237846072e-03
4.464442204047503610e-03
3.981036633742332347e-03
5.939854875024941881e-03
6.699548697871980521e-04
5.703242948226269066e-04
1.423074126208498163e-03
2.729715720202575274e-03
2.180487030915572669e-03
1.044847623981355741e-04
6.446565151471227868e-06
2.637389446471515273e-06
3.572349506522133017e-06
9.242783190757236498e-06
1.117830539408267912e-04
5.414890907438873720e-04
1.006587585892067477e-03
5.873617230919369811e-03
6.772834839643170242e-03
2.795454609264066016e-03
3.435732850411518050e-03
6.595497946919347265e-03
1.567305172045678225e-03
1.368137850303086144e-03
1.755570663558555459e-03
2.099774106718421858e-03
6.928307235878627696e-04
8.633342212695859310e-05
6.533604674034439576e-05
1.907661523247461353e-05
4.449956005667303705e-06
7.627823569580999695e-06
2.501094720803343307e-05
2.069895458756067133e-04
9.829352512402535300e-04
3.164202261445312955e-03
1.507936162209287754e-03
6.812606698220428220e-04
1.688514182637236615e-03
1.928030638392420806e-03
1.928025307686755726e-03
1.957131569590656733e-03
2.659440828208827802e-03
3.588134587101123128e-03
2.928034709364251190e-04
1.359059635007591783e-04
9.126174662534733374e-04
1.150173885831512114e-04
5.504409147382596752e-06
6.679924041195137390e-06
3.662270458936092378e-06
9.826232869310329570e-05
1.443272782316926302e-03
2.202078306757074277e-03
2.666742999455500723e-03
1.365638021687987091e-03
9.867091376416408169e-04
5.490337991545910130e-04
3.832067897948338714e-03
8.385513952439041518e-03
3.816814710475738542e-03
1.317098137259052051e-03
3.428649133562529231e-05
1.244839460674919664e-05
8.180426963856369258e-05
2.629767308385023441e-05
4.241188057633561508e-06
7.188223913044532633e-06
5.087250721547161100e-06
1.312807965191072393e-04
4.533843485839178424e-04
3.656656899736644012e-04
4.998160293211948400e-03
4.125419341261099201e-03
6.044959314543499893e-04
6.530691760458655392e-04
4.866827950097322650e-03
6.431445741362496610e-03
2.812123050526721727e-04
1.743370890438622643e-05
3.226818570715257053e-06
2.510638861146034394e-06
5.428348793011964812e-06
4.805095419985610462e-06
4.055270498522143589e-06
8.824107240115507277e-06
2.638223844061954627e-05
1.229868055230597069e-03
2.327867394662208687e-03
1.099065252617081098e-03
3.648541799357848947e-03
2.972142996323564549e-03
1.799991620042082048e-03
3.680001297280688800e-03
2.687415538615401268e-03
1.212357284539635838e-03
3.616341040366674516e-05
1.659545544048774688e-06
1.856310677290848454e-06
3.780081351634568955e-06
4.729018497356669935e-06
4.695274346072873287e-06
5.413429435440204575e-06
9.979433952012797856e-06
1.113906883870649641e-04
4.032029805984338640e-03
5.590342844392439531e-03
9.520342882090901404e-03
3.165343245328497250e-03
9.075435484331728121e-04
1.384204462709691733e-03
8.258397081225911417e-04
7.417932130642466157e-04
1.077169379649267102e-03
5.159029294102218742e-05
2.329755944341527472e-06
2.562098681412020310e-06
5.780081030930041273e-06
6.729514310654398315e-06
6.091178500601317747e-06
6.187905376343053103e-06
9.987271107750873936e-06
1.397191953387093820e-04
7.680148959807733215e-04
6.069126103595629462e-04
3.603888366651644345e-03
7.652670629224105851e-04
9.215288625536211019e-04
3.398173858323669944e-03
1.046822974604683782e-04
2.937631235099939594e-05
1.885215401784406670e-04
1.121660233818738396e-04
8.942934136258260045e-06
3.174232272060229759e-06
5.030089548562597709e-06
6.669569746874431715e-06
6.212785632106012545e-06
6.110353667320671149e-06
9.745162681450502028e-06
2.388797297894487356e-05
3.890122109838445259e-05
1.201150113020693177e-04
8.674264760453403262e-04
7.682348501201573113e-05
6.307174860595236702e-05
2.172586284649469528e-04
8.978153056743554993e-06
2.115556199247506153e-06
7.039444003328368621e-05
1.071620391788626189e-03
7.939226124152822157e-05
4.175095786569918301e-06
3.844950030935627331e-06
5.931635550259295935e-06
5.879705137543566567e-06
5.810141931604010965e-06
9.401710164661179669e-06
5.113749063376902183e-06
1.229499701805345710e-05
1.119655517213361548e-04
1.347069088587559218e-04
5.843396751983658939e-06
1.688126902113225595e-06
2.856152521601352207e-06
1.461285349242400495e-06
1.860426199852375257e-06
6.658556375613589051e-05
1.178290222242592625e-03
8.696784331964841676e-05
4.113916164787471592e-06
3.805197932470003888e-06
6.030167912363834480e-06
6.005341870373217507e-06
5.955687492333006288e-06
9.663004554251441585e-06
1.083433951835751330e-05
1.053721016646406208e-04
1.015954979881498327e-03
1.131874223190137567e-04
4.197362963993818934e-06
2.298628683084903906e-06
3.888837001120867162e-06
4.478284616993048787e-06
5.230457346446982046e-06
1.960292475224403524e-05
5.734755284359223333e-05
1.626012283482526166e-05
5.325886790067744692e-06
7.339169069787452965e-06
1.007881849408624100e-05
9.694209879382161170e-06
9.657044112493610107e-06
1.449338090321365377e-05
