7.748220377521027228e-06
1.237431823894766475e-04
1.030771542735033986e-03
1.297596078307099068e-04
5.217336292930795129e-06
3.241093455932096502e-06
7.206343393523607929e-06
6.389573387343930857e-06
5.701788029754612198e-06
8.029333979833159449e-06
9.396702992882760813e-06
9.095814717294230589e-06
8.898922857107779703e-06
8.944560467487713674e-06
8.941923858423069909e-06
8.697370464720550971e-06
8.980550823838078173e-06
1.294721115238602860e-05
1.920156780474986788e-05
1.006396598292365471e-04
1.057251007299227973e-04
8.892196201085851798e-05
1.744452295150501073e-05
2.186213492815025850e-05
1.382039883329273713e-04
2.738198040792090812e-05
3.468469547441271217e-06
3.881030967103504017e-06
5.926628830568663943e-06
6.071090430927644651e-06
5.824106468176519148e-06
5.804644364075981262e-06
5.798785289910533066e-06
5.600030829299803588e-06
5.784603152852449785e-06
8.981285532768614976e-06
1.809533019213593874e-04
2.229384243874743370e-03
7.432334953528869003e-04
7.726073279972826792e-04
1.300822410040409214e-04
7.551042490869518424e-05
8.209638886428810350e-04
9.842918237749613704e-05
3.123890691644475680e-06
2.541521733015872229e-06
5.081181510735015169e-06
5.946989559231451659e-06
5.766409759849617989e-06
5.688864198468757148e-06
5.650014000345583591e-06
5.442595019827867161e-06
5.599270597852978985e-06
8.698915308973495704e-06
4.724370495182767438e-05
5.521001773025483242e-03
1.009777798843503570e-02
2.653503649749617156e-03
2.956076983603515124e-04
5.484496483596651846e-05
3.260553504778736190e-04
1.747655005155719524e-04
5.595545026642519916e-06
2.070775352522973910e-06
3.997720728150952792e-06
5.513172088025436794e-06
5.870724704746763100e-06
5.971007766244808290e-06
5.900630922530312115e-06
5.647953866924078332e-06
5.796612891065573878e-06
8.943244293347524739e-06
7.490297813920489019e-06
2.035786284666552415e-03
1.633922245307599386e-02
4.019399366189400739e-03
1.766593045935516571e-03
4.742825754328313455e-04
1.035653916887984034e-03
1.096221121327317421e-03
2.319663379590976320e-05
3.640503137973225999e-06
5.281753351438702778e-06
5.209798492057832558e-06
5.309832212518013089e-06
5.909392524330474247e-06
6.001517605103346772e-06
5.703102014513225285e-06
5.816691603767008523e-06
8.965668878659238496e-06
8.305487250197952757e-05
8.237381050187276427e-03
2.311606845902088037e-02
9.517486097483027208e-03
3.401458222548124893e-03
1.155746975321991820e-03
1.651102885116725134e-03
3.066517784251355204e-03
2.083745843934829809e-04
5.463137999481917928e-05
2.805990054183746805e-05
6.340123134388951531e-06
4.381004752344620801e-06
5.280542336632935985e-06
5.880731409168917203e-06
5.754265724723279610e-06
5.824091255702881493e-06
8.935291073606249369e-06
1.368392974088932846e-04
6.509649915192354357e-03
2.399022348119255604e-02
1.083442081645663059e-02
1.706036455238311858e-03
9.905795625760581164e-04
6.858650874906792186e-04
1.833722087649496905e-03
1.809327431894474075e-03
8.189754582532161875e-04
5.715475150477605391e-05
6.444192563745473150e-06
5.021985281796576697e-06
4.668821163220429198e-06
5.254581899145630519e-06
5.733758127725992251e-06
5.872297868574034205e-06
8.926678740722704579e-06
4.765046972609196938e-06
4.033986240177910151e-04
1.525251720614335602e-02
7.908019042672341861e-03
4.153105945926753410e-03
2.121466445725822374e-03
1.109070491971961628e-04
1.617737261803083612e-04
3.072880187538991337e-03
3.313810438003039587e-03
7.657504473881950589e-05
2.874002327159641405e-05
2.395591899461347094e-05
5.505404018118587804e-06
4.372983533342624593e-06
5.597660774474831430e-06
5.940739152554977123e-06
8.928998984447127619e-06
1.561224976996107091e-06
8.884625181107663858e-05
8.020319859863558540e-03
9.287873507097922990e-03
4.856032137733327057e-03
6.489243576083727604e-04
8.764547008940985458e-05
2.711542377773914310e-04
2.561721800654055518e-03
4.425438332016832718e-03
8.179387976916410816e-04
8.739312731843619508e-04
1.203629622712276226e-04
4.985820416226510295e-06
3.508042608627903084e-06
5.547417214685093382e-06
6.044042012155067594e-06
8.935402674298956248e-06
1.078232404413184879e-05
1.568702536425416562e-04
4.397827994106508036e-03
6.758774115760478839e-03
1.598703241113343630e-03
4.240044924745044424e-04
8.961226502030041324e-04
2.210709758303080856e-03
7.344296605911790734e-04
1.020576362646994500e-03
3.880827796588426186e-03
2.898336691941678488e-03
4.571697462611190620e-05
1.719991524781330091e-06
2.546192220145443621e-06
5.500633127781641901e-06
6.147825479779613809e-06
8.954783503839758828e-06
2.156900707356479671e-05
7.529971828914135351e-04
8.287536030665045017e-03
4.625263874547732093e-03
5.782255197315507717e-03
3.893355593435070434e-03
1.463060245435559865e-03
1.195845329792801859e-03
1.326902250388950705e-03
1.849103901296382524e-03
2.816197090825947776e-03
1.666668861869720396e-03
2.969534997260423403e-05
1.332477521181125964e-06
2.187836978926131986e-06
5.186522599817958272e-06
6.110464925253766746e-06
8.975640188507096360e-06
1.034680910406950728e-05
2.521535272901326633e-03
8.639285951703747080e-02
1.987486351709628549e-02
1.142650279746871243e-02
3.750022787561557627e-03
1.180511476146712310e-03
8.610790490116824623e-04
2.472733729743545501e-03
2.094315839912013009e-03
7.911285276004818498e-04
1.916843857837956808e-03
2.749322715702047222e-04
8.620636666440068254e-06
3.647229355729595501e-06
5.102584824144535238e-06
5.952073388312681122e-06
8.971244509810875824e-06
2.711150054802767366e-05
3.532278878761024258e-03
1.436090035976207158e-01
5.818147418014139871e-02
1.201282032854772593e-02
4.913081028672793872e-03
1.879241378421118687e-03
8.589535226514787101e-04
3.266154954005832511e-03
5.239865261198991923e-03
2.055038810386893358e-03
3.841666277858635497e-03
1.040190833584758810e-03
3.429587393371704974e-05
6.128100553099693690e-06
5.306223532933217211e-06
5.861458253860560686e-06
8.952816246028068900e-06
2.877510259325062475e-05
1.701247641317853556e-03
7.210044550534294716e-02
3.109872068889060759e-02
4.484758613695845157e-03
3.979158201692569764e-03
1.645253686648115487e-03
5.876358929703473857e-04
9.959126362378706038e-04
1.439049037534665884e-03
2.346778760021410275e-03
3.333666373693766356e-03
2.320155093600503339e-04
9.256638419470960641e-06
4.132823942503403835e-06
5.230557245480337315e-06
5.936003028576967479e-06
8.951244380479090731e-06
4.305355575865369301e-06
4.757147876011935390e-05
1.548189918573909373e-03
5.070150225584835364e-03
3.070459770552536917e-03
1.523346448902753152e-03
2.901579266707122150e-03
2.037632828459878115e-03
4.012471704302963699e-04
3.335039836136692148e-04
2.068904469220910706e-03
2.047516800748302827e-03
3.361930683301704722e-05
1.856834447897328569e-06
2.673655046855091728e-06
5.366545422154688557e-06
6.150818898764898904e-06
9.003118484369678173e-06
3.458797479868760708e-06
1.541483120528954953e-05
2.260629383935947002e-04
3.560242172169063215e-03
9.049698393236601385e-03
5.436333525163094009e-04
7.182657624183253538e-04
2.468555829631020448e-03
1.110390589158657135e-03
1.010404929135535340e-03
3.471492767900743927e-03
2.270829597984664640e-03
3.074102054029217350e-05
1.624659975335988595e-06
2.465865881017989476e-06
5.088231623129573899e-06
6.110549157751648249e-06
9.120519647689976075e-06
3.836161586284642878e-06
5.089521030742047181e-05
6.863069478770136671e-04
1.424474776869038293e-03
4.356991610596499739e-03
5.650607553391210442e-04
1.543586956446695827e-04
6.830722614693287816e-04
1.549031984806861686e-03
1.722239053848919439e-03
2.540606757580600623e-03
1.750991811956145033e-03
4.580792820691110320e-05
3.074768767317128789e-06
2.967863276413107048e-06
4.050077233453458541e-06
5.340377196186960089e-06
9.133265964221158676e-06
1.668723913498002893e-06
6.936679035363166183e-05
3.395747215262238765e-03
1.761728487849792196e-03
2.767098459765370694e-03
3.154440551833086279e-03
4.605645056212639911e-04
3.272324817031687272e-04
1.416935417126549907e-03
7.027606532476146986e-03
3.226573687919062367e-03
8.624571141255268046e-04
1.777116137612613442e-04
7.189027258414436132e-05
1.954659862814198292e-05
4.460308266420792850e-06
4.343133789904306391e-06
8.883424954974515679e-06
8.333215182465717683e-06
3.956201018953824414e-04
5.988757697893009810e-03
1.176886313656809978e-03
3.216690674628532422e-04
6.978995006931308165e-04
1.235362097738280191e-03
8.787581796383687333e-04
2.051413978940997470e-03
6.287079709111464965e-03
2.812353329385029526e-04
3.104282314434473098e-05
1.623878993535150567e-04
9.719929365236950475e-04
1.086164804681601358e-04
5.461593403825781143e-06
3.865628336488077509e-06
8.691851994242313131e-06
8.233725775147323559e-05
3.565593338519162502e-03
1.007093876530137412e-02
4.493136605924915282e-03
1.240762622507682192e-03
8.555824512556975446e-04
1.847720727268643056e-03
1.219557699153652093e-03
1.537288396371289676e-03
3.374131924785342537e-04
3.241497481409549618e-06
7.398931150134910249e-07
1.047594678593278797e-05
9.532503579744118277e-05
2.569780258640011518e-05
4.077861581336226161e-06
4.131513299831687488e-06
8.891942836942616702e-06
5.327937954457608879e-05
4.647079565020342286e-03
1.745498975762757934e-02
1.095977795315172115e-02
5.628979013278779218e-03
2.333175193287745017e-03
1.717851865989012978e-03
1.230057909952777953e-03
1.945088616218601518e-03
9.507219401219153950e-05
1.144927788028959255e-06
6.528933398834590771e-07
2.628016051179723416e-06
5.825587408549543782e-06
4.561063001429111319e-06
3.715494384222034653e-06
5.064372595155491495e-06
9.192624372197089936e-06
4.487349409280008960e-05
5.562277795346218592e-03
1.650290853671082872e-02
3.860364541739555368e-03
2.648212084815956824e-03
1.055205126806755666e-03
5.392430140605604556e-04
7.383922522429108449e-04
3.792190695302031307e-04
1.715363885336819314e-05
1.982977902997283885e-06
2.629215886895421385e-06
4.284368399772431624e-06
4.388133596807663565e-06
4.409781156790663271e-06
4.959964559897770882e-06
5.831344030738596872e-06
9.143345221639813763e-06
6.812291306356973476e-05
4.156107366945118418e-03
5.166445971983769057e-03
2.964679668064893240e-04
8.043703632304143318e-05
3.446148234278136502e-05
2.476958022255947503e-05
4.581174979480730252e-05
1.372958409128465877e-05
2.309722367464433269e-06
2.424260228998951652e-06
4.968790045533686625e-06
6.085353491915530977e-06
5.698473332630044265e-06
5.593941156220541684e-06
5.552895540190453811e-06
5.725391224909238826e-06
8.738586845213986036e-06
1.259087935878185111e-05
7.112065060606064047e-05
2.034394230673287570e-04
7.280605279506232881e-05
8.800427907742578712e-06
2.271003469878697293e-06
2.740746497401449015e-06
5.648560728693240839e-06
3.982431913723738214e-06
2.737951113742237068e-06
4.227768471917005569e-06
6.038707634879053169e-06
6.178003915838232155e-06
5.952918705255824899e-06
5.883974198276328949e-06
5.664378805436268994e-06
5.802759169338615144e-06
8.959832491790547263e-06
4.578782210427242306e-06
5.004296765653566078e-06
9.724883719771356750e-05
1.061490872487209653e-03
1.105198651191033928e-04
6.236253933230404377e-06
4.536061601017597545e-06
7.363643870052574703e-06
8.032161051030930468e-06
8.177500179464674616e-06
9.149489509347673335e-06
9.335000260366006406e-06
8.995985060482200130e-06
8.899109023973191166e-06
8.907194940058991498e-06
8.682967584863472864e-06
8.965608674221518695e-06
1.293381932043077506e-05
