3.069232825536180647e-05
2.347289525116323934e-05
2.232089932726169827e-05
2.165765919334842178e-05
1.910867757224788256e-05
1.654055325604438572e-05
1.585549325413250512e-05
1.674359970778595931e-05
1.961862027086425707e-05
2.272647377915283087e-05
2.345981446031698915e-05
2.305668746114455378e-05
2.287776160348708830e-05
2.290472515774736337e-05
2.284080614030872377e-05
2.253594549271131195e-05
2.349905636434905352e-05
3.055334599034568467e-05
2.171939951251962409e-05
1.451774811083304268e-05
1.108526791463545667e-05
7.795332811016370019e-06
6.169746977913725814e-06
8.974478874148963901e-06
1.703729137241492074e-05
1.452355841355028848e-05
1.129491467526248115e-05
1.420172833487178197e-05
1.690488505992769318e-05
1.695642232901523980e-05
1.664291373918698962e-05
1.658804699492651962e-05
1.651466184053712911e-05
1.621356564159958440e-05
1.700262005423755946e-05
2.349587000166268949e-05
2.018821258222430555e-05
1.808999575637739032e-05
1.338052339204546723e-05
6.713392591926736927e-06
7.355590662106089755e-06
4.674430563723840320e-05
3.784240356637274855e-04
1.115885140842898027e-04
1.338634243886155538e-05
1.071276301914666540e-05
1.507200313734026215e-05
1.629654882682455400e-05
1.607995983985973325e-05
1.596155237758215657e-05
1.583732007269783226e-05
1.550470719112482927e-05
1.621840914010450960e-05
2.253884494526695173e-05
2.331461584131853406e-05
7.437670668133597451e-05
1.999139138327439818e-04
1.767381904331835325e-04
2.251025364980263708e-04
7.965256315505671271e-04
3.720333407251626232e-03
3.681914548548200676e-04
1.135112655317649087e-05
6.824819070936809339e-06
1.230338614012427575e-05
1.527706622783934720e-05
1.605263594127818180e-05
1.633440467303784983e-05
1.621250559244613411e-05
1.583273157643395724e-05
1.652719182846426927e-05
2.285377863590083155e-05
1.679909271321361149e-05
1.879689364900263685e-04
3.957559441662816813e-03
7.383659362110770938e-03
3.286125877176675463e-03
6.724573685604791221e-04
3.052560057329151795e-04
6.564273441760631194e-05
7.708094252323710425e-06
7.769707401574508962e-06
1.429924909022219307e-05
1.441275218386083637e-05
1.497639628364943165e-05
1.622150772232378458e-05
1.632853177769106538e-05
1.590805732719218510e-05
1.659461725410078551e-05
2.293290299189603275e-05
1.180851426690629770e-05
2.387904621435474523e-04
7.445467055149177643e-03
3.957315606215349064e-03
1.122682259856018928e-03
4.085888309815883211e-04
2.065113879904024086e-04
3.548849815348254486e-04
2.362474467374133143e-04
1.614090103095628813e-04
6.937318421263215598e-05
1.945338853118829624e-05
1.424673688657625396e-05
1.601937656632492629e-05
1.640352776221257251e-05
1.589858689630364313e-05
1.655719858456036354e-05
2.289922931692183115e-05
1.400288681208148057e-05
2.738598742667566407e-04
3.133846653417269104e-03
1.183161269571634611e-03
1.951116791595132027e-03
2.611990453765381404e-03
1.538917302717241354e-03
8.364205806809818164e-03
1.885378076572927566e-02
4.323535633685557031e-03
2.103260848213831175e-04
1.976879586413785860e-05
1.304600566449493693e-05
1.592265094060226705e-05
1.661918867036503122e-05
1.596609597808186227e-05
1.654352670854386968e-05
2.287568799223699967e-05
1.441005662383471305e-05
9.040220886383684945e-05
4.248996264029465068e-04
1.684723011934063713e-03
7.243981085851073677e-03
1.912612465176417734e-03
8.146902736350649862e-04
1.706771619532196750e-03
4.032818113577713720e-03
6.792819047868805128e-04
2.274021161362117338e-05
6.072651869161582654e-06
9.030586055593623041e-06
1.440693892539350158e-05
1.648731655393596030e-05
1.609560706628707864e-05
1.657795506911786452e-05
2.286306950371837766e-05
7.204691196298559106e-05
4.878613319733127412e-04
6.411452012282599410e-04
3.228326025339350955e-03
8.713792505931889851e-03
1.565536993910974324e-03
1.557636002455710161e-03
7.317767476684295096e-04
6.891603622974101393e-04
8.589936507762120871e-05
6.286210465910471697e-06
6.548800681544299262e-06
9.844364907085812908e-06
1.244672072380681633e-05
1.544306808003058026e-05
1.614914315680727105e-05
1.666671373656813113e-05
2.286092769107940989e-05
2.590726262097914345e-04
3.950458045888581571e-03
4.087689152068391986e-03
1.106520122671917315e-02
3.311930673616787779e-02
9.246767362761209447e-03
4.145922741565258654e-03
3.848328160399308671e-03
8.130346783877915803e-03
9.983155777573535141e-04
3.474320008591040782e-04
3.636223838015511102e-04
4.808783365772467585e-05
1.286263111283881301e-05
1.373982239358562117e-05
1.600522038259189573e-05
1.679618347993001688e-05
2.287970047421960886e-05
1.334025454920712667e-04
1.667351237212839725e-03
7.020579744498695214e-03
1.848571757782451266e-02
2.288042296355476818e-02
7.822445606281131988e-03
1.441763487539258516e-03
3.138391305104980700e-03
5.642444266832302713e-03
1.149947581100479489e-03
3.622228666310743032e-03
4.768563961904830062e-03
1.303291411663671075e-04
1.141461785008840070e-05
1.152254707454954702e-05
1.563587176505893279e-05
1.692244612130409825e-05
2.290863386322962645e-05
9.566012468659206751e-05
3.136720778944275794e-03
3.611193305737249448e-02
2.277952805544147460e-02
2.216721429068831822e-02
1.216120444834073271e-02
1.055046093915118326e-03
1.273417528863812331e-03
7.652411522709681333e-04
2.825213624151903477e-04
7.738507589153939331e-04
1.635511346608583497e-03
1.463473314249067109e-04
1.191333309904930731e-05
1.046583533278384903e-05
1.534360643587905808e-05
1.701751457346129789e-05
2.292117910726808905e-05
1.350362220503054121e-05
2.103957279186077518e-03
1.235921037383215237e-01
3.022065081822809113e-02
5.220726686939489852e-02
2.567423801219456680e-02
1.207403100155558882e-03
1.674143212012537633e-03
1.576522763805648410e-03
2.564876953775201401e-03
2.324163461103259058e-03
2.033184781937000338e-03
2.574114132671917682e-04
1.439341608809648725e-05
9.962771787091018744e-06
1.517705563986572489e-05
1.711009268280100625e-05
2.292907170296601697e-05
2.362281832900925818e-06
1.867464222231494865e-04
3.936072592277668758e-02
2.465463163246930933e-02
2.598481531873072028e-02
9.307488516859934238e-03
6.094085091452788655e-04
1.245306762601024924e-03
1.663239153246033435e-03
5.556643791085472302e-03
5.139555576905887289e-03
2.641873646812046509e-03
2.071316428667799303e-04
9.876900398681357751e-06
8.359617598778248013e-06
1.489391655701305919e-05
1.721890001999448928e-05
2.295143741113752728e-05
2.730706158451428815e-06
2.366418589519696367e-05
5.553086396368797639e-03
2.198044259016527016e-02
8.846581782708593314e-03
5.861845241390588150e-03
2.276885384218801066e-03
7.237961484724770092e-03
7.064808717082957795e-03
4.124060165067585174e-03
1.448736503492140722e-03
2.204167610700261126e-03
2.823870235570861780e-04
9.301679738348279835e-06
7.452908738039043533e-06
1.462918706249293371e-05
1.730500936958018953e-05
2.297577670563055334e-05
8.209757309256778655e-06
3.056180352325004704e-05
2.503371889973417339e-03
1.345344344820118346e-02
2.117949459685488072e-03
5.406670980356847057e-04
8.694635195355277782e-04
7.299397898991231287e-03
1.679386832754706585e-02
1.164813384589896694e-02
1.014311768611290011e-03
1.580547723947394725e-03
3.661243703286537628e-04
9.956146803554211019e-06
7.033866144744483212e-06
1.440009682161513714e-05
1.733288750782005261e-05
2.298636413971633522e-05
2.840202042912524274e-05
1.553044220914717353e-04
2.654127981729950420e-03
9.726663811753227112e-03
3.475021568533655930e-03
2.817542281502426757e-04
4.199587860467128065e-04
2.307746364959015542e-03
3.849461716407604449e-03
1.274229124931283187e-02
2.261036786570839834e-03
2.108121862414053058e-03
3.582570287006547633e-04
9.814975039713126173e-06
7.067942442481220729e-06
1.442367604896651034e-05
1.733086718293842877e-05
2.298435586870659246e-05
1.582223209313451153e-05
4.622266412120551752e-05
1.007754706445377051e-03
1.099065415035285417e-02
4.347995666954413037e-03
1.820380053750415654e-04
1.029293955870251088e-04
1.394168027257583497e-04
7.907145027245075634e-05
2.600237822602019413e-04
5.240268200602436971e-04
1.717023318696694932e-03
2.293591792875375858e-04
8.342767224596722524e-06
7.314707615296979726e-06
1.456606946310868878e-05
1.726679097428845461e-05
2.296940428283413509e-05
7.235776185148377028e-06
2.145231123945230226e-05
9.020287218327737062e-04
8.603466829773226410e-03
3.671852842121975206e-03
4.397618510087276727e-04
4.830743264737516414e-05
7.603979894460225690e-06
3.258059741213389787e-06
1.073868580440294453e-05
2.370699227431425726e-04
3.428078004919205002e-03
3.289859596929103273e-04
1.158033288295761772e-05
8.933093266345757999e-06
1.496770216283799921e-05
1.712693577131559742e-05
2.293853007166900545e-05
1.234251561682396813e-05
2.095845446667643996e-04
4.666953886483168716e-03
2.626453508746367030e-03
2.901439081184749910e-03
8.399214249432466334e-03
1.391048545035254540e-03
3.783388384471096964e-05
4.737757443710991492e-06
7.253332469663859971e-06
8.210389975130941067e-05
5.157313881188264242e-04
9.694858258267423498e-05
1.259443834060821605e-05
1.152933391574025701e-05
1.562017878716676235e-05
1.696857206212034827e-05
2.290751436322254283e-05
1.698950300912892004e-05
5.297725369451363256e-04
4.244160729297481206e-03
2.292059047041286818e-04
1.854570586544673338e-04
4.787351471979732660e-03
8.637706736794646331e-03
3.071725416394343461e-04
1.534833106427392548e-05
8.401102764366311456e-06
1.329464780773157393e-05
1.828708851180855239e-05
1.279601167621742782e-05
1.068679999270664050e-05
1.398074493471712560e-05
1.613861330785548723e-05
1.682426968067607558e-05
2.289663980866754229e-05
1.317247354196026445e-05
6.464731967162641569e-05
2.275474089700427899e-04
1.311047730077903974e-04
8.694485379084260137e-04
7.657402393231728215e-03
1.388725914870943268e-03
4.788520897108677920e-05
1.026582742899000364e-05
1.050539290855305104e-05
1.081576053045223812e-05
9.796814936140376998e-06
1.058690216443722743e-05
1.344287383015077844e-05
1.595636848014097279e-05
1.615889718866163772e-05
1.660396368585046603e-05
2.280464950627948272e-05
1.398238545917711717e-05
1.145275766406102747e-05
2.291078794238997034e-05
2.275752283553922556e-04
4.366863829413631000e-03
1.428311903483223816e-03
2.148482213232707323e-05
3.166382551682314047e-06
6.175242421385191846e-06
1.335747085389137475e-05
1.545126515278395058e-05
1.471216060019056860e-05
1.506545115409476229e-05
1.597763891283328035e-05
1.617208478358742507e-05
1.564712203154623594e-05
1.621588570624475913e-05
2.251110459254112537e-05
2.038531417920387169e-05
1.126976617535518875e-05
1.331758038823372920e-05
6.653815688542709980e-05
1.843341909071744824e-04
2.214645423095825075e-05
2.312625168009398596e-06
3.187353217443063228e-06
1.026217503682705086e-05
1.688154214787374388e-05
1.749718607580541435e-05
1.700998488782397132e-05
1.691437194132383760e-05
1.686513507945841040e-05
1.663404868612373299e-05
1.622067513714226458e-05
1.698801398469210102e-05
2.349262716587829729e-05
3.119306554435057077e-05
2.094626984091143833e-05
1.810358842112874987e-05
2.322156133254405229e-05
2.163397605270922475e-05
9.464616700040978604e-06
7.501740687196363833e-06
1.429375901931934576e-05
2.299046466930469045e-05
2.443262329229665367e-05
2.331354433789511039e-05
2.291140168531908218e-05
2.292037547645782506e-05
2.293021026906593151e-05
2.281832678424886197e-05
2.251146430675156330e-05
2.349038736570613180e-05
3.055683136670639741e-05
