2.025369740623743657e-04
3.438658440992946406e-03
4.375989155603797476e-03
3.119115598102625148e-03
6.256634159426464718e-04
1.504487178361727396e-03
1.810127199250373279e-03
2.834166576335224387e-04
7.631129322366488055e-05
1.713400633670218850e-04
1.361482878682331553e-04
1.923480534088477202e-05
8.404263578262971502e-06
1.110523535330194926e-05
1.521842349918546683e-05
1.582475610560923437e-05
1.591278336018386896e-05
2.475005235531259546e-05
1.865707888323824958e-04
3.235938233289428843e-03
2.367675360361366256e-03
1.245135720491430268e-03
5.936894032195936741e-04
1.407504072581806844e-03
8.563343861928932477e-04
6.038302981332647904e-04
5.774554175956886533e-04
1.090632507544164699e-03
1.549917348355865036e-03
3.166964474717306132e-04
3.142775767704831532e-05
9.259368504159154012e-06
8.401506762762549579e-06
8.685816450722109224e-06
9.186431028342808788e-06
1.585883077960460836e-05
3.409697306832384098e-05
8.575296857141400601e-05
4.562483598243886819e-05
4.673535905038644027e-05
1.627729901201772184e-04
1.157020137294790261e-03
5.852816186674249027e-04
2.867268870424593478e-04
2.482368805539241960e-04
2.050438164864126821e-04
1.122458619725000273e-03
8.308255931962750746e-04
3.651483449623993519e-05
1.060926801079813967e-05
1.130971481368315722e-05
8.701064824838815765e-06
8.719775967872223383e-06
1.586988702434979478e-05
7.710108015526265856e-06
4.252267974552889754e-06
4.493686345367116549e-06
2.383474944103936070e-05
1.401465675799645641e-04
5.653322465148395617e-04
8.015041173971583759e-04
5.687214323132220098e-04
7.296056982728522239e-04
7.896712417594725034e-04
3.931453909002937709e-03
1.479875702811900761e-03
6.702211249101371982e-05
5.300066334113147528e-05
3.219565041168749315e-05
8.446088517697222540e-06
7.623608026482562555e-06
1.651816191496253034e-05
7.394038988954231990e-06
5.266738128904755003e-06
7.961695673729794498e-06
1.012466316539103827e-04
1.094295776612739732e-03
6.542561535249079340e-04
8.583556151196900918e-05
3.729597398411960835e-05
3.148861024212924286e-04
1.661546174820979164e-03
3.219485895375000933e-03
3.626586237685104023e-03
2.795633820664444446e-03
1.144583504887640825e-03
6.162626324546111056e-05
5.809856975414699229e-06
5.655780449793263970e-06
1.574298433574963465e-05
4.179724894517468213e-05
1.411641393914516069e-04
3.159030448876844855e-05
1.863055809942564477e-05
4.177376750386866799e-04
1.146746903179639504e-03
2.679913485335518961e-05
8.042401631889235469e-06
2.961424331981091099e-04
1.616844850255820922e-03
1.065510915153742482e-03
2.489018289256028811e-03
7.780521686339343310e-03
4.694077589487260713e-03
3.171916365572411962e-04
1.607768456592677099e-05
6.085122083484797761e-06
1.390076469013860041e-05
1.609478599133775268e-04
1.336209019687877508e-03
6.442984493969694700e-05
2.519536075295589376e-06
5.143241044569046101e-05
2.069873245669865813e-03
4.309221355747091522e-04
2.729492590644933599e-04
1.050709578208443512e-03
3.245846323093521703e-04
4.521015336452217080e-04
1.644616914329289151e-03
1.318759453514985625e-03
5.401539168829089937e-03
2.836479617645356558e-03
6.320361310805298579e-05
7.302953369829850820e-06
1.176818699228450362e-05
3.326562978357809212e-05
1.220473510365421523e-04
4.951135557888365315e-05
2.822810215408543764e-05
3.760486746227106967e-04
3.134063719271474278e-03
1.597171235410965989e-03
1.368976798921346227e-03
6.682368628791759925e-04
7.512164068581812044e-05
1.496734078762375201e-04
5.969573744103493602e-04
4.380144098192351046e-04
2.834767142301740893e-03
3.182377533018516166e-03
1.869632565794081161e-04
2.069652369899114137e-05
1.505580724498240103e-05
9.017635013206609675e-06
3.174736558848380871e-05
2.843645328096847222e-04
1.709635480753923364e-03
3.239199495229222112e-03
6.990480159029951405e-04
2.682502844131141959e-04
5.551377388220933833e-04
1.350039861430123991e-03
1.851551505083230990e-03
1.643462566803088670e-03
1.867853079224018236e-03
1.130404612355377560e-03
2.788873987276859531e-03
6.816102121070528701e-03
1.204237900900893528e-03
5.759815489946911924e-05
1.630189084216340214e-05
8.540102032380745062e-06
6.170908219143963677e-05
1.077557145608030445e-03
2.303410545955431998e-03
2.154797043795714413e-03
1.373212773425300541e-03
2.178233576303477501e-03
1.087494709259468045e-03
7.033900826101684069e-04
1.228761488199753933e-03
6.400846054468800964e-04
1.137364782233864788e-03
1.021630268463048601e-03
1.149401883762897264e-03
4.108094453532117746e-03
8.242807484393152324e-04
2.342166262465503735e-05
8.185293737278904073e-06
3.934259323263540437e-06
8.302801173730376121e-05
2.800218735878269929e-03
1.659228294125580884e-03
1.506981280474655339e-03
2.740857050034429480e-03
2.626954305847689543e-03
4.834689767715854626e-04
2.237456424770809969e-04
8.933676681246587340e-05
3.948217095640100535e-05
6.501876061642457381e-04
1.282172406652806523e-03
3.828427287926299146e-04
1.806327249195317309e-03
1.081239884268024587e-03
2.667868889544955353e-05
5.329486387404610092e-06
1.451871444707336873e-06
1.407727011735603485e-04
3.997263623057430854e-02
2.041917894796373492e-02
6.874636313887361357e-03
3.831370744995790060e-03
7.417433589553170791e-04
5.733416355546905796e-04
8.512686480255739251e-04
1.045099905177073775e-04
5.553695388227880656e-05
1.102092417197251184e-03
1.755677022027296412e-03
5.301152752269560828e-04
3.522663389898852450e-03
4.396732994286438323e-03
1.787812192281702122e-04
1.077655653898951657e-05
6.199908692658393106e-06
5.919048053075965168e-04
8.290457877401000153e-02
5.742331877630073994e-02
2.763268163818643000e-02
1.679418747306238996e-02
4.873775015793402506e-03
3.438430804009292435e-03
4.616011212684009886e-04
9.518516528759389170e-05
2.380636784537411863e-04
4.696701188289300341e-04
5.541900983224866319e-04
1.102117116872786519e-03
7.803883678420840513e-03
1.091517703596581179e-02
3.608972049161534874e-03
1.229789317424919044e-04
8.500475186587404556e-05
4.854095733475017813e-03
7.110897449710944229e-02
3.407229441793289265e-02
1.232158839731129114e-02
5.251284296498868152e-03
3.687773145297462956e-03
1.164924951410970097e-03
1.381759668005935868e-04
5.433522923209688476e-04
2.436885319294593115e-03
6.477719264964998565e-04
4.811915747607875831e-04
1.622023570835830859e-03
4.769333171333853955e-03
1.096580182468203735e-03
1.181675908490328192e-03
2.216028355403045847e-04
1.956204811957830224e-05
4.770499564684621096e-04
1.069800025403278010e-02
1.324265111012038441e-02
4.625455003001860584e-03
2.878901793301530485e-03
3.846210490635685372e-03
5.179764538394352868e-04
2.718134994138471177e-04
1.082937136834549730e-03
6.178142429922848806e-04
2.587364606926557064e-04
1.864235018692164464e-04
1.327719350696390322e-03
7.405553845773530687e-03
1.422511510840698736e-04
2.123339733739821120e-05
2.588175165080053237e-05
5.143213332696937675e-06
6.446056568739195146e-05
2.297264968505567662e-03
6.154843798415279323e-03
4.347016210907405677e-03
1.688820260761910493e-03
2.028585135700474145e-03
1.196455928573489933e-03
7.527798998155303244e-04
5.721810071541890818e-04
5.854867346170584529e-04
1.079743645949655289e-03
2.255707474336851993e-04
1.052653949487087010e-03
1.242222679291325044e-02
5.095087494925292252e-04
1.762768889697419056e-05
1.134429426890111507e-05
6.379392937889418864e-06
2.624271190192033537e-05
5.887576104508576973e-04
4.281919539834204598e-03
6.419940662927193890e-03
4.995997810489892499e-04
2.702901662627757527e-04
1.926307179097136793e-03
1.463928990542862118e-03
1.370753991866047574e-03
3.208477798142192038e-03
1.683475341007900552e-03
3.461105663313558938e-04
2.347549642365422563e-03
7.030991369746278190e-03
8.625970455898980625e-04
5.287639936288207891e-05
1.432348491081321246e-05
7.162547000940184397e-06
2.432762039110394003e-05
2.076601681939000787e-04
5.328176188158406830e-04
3.132859064794397269e-03
1.389250973626866489e-03
2.781141151494380404e-04
1.053265091233516462e-03
1.115224088161548320e-03
3.750940624624716450e-03
2.918207879044497268e-03
2.146297858384318242e-04
2.007794809488358751e-04
4.446098398305476165e-03
6.832079847055820901e-03
8.971699998553378085e-04
5.123541145753480504e-05
1.065074865637608077e-05
8.406871104730695652e-06
9.502274490911546934e-05
8.585730132157225235e-04
4.759469907767094679e-04
9.415092293329692689e-04
1.184105771154295552e-03
6.958031270357521898e-04
2.210679117310761048e-03
1.501299409216157914e-03
4.980716919185745363e-03
3.317113251953755174e-03
8.221700589215340986e-04
2.859839405800763089e-03
8.018089844371059996e-03
6.706006088540538215e-03
2.762649426610517146e-03
1.113500933536282905e-04
1.233333439376927180e-05
2.809953355526589373e-05
2.730243563524222005e-04
7.450486502491540002e-04
1.115805869997212388e-03
1.189572939722005358e-03
4.449129894973054885e-04
3.229714841295782454e-04
1.406047333302201706e-03
2.151924617944625095e-03
1.515187080553900660e-03
8.398060970384882635e-04
1.410000077625766070e-03
1.125893466217862265e-02
5.942079308493808040e-03
1.032930455280354912e-03
3.692840398462574210e-04
2.884654185456650015e-05
8.039327472635497446e-06
2.051457604002181895e-04
1.015813243684912485e-03
1.340186616817718639e-04
1.761687187118892491e-04
8.368593412342123462e-04
1.460098918504701502e-03
1.460578452487912293e-03
1.503456131952152349e-03
2.662623282668127866e-03
9.324538752194612206e-04
2.562393346804673570e-03
6.964403937629637213e-03
9.178925812171424836e-03
3.812131603480787331e-03
5.369081820128433855e-04
1.916176359316660422e-04
2.130770635029511612e-05
6.614585016507393083e-06
5.404786962178361338e-05
1.512003797780227395e-04
6.092696617465021968e-05
2.417329371221642472e-04
7.952798232362209190e-04
9.318849464247533571e-04
2.861100452144472572e-03
1.898661163496284058e-03
1.012309680150062438e-03
8.236499421473416705e-04
7.931194565824202514e-03
1.131231907060355375e-02
5.308529036975473230e-03
6.942249941777078361e-04
2.154374357592042373e-04
1.103978323823163413e-03
1.670991248374631823e-04
1.264663591728489013e-05
6.262618756302984359e-06
2.393339202200075419e-05
2.129898122673514057e-04
1.374598457080046868e-03
5.325481340424781645e-04
3.936678783541031523e-05
8.880165066160947683e-05
4.277706544436798096e-04
8.643270832842181927e-04
3.251626942858151879e-03
8.680393455079218890e-03
1.211929912530284020e-03
1.007432705953673719e-03
1.150332916606445913e-04
1.836576920843814695e-05
1.299529050239175347e-04
5.785038947644206104e-05
1.137230074669286141e-05
5.704220371375621681e-06
9.229743406459915201e-05
3.281269674701827246e-03
4.650502818592742137e-03
1.195175289635680383e-03
1.487011572812020036e-04
2.307498498409968465e-04
3.317971057180582172e-03
1.241119764064262110e-02
4.732271659616501744e-03
1.370669580907815481e-03
1.044438706686394154e-04
7.802892277667303179e-05
3.063623119867515699e-05
5.361762643400695893e-06
7.814950468069793853e-06
8.131764739625072096e-06
1.023989734498526247e-05
9.294119105341140655e-06
2.259579890617453922e-04
1.303071873914369086e-02
1.332706045378546401e-02
5.568397220189770166e-03
4.176665394127110700e-03
2.952882736923471887e-03
2.936622537695476962e-03
3.313959179521859619e-03
2.327913699946267752e-04
3.772332958333878141e-05
1.805487030057168114e-05
1.619491625946151305e-05
1.626611181212669926e-05
1.072272729858187053e-05
1.079030928863755966e-05
1.274051260373363674e-05
2.286739978181345800e-05
