1.554045920012648142e-05
9.269526170564221985e-06
7.577271277907021681e-06
7.757555225005183583e-06
8.081577657248741812e-06
8.064113242501822949e-06
8.025998242249181931e-06
8.516716044323360216e-06
1.015712032802778413e-05
1.176792394849458642e-05
1.203538576209918228e-05
1.176599494482102645e-05
1.162565607201634628e-05
1.160635239883129240e-05
1.156738965405934349e-05
1.136190624244529877e-05
1.182515496401274656e-05
1.602211863387303646e-05
8.350552217279741025e-06
5.334159334873172993e-06
6.554603815456377823e-06
5.429730205773281006e-06
2.957667156612971851e-06
3.896520698962292318e-06
7.835764937501322992e-06
6.518158065953057270e-06
5.113198445853901316e-06
6.506909370422519743e-06
7.861075624929974930e-06
8.153336726923792726e-06
8.166924272837349305e-06
8.116486930813835975e-06
8.023911669361662139e-06
7.808891786291902331e-06
8.155111792208230836e-06
1.181874873207646524e-05
5.028055881970359807e-06
1.459017922260101296e-05
1.516195919826571756e-04
9.945944157268150725e-05
9.260777793768381426e-06
1.877511233635904191e-05
1.784603951041535729e-04
4.675404063585373812e-05
5.023435539813099437e-06
4.250227366018563511e-06
6.129094590972974432e-06
7.090781318370004466e-06
7.786205242685475226e-06
8.000810821997703050e-06
7.849863123322242000e-06
7.553300840900596600e-06
7.819272242788788987e-06
1.135290156637529588e-05
4.989885791384125300e-06
8.028238646242174452e-05
4.435598034666374603e-03
4.441918644125895412e-03
2.293039840393535115e-04
2.018586374953135003e-04
1.580319841346070455e-03
1.542893279680304457e-04
6.358721744589079961e-06
7.121733756223155898e-06
8.779800263405076557e-06
6.188338809221546727e-06
6.760677082372420907e-06
7.849779982283248048e-06
8.018864182477465150e-06
7.835946182883261221e-06
8.088950558814492886e-06
1.158797271642221837e-05
2.949776362102951311e-05
4.479272878536656906e-04
2.127619169666680743e-03
2.845619748517839911e-03
2.040886740201532448e-03
2.630319289724297933e-04
8.970102099396742932e-05
2.491328097078379281e-05
1.865499750517319268e-05
1.113057670254267539e-04
4.286347925460239289e-05
4.839116232993497206e-06
4.161283582143586723e-06
6.256914184705220116e-06
6.932189932610220107e-06
7.482435368314942206e-06
8.177910167839746997e-06
1.169681840734914607e-05
9.276997189369625167e-05
1.404623351551266856e-03
5.305138389490026427e-04
1.702863975184112162e-04
1.509783268712105520e-03
3.818773451651091442e-04
3.442699066844246764e-05
7.923502443975917247e-05
4.811842935067810602e-04
1.557560319730873439e-03
1.127531858942707301e-04
3.496980634847698703e-06
4.703281628128791560e-06
9.048856456712166138e-06
6.197618288833096736e-06
6.392604753127364306e-06
8.006738094179494166e-06
1.177928396361652011e-05
8.107982648731045202e-06
6.351697817661983159e-04
1.962296702348535760e-03
1.176178162052805907e-04
8.741964898482296230e-04
1.876846007739042853e-03
3.503731132428126571e-04
1.549052300696464237e-03
4.808543272791358271e-03
2.614887366315373635e-03
3.275039173765514444e-04
2.570072362786199885e-05
7.470621084568032416e-05
7.155700448632067721e-05
8.930888374057552374e-06
5.463548790589803052e-06
7.701253001751465969e-06
1.189777556997076374e-05
1.733699384033156584e-06
3.207421700732084459e-04
8.602717858416826513e-03
6.598541635402381837e-04
1.556031142449791150e-03
1.956938920874670435e-03
3.458931754454135175e-04
7.235465652636790049e-04
3.878841958729765341e-03
6.243881320554616442e-03
5.212624933049200306e-03
1.470319757484314085e-03
1.215628408387693302e-03
1.706747427486204199e-04
8.179304908280723020e-06
4.574175939127473628e-06
7.367668983180893654e-06
1.200548933312804664e-05
2.190577021469643571e-06
4.963926753983501626e-05
1.927007548929586143e-03
3.820310245092027341e-03
5.981221001877088002e-03
2.455163543742293168e-03
6.391853621000072186e-04
3.937639691629277443e-04
2.849623438108978696e-03
3.675275175254057777e-03
3.226727812290675242e-03
4.200072367214055177e-03
5.245520268317507579e-04
2.825317734966272521e-05
5.074593392692530157e-06
4.338184225691405128e-06
6.898544460671833523e-06
1.188194901688113750e-05
1.048681230045501451e-06
3.318369584422848225e-06
4.653739421765517204e-04
2.041336086765276753e-02
1.477613148376048617e-02
7.996616389245933890e-03
5.574324577041149531e-03
4.770736065992543925e-04
1.071522155689311369e-03
9.425780447004084277e-04
7.648930520915586022e-04
1.468054398419677779e-03
2.382323663703097465e-04
8.695473038995887632e-05
3.113559263848449636e-05
7.532397003492160352e-06
6.485113374532648606e-06
1.149111722885549417e-05
9.889770194447386112e-07
1.424593975179780439e-05
3.050501860599080448e-03
2.336370211601958985e-02
3.794427245471986010e-03
2.880158053254594595e-03
8.635797559942880869e-03
3.924632702041321941e-04
5.660984629785165406e-04
2.210313132618030047e-03
1.176815484095667741e-03
4.871310618345996374e-04
5.979707499813568259e-04
1.485005990106724651e-03
1.513121868834433627e-04
9.096134803357027110e-06
6.021604161039190766e-06
1.131204789899687495e-05
5.438423286334342829e-06
6.554139718334180825e-04
4.784632223710603288e-02
3.663493239469046980e-02
1.264014260895880704e-02
1.018685436738864941e-02
1.277983353317838078e-02
8.747558501171074155e-04
1.421883721767010613e-03
2.563098970648780735e-03
5.188991094310038297e-04
3.930846658450914445e-04
1.560483676698550806e-03
5.189772014070079351e-04
1.515285992377842646e-05
3.511096705593813664e-06
5.742410600770606627e-06
1.168793867310078034e-05
3.534364074668287466e-05
4.391010062431988277e-03
1.508932411725276423e-01
8.254721261859525316e-02
4.354566363564821296e-02
3.141118002006079019e-02
1.436548990838079111e-02
3.906734821460411226e-03
3.775760712226636142e-03
3.427006433084840362e-03
1.969034962242690191e-03
2.094585352789825501e-03
2.587355765999791325e-03
6.869332896421472933e-05
1.693654235067299400e-06
2.087253082541395259e-06
6.487065443017698131e-06
1.225393612783736489e-05
4.064399547492905483e-05
2.485407332312984663e-03
7.803073448157678282e-02
4.815997605961524347e-02
2.738343759052518783e-02
1.380600573227323997e-02
3.014910592915315789e-03
2.460742715579706738e-03
9.892391778291412165e-04
1.583029747163523446e-03
1.838449072266723017e-03
7.956593909848428021e-04
1.844661558056812393e-03
7.944374221914769253e-05
1.881310573552982935e-06
2.578835263521616757e-06
7.404193968267681380e-06
1.242223366844118473e-05
6.552177686000701636e-06
1.024290595089527291e-04
5.094047725790791167e-03
8.425905210140064230e-03
1.035618504803425925e-02
7.150978691758153906e-03
6.310888766722454581e-04
8.687473420611854834e-04
7.326641339490030979e-04
4.522133208227445389e-04
8.861508822943221471e-05
7.545847925222340478e-05
2.274464129084914979e-03
2.157408933193098732e-04
2.915535473244897669e-06
2.817344891681183057e-06
7.398533446679439819e-06
1.224427726200307528e-05
3.808066846238165574e-06
5.713136704081919835e-05
7.557924826035102885e-03
1.206084513924081218e-02
2.990301167418592341e-03
1.097876055979427057e-03
1.921852301364522573e-04
1.339956037256559386e-03
3.736524531348311886e-03
1.421815994630290557e-03
4.682402462950922069e-04
5.901547951768707076e-04
3.959698298124209558e-03
1.970061977927524497e-04
3.696861877914313843e-06
3.367588222744626668e-06
7.484568074133050565e-06
1.207133531398500660e-05
7.912314009478559990e-06
1.196210464364841868e-04
6.288532962339772429e-03
4.607077750211071437e-03
1.922185201038013359e-03
1.443754345126240088e-03
1.593194069528215630e-04
4.129352665323491049e-04
1.104256416688708569e-03
1.630215835461010015e-03
5.762872999174676637e-03
2.157404441980895378e-03
2.642288078671693524e-04
1.709486994739982575e-05
3.404006215406121521e-06
4.874738800747962520e-06
8.034780554425642636e-06
1.193827315554057371e-05
6.500301702518632212e-06
1.998036776902462031e-05
4.448456376272614025e-04
8.684426630383029495e-04
6.584471248491249006e-04
1.921464914360814175e-03
1.045382511748254748e-03
1.619740417254719430e-03
4.048232149951949861e-03
3.545479914284385865e-03
3.157093749526545135e-03
5.198276517492417563e-04
2.304168115019105886e-05
3.666843381185835971e-06
3.858418700716347462e-06
6.677177176312830019e-06
8.386874912781341898e-06
1.177077503495119925e-05
4.796086103424759713e-06
3.622345626977755273e-06
7.000849073549950271e-05
4.068612716598685435e-04
7.930417381306228931e-05
2.299650291878007746e-04
1.424833707058699482e-03
5.642425035683281591e-04
2.308837203449252344e-04
5.263960274656181515e-04
2.636315109301647346e-03
1.474170416105199033e-03
6.046340981359036443e-05
6.885432373544798655e-06
6.091523373006299399e-06
7.792519803245151114e-06
8.324025050617620290e-06
1.162569298716915206e-05
5.681100876440327448e-06
3.415895982429533602e-06
7.783610247835654828e-05
1.866663217292314526e-03
3.426822579430900879e-04
7.835084653563649136e-05
8.470463497073666965e-05
7.488246198279205586e-06
1.755286579198830047e-06
4.230552465197052510e-05
1.703175084177695761e-03
5.532293226708206437e-04
1.970314663411853109e-05
5.637335172617555108e-06
6.952025529439228362e-06
7.992075596298307309e-06
8.169235228676868219e-06
1.157101303875424463e-05
5.774351393901107006e-06
4.480328998905806508e-06
6.677031848420603459e-05
2.375701537505687990e-03
1.864428617175250581e-03
9.143094353485301516e-05
1.074883364469249006e-05
2.259858307815305860e-06
1.809854802668877962e-06
2.012534483240708598e-05
1.032239991987090135e-04
1.471799899417710517e-05
2.461544183990928106e-06
3.699819795271334772e-06
7.142532138242343876e-06
8.001935648162990448e-06
8.106805776413351046e-06
1.158804378079343169e-05
7.543908911287682590e-06
2.502347739202497682e-05
1.874052303832091993e-04
2.448294722961318472e-04
9.697121518236037803e-05
2.096052740334676331e-05
6.530613670643442255e-06
4.771541266785438779e-06
5.502602198613944070e-06
9.478881885482028910e-06
9.548575854408822375e-06
3.887612023824463696e-06
3.116132504402581918e-06
5.670631483606433591e-06
8.017377650080291651e-06
7.947239849824900757e-06
8.031163352999921032e-06
1.156016717120264449e-05
1.095579755072576155e-05
1.712107204470000811e-04
1.599337892258480146e-03
1.202674263148518341e-04
6.860519121323486131e-06
4.580536239151984262e-06
6.021612727839168437e-06
7.291830707840605567e-06
7.560181505329006428e-06
7.133505289845015732e-06
6.355655690265250881e-06
5.825608314762569419e-06
6.591351330916556947e-06
7.855117840121372090e-06
8.067891701991506003e-06
7.603433192398220718e-06
7.804677545396827490e-06
1.135822098519837696e-05
8.596688449164811567e-06
4.138354648929211269e-05
1.905672658349085499e-04
3.310049565385418056e-05
4.810151641525315791e-06
4.873890907158817180e-06
7.379111768291454422e-06
8.346305109682051083e-06
8.235418607242004312e-06
7.934853856093220578e-06
7.838175502513219852e-06
8.048007483426020304e-06
8.330031907794577562e-06
8.349294746505056146e-06
8.122713020582224584e-06
7.810054049329190516e-06
8.150731241900195155e-06
1.183026758978370379e-05
9.850670810533450521e-06
8.011368337964165626e-06
1.033011525555045237e-05
8.528971888305828531e-06
7.743388228083507622e-06
1.022192105611398147e-05
1.199850545551223594e-05
1.193942707811298886e-05
1.169114694204782940e-05
1.165711763980911709e-05
1.171581745651883767e-05
1.176868769441257801e-05
1.174002466170086791e-05
1.165737515802221372e-05
1.155153160182875655e-05
1.134010517995957684e-05
1.182501539732747577e-05
1.603564931980843293e-05
