1.229793641234711238e-05
1.034195040504385410e-05
9.594622640970757750e-06
8.416952006975110911e-06
7.192309221492303212e-06
6.763515825214692186e-06
7.188996511910506058e-06
8.439395887248605065e-06
9.669145433425476772e-06
1.001226948459079245e-05
9.913279439587097252e-06
9.846107625289480790e-06
9.844609688829541016e-06
9.855124455634379582e-06
9.833447659608084883e-06
9.789377407945800932e-06
1.018661793481012948e-05
1.221979013040208132e-05
1.030199792576767421e-05
8.061925430073299664e-06
6.560824838534009839e-06
5.380387719040950870e-06
6.787896925839705705e-06
9.274017545631996765e-06
6.786135528964522605e-06
5.407577771889665439e-06
6.654938480810272828e-06
7.799980157182391375e-06
7.909696445591496205e-06
7.812432387461307491e-06
7.784419231355670348e-06
7.788755069912712978e-06
7.766585723830634689e-06
7.714127225003365628e-06
8.093670011975083854e-06
1.018310531743315707e-05
9.918763934415562460e-06
7.342782951651329282e-06
5.304219707915648957e-06
6.397991068059528399e-06
4.517359067475361161e-05
2.245270505587098611e-04
4.534518187417894595e-05
6.461981059333386379e-06
5.408189270421848231e-06
7.162791368966730856e-06
7.661913248280228204e-06
7.579358295881158877e-06
7.499226156877094713e-06
7.456021009597758494e-06
7.412474688479364162e-06
7.351482396031550209e-06
7.713998573991677349e-06
9.787108823743449494e-06
9.969652859041623849e-06
7.220383668169902088e-06
5.042523561678054770e-06
8.807706354751772593e-06
2.251670213771035862e-04
2.818795271842226054e-03
2.255141871205767470e-04
8.634605424104720029e-06
4.808521386247675047e-06
6.530802144469364200e-06
7.382172766649806318e-06
7.658858101690285271e-06
7.749498933793307688e-06
7.652678209968644493e-06
7.515271834650270546e-06
7.413470561384002049e-06
7.765786400297268802e-06
9.832823298541369810e-06
1.004963899445557931e-05
7.496988271723337213e-06
5.413989244529136095e-06
6.487155061396220678e-06
4.568513006163037757e-05
2.266807841559759836e-04
4.386199677020585639e-05
5.618871074512293572e-06
4.287787409429286687e-06
5.270173294704477156e-06
5.345342628301120567e-06
6.005722590884374334e-06
7.293983868008403724e-06
7.850508468601083656e-06
7.692740408301332070e-06
7.475642383779742273e-06
7.789117886596888418e-06
9.852885272321618490e-06
1.012519186033466078e-05
7.719230993813205646e-06
5.925452565156865464e-06
4.643969000820368474e-06
6.002478400134905368e-06
8.523775328218547944e-06
5.818050649614270259e-06
4.548190287705392892e-06
8.089977683467262427e-06
9.688681744941748952e-06
3.990473372713237026e-06
2.581562548718985357e-06
4.324961943338487711e-06
6.985940693162928076e-06
7.791905031037590505e-06
7.571214057651205803e-06
7.802837770168992039e-06
9.844906165051460416e-06
9.973061148087845315e-06
7.012756250252239126e-06
5.377633101561035328e-06
4.216814561852664657e-06
3.738610006148618878e-06
4.041997296661955343e-06
4.425243951848731544e-06
8.100312418632192485e-06
5.963010670344316304e-05
1.906969735260003926e-04
1.988759110078245121e-05
1.601485561802684705e-06
1.652115087284287781e-06
4.479868273963054102e-06
7.226645149487398601e-06
7.632814083602428839e-06
7.843459058567071494e-06
9.844593618809938072e-06
8.810733507839151179e-06
5.812925208633970949e-06
7.481639265646439556e-06
1.036064553721603562e-05
6.551409160860925825e-06
4.368441493020613423e-06
4.216434800301447180e-06
6.998577267482100678e-06
1.058944502805252949e-04
2.546081827167808159e-03
8.504327546862623004e-04
1.745108035056177825e-05
2.450349463110221041e-06
3.325719878851320719e-06
6.174506797043761018e-06
7.503055233186400532e-06
7.886657236286560252e-06
9.858686963882873008e-06
5.326586582629739128e-06
3.754751919969343871e-06
3.177123672605504319e-05
2.690617790553369694e-04
5.215708310140727496e-05
4.957875604966795377e-06
2.655121756324848503e-06
3.518343818423070270e-06
3.954315184099749573e-05
1.642813113276328551e-03
5.505936542109159115e-03
8.292040531521336797e-04
3.643709574150575764e-05
6.067159294236297682e-06
5.748780165038452610e-06
7.247291179329909515e-06
7.907624471734743315e-06
9.879496051908603129e-06
2.348789788742099623e-06
2.233372746564797865e-06
9.685623727904432234e-05
2.642241439321614278e-03
2.123061303128188004e-04
4.260720813263230454e-06
1.579805821302189953e-06
5.050520464843557445e-06
1.496193919615679984e-04
2.478918349501266563e-03
2.803070482567717944e-03
1.888103768370730890e-03
1.607855051114348967e-04
9.380764405719476122e-06
5.385462939095346123e-06
7.009065374936911100e-06
7.919529866431868927e-06
9.895942977622533565e-06
1.825870190508420123e-06
1.624410445467723704e-05
1.245746197306648716e-03
3.856188222538532717e-03
3.229904172161238412e-04
9.353191352927616749e-06
1.431125852134555120e-06
3.809628997491476007e-06
1.581959923187327714e-04
3.103378301033658890e-03
2.923413427398774932e-03
1.371607447642494201e-03
9.790503394371240242e-05
6.628112527609709912e-06
4.786055730938497192e-06
6.918285998260700364e-06
7.943828321087450858e-06
9.904615236532260896e-06
1.198000988519671645e-06
3.144956097877768357e-04
7.906217069412936616e-02
2.474263700996961676e-02
6.987307492992039445e-03
4.092985633234339036e-04
5.769254640189539469e-06
2.711297098877820524e-06
4.937510453857204737e-05
1.350094651914160492e-03
4.352300297689340111e-03
2.152542601530848046e-03
9.071740145082782714e-05
6.106426843830369013e-06
4.852901363422844478e-06
7.022392075336913325e-06
7.969432621469401041e-06
9.904598056322255954e-06
6.784635136156503731e-07
7.072038051372222991e-04
3.880901334282864656e-01
7.042890128894922774e-02
4.600777228577721673e-02
3.728225067918026613e-03
1.742310336909974399e-05
5.082620394388323439e-06
1.102522995534451465e-04
2.198163576341028227e-03
3.587058408442456246e-03
1.572456638500033515e-03
8.779490366883944486e-05
6.671483664711240461e-06
5.115099854975648180e-06
7.122641544662281650e-06
7.982506048005726088e-06
9.901285336166456934e-06
1.009711957851756121e-06
2.949738192048069322e-04
1.441742095043710425e-01
5.748203547335324626e-02
7.012287331366089810e-03
4.358887804479312142e-04
1.360278187857613670e-05
3.794034553402385006e-06
2.676064293990496415e-05
4.423043227610648628e-04
1.545250799954782719e-03
1.386039554521163080e-03
8.452551473042808851e-05
5.982608489242464762e-06
4.831506227356373934e-06
7.066970112456521384e-06
7.992203083929050054e-06
9.904943834816748346e-06
1.492634028845856094e-06
2.114029223630102625e-05
3.645971987136557412e-03
8.685363610990655403e-03
4.209889353092875004e-04
1.395583232453552003e-04
1.699706329968101066e-04
1.867649191215165291e-05
1.499457788679511746e-05
1.914954934490126302e-04
1.644498660194771127e-03
2.685872415451338001e-03
1.109101610358961322e-04
5.206159684090912991e-06
4.310925783279279176e-06
6.915670255476589769e-06
8.000294342846335304e-06
9.913511321968149258e-06
6.482830518691748894e-06
4.478420883407720476e-05
1.634193451333720111e-03
1.732362238981245911e-03
7.530070287312576435e-05
1.819663081130031956e-04
2.302689804351472705e-03
5.582860299615386357e-04
6.040784523719174579e-04
2.813812256227244454e-03
7.310969844278969280e-03
7.967188279845362209e-03
1.951924457853078485e-04
5.742941366267550628e-06
4.232587574982193954e-06
6.870133860763751916e-06
8.004467954995294826e-06
9.918826163598362653e-06
1.201114925424725932e-05
4.504127271121940188e-05
6.399179317344672957e-04
2.821689100269004526e-03
6.392558109381621390e-04
1.664990040820189495e-04
2.849931702250623855e-04
4.435843451703044078e-04
2.308437690381361443e-03
4.502470376789689463e-03
4.783485850247453687e-03
2.880898075797522565e-03
7.546487703661797989e-05
4.234801444914022493e-06
4.183193499380617066e-06
6.887946132623601536e-06
7.985498954214937411e-06
9.915446325116182620e-06
5.323334176965198931e-06
2.701571964262016984e-06
1.332301338938266189e-05
6.328047442050983113e-04
1.717260661666933450e-03
2.443380788504508853e-04
1.395263763567273639e-04
1.133329079203226555e-04
3.195808674976176040e-04
1.037838898685862184e-03
1.840234353764693158e-03
1.733288113957982303e-03
1.056432917616132599e-04
7.455487567903666762e-06
5.314812755390644102e-06
7.091759921515394350e-06
7.940438023772958856e-06
9.898748843128979427e-06
4.696789934204159277e-06
2.447883842562268451e-06
2.123808630052024325e-05
6.027702921164670600e-04
1.037323145508192235e-03
1.610215577061001975e-03
2.234848179483120856e-03
1.976916055193685617e-04
3.412494119254698205e-04
5.809203970892511115e-03
3.564875695361805364e-03
5.092194109791046887e-04
5.409994828729500687e-05
9.171372672521730738e-06
6.457318536067186969e-06
7.299439637682232994e-06
7.889399652981949433e-06
9.877337011292403363e-06
6.288012176370773315e-06
8.952000861405488711e-06
3.072805764724455702e-04
5.708944868621473878e-03
3.981010502581930170e-03
5.569839374355718339e-03
9.916721650708270989e-04
1.913675339236837274e-05
3.236739822272643156e-05
4.931864304412137637e-04
1.628212215833380820e-04
1.394792955384946039e-05
5.486621050599514708e-06
5.377004243286197794e-06
6.658020132044520271e-06
7.430343941144265676e-06
7.858731318760324016e-06
9.864947552092579751e-06
6.698378939044487064e-06
5.381597703952758005e-06
4.080581290152145971e-05
6.301957669201379165e-04
1.430482252343124108e-03
4.417376107114155638e-04
1.347859919387175439e-05
8.902518304698588526e-07
1.428495238489156072e-06
4.652254270620632730e-06
3.831441471011288036e-06
2.524539772860543539e-06
3.487416957032690657e-06
5.734016432398339230e-06
7.267153411271813872e-06
7.539354162939909825e-06
7.837960198822631621e-06
9.859763566558319437e-06
7.480417710314616480e-06
3.208491339161950045e-06
5.536657946048026333e-06
1.552132248007241167e-04
2.023445617606136390e-03
1.827152699451045875e-04
3.608341006840781976e-06
1.183040717221125089e-06
2.009590528682247498e-06
2.792368646296155456e-06
3.263527043726644282e-06
4.385488964513398499e-06
6.107477693039978945e-06
7.354897035183647781e-06
7.639201594888973061e-06
7.499088377001895230e-06
7.784286831500195333e-06
9.830828422506047068e-06
9.057768080519130565e-06
4.658834107487508467e-06
5.285712856848601763e-06
5.620490286349934229e-05
4.094673690604395998e-04
6.314539613853573097e-05
5.322051027687039177e-06
3.955749026725697015e-06
5.797099954187891801e-06
6.375210844161238142e-06
6.606850399901129099e-06
7.204164604760113307e-06
7.623739462647215076e-06
7.656856170876441453e-06
7.514680614388481925e-06
7.375220962208067440e-06
7.712547121008554607e-06
9.785134804934373230e-06
1.032922948319121900e-05
6.834168823782025521e-06
5.198018483605866849e-06
6.946774422487484289e-06
9.975402440757663122e-06
6.810800888238461711e-06
5.154435655699935087e-06
6.614344937109390271e-06
8.059385961795161152e-06
8.181984632115948562e-06
8.049582124731565345e-06
8.000506128292261189e-06
7.933748187625701910e-06
7.853089145288613077e-06
7.776851081924926020e-06
7.708116960365629026e-06
8.088775134775885744e-06
1.018454858203452243e-05
1.251383601469073836e-05
9.985543117399463243e-06
7.940313218899388380e-06
6.089514397916904186e-06
5.331044968954242687e-06
5.986861004845261601e-06
7.879914734932933116e-06
9.657185655375314159e-06
1.014673477415726005e-05
1.002040710227157354e-05
9.915488790409593338e-06
9.874542003798968140e-06
9.852944243718870737e-06
9.844305901647131522e-06
9.818685045931154723e-06
9.777814471899412072e-06
1.018136455720369587e-05
1.222272914471124567e-05
