3.273871117901861318e-05
1.845908568040822658e-04
2.498639864522018625e-03
6.183214666203712233e-03
2.513394738198795018e-03
1.575860147499593973e-04
4.804618304327614082e-05
2.588234233788744786e-04
3.085331802378097526e-04
3.055184323783368403e-05
1.152067477753289973e-05
2.105091749050311050e-05
1.629548901087843397e-05
1.360301196440376856e-05
2.246470613990687304e-05
2.128925941844559650e-05
1.840776075363280011e-05
3.235813634163347630e-05
1.345623151894277668e-05
1.675408424893568072e-05
7.228641243789746588e-05
1.244522241949458049e-04
5.261504789531763906e-05
2.156963282771241558e-05
9.564042753743400298e-05
2.261656099147913747e-03
2.246243632807478491e-03
5.350667923020150144e-05
2.612964145633712686e-05
9.313282261281583918e-05
2.823166336715603113e-05
3.298751954158466126e-05
1.452274451097931775e-04
5.509381261105356320e-05
1.396589652400880837e-05
2.066504820728628654e-05
1.143037382955181624e-05
1.313765267246375463e-05
1.640216665345227323e-04
3.555636190663729636e-04
3.857366982023506253e-05
3.958186448936230380e-05
2.394779617993961598e-04
6.581795232120299637e-04
6.012492218515407081e-04
1.062967493429910459e-04
7.003040896467592090e-04
2.152066386741355742e-03
1.402525728674155038e-04
4.440625138342631749e-04
2.122973654811500816e-03
1.143986838512620741e-04
1.093212416925151862e-05
1.881328629380239016e-05
1.312445050725988793e-05
5.570823369724434555e-05
3.051112912503333666e-03
4.406657444810143168e-03
2.493248429238593879e-04
5.540535503602053149e-04
1.305349110319827628e-03
6.899666173135015051e-04
1.576552603095232553e-03
6.798256558699361648e-04
4.349048639243319192e-03
6.706473506131508354e-03
3.322229189148100397e-04
2.194867465849842294e-03
3.891284804151758266e-03
3.591901433960147295e-05
3.412695502498523724e-06
1.342653821151693227e-05
1.177871555805302626e-05
1.020069577752712148e-04
2.722136319428678387e-03
1.470848045634301753e-03
4.409768866135929145e-04
1.968187153071100214e-03
1.390479611605916323e-03
4.258465386520552667e-04
2.398417261117988687e-03
1.056628985507447127e-03
9.979036639808011849e-04
4.674187726363631355e-03
1.375512636611011912e-03
2.204513936327318589e-03
2.414895428433661180e-03
3.431825944507616000e-05
2.358546054799494427e-06
8.939996357527697478e-06
1.302266080995268621e-05
1.880787701909129156e-04
2.847628494735871246e-03
1.896288593063559513e-03
2.402874655691469592e-03
4.071409470221578480e-03
1.403899145401232406e-03
1.738384934060488722e-04
3.898040474488675316e-04
8.990152530855775306e-04
6.197000648273395069e-04
3.226145202325992906e-03
7.041039714300857850e-03
5.242492714705305860e-03
8.487792845922598542e-03
9.125677020998263899e-04
2.486330792671288473e-05
1.327579603095544746e-05
1.654268677156987572e-05
1.759618330984959558e-04
2.080404938731230877e-03
2.429765019343992517e-03
1.869286482985082652e-03
3.807634771716791769e-04
1.523344250627839977e-04
1.147360076592322646e-04
3.538437879226301970e-04
1.945100731844193924e-03
1.650415601766126641e-03
1.172401806345571042e-03
3.502219209800575776e-03
1.044359989257456420e-02
1.502491447371050344e-02
4.244198684587109464e-03
1.287201230158851854e-04
1.876431343803767253e-05
1.388879162192975070e-05
3.331979601264587810e-05
3.577026009159654232e-04
1.399977487560156910e-03
3.701115750289995761e-04
1.048734212169076740e-05
4.323791411075492953e-06
6.910281449558929089e-05
1.956575873913467961e-03
7.404117402446632433e-03
4.378356077469284374e-03
9.708957410580518850e-04
9.548555529782204020e-04
3.030158598490353440e-03
3.901520116150182689e-03
1.742363477024381612e-03
9.613992715951154180e-05
1.518675341650220034e-05
1.040120800383219543e-05
6.887686011007051872e-06
3.290532526119144545e-05
4.198193218447527665e-04
5.348734815516305481e-04
1.728792044684558278e-05
3.112600932315366941e-06
4.370858103330248771e-05
9.756350465732581412e-04
1.204516848201451010e-03
1.570552007429629627e-03
2.292474676000106661e-03
1.895723589137322676e-03
2.815416500732147859e-03
1.169043639646769571e-02
6.385086640792121508e-03
1.022365508781565422e-04
1.011746693706870531e-05
1.114323300270711449e-05
2.648197202161613339e-05
1.277568239392881905e-04
4.919138844196472909e-04
1.260885886898261646e-03
2.139987543975337473e-04
8.948134955365176350e-05
3.958838891364020143e-04
1.341971355173461134e-03
2.357488166034260807e-04
3.104305995259094885e-04
4.346812490543525316e-03
3.535371677190187432e-03
6.907755195505988583e-04
2.309444278248837072e-03
2.834575370929011233e-03
4.837107518820342287e-05
4.181715869899919980e-06
8.531394394976108019e-06
2.841313503575355935e-04
8.120832105465958586e-03
2.954707586377329498e-03
1.097248404205568208e-03
8.457097072328726784e-04
1.733552787518078493e-03
7.224821571540136376e-04
1.448158533629817209e-04
1.916924583315402693e-05
4.190390113653134999e-05
1.177722781759903310e-03
1.889800536732170935e-03
3.295507170818991367e-04
4.436410648403861425e-04
3.045419613662390165e-03
3.002468782548025944e-04
1.510662869420259803e-05
3.014859504949666433e-06
2.698940597520572667e-04
7.098176837954842111e-02
3.227670236504349283e-02
5.751264029265968844e-03
4.289379669952854759e-03
2.362662314263222398e-03
1.027877650296353616e-04
3.581026352155710894e-06
2.886209387413965603e-06
1.382477059264550744e-04
2.153620138708353150e-03
1.517481611646707669e-03
1.423346148128581262e-03
1.037547975125656862e-03
4.848772111706720588e-03
2.443943817298127250e-03
4.824477746060266709e-04
3.073098657774359593e-06
2.413346365230700688e-04
7.869363883808312699e-02
4.152947697433834878e-02
9.941101241196398722e-03
3.908488503467201849e-03
8.116260541121530971e-04
2.713569331998196606e-04
2.079311352243349087e-05
3.071889391471354530e-05
3.666333945122111134e-03
4.475104879649719966e-03
6.008234408094771401e-04
2.728199051490963131e-03
3.151930201562227248e-03
9.288349681855352993e-03
1.064913612661577344e-02
4.694176500795238169e-03
8.051734572621566300e-06
2.314762131313154029e-04
2.178988181716050646e-02
1.656862417385159686e-02
7.858360472112925141e-03
1.519572038996113263e-03
2.793460041220636710e-04
1.416535705790662476e-03
3.060020748761875411e-04
1.950346945858497094e-04
4.772694808832134150e-03
1.599906016421331640e-03
4.440361384230875831e-04
1.976403872944882019e-03
1.191591265029369419e-03
3.921650450221095263e-03
8.150947947818336370e-03
8.140950852485716880e-04
6.742352813195806760e-06
1.713668189575093435e-05
1.300679934293595946e-03
8.609477604512930093e-03
5.695037042778199401e-03
1.994779424042763052e-03
3.221854606637927082e-04
7.679177470248743729e-04
1.075015869735410204e-04
2.520045884434261356e-05
3.823489932324559905e-04
1.796213061039267670e-03
2.928505923661059614e-03
3.035621882581061685e-03
2.381150849748419479e-03
6.143182456841685644e-03
2.522160668495972407e-03
6.091468845745007910e-05
6.182542534274298086e-06
1.891276143492193657e-06
2.996917300842056505e-05
2.940876434621604043e-04
4.413076032736349807e-04
1.350335020031890893e-03
1.188402408121254751e-03
1.676668643956937335e-03
9.218625645772892882e-05
1.426130180307833363e-05
1.450931618126023812e-04
1.150784802659507401e-03
1.687181774942564166e-03
1.546062995009231432e-03
5.251790527664038435e-03
8.852615581473296039e-03
3.145844024824115165e-04
8.749410006303521249e-06
1.315571430391834888e-05
4.093081298663399974e-06
2.746321942255269604e-05
2.424800897542439906e-04
1.830039421311650165e-04
1.237358884030142472e-04
4.106062860787423928e-04
2.643726151308411002e-03
5.812656737426865044e-04
3.431435018318476876e-04
1.991381251203569198e-03
2.839618034675758275e-03
9.726837217473503728e-04
1.858855518296983859e-03
3.747240483097765123e-03
2.870051994184949409e-03
7.865335926924600651e-05
6.308734882852517016e-06
1.816757282507037438e-05
1.095545467218064701e-05
1.486465126979599326e-04
5.054350144011609050e-03
3.079929783626182520e-03
2.051031854876675072e-04
2.223322619986053180e-04
1.737972850409638280e-03
4.705938778030194745e-03
3.423642659293203109e-03
5.545203852927046116e-03
6.920157608518680455e-03
1.321843237666756564e-03
4.392248269013576678e-03
7.300567304951430421e-03
4.876095922682421348e-03
4.524327653473650813e-04
1.924477812339028956e-04
1.519117208969923353e-05
1.095061205826462255e-05
4.281022880313136049e-05
5.179412146226701746e-04
2.344223560754997437e-03
2.893581802573198542e-03
2.809445673897836664e-03
1.652077392785025918e-03
3.802395479894587690e-03
4.512825887860524507e-03
6.475608103397059896e-03
4.820699182821664396e-03
1.653762964027645499e-03
5.365965984480585045e-03
6.498917508990972522e-03
2.227747735815225130e-03
5.040297119580129659e-04
2.157781314761806572e-03
1.337011658081677832e-05
5.133283979237638879e-05
1.398600397166958670e-04
1.205514716511405524e-04
4.993404997245593944e-04
3.763900686406652582e-03
7.381545095368430807e-03
3.916633902477873667e-04
8.408295073866222150e-05
5.890728750817179719e-04
3.087671406865597802e-03
1.888715286983371107e-03
7.495079634735046618e-03
1.531634943863885261e-02
5.414339909630238971e-03
9.645659132316859296e-04
8.476697705300203004e-05
2.073776835637500813e-04
1.118433128754021845e-05
2.255257961136602856e-04
1.599330350588577853e-03
9.531974189063288161e-04
1.341100746049392637e-03
5.634163819739880985e-04
2.557830974807789154e-04
2.432695246807989483e-05
3.286459395597563094e-06
4.215751999334284164e-05
1.087811139778399085e-03
2.021449612045000434e-03
6.303322735836977379e-03
1.094004401776137517e-02
5.617278145889564173e-03
1.955123066764897881e-03
1.095738477052463197e-04
2.642214972382936203e-05
3.966275861202604220e-05
5.416964509093541652e-04
4.219270760325118303e-04
1.076625541300329429e-04
1.629890719280814321e-04
4.924204988496432391e-05
4.947907517183265132e-05
7.295920996016136222e-05
3.816574139805030440e-05
2.202772558944401915e-04
8.023478733032281263e-03
2.370087617201551214e-02
4.253898797496424682e-03
6.073662939931371088e-03
1.185771802703545954e-03
1.106893683714686607e-04
3.552453014460096924e-05
1.971579717315803432e-05
1.803366154210977253e-04
1.672178739038186410e-03
1.038244847971524286e-04
5.032775774994009166e-06
6.748322957863504766e-06
1.277910380670656842e-05
1.226528223180156868e-04
1.941269031226418610e-03
4.342244081274596740e-03
3.946449509110640241e-03
6.357785745321950337e-03
8.477606001114813480e-03
2.406770791033238828e-03
2.887994436304334740e-03
1.149538423299788611e-04
3.749625224736601536e-06
5.650798474629688038e-06
1.793100099729470314e-05
9.083356728240373932e-05
7.733338815422920350e-04
5.912477440182755366e-05
3.740148179356754980e-06
4.421499181282310397e-06
7.794720524663435599e-06
3.287877803688217353e-05
5.870066533290279730e-04
4.941523467225181904e-03
7.068184009934612953e-03
3.745517385879323577e-03
5.940870704346089704e-04
1.135673635320536950e-04
1.074124041050402367e-04
1.862716453966511604e-05
3.847680357325230396e-06
7.172111269627794161e-06
2.170948139934573875e-05
2.303500266819003841e-04
2.168848605628282029e-03
2.244511630075813062e-04
1.555881011239297612e-05
1.342841458403926803e-05
1.242703163765263981e-05
9.683537631604165246e-06
2.740711601074518992e-05
9.089992767384190344e-05
1.881016949413322431e-04
3.259218801321369426e-04
5.800290741654594718e-05
9.958684021885135451e-06
1.252086427342536824e-05
1.565166051493256053e-05
1.615286052372886001e-05
2.190361117028067145e-05
3.670744249298790198e-05
