2.160840054771510338e-05
1.791468556755807743e-05
1.718252622864984715e-05
1.729859181451619206e-05
1.731176270459559738e-05
1.717546051745415784e-05
1.705316590671560588e-05
1.700235621918991892e-05
1.699631743799763525e-05
1.700423681675556218e-05
1.700905673417473050e-05
1.700830024959291948e-05
1.701225863081749925e-05
1.702117252696505031e-05
1.698042533405345612e-05
1.688848958844555128e-05
1.757269280202740347e-05
2.120339159682481839e-05
1.735691248504426517e-05
1.283333767714423595e-05
1.185368067165401318e-05
1.249606218497013535e-05
1.335595810380786430e-05
1.367674687122545491e-05
1.359377433433772352e-05
1.346684592962343279e-05
1.341132415277298890e-05
1.340332821290501523e-05
1.339981316185680919e-05
1.338412737827578831e-05
1.337346674138336150e-05
1.337606443346054428e-05
1.333224879602335312e-05
1.322513933426596366e-05
1.387120548764052754e-05
1.756968956800985095e-05
1.300523559791069073e-05
8.299660021711380677e-06
7.460135081987639186e-06
8.136505051397076074e-06
9.883910336176113975e-06
1.185049190855403086e-05
1.282513033090087030e-05
1.302807222041986180e-05
1.296105285521852694e-05
1.289060640233230121e-05
1.289126518946891783e-05
1.288483130372850214e-05
1.283521737335882833e-05
1.278978093362959546e-05
1.272605277123891147e-05
1.260914164449032364e-05
1.322371247666738410e-05
1.688358923747350861e-05
1.015875348098094363e-05
1.181059268582399671e-05
1.602406911441854186e-05
9.052369653717719670e-06
6.586418273682261171e-06
8.751026944204450946e-06
1.121345939007794370e-05
1.247482072483283983e-05
1.256857925355415209e-05
1.233349680543226961e-05
1.252170689656601826e-05
1.294251894327393973e-05
1.311042954527230818e-05
1.301431692142862401e-05
1.286735484402006359e-05
1.272385655422927996e-05
1.333043226825987568e-05
1.697669106698202206e-05
1.464798161553639727e-05
1.389566372399649540e-04
5.637558024860527461e-04
6.349824058639778966e-05
1.313675993503211376e-05
1.161263430998268384e-05
9.897154635820623047e-06
9.965966390241993300e-06
1.058787199238859831e-05
1.047458526349131136e-05
1.034331007483966593e-05
1.136496094599935798e-05
1.281837228360438035e-05
1.324588101302324612e-05
1.301551732406714758e-05
1.277849691268760139e-05
1.336860712931385210e-05
1.701527975483504954e-05
1.617990767270206386e-05
4.456840044848732582e-04
3.481390243829796203e-03
5.286221959133419407e-04
2.533455572724927266e-04
9.498024835443410671e-05
1.281727240787718101e-05
7.297797478166272770e-06
1.289876885021845863e-05
1.817885206358447475e-05
1.072521225236728302e-05
7.830355378890223311e-06
1.042755176485808064e-05
1.298822907896750923e-05
1.318297869015241026e-05
1.281684579527904827e-05
1.335328529773544063e-05
1.699876671725373810e-05
7.713689932709539012e-06
1.046697496093536989e-04
1.482965173689525370e-03
2.352511845950985316e-03
4.060959215175977133e-03
3.855585531298059932e-04
1.072385392293110464e-05
6.137900560033674268e-06
5.293689076660508584e-05
2.584348586993392136e-04
4.312075443187837244e-05
6.033004851507245262e-06
6.733885589324956721e-06
1.155200008014901594e-05
1.322208002510213848e-05
1.289944116124646650e-05
1.335670832157170527e-05
1.698946559709778165e-05
6.651461575718336270e-06
1.599931109028948975e-04
5.089093116790015421e-03
3.946884964090573329e-03
8.637285488251760825e-04
4.122077200073015615e-05
5.039788887007018977e-06
1.285158877522597606e-05
2.869619799158994742e-04
4.909476473587177578e-03
6.191410297913203711e-04
1.358024873824047138e-05
5.432753793522600999e-06
9.664840992402563239e-06
1.290572187355091954e-05
1.297518822624129528e-05
1.338157044978280136e-05
1.699000710578259132e-05
9.447811342982127342e-06
5.333415375558058598e-04
1.305579945308342135e-02
2.523738204321985309e-03
3.146101717935949728e-04
2.570736902894168508e-05
3.210133850039110468e-05
2.787080539495042763e-04
6.579531391256159423e-04
6.377448115753530863e-03
6.558976805854399919e-03
1.197396516545370536e-04
8.858493522018957424e-06
8.780692787382009151e-06
1.240250827324313752e-05
1.299565405304300812e-05
1.340700119122804023e-05
1.699257928049582425e-05
7.051611497929944822e-06
2.755274108740855344e-04
9.657120363942209643e-03
1.429393810983678632e-02
1.001787451875039460e-02
7.916541057408743153e-04
1.159395855457799563e-03
3.544479968459966421e-03
2.659363711144224329e-04
5.544833684076693175e-04
4.939680585440879047e-03
3.340428445950080244e-04
1.345793498676968020e-05
8.756932580704292635e-06
1.220766272843021939e-05
1.301277609025469056e-05
1.341835148040828968e-05
1.699131897203500031e-05
2.538535819157025872e-06
1.100042750697714301e-04
9.925279380695104306e-03
1.903971541160350001e-02
1.172344515743583941e-02
2.065448219463543369e-03
3.509902169117227241e-03
3.205930714883510092e-03
6.237499311543326971e-05
3.257125646416491796e-05
2.480971343563862798e-04
6.648825275901484031e-05
8.812164649015709152e-06
8.488746619643864000e-06
1.237429810549891475e-05
1.307832342062914604e-05
1.342071750895883672e-05
1.698397515344217355e-05
1.281930144436466586e-06
3.065569605616250159e-04
5.387050841306429555e-02
1.915683034768286483e-02
1.098357093917311580e-02
3.008173596240274871e-03
3.043373251805485576e-03
3.323927146074714348e-03
1.189915300480486109e-04
5.221053310881963857e-05
2.200300355289948860e-04
4.530041395064049242e-05
6.654270099248289950e-06
7.729422929593680007e-06
1.226941970289703532e-05
1.311699543659679645e-05
1.342695231816687860e-05
1.697881774601973223e-05
4.130246133254473497e-06
2.081788569073554120e-03
1.884039811277305188e-01
4.450479055782631532e-02
7.390858295611713036e-02
1.899319867827762784e-02
4.004775590687013540e-03
1.054920153604016215e-03
6.352095846530594414e-05
3.156169103318141162e-04
5.512199037425594486e-03
3.311219824206390648e-04
9.550578552646030972e-06
7.085661982470809848e-06
1.181896330559707863e-05
1.308212750180816281e-05
1.343488325699755593e-05
1.698187393904085791e-05
3.502337171001051596e-05
5.201192996774190412e-03
1.521958317277523620e-01
4.451607860112113263e-02
2.567888486037786869e-02
9.896098993530919735e-03
6.066906387855289066e-03
1.244927847952612913e-03
4.874994586953599907e-05
2.485876676101645083e-04
5.466185149377747292e-03
3.714556963532243510e-04
1.068670436540699272e-05
7.425781544146066684e-06
1.188392806450246164e-05
1.305838546026268988e-05
1.342929152258782632e-05
1.698550016749029795e-05
2.282861057836846303e-05
4.495185291080075582e-04
1.103674253240834006e-02
2.387971688690987415e-02
1.011109736819591938e-02
1.012966057426259187e-03
1.259601692706367911e-03
3.809287333558575035e-03
2.989267809690113339e-04
8.596115075840010688e-05
1.319526853971183600e-04
2.562352042889159997e-05
6.632580993644391127e-06
8.697831927717339769e-06
1.259819173737519909e-05
1.307296096307821331e-05
1.341009174397274699e-05
1.698671752012691810e-05
1.463247335837352311e-05
3.440953027516961541e-04
8.971608370249753439e-03
1.592210623742392958e-02
6.702560512335207013e-03
1.901657627849234473e-04
4.070136820955266681e-05
2.925604498297384851e-04
5.586923202869338665e-04
3.857933524815916008e-04
6.005351956357315009e-05
6.177453992570855009e-06
4.818010249024125707e-06
9.620995011583544383e-06
1.302161443317052565e-05
1.303827989134094364e-05
1.339253273827085579e-05
1.699147003216382591e-05
1.127664348031222219e-05
1.982843767011973496e-04
6.116912452140269192e-03
1.322826632165145788e-02
5.005089012073434158e-03
1.383836905353050771e-04
6.924915866672122475e-06
1.079937549933208229e-05
1.815823206166016922e-04
3.752661053607371597e-03
1.274008249586956439e-03
3.921020139170075281e-05
9.039644809559949811e-06
1.062109480983760035e-05
1.290299330922342711e-05
1.294321820925930929e-05
1.338252045304502378e-05
1.699788671948531359e-05
7.879799319195447872e-06
6.199043706596032229e-05
2.184222643810933805e-03
5.249006364423673167e-03
7.009720959178381353e-04
3.706057378770048652e-05
4.613698113898467975e-06
3.221948466816518866e-06
3.950691731115971411e-05
2.606053512839594244e-03
4.267378229305633999e-03
1.613889622989729761e-04
1.621692523635091915e-05
1.151947686673796743e-05
1.278184334368780553e-05
1.288292686223203299e-05
1.337882452755552683e-05
1.700162534025930305e-05
1.204604729912581245e-05
1.635568128095335233e-04
3.305680815571945558e-03
6.950678641717074509e-04
2.106429356927141470e-05
5.154451822484465034e-06
4.223456004027324811e-06
6.562632198777947010e-06
1.488515587893710860e-04
4.946790335824706106e-03
1.197234834647786794e-03
3.204076853471304708e-05
8.637143822888623750e-06
1.067409024404226163e-05
1.283605148010039371e-05
1.289320186790290384e-05
1.338027985042106261e-05
1.700837148932596188e-05
1.160560229469291314e-05
1.922703276226238008e-04
2.128783915227458034e-03
1.293218803979798105e-04
4.426905096682516893e-06
3.527724606464480065e-06
5.627389799739472951e-06
1.271676052019969468e-05
4.094438244962310034e-04
5.454058598975486741e-03
2.515083987118396994e-04
6.979869668132890528e-06
5.450916282733954223e-06
1.065860969911853425e-05
1.306891469563010355e-05
1.290907654763860900e-05
1.338238699753289990e-05
1.702088044280002934e-05
1.455217280851522624e-05
3.085781726520157842e-04
3.978261185392658987e-03
2.653625502064565112e-04
9.694141691290772650e-06
6.576697021335982562e-06
8.058153919562223636e-06
9.780189855321969207e-06
5.514591878640848774e-05
2.151624345417774229e-04
3.929132515969855114e-05
6.893083660231845341e-06
7.894764126278196840e-06
1.218583429909776992e-05
1.322733553983585448e-05
1.287100433378092926e-05
1.337742186798072846e-05
1.702621301388116776e-05
1.477786006726425531e-05
9.613415130465884995e-05
5.278274381308129069e-04
1.037270136938240743e-04
1.300276169133168317e-05
9.843805686682445308e-06
1.078705289313905711e-05
9.147551882535372291e-06
1.114612376108028856e-05
1.539626363139367230e-05
1.178833886900543174e-05
9.528840513479960248e-06
1.146373579443260690e-05
1.311461337280765395e-05
1.307991301743904175e-05
1.275656197390169028e-05
1.332156436832375546e-05
1.697654056447574811e-05
1.152187631689069392e-05
1.173541019613546137e-05
1.576762822180595631e-05
1.172172846340396818e-05
9.222874793285023803e-06
1.118172483231082922e-05
1.258610051862616238e-05
1.145662017173799454e-05
1.028577771464068736e-05
1.021109471035062508e-05
1.074428754240370999e-05
1.180656813782955241e-05
1.280618415848680573e-05
1.300978592487441553e-05
1.280053242621785791e-05
1.260275541458764785e-05
1.321754916014199121e-05
1.688751107915814333e-05
1.442807704797914832e-05
9.225003575156320490e-06
7.973711746448528123e-06
8.789692431093054257e-06
1.094785690922575217e-05
1.301671940512449374e-05
1.369336821645789495e-05
1.345601647702215748e-05
1.302104916452841851e-05
1.284614503729659740e-05
1.308142927816257985e-05
1.342216723072217937e-05
1.352950497610871590e-05
1.345079138688962930e-05
1.333039438477843201e-05
1.321272715352876060e-05
1.387517998132223998e-05
1.758265138333982682e-05
2.119680114665821468e-05
1.656747012417529921e-05
1.529846698802277358e-05
1.588796700983917612e-05
1.688185547625239459e-05
1.728205038685376210e-05
1.722764179720307607e-05
1.716742770949334479e-05
1.716288316468867500e-05
1.716094223810330117e-05
1.716145548327323368e-05
1.713107913290833810e-05
1.706777162466427105e-05
1.702108200225005440e-05
1.696151883613496313e-05
1.687901292415260184e-05
1.758065328499411220e-05
2.121763788505350118e-05
