3.089845710016156952e-05
2.432472066738901166e-05
2.198944364845980575e-05
2.158076099744723762e-05
2.259932703830561777e-05
2.397871704206456196e-05
2.451509562816635721e-05
2.431320575121999542e-05
2.402407454026522175e-05
2.389764237482710680e-05
2.381740329135256920e-05
2.369307139602925419e-05
2.360041189872057006e-05
2.358172457667738166e-05
2.351655067933020626e-05
2.333969081950335205e-05
2.432825447356936453e-05
3.011335390727997165e-05
2.363533837443666853e-05
1.476055720079988321e-05
1.132370212297442709e-05
1.075195959492395571e-05
1.169120385133131659e-05
1.418780577816540640e-05
1.663079237525818586e-05
1.713357163312989977e-05
1.693874333205392570e-05
1.728343860482425056e-05
1.793984383789555719e-05
1.822262315607085215e-05
1.812538036513508646e-05
1.802372974750287703e-05
1.793955439538290548e-05
1.775222507263851074e-05
1.864250714662486479e-05
2.432873725818251437e-05
1.899735183285644960e-05
1.097727810975094047e-05
1.452302035486767138e-05
2.036825169279366730e-05
1.178490535418047410e-05
8.527938941758756689e-06
9.783488353259167525e-06
1.077996738682943688e-05
1.199981969922229306e-05
1.330906704917340245e-05
1.514855871641045084e-05
1.700311226609420713e-05
1.750156873083031096e-05
1.730565698509228624e-05
1.712905780929324935e-05
1.691968841322947242e-05
1.775567687896859094e-05
2.334386216550328336e-05
1.607008065340616808e-05
1.576609755739918212e-05
1.607470068563363107e-04
6.671107383381224675e-04
8.329954270322022995e-05
1.686530667937264399e-05
1.098071607891435327e-05
1.202984232847092133e-05
2.179612296600192623e-05
1.828146275852882640e-05
1.320166641120149683e-05
1.539149843731784666e-05
1.777727296178737863e-05
1.778895570675492182e-05
1.739779714467757756e-05
1.712139652055005829e-05
1.794991802009721017e-05
2.353003387155316563e-05
1.412641342387535271e-05
1.816070919293742060e-05
5.574984323304482637e-04
4.155549518557447551e-03
6.672077406676737424e-04
3.193409156188002228e-04
1.099841335459729279e-04
1.027557987818832904e-04
4.317367345577901921e-04
9.454415165089028578e-05
1.172697696552367208e-05
1.106466691846791940e-05
1.675126856195880044e-05
1.819603655702042820e-05
1.763039648946508554e-05
1.719304526957925297e-05
1.800518746639073975e-05
2.360001302521906423e-05
1.128083858817897664e-05
8.092535447196885572e-06
1.292968050609850971e-04
1.741697414320908478e-03
2.653313704757276001e-03
4.421165701538936656e-03
5.860281345252217394e-04
5.506205838118064444e-04
5.234636388328530766e-03
3.272605749813687313e-04
7.769343180887583618e-06
6.074602439808682147e-06
1.347923078869607212e-05
1.788647040560034125e-05
1.786265700893388008e-05
1.725041974627314218e-05
1.798559294053348975e-05
2.358150361907136250e-05
9.513235278248984589e-06
6.428089900900836180e-06
1.418749420298682324e-04
5.432222334560675610e-03
6.254707755000666995e-03
9.720192422635738584e-04
7.410447033046067475e-05
2.815923267375139948e-04
8.531755028855669831e-03
1.064316915569652258e-03
1.958556966695428766e-05
6.486924764123649166e-06
1.030113774947632725e-05
1.592030342840649196e-05
1.783196994114182108e-05
1.738623557651217114e-05
1.799665095556095441e-05
2.356465433442964691e-05
1.318212258460194411e-05
3.346250302743429442e-05
1.381102140754200984e-03
8.097019789746253207e-03
5.413837327865037756e-04
3.424645594389417520e-05
1.404920450375853581e-05
1.634898257053597509e-04
6.275731785117873163e-03
6.035865164097624011e-03
4.973108754041247800e-04
3.565072924844808560e-05
1.028388855078379949e-05
1.273973917873120860e-05
1.714308850270567102e-05
1.752123973242476562e-05
1.803883734023655546e-05
2.355824242752045842e-05
1.504721971290837427e-05
1.754684357934730799e-04
1.292123552938492098e-02
7.642487878795280361e-03
1.782759278265444729e-04
9.950029712170379301e-05
7.526408275307696347e-05
5.109340990835451992e-05
1.764398928676694169e-04
1.794422449829331497e-03
6.638891452273530322e-03
3.402303981537693539e-04
1.367576226392935228e-05
1.032721490395356465e-05
1.624507700926944588e-05
1.761219821365097774e-05
1.808272331765619503e-05
2.355104127414302058e-05
1.245106711128990033e-05
1.507832324249247752e-04
9.827642357776198573e-03
1.313342474060917933e-02
3.179277849913304116e-03
5.335073340901719252e-03
4.488649136791843849e-04
9.673237778043525226e-06
5.765151417932285685e-06
2.086156120582227831e-04
6.144256866430559960e-03
5.036012295164167280e-04
1.424461442169248381e-05
9.735110498482604585e-06
1.611790807201389636e-05
1.775995753330286871e-05
1.812965408744464680e-05
2.353848157383136368e-05
6.048627771507042602e-05
8.022877983853096305e-04
1.291949900563547741e-02
1.764680039320370639e-02
1.211425198216461996e-02
7.802819612712169964e-03
1.420160772499742298e-04
2.596868980900545728e-06
2.077219729400478538e-06
3.148622099912432476e-05
2.591502111045116221e-04
6.000612569183331248e-05
9.299194597265342848e-06
9.829731862151094425e-06
1.604316746392055393e-05
1.784413545716833017e-05
1.822355867541172028e-05
2.355296442127877639e-05
1.772799478616614419e-04
5.618469120682132757e-03
8.731268250698560884e-02
3.629689507647344826e-02
1.044685793031689680e-02
9.039343795818036501e-03
2.967086398709583759e-04
7.785637533020313688e-06
3.064643241170652472e-06
7.459804113038190300e-06
1.709946570556654808e-05
1.984400382411605408e-05
1.279022163413511814e-05
1.002029805214022010e-05
1.385789326676934462e-05
1.724943934607110394e-05
1.833413873866323533e-05
2.361535753357040733e-05
2.312002973469516693e-05
1.350124594750725738e-03
1.825183802036408343e-01
6.131090249520514124e-02
7.909655294554335594e-03
2.554726684939198980e-02
7.947625530989545564e-03
9.108280733721699132e-04
1.149226096048607535e-04
7.094712251140246817e-05
1.091761168061661794e-04
3.655478223118775825e-04
1.391459539360010702e-04
1.483804873180298376e-05
1.095789954728383131e-05
1.597291964476462309e-05
1.836215217854953135e-05
2.368891284079892263e-05
5.211849032223553808e-06
2.719718472243696280e-04
1.079633385708409637e-01
3.101080647047865096e-02
1.167168525499832346e-03
2.162808955262750417e-03
3.967320987324204906e-03
8.529770526810738149e-03
3.963547003437838112e-03
4.623021648335346942e-03
2.954899261739992941e-03
4.303765034307806790e-03
7.363098573387702765e-04
2.189201844890866370e-05
1.005968077314393042e-05
1.533659503195545075e-05
1.834578977085163034e-05
2.371978641709387460e-05
9.590582277755000385e-06
1.751927286246618659e-04
2.231274087097619152e-02
2.087134323815642914e-02
3.170013059247057518e-03
1.589660115052035291e-03
6.771052445827403484e-04
1.524279877466086898e-03
1.453680862533347860e-03
4.171934907273926532e-03
1.096395856976380059e-03
2.606640966086693303e-04
9.048581164321051163e-05
1.510821694960138069e-05
1.148876033377379510e-05
1.608731767588709164e-05
1.835979339331767296e-05
2.368970821591341429e-05
1.303483208192324635e-05
2.714123736291499132e-05
2.586691959353752917e-04
1.142191652346379906e-03
4.611110072567036443e-03
3.621812425689787968e-03
1.661206993751315319e-03
4.905884681809476178e-03
1.119133793530538391e-03
1.598695043087472629e-03
6.690000072665641933e-04
3.745921776844525269e-05
1.210814386796299361e-05
1.095930800263263309e-05
1.438420663064745417e-05
1.721404119839126443e-05
1.830492067556649860e-05
2.362339309943483655e-05
1.154089478265279880e-05
1.088597339932170756e-05
4.724252535441322403e-05
3.661441549594051672e-04
3.209246205766060674e-03
2.729769959622117825e-03
2.247017939530624332e-03
1.154294004125521432e-02
2.245227511815347729e-03
4.897094881202953762e-03
6.572445913243234183e-03
1.575694701819178498e-04
1.503173175897172447e-05
1.310229869102050616e-05
1.672448188181136137e-05
1.759767763657962196e-05
1.816020740951967619e-05
2.357559957237341595e-05
1.795772854669590367e-05
7.851843938274883576e-05
1.013717696157239194e-03
4.538190227425207245e-03
7.429206911630753356e-03
8.934749116841385602e-04
3.070741093581140979e-04
1.937308234590164350e-03
4.822305052866332226e-04
3.634611469833299484e-04
5.478007745969218486e-04
6.539773966857378366e-05
1.547145585471909303e-05
1.510688150779480583e-05
1.746066961729556428e-05
1.746456936788132422e-05
1.804607004973826035e-05
2.356847529129827080e-05
2.305761632833354299e-05
3.229443679522511095e-04
4.909405442164083491e-03
4.727052973603372218e-03
5.018181626425201672e-03
1.666853479056910718e-03
8.025669351707922583e-04
4.090173202030785229e-03
4.253393516645291497e-04
1.845262042169297249e-05
1.091179203470460434e-05
1.069135269831468626e-05
1.249755473089275102e-05
1.615809651685107753e-05
1.761195246130420122e-05
1.732045162444122738e-05
1.800571073073332809e-05
2.357819759202548171e-05
1.551042244501310929e-05
2.335845386486401010e-04
8.744914371760378891e-03
5.613523770308799857e-03
2.300349228397740968e-03
3.515458976530259384e-03
1.052742195608539957e-03
5.762788235499675341e-04
1.092284881285288811e-04
1.092946455336993379e-05
7.014265344626779374e-06
1.071740132437715350e-05
1.516745676701376643e-05
1.746097361648153674e-05
1.765262979489559298e-05
1.725193963875230920e-05
1.800802891362557063e-05
2.359187239768356485e-05
1.436627184151923270e-05
1.288581833778076815e-04
7.134078120375524079e-03
6.285298664633535634e-03
1.060703103906117948e-03
1.892412554190073606e-03
1.963404407015098248e-04
1.291974440453280308e-05
9.197557039112846334e-06
1.075868519449716036e-05
1.351347189930408833e-05
1.652429967153368464e-05
1.779178700742841025e-05
1.784397040954123826e-05
1.755216825738421224e-05
1.722395945157929276e-05
1.802273462218143685e-05
2.360413574157711725e-05
1.706367272236707246e-05
3.722666995819253247e-05
2.507676846776665520e-04
2.986046511290599607e-04
5.800749947596417141e-04
4.566448924760051382e-03
3.904132138071340430e-04
1.015131243720665891e-05
6.918535615107547813e-06
1.340956171170304839e-05
1.755371761918032635e-05
1.810708360705395618e-05
1.778652908371075087e-05
1.754741147104889044e-05
1.738336440369592144e-05
1.714169079919298196e-05
1.795309753496822627e-05
2.352830938582810955e-05
1.916208453826847251e-05
1.376319506433158681e-05
1.343060026871962852e-05
1.417591070142075329e-05
7.754903963215527686e-05
6.263782138255038785e-04
1.451885857842382885e-04
1.468964276738865573e-05
1.146346499630365209e-05
1.637504883544946971e-05
1.785978763377993694e-05
1.747679670088896320e-05
1.723196129319793426e-05
1.720126692356976469e-05
1.713924299611520311e-05
1.692587907542700585e-05
1.775258470849668327e-05
2.334362193189281300e-05
2.320249880931459524e-05
1.512663259849222442e-05
1.078244962458353276e-05
8.512998068706150023e-06
1.240745366383227123e-05
2.181649291242453964e-05
1.667031666846824340e-05
1.241185642673891748e-05
1.534768917382647380e-05
1.823350887802011557e-05
1.835838953210900467e-05
1.803230898822177452e-05
1.797637163857297225e-05
1.801382747444966664e-05
1.795680115772304048e-05
1.775634377246260165e-05
1.864610614222928729e-05
2.434011696615536282e-05
3.072739159178795285e-05
2.443249395099180584e-05
2.182440989880397563e-05
1.880799634509477445e-05
1.591772533547957245e-05
1.481654279497230780e-05
1.588907315933422542e-05
1.944209083575117725e-05
2.309313455273868219e-05
2.407399044707510217e-05
2.374114378491853694e-05
2.355833815616858429e-05
2.357448687388982538e-05
2.360685610312338368e-05
2.353499713942977422e-05
2.334989797207892028e-05
2.434429260922284482e-05
3.013900824905069444e-05
