1.242684799454669379e-04
1.782051050336752335e-03
5.338385228716008984e-03
9.122855977039028702e-03
7.536535023353893928e-03
3.767491566655693704e-03
5.759439054668494869e-04
1.753783538235586604e-03
3.139851995851755586e-04
3.917681414851185772e-05
2.925702811466653416e-05
1.311339968736190829e-05
8.380171612906603691e-06
8.297778079429600061e-06
9.033548831938432663e-06
9.738599826596274167e-06
1.124557293519568169e-05
1.924721715741372521e-05
5.209299934918784316e-05
2.502629005745093341e-03
1.029619870320649597e-02
6.165679168999713827e-03
5.333723575943662837e-03
4.157296757993136568e-03
6.396752074076829647e-04
2.776670159576281188e-03
4.676091790687729108e-03
4.224242936383791266e-03
1.090185221851867198e-03
6.286580218026083136e-05
8.411700880846554465e-06
7.322373391762659268e-06
6.507159504228887563e-06
3.897622471828551165e-06
4.911196556333816834e-06
1.147453229724574432e-05
4.361151636729399553e-05
7.273316248841486635e-04
2.039762057391677433e-03
2.856261857077576141e-03
1.579142260633816137e-03
9.974495358709882867e-04
9.031470471890158018e-04
2.306975427696779206e-03
2.847026123364966577e-03
4.754598402076643318e-03
5.162108794231021550e-03
7.166338255499623156e-04
3.851783132899168675e-05
7.472512876780970203e-05
5.211129830286227304e-05
5.098325331250751025e-06
3.854123901446045287e-06
1.114129013143613244e-05
7.029274887838370003e-05
1.212826582048298196e-03
3.118061438322332953e-03
5.158106019032284405e-03
2.320138088053495286e-03
1.065444839160529719e-03
3.644614905489910930e-03
4.485952246577093461e-03
1.168713438562989570e-03
1.475140661559549331e-03
4.689727127931136476e-03
9.020643144645811018e-03
7.495930480013808690e-04
3.456443100425011529e-04
1.089098289906389490e-04
6.430478994835633919e-06
3.689847129085772235e-06
1.130298815957639317e-05
4.317025612908023376e-05
9.043222322393799006e-04
4.372649267419741886e-03
5.505976098969268644e-03
5.990254736348146931e-03
3.951447222873965236e-03
5.964450333330811350e-03
5.601707738804793425e-03
2.533199948045908572e-03
4.662535521732838126e-03
1.500709525150510561e-03
6.845200547702458976e-03
8.809418482714333198e-03
4.346699546201665478e-04
5.779352229075744400e-05
1.047358686436613060e-05
4.717216329824709991e-06
1.105628844671819854e-05
6.298306194873605780e-06
1.208454349101783723e-04
4.839087267527287378e-03
8.666542573025411145e-03
7.860478777434452488e-03
4.295772178667747916e-03
1.627059692718359381e-03
4.333613350484529468e-03
6.841073565411693626e-03
7.000988600648944300e-03
1.016589837868397961e-03
7.484239817443657204e-04
5.025429777329332506e-03
3.653834515437173313e-03
8.209741215096332239e-04
4.677150249761130054e-05
5.133156016225150617e-06
9.192141916957319658e-06
2.361249068784512656e-06
4.452065618156185288e-05
1.644537383639360683e-03
1.218662598590711634e-03
1.301373094967885101e-03
3.154232871273496795e-03
2.197182690481776137e-03
3.519774977185180682e-03
3.608576126536013062e-03
3.078626013881320244e-03
4.202175083824071650e-03
1.453828258531787015e-03
1.377477691541182389e-03
5.229902641738579626e-03
2.269806015331713844e-03
4.842099053171981864e-05
3.707269437809028748e-06
7.504183826781913546e-06
1.234837586412928255e-05
2.013836776340056228e-04
1.279993805368837044e-03
6.197385799435804581e-04
4.603156974736981951e-04
6.843054546403628613e-04
1.382635655966339737e-03
2.811121335747504210e-03
2.485640159379838218e-03
4.184689905579584528e-03
4.743060767442819695e-03
2.545189470095384713e-03
1.181603858486325901e-03
1.351674513074044379e-03
1.111700052541692973e-03
1.171227436152349479e-04
1.151575597567767294e-05
1.043470140960888174e-05
9.199620367474454173e-05
7.131189554089685176e-04
1.155521357427975954e-03
1.184358118726512501e-03
8.850355181290542545e-04
2.260174940264993301e-04
2.602586128539739231e-04
2.122103978849944426e-03
1.799856043017790787e-03
4.530442990440224603e-03
6.207961240410096032e-03
3.817375064800420260e-03
2.317704465141589166e-03
1.963419938622399524e-03
3.520017275210266319e-03
7.584252709570848570e-04
2.902784817868329914e-05
9.880232685195696537e-06
1.614331400209651841e-05
4.814042370705429527e-05
2.660163813355062991e-04
9.661773263282374654e-04
2.586355692415172759e-03
1.752045144595049076e-03
3.694987868499454483e-04
1.416989685594326111e-03
1.081203918429334736e-03
1.052684361153689114e-03
3.589843883719525622e-03
4.238205069116144329e-03
7.615238107567959616e-04
2.674892946096221118e-04
7.223410516079474498e-04
4.259211736585412182e-04
1.772510408916698051e-05
4.974199441480057342e-06
1.220741334503074076e-06
1.375409902337930020e-05
1.124782768172509712e-03
1.843543010608748693e-03
1.502700007937912306e-03
1.656568279375845347e-03
3.475897426769789791e-04
6.136071162276115825e-04
2.134301291299672224e-03
2.445173035285348566e-03
2.079670372060140986e-03
2.147514668859822236e-03
5.387462114302853837e-04
1.473370548140934115e-04
2.305255526602565676e-04
7.952938417480165346e-04
6.080351364238013482e-05
5.032433505115295770e-06
2.958364277131922661e-06
2.938508031206886733e-04
1.746036080058174095e-02
3.796829568891421647e-03
8.966884572095478682e-04
4.936008837597388559e-04
9.187678363103387105e-04
1.432802811202914684e-03
1.712449526413692370e-03
1.133241184643456016e-03
7.743316544732763108e-04
3.081483494335474776e-03
3.321233767371473047e-03
1.021398988035473066e-03
6.948541473406807381e-04
1.824316115273753739e-03
8.519248813283839677e-05
7.718330476885165822e-06
3.252418043442628648e-05
4.345155657331785208e-03
6.000635086092356157e-02
2.197086599456327463e-02
9.031066664420040607e-03
1.728998978527794203e-03
2.857398195435121354e-03
2.087370561394797253e-03
2.488536500891465851e-03
3.907880086937714700e-03
2.532694040623203850e-03
5.521349708503672446e-03
3.624279793687038616e-03
1.168430806800523558e-03
1.725397468746552249e-03
2.508404343290305139e-03
8.845797246717989975e-05
8.924318859192735228e-05
3.965150766536127048e-05
2.157733386574062912e-03
2.737561882143414727e-02
1.913730076997628357e-02
5.297554290275386518e-03
8.445800432981124314e-04
1.959541421585897676e-03
2.235615533585294263e-03
1.565781384958418688e-03
4.589246217950601961e-03
4.458453933140219851e-03
3.263040109102961512e-03
4.246822313052499645e-03
3.302413216754308649e-03
2.715158205002061401e-03
3.877219970722945927e-03
3.090352488578610064e-04
6.759059044600424252e-04
9.562036721868290724e-06
1.400153145624196576e-04
2.617041021898081077e-03
2.179865971061309068e-03
3.412833074470836389e-04
1.057743299666309711e-04
9.411013375765025189e-04
2.276449554468239385e-03
3.453148196933236822e-04
6.758426961222964826e-04
3.585313564067325095e-03
2.165582886920388358e-03
1.587613323160815253e-03
1.598192199089071199e-03
4.614721874375223064e-04
7.642429533270573162e-04
3.643964438232957814e-04
1.552381048634156465e-04
3.028423700047482216e-06
6.800004295457064192e-06
3.022184260068215469e-04
2.838802597519323595e-03
4.340996536868097248e-04
1.029281832389016465e-04
1.090325442736620430e-03
2.387269057158751279e-03
1.763167073413398570e-03
4.191749299108564128e-03
6.074017714304582628e-03
4.509928335446363248e-03
3.314455488221275479e-03
3.606541007053295014e-03
9.383473461898025935e-04
4.096175867474165276e-04
5.442318501721764203e-04
9.315264475331199768e-05
4.328172143367916995e-06
7.773956651575322571e-06
2.168960028931437103e-04
3.080936051755682904e-03
9.475229316433784500e-04
1.305320559385256653e-04
6.933131472204265853e-04
1.374834080028048766e-03
3.536372979847795216e-03
9.957985249308373352e-03
4.445717828993846731e-03
6.399190940212522334e-03
5.452872485739797444e-03
3.381997719990072204e-03
1.829292721311238544e-03
1.264164153678075495e-04
5.341597943614977427e-05
3.498568114118180586e-05
6.127060853814315815e-06
5.392725639150900351e-05
5.314166873493948989e-04
8.268294079848969051e-04
8.222801942610659951e-04
1.763365079760111900e-04
3.610805976753714936e-04
5.993416090056703088e-04
1.362873248145246878e-03
3.270460469783357822e-03
3.359365955803246019e-03
7.197761746405340749e-03
2.152745979272297112e-03
1.344974091599307649e-03
3.576975909622035713e-03
8.116417514878525676e-05
3.277239012056955130e-06
6.248503340708564469e-06
3.705500214438221458e-06
9.289459455405733597e-05
1.373189266146284835e-03
8.175515355903972478e-04
7.978437024142461366e-04
4.026751322404939623e-04
1.280574270309081794e-03
4.686395590086635254e-03
7.985652388994545978e-03
6.120233044618200724e-03
5.330337196956936967e-03
6.300259736135921211e-03
8.908282076918851503e-04
1.338428030267880446e-03
4.850457168720595513e-03
8.423364101885738424e-05
2.572500071433118313e-06
6.091705899606594980e-06
1.402568680750673103e-05
2.471355324277380722e-04
2.451725068045698935e-03
9.909915068495294549e-04
5.526226171346986047e-04
1.579555144181308450e-03
3.766837776849425376e-03
7.527398624041054323e-03
7.731821210515712334e-03
2.541650342925503431e-03
1.706541846230403680e-03
2.233949515247577507e-03
2.752107721567587095e-03
7.728278724257619040e-03
5.147244888101655622e-04
4.139455897597385579e-06
1.583540191125621930e-06
9.200113054377125684e-06
6.643729062089819741e-05
5.969721119540481128e-04
5.779922326272877477e-03
6.304901744827558045e-03
1.585823085959539277e-03
3.993878220096209672e-03
2.662287048289511005e-03
3.138898904737556783e-03
2.913140938504537800e-03
3.889456680612216012e-04
8.283222211703480291e-04
4.186995722929868526e-03
8.984433382782056055e-03
2.459898175577504651e-03
1.035632098030198306e-05
3.769999519193104095e-07
1.439203550957530390e-06
1.131594057138666826e-05
2.317989842961284687e-05
1.915795125976626297e-04
2.630459646612539042e-03
5.005865861243291928e-03
1.350349524352623424e-03
3.250811722665661405e-03
4.385469342960778179e-03
3.662398708103174489e-03
8.645808853654225702e-04
1.555290807037541529e-04
2.246383638145074343e-03
8.234265691098523188e-03
1.909657036769427932e-03
7.455186664407231366e-05
1.620426027443968137e-06
8.918589302021731887e-07
3.739208036597993037e-06
1.304972049874700026e-05
1.275842609462967635e-05
7.441609695180717858e-05
2.047781598327165573e-04
1.251234991490237779e-04
1.304903330505902050e-04
1.026455774801102085e-03
1.305695073573676611e-03
1.452638589910476823e-03
8.973437263669091024e-04
1.780277338368183330e-03
1.045708681603518646e-02
1.133904361826935199e-03
6.549329483327238422e-05
9.780243413200340034e-06
2.895047520922380581e-06
3.782135189308858523e-06
6.448069391321485183e-06
1.214153992793047609e-05
6.448139385967882034e-05
8.405349227331579886e-04
1.338753032185736533e-03
5.797446642979432437e-04
6.623301307499797818e-04
2.514948111688198110e-03
7.230197680180638431e-04
2.515517577657778048e-03
6.116361151026074305e-03
6.913592885444647812e-03
5.629959361741151708e-04
6.512579427513214861e-06
2.469902046479691981e-06
4.556194635409670677e-06
5.576894148148148892e-06
6.291618690499103860e-06
6.557453559569253672e-06
1.123108484289812830e-05
1.296594155700077811e-04
3.167007125495370501e-03
1.255049547267158075e-02
1.420747297011802114e-02
8.112312012978498479e-03
4.110015981508275545e-03
4.418164816546919739e-04
7.662795852170772989e-04
3.198637765059168412e-04
6.018941023957764900e-05
4.210041922845939171e-06
5.711400678676895356e-07
2.292367233820242460e-06
9.722171822609289773e-06
1.277871648482247430e-05
1.167073712361968762e-05
1.118239723249050999e-05
1.846281207930016471e-05
