1.317979669283174895e-05
6.386352834238996453e-06
9.178393854806891905e-05
5.341744750226599427e-03
2.918965528381447464e-03
4.172120703431779270e-05
6.208455743859583446e-06
3.152090596650978919e-05
8.807228000554321299e-05
1.196214509110296404e-05
3.188404548539313312e-06
6.208019222759144977e-06
8.553066695772793367e-06
8.313162625759345272e-06
9.696623619160739605e-06
1.094643377660780675e-05
1.203387046500059801e-05
1.902196002815160662e-05
3.498252938679401519e-06
1.668398404825071624e-06
2.408281946213894784e-05
1.364621043366583217e-03
2.447839045286607194e-03
5.200699161112891887e-05
3.767835527272462093e-06
4.656044034333008547e-05
9.455572298367007512e-04
2.571520506406578662e-04
4.291705339677615261e-05
2.452592062363908980e-05
8.525858416292510022e-06
6.120233495233955083e-06
6.024284108954446488e-06
5.087950063468157696e-06
6.170811322723819779e-06
1.213128103647172751e-05
1.938931799521531764e-06
8.818043881561994863e-06
1.549047549386288155e-04
1.567932430784461939e-04
7.753175931748058274e-05
1.363993134444463453e-05
2.079750214468452849e-06
3.393762495660949740e-05
1.827419829186711529e-03
3.700566405625221097e-03
4.314319064729349104e-03
1.164569853147643091e-03
1.082777589497469140e-04
8.606870007757958310e-05
2.968574849243396500e-05
5.344167196074096347e-06
4.878840054727509414e-06
1.166388194532048368e-05
6.846949806100306569e-06
3.618449971313585480e-04
3.378668786020873425e-03
1.253444730191857759e-04
4.368797534150792690e-05
7.722395701926590699e-05
2.420349869550166420e-05
1.537230817141868816e-04
7.091482138610533722e-04
5.256454920210117555e-04
3.749103311074291050e-03
7.007822626800581413e-03
1.604168225773954220e-03
8.355722938000170047e-04
8.823891443747001811e-05
6.316067047888922934e-06
4.389621954647746519e-06
1.150468354764733294e-05
4.546558140912221449e-05
1.066025414420759170e-03
3.561364751061242627e-04
1.371431506759005062e-05
4.710822253839384415e-05
6.408364745452603886e-04
5.347196654129328852e-04
9.127756602888783708e-04
4.793505527160195150e-04
9.655258559977825670e-05
1.961272457905709080e-04
2.461041974718523526e-03
8.524552691513150038e-03
1.569584908540008370e-03
1.194783948137216162e-04
1.440295474598758330e-05
5.983096951083065978e-06
1.139554184622963483e-05
1.197997974163326682e-04
1.305354795485768075e-03
1.847584651576142855e-04
2.874181671520907442e-05
7.004873584262575497e-05
6.456868234638647210e-04
1.112497167890382638e-03
1.351025941590221213e-03
1.508615696657704440e-03
6.523016560673264297e-04
1.229595724111687163e-04
4.820113854284926330e-04
8.576144974041497587e-03
7.494368403392809991e-03
9.588370983458926631e-04
4.821129784763733116e-05
6.765226196950789178e-06
1.009512816665142765e-05
8.309494983471679371e-05
1.051638715582703040e-03
1.572520985346209134e-03
2.195546789582646704e-03
1.667255926724338193e-03
2.048952641735499094e-03
1.453525167465764562e-03
1.744977623875141638e-03
2.449612983352735061e-03
2.052178497224266089e-03
1.198996714330875617e-03
1.480798343917896082e-03
2.180997564443601291e-03
6.391173211352388708e-03
1.547126640756943611e-03
2.946206008193852594e-05
4.297369713527042816e-06
8.429443015170531449e-06
2.177694857076472129e-05
5.779218382824227913e-05
1.178554636327468479e-04
1.210698418762475720e-03
1.969974343356904745e-03
1.009178663527239561e-03
8.728480704835031101e-04
1.601008058302425940e-03
2.145450589508110430e-03
1.894056624257352056e-03
1.908583212107869617e-03
4.220348830000864547e-03
1.740260018616148754e-03
2.559091047519047608e-03
1.506674198016727095e-03
9.488705986909208004e-05
1.448889665000296357e-05
1.231837673168849978e-05
5.269347403096959312e-05
7.966256195562689967e-05
4.841310316366529906e-05
4.006797036613893867e-04
4.863904433002355057e-04
4.384096559166146523e-04
9.542393152312275782e-04
4.881283163642853541e-04
1.336140728254029113e-03
2.803575611110381473e-03
3.703948391894680428e-04
6.895404362758746812e-04
1.489599786495956557e-03
2.579396450417922003e-03
7.145298677926381278e-03
1.013860546465375880e-03
3.815541199771742590e-05
1.277565507460298307e-05
1.162480254495412398e-04
5.844291309986907610e-04
5.633769526745616152e-04
1.770696369412797433e-03
1.059368156359222430e-03
1.545503995548014840e-03
2.113026238745623151e-03
4.146328492276352726e-04
1.131480402659841697e-03
6.655984359820172995e-03
2.684325956982302423e-03
2.294078956044615612e-03
8.304549816704403587e-04
5.004686453001642218e-04
3.612014467089925962e-03
2.396039812392942070e-04
5.059251736717043288e-06
5.082122993426382714e-06
3.889750400165600613e-05
6.273577897783373918e-04
2.695068288206243709e-03
5.775851339478874080e-03
3.930763914723542883e-03
1.712041203308511820e-03
1.050604300256816493e-03
9.051265147291844265e-04
2.403133761899548665e-04
2.076349488346412528e-04
1.091147083793305187e-03
3.270203415897309385e-03
3.213689903431821257e-04
9.996146826658729016e-05
2.703709527439014226e-03
4.213853310379141268e-04
1.873731849520178359e-05
1.234802612712104841e-05
3.885666392941765086e-05
2.099739568327449110e-03
3.722278985846865645e-02
2.646743377999102517e-02
3.933188585970782969e-03
1.018379114312747665e-03
1.108270345952557141e-03
9.643577101405885824e-04
9.086369556872029782e-05
6.163094744081185810e-05
3.881943817006413807e-04
3.737081198100282876e-03
2.246532294627733538e-03
4.211452815401376054e-04
6.287710679578516031e-03
5.297972623699302025e-03
1.075962128973329815e-03
9.931053280809249621e-05
2.830995663577828302e-05
1.960925951739365351e-03
1.203178007016393186e-01
8.819527243603574040e-02
7.237518024507175012e-03
4.689228661260621059e-03
2.793322730022535470e-03
2.791233733612802511e-04
2.894554492173452738e-04
2.483861635439379902e-03
2.134908905947479393e-03
3.598195659709708082e-03
1.056515013258347256e-02
2.063819190104290106e-03
3.914922950344882149e-03
3.769184946501565568e-03
2.563662324513580910e-03
1.460816966496656614e-04
2.896185916819275988e-05
2.249895948865738172e-03
8.052440709946377673e-02
3.847483744489882396e-02
4.406041657028313997e-03
1.621899945257979309e-03
1.242391531133485742e-03
3.461498576528159224e-04
7.548593707603231361e-04
2.818104382173203769e-03
1.978999753115924607e-03
2.481357477743355733e-03
6.874152291505163451e-03
2.442191650281935744e-03
5.209982481332790620e-03
3.766700505907384991e-03
1.012091312643280958e-03
4.878126388665045911e-05
7.993791791284794493e-06
4.153759685169028533e-04
1.022249991763499698e-02
7.803450632113810050e-03
3.178600419759053212e-03
6.595307725561219084e-04
1.018553009243633586e-03
1.247295810944877917e-03
1.586391276355213599e-03
8.409915448349930111e-04
1.355174901953313474e-03
4.947183145698048207e-03
5.002330597859335967e-03
9.911444024586204757e-04
2.705197043683478172e-03
1.686584555093980200e-03
4.699919366565437828e-04
3.604149816687934633e-05
2.048531876977633956e-06
3.673891265154843704e-05
1.613670108398452966e-03
2.983183615190453629e-03
2.279147944809785126e-03
1.915599144463379228e-03
2.212950647013361711e-03
8.713772668583117092e-04
3.105894786122693953e-03
2.618270863828979500e-03
2.116536563128144834e-03
5.500145122411585763e-03
3.767092267148518681e-03
1.194457944414696734e-03
6.154408144953528448e-03
3.307759687453787865e-03
1.799728183487670158e-03
1.868424199167338152e-04
3.677986141712908879e-06
3.554887983038495207e-05
9.809537858089499313e-04
1.029659928379248520e-03
6.050114700186423047e-04
1.224023913950652437e-03
1.974997285374789809e-03
9.442295878385322883e-04
2.397596987877077118e-03
5.136171335946911054e-03
7.040614845929991580e-03
4.669236895988773846e-03
1.081518533106490439e-03
1.069589932372992745e-03
1.367150018824427049e-02
1.595144186420238567e-03
1.487536197069969036e-04
4.369024206872453871e-05
7.671415062977848446e-06
5.632857500516661603e-05
3.700344053705845269e-04
3.017760740553753493e-04
9.211653386581585305e-04
1.412940221362861100e-03
1.371696044605560071e-03
2.342880063571103552e-03
2.301666465815795613e-03
2.994324803974888864e-03
7.843526090191730790e-03
4.058230887324553587e-03
1.140767883455559573e-03
2.407715889482151504e-03
7.718221264263269189e-03
1.004139663764838560e-04
2.257512026995188950e-06
3.584251429519831769e-06
1.140638931360713146e-05
8.983761200963903985e-05
5.826838576707323589e-04
4.735998743698864480e-04
1.056439666822150828e-03
1.550479476021943224e-03
1.357419015693360790e-03
1.730105091709053340e-03
3.215416142813300269e-03
4.126175056097964970e-03
4.522338434669109612e-03
2.785774216996471982e-03
3.091823863440569097e-03
5.889960941120290713e-03
1.806140889270973181e-03
2.155871505189472219e-05
1.419947499554589726e-06
4.359380879896982397e-06
6.627742693630519311e-06
1.517777149628781133e-05
3.796093392691992589e-04
1.274481719925115017e-03
1.423338498706316815e-04
1.469631822752806799e-04
2.235361260955595186e-03
3.372337594333437924e-03
4.187075231874825068e-03
4.648220925605430626e-03
2.017291799525640621e-03
1.606771836591413009e-03
6.408350927925637527e-03
7.907433133119638746e-03
1.049374548099851149e-03
3.897942056432623763e-05
5.532343301276951620e-06
1.005982613331429629e-05
3.970264246939684827e-06
1.997228502786451844e-06
5.198708097792012489e-05
8.573859712148706839e-04
5.297956355165119524e-05
3.818477884995998196e-05
1.763502383205593901e-03
1.710918988747611204e-03
4.713311267130555933e-04
3.934613498767954563e-04
9.056085565458341785e-04
2.680556263989855754e-03
4.527795443407385718e-03
4.169954252994433693e-04
3.870539248892995016e-05
1.543081176317000558e-05
8.263929797835144173e-06
1.241101596767876673e-05
5.827915410312964621e-06
2.388026651459154172e-06
7.895244423889443165e-06
2.201927638855776990e-04
3.613727450223673619e-04
1.135601245743580079e-04
4.265657334945972064e-04
4.558011417869603011e-04
2.884558890669919719e-04
4.019446744286074699e-04
2.782071665675634950e-03
5.851215855281506964e-03
3.370101296276339746e-03
7.711868427700034005e-05
2.940980700800667382e-06
3.482926432256039738e-06
6.361260151075015308e-06
1.214295444255665073e-05
2.498981986366973599e-05
6.748878690696885467e-05
4.215286853856127459e-05
2.466854119867027966e-04
2.854211580845269613e-03
5.910196584610157748e-04
4.711503996124480993e-04
2.027516068882605227e-04
6.221523714523157942e-05
3.467789505477405685e-04
3.338937521803679847e-03
4.148252306319663379e-04
8.861811423865238952e-05
2.471862113094597249e-05
4.188235079884688502e-06
4.126537845665637628e-06
6.439418619924721552e-06
1.185703699548324393e-05
5.616814927508997804e-05
1.208414788752534526e-03
1.028859514552379244e-03
3.720156956239061420e-04
4.500201237306768859e-04
1.000809756795031772e-04
2.359743091031835203e-04
4.551223964506088975e-05
2.117324250318189748e-06
1.200413526205004036e-05
1.086981946703269319e-04
8.674384966452691046e-06
1.970674402494633503e-06
4.530923627998338811e-06
5.980319702564291493e-06
6.426368409031919660e-06
7.078213354772428193e-06
1.196069825414216635e-05
1.524998701543747612e-05
1.747784565175428432e-04
1.354622443302673420e-03
4.232183124402666592e-03
3.481081134259583505e-03
4.635588984172897640e-04
8.849823435773845112e-04
1.330963017338173489e-04
3.341781862944958832e-06
3.692377267683345755e-06
1.105840435213659717e-05
5.234340833049943824e-06
4.005702103456910047e-06
8.504255321628722983e-06
1.236104634564095045e-05
1.217433076410317354e-05
1.197299914301451426e-05
1.862130228193668803e-05
