1.659000455354207851e-05
1.298795459520810131e-05
1.211596541636211466e-05
1.230197394831491082e-05
1.252497419052847922e-05
1.262168554354562852e-05
1.271810686056892423e-05
1.288313803318673493e-05
1.298414968925157731e-05
1.303836755968623743e-05
1.327101161158662321e-05
1.344735370306587510e-05
1.340555497511162525e-05
1.335361817310401829e-05
1.327682219247907561e-05
1.312458015645887936e-05
1.362785353705082527e-05
1.659069780046667608e-05
1.024621568177071344e-05
6.537611471033823392e-06
5.689552512518464866e-06
5.613728447561322481e-06
6.345349570505610987e-06
7.145075830770481697e-06
6.741935052098782970e-06
7.346249452363459606e-06
8.829794345817265524e-06
8.668406630399716966e-06
8.565266340231270751e-06
9.275690168908919602e-06
9.614229420470749352e-06
9.606921767690465000e-06
9.513762172944860882e-06
9.398377487593064363e-06
1.009645796226101531e-05
1.344368858179415152e-05
5.874189128551291361e-06
5.941016398979912869e-06
7.482712979417267190e-06
4.960817037394857828e-06
6.687685835689582133e-06
1.055884170513728499e-05
4.961129860959424191e-06
5.225343574271760844e-06
1.146510189503050369e-05
7.614993211186855447e-06
4.161922009101576637e-06
4.836405235097150034e-06
6.119416665052850633e-06
5.903045744170539901e-06
5.839538313214957605e-06
6.424258446112075888e-06
7.404403975399738051e-06
1.094771360495851268e-05
9.258374032498851565e-06
9.307903086355969488e-05
3.298095330274799283e-04
5.537555269794346716e-05
7.615496980571369789e-05
2.329047420121716546e-04
2.864902222627636102e-05
2.338051817794172720e-05
1.140906056122200680e-04
3.102114544508400933e-05
3.556759045307675365e-06
4.118720626286488690e-06
9.545916533224228356e-06
6.157231704909924210e-06
5.731449938017702539e-06
1.035575813343670698e-05
8.896914650863429696e-06
8.527026131846181551e-06
6.460386302552603450e-05
5.072480653072598475e-03
1.217352276450554827e-02
3.272511832634596119e-04
4.004760165532206327e-04
2.876023545144824368e-03
6.426532275992686161e-04
7.626313136303139364e-04
3.078126934968041396e-03
8.170892597490754484e-04
3.808440096836212700e-05
4.705072960103771933e-05
2.775510030136741214e-04
6.344471461505132197e-05
5.121229292513773576e-05
2.506371401566971809e-04
6.160257192978452158e-05
9.760730004504949785e-06
1.771675017662551388e-04
3.699575068849653495e-03
8.593129846926108586e-04
1.886543328744680139e-05
2.432103673933237755e-05
2.041386944689085436e-04
7.218886947085897650e-04
2.288194519621995944e-03
2.479357423043893928e-03
2.550487103630957701e-03
3.490931227377878422e-04
3.946684240314052945e-04
2.998907189666892310e-03
3.689804654811111562e-04
3.228193502814775571e-04
3.235792987139013248e-03
3.155231756318818757e-04
1.280231194319783898e-05
5.208763559481117565e-05
8.821468565490899502e-05
1.130430785709594971e-05
2.572583544380052847e-06
5.575234614932554466e-06
1.132232157360363317e-05
4.563402883169860878e-05
1.176733968184859308e-04
6.010716517205771822e-05
1.172481906649416118e-04
5.931160886409268378e-05
6.848335714320383325e-05
3.081854829158255375e-04
5.390014803173457097e-05
3.863126398011165161e-05
2.335969816873255910e-04
6.485873379513459468e-05
1.009724589309916469e-05
1.295868190698124651e-05
7.147870539905467802e-06
4.303545337565422436e-06
3.125848099695556064e-05
2.594732756583375470e-04
5.948840344646603789e-05
1.174141116484164178e-05
8.815865799101147462e-06
5.733003333513092026e-06
7.149630713015020479e-06
8.587933269437192515e-06
5.340475586292425190e-05
3.417191583974928072e-04
3.422395881139638879e-05
4.020470778591203975e-06
6.058518696485650309e-06
7.479483501337536169e-06
8.436799699907140227e-06
7.576815266503943238e-06
3.090320167857601666e-06
5.700259628962742688e-06
2.497478508964400923e-04
3.137439336400419786e-03
2.178838454065103278e-04
1.000845006126923279e-05
5.470043167892193069e-06
5.358751004492159158e-06
4.648023203569977581e-06
9.526468919673252903e-06
2.790012675446271531e-04
3.127972032346672780e-03
2.155945533902662789e-04
1.037909239402016914e-05
4.782243392028166806e-06
5.235382369220839896e-06
9.601368913518979080e-06
1.043207172068892191e-05
6.015388299492991014e-06
1.689918825619337475e-05
3.623526825139242592e-04
5.584127263448888500e-04
2.634672607306319259e-05
3.893519665798298637e-06
4.457296761323825016e-06
5.693231518782153778e-06
4.716629973077867809e-06
6.479231459527712143e-06
4.811132011480117666e-05
2.768947946000493553e-04
3.457640872479479936e-04
3.461152755525830050e-04
6.409420728412855515e-05
9.727303228980314727e-06
9.967807512566348913e-06
5.412977559989992740e-05
1.450556686339577166e-04
5.576310122036735656e-04
2.948792962179557376e-03
7.466839273444174493e-04
3.059811300788327793e-05
5.236290127721059272e-06
4.092869129645415764e-06
7.027127285256516944e-06
9.690830820949459585e-06
5.691741520365622532e-06
3.772255571346774182e-06
7.686047072784962637e-06
1.698759076209339718e-04
2.630939486332094061e-03
2.412115692744274211e-04
9.650048907503219306e-06
8.268540477491184969e-06
1.280060972209192836e-04
3.451606493800228430e-03
3.226650881406742388e-02
2.019145303006014344e-02
2.295951350128623645e-03
4.837656512691873838e-04
5.650442352956515130e-05
1.114185984824798926e-05
5.132363275980860996e-05
2.734851103450088071e-04
4.618051693124513890e-05
3.406482477814610412e-06
3.280841748538160507e-06
1.123534676754229107e-04
1.769943318406181796e-03
1.126838093206239372e-04
5.136794166329936174e-06
6.463631260321398751e-06
5.343662596191344177e-05
1.011051563487965800e-02
4.750430610971732581e-01
6.581204989860670040e-02
4.862213425921574697e-03
2.663698960061648604e-03
1.759837986460345853e-04
1.923517393029142524e-05
2.507282514449754389e-04
3.370151609454136946e-03
2.379839596751557370e-04
5.678817575233420750e-06
4.448295633056229411e-06
1.522105331252034154e-04
2.075653467954755461e-03
1.315636128075459328e-04
5.506028542206437893e-06
5.988167442863567835e-06
3.480102461684836249e-05
4.401128674412084149e-03
1.637701080635407536e-01
4.541771524738746901e-02
8.677945310588082439e-03
1.085472858185254283e-03
2.190342368265831352e-05
3.917468488356014102e-06
3.232809287186065301e-05
2.150562349566913732e-04
6.387132359373061321e-05
9.185034376972284892e-06
5.571103344786851433e-06
7.009424667279125286e-05
1.622629719237312067e-03
4.815335696174643880e-04
2.093502493040908801e-05
8.576830739136346470e-06
1.503367767425086052e-05
1.006469032466527773e-04
9.993253965953840471e-04
2.526472114104967755e-03
2.867398395236762758e-03
4.124794764253690918e-04
1.184478207827514094e-05
3.484386431418946789e-06
8.974476595753214857e-06
1.559234306011189275e-05
6.350437343464375656e-05
2.250824128710061391e-04
5.578764774131850175e-05
1.008575764072625779e-04
3.377655536968172858e-03
3.717258222966053800e-03
1.185652389678881622e-04
1.477469364426522507e-05
6.610964873750740390e-06
4.391007310615155579e-06
1.724361060727814317e-05
2.902660946773162956e-04
3.651158596955996188e-03
3.190875523165298110e-03
1.729203143879589624e-04
1.023044688411900617e-04
2.774780305557440264e-04
7.170499622790900819e-05
2.502970438405243293e-04
3.271716232860498712e-03
3.318535936619403624e-04
5.285624716268175682e-05
2.964292856424725290e-04
3.450419713738184365e-04
3.922790415979510523e-05
1.203963057900719889e-05
8.614295070030633748e-06
3.810344937126163891e-06
5.012032185487582452e-06
3.106422328527911377e-05
2.955427531319361392e-04
3.826258480084898076e-04
7.494001995739508180e-05
3.099301886507168291e-04
2.879074446270407043e-03
2.402619922711626659e-04
5.347540488361052409e-05
1.914971297242755921e-04
4.804299377634234369e-05
6.609099197902027739e-06
6.473237985618944931e-06
7.240819267949277339e-06
6.251680615834358252e-06
9.073829153859630479e-06
1.153914318977657002e-05
6.512952262881979823e-06
4.715956986852340313e-06
4.843259742533675375e-06
6.200074164825642852e-06
4.631067318340185202e-06
2.539413990889786850e-06
1.515843116992877024e-05
6.048883799449683227e-04
8.364279147966268433e-04
4.272830537527590340e-05
8.258211665082836693e-06
5.732423831719712992e-06
4.338041457940579845e-06
4.153686646016654132e-06
4.596227978142832401e-06
6.343954116323030150e-06
1.112770288152178665e-05
9.986062817546815772e-06
9.175137124324391627e-06
1.014020255464523293e-05
5.943182815954658792e-06
3.048522937566858374e-06
2.185464522721705028e-06
2.066730577488793816e-06
6.185647577052136377e-06
3.175829698916693747e-04
7.033338691537526985e-03
3.762715432961752089e-04
8.205910433543259523e-06
4.584757149305355393e-06
7.193563960128553092e-06
8.412493304673484141e-06
8.586286028579228225e-06
9.615463905677004133e-06
1.315408059035797145e-05
8.419704280155699375e-06
3.315154470192017381e-05
1.387531927569118906e-04
3.305104562210689441e-05
4.704747916260605564e-06
5.375043370313822090e-06
4.060128449456434018e-05
1.916128863159499349e-04
3.063841538373774471e-04
4.670073621572457304e-04
7.035595609726819663e-05
7.404434375759634888e-06
6.238603153838354858e-06
9.299844043967930894e-06
1.023923076571934850e-05
9.982706143061941922e-06
1.033930870948314970e-05
1.322322696036307247e-05
8.038954906151916344e-06
2.193387260225444042e-04
3.926060347488148812e-03
1.803302123502185754e-04
3.850143122950953865e-06
5.994183789875348933e-06
3.003640697419310474e-04
3.236879920064401634e-03
2.135918477576911228e-04
1.027150396698348151e-05
4.574403961774257631e-06
5.244840646361273542e-06
7.940544007601822528e-06
9.894479018322614310e-06
1.001227359041474795e-05
9.731314640932534215e-06
1.012254354343386314e-05
1.301617844573220709e-05
6.785793298886879431e-06
3.093330595228098727e-04
8.631629818235000626e-03
2.380987642999682135e-04
2.780016669491372993e-06
2.891813134744022298e-06
5.077974198272655122e-05
3.045531402603427243e-04
4.379057889055463202e-05
4.693780734169022516e-06
4.135035926062931470e-06
7.159445720785486952e-06
9.502065127945921784e-06
9.965380342133740963e-06
9.765629262734305349e-06
9.574274661074154614e-06
1.002691601677545628e-05
1.295000640637658010e-05
5.147784797953743733e-06
1.053930504756345080e-04
4.117170206252575640e-03
6.750009182047891475e-04
1.358183872418739630e-05
3.833887019829071052e-06
6.681278712246881890e-06
1.128016375738708447e-05
8.252458583220798172e-06
6.180185583818230901e-06
7.633464059393700084e-06
9.485006520639517252e-06
9.914071483788622059e-06
9.748993255685912832e-06
9.593589241209007259e-06
9.472524840453442832e-06
9.946350141870610585e-06
1.288034530095507767e-05
6.045490412032512855e-06
8.677997768006919031e-05
5.174732276168116617e-03
3.400872042256307490e-03
8.558859546645303663e-05
9.619805709510884591e-06
6.444554252687977688e-06
6.709114029509358841e-06
7.448237800478537203e-06
8.816871458697937187e-06
1.006201999019156270e-05
1.037913209949720574e-05
1.022036361802671242e-05
1.010134469388484660e-05
1.003721224387071668e-05
9.948066029145898040e-06
1.045010725088548819e-05
1.342316723985354910e-05
1.464844362988670796e-05
2.083940155001259874e-04
3.671400251103821774e-03
7.770091918730230585e-04
2.869960386949507551e-05
8.975118938032111582e-06
1.038536885928278653e-05
1.200325543155373479e-05
1.260943873068935567e-05
1.310683298383184345e-05
1.325335875462399320e-05
1.311729695000613921e-05
1.300476309864578571e-05
1.298618858197336817e-05
1.295687988200737010e-05
1.287924679632159406e-05
1.342072047378685056e-05
1.638705214925167058e-05
