3.669927914817665542e-03
2.595848854903940600e-02
5.506526688542989767e-02
1.290723299979896176e-02
4.002357962275324317e-03
1.178047947519015931e-03
2.355952113538074041e-03
1.508013813480842905e-03
1.317634196502323076e-04
1.795632883865806630e-04
1.663867663571350617e-04
3.628950558584509087e-04
1.474378104982847432e-04
1.309532193906133437e-05
1.137907004076849582e-05
1.980348886030586364e-05
2.425599314389176195e-05
3.726424590459849679e-05
4.538389437666261834e-04
2.087754737280376333e-02
8.313607963197620909e-02
1.349870153894775458e-02
1.983368902487770563e-02
7.859852785254344693e-03
3.199618407368417204e-03
8.177768382622263924e-03
6.515524963038444098e-03
1.406457910525307255e-02
2.032764423275650479e-03
1.604478279409334756e-03
3.652146295526164082e-04
1.028557316605969772e-05
9.024308188165732788e-06
1.492547626631075580e-05
1.285590425344178114e-05
2.280712379453307960e-05
1.622719577591392892e-05
1.122927261322094705e-04
6.829773500865981423e-04
5.497539203477122592e-04
1.381766350971697218e-03
2.360270146915046784e-03
3.118993913137426159e-04
2.158969268353116587e-04
2.231555777718851209e-03
1.531684327172627876e-02
1.346220913769236244e-03
8.619016980938799984e-04
5.199198594310009552e-04
7.000709838866233888e-05
1.596844915478536065e-04
8.681337073892526066e-05
1.443899075237635248e-05
1.839680739088781134e-05
5.625552382806903316e-06
6.397506026900334819e-06
2.760822233884621646e-04
2.597733604664277489e-03
4.157075789019436577e-04
5.269771247428317118e-04
4.147033030652256288e-04
1.882054234761388581e-04
2.451951947292119269e-03
5.457612026805804678e-03
2.474049340929325002e-03
9.178999375143640296e-03
6.056214518616785669e-03
1.511492066368552928e-03
2.669909396847727680e-03
3.364935621741184466e-04
1.778129688569830491e-05
1.790043380451756082e-05
1.067776644515999839e-05
7.357110761988633782e-06
3.036623931723796436e-04
3.774633294011113093e-03
2.170768923914529087e-04
4.315177907832226721e-04
5.784533262739383758e-03
2.877356479456371057e-03
2.102323252938315817e-03
7.327610023276614603e-04
1.597310668864595877e-03
1.474391997335616593e-02
1.558813060711214914e-02
3.213415428255788752e-03
4.940899409368650639e-04
4.125336373187257636e-05
1.046211659187145789e-05
2.025937012893548649e-05
1.676783176971571588e-05
6.621961520778007008e-06
2.290643305600331976e-05
1.136056767116150150e-04
4.319668602405724104e-05
6.106671575218367877e-05
9.002906288285606080e-04
2.470709148204955005e-03
1.656694405288403320e-03
8.305884584010789738e-04
1.251466416993357719e-03
3.406659343195777168e-03
1.362087617570593816e-02
5.057083622543183214e-03
4.474870728313178064e-05
2.294666195713344157e-06
4.805023944775206442e-06
2.324370738760406040e-05
1.992864723451868921e-05
1.094543632529468256e-05
1.372951582398876943e-05
9.593579320697508725e-05
3.592609324865973504e-04
5.141700260841187162e-05
3.326815906885006573e-05
4.090059091482651263e-04
3.188031278422745387e-03
3.031119127832962619e-03
2.106295337702496825e-03
2.553538019044902102e-03
5.759969258283364514e-03
7.964029708073219055e-03
7.531560104345656162e-05
1.178398156846016400e-06
2.825125013627782977e-06
2.169663124621024796e-05
2.659541623865288809e-05
7.939678195289842492e-05
1.807417156184910835e-04
4.222174398773567748e-04
1.838332725118686046e-03
3.924144133489452959e-04
1.605996587162445127e-04
5.343393530474665814e-04
4.562253443207635144e-04
1.062077101327505037e-04
2.376766255410841340e-04
2.068935205508046823e-03
2.812939834658382317e-03
9.922561937927055348e-03
1.679437054603441330e-03
1.512513861883708152e-05
4.227927686939908050e-06
1.843138487342348928e-05
1.919571470678043377e-05
2.267364712642035564e-04
2.433418876186737873e-03
1.501066206801317075e-03
1.348392789791333802e-03
1.256106973569467555e-03
2.699862141910266012e-03
3.459185212115811932e-03
9.395381311691096068e-05
3.883702543461897431e-06
3.141931136110174226e-05
1.675707048897574379e-03
1.735308591792054022e-03
2.552803005799276180e-03
1.020453587645184929e-02
2.851959853255879086e-04
8.160208352543007454e-06
1.405565790067214787e-05
8.445449101741666904e-06
1.298596153640857421e-04
5.852185172236753705e-03
6.685421339001564218e-03
3.317718020572951645e-03
1.791983383206498031e-03
2.436906400398606599e-03
4.258981358368346508e-03
1.432168745428305339e-04
2.346851662523005618e-05
5.311874758267828367e-04
3.233037558728713273e-03
2.872358099095446461e-04
2.346594701549829700e-04
4.884249551789529228e-03
3.338698084924914726e-04
5.606601144844142604e-06
8.461660038187536384e-06
1.095675763374848978e-05
1.582537773956862266e-04
2.397181090744183833e-03
1.083474110873994516e-03
1.098315206232914091e-03
2.113867091805878614e-03
3.089845823453517097e-03
3.180549183957353220e-03
2.358784312496594031e-04
2.477289481426237232e-04
2.664612703832222769e-03
6.730457186573672763e-04
4.555413219376286497e-05
1.698684922442972377e-04
2.750876273777089730e-03
2.395240246452362835e-04
1.037696539176787460e-05
1.131149383784573574e-05
5.019232789708786906e-05
6.511006641042904912e-04
4.040911634903970873e-03
1.874624369979679137e-03
1.905787716657689288e-03
2.550053463588559076e-03
7.335332349780863308e-04
2.033244732216255479e-04
1.718573937891005080e-04
6.162740409986262489e-04
3.431556757889154315e-04
9.484233635971568547e-05
1.654018097929275900e-04
2.416067589525019499e-04
2.249603542914346377e-04
1.911617146883287763e-04
2.218984002549656684e-04
8.942072001318353649e-05
1.072643099861700421e-04
2.777679495238560142e-03
3.977828675653991009e-02
2.567846377328559734e-02
3.484555489325625015e-03
2.062451216780612914e-04
1.573318672478705380e-05
1.447355390812212679e-05
2.502640781586795487e-04
2.361944376507034253e-03
5.684501168089802067e-04
8.911552852843714588e-04
2.640890881517349905e-03
1.584528610048858846e-04
3.713331835732920557e-05
4.982355311518013368e-04
2.791906300581189528e-03
2.868661300362182172e-04
1.978420716968794522e-05
1.134090713086965919e-03
2.392214329291023067e-02
1.143805902580612675e-02
5.916721454331409953e-03
2.622360928372497162e-04
3.496269640405148598e-05
1.588599471789833492e-04
3.410909974491644443e-04
2.943930455025970229e-04
3.863171462090073116e-04
2.524780810775808376e-03
9.952815375309819520e-04
6.065896099403515648e-05
3.203688342227706894e-04
3.931867376887795626e-03
7.863304500542141803e-04
3.805055621165836572e-05
7.196771974890289698e-06
2.768429644431361558e-04
2.854403775667128332e-03
1.025112413465995931e-03
3.206547043463557536e-03
5.801047042467470877e-04
3.076265566861361247e-04
2.842729505850395428e-03
2.699136717095829640e-04
8.317565836841410285e-06
1.738629111040866293e-05
5.551932738896098261e-04
5.547991301912719598e-04
1.688652022113639492e-04
3.493515831645963889e-03
3.319923287946266455e-03
3.589552066038177345e-05
5.259592830742763236e-06
1.215343745803688204e-05
6.668689546520169557e-05
1.713912857402812755e-04
6.238868943668363239e-05
1.027666739821884171e-04
4.124532819400494079e-05
4.922160687106070333e-05
3.173841642937919863e-04
5.595914668824586408e-05
2.965218672014353369e-06
4.642574652409860801e-06
3.092459129025266693e-04
1.743829747414730492e-03
8.207376793411636038e-04
8.633007570730016900e-03
1.671140730162692023e-03
1.290936060057909846e-05
6.182551924150100579e-06
1.933030538881867077e-05
1.846249997508818996e-05
1.866010515015990173e-05
1.225838481255560172e-05
1.311017199761816234e-05
8.699058939512861177e-06
8.137144565202199649e-06
1.526421857694614591e-05
1.132749862414286360e-05
4.218045688079031380e-06
5.744478888317368298e-06
1.745764034631293782e-04
1.351509610009819654e-03
1.285433094039495697e-03
1.456179101285069721e-02
3.172905576054812094e-03
3.789731782239300312e-05
1.682668084008096971e-05
2.498392063375043178e-05
1.448503406368348509e-05
1.209098838737922285e-05
1.132215455363637965e-05
1.141951595229957009e-05
9.658249863530974730e-06
7.167712390206297679e-06
6.179558479760306021e-06
6.240118585827090990e-06
4.524456595337294277e-06
6.455382712752443113e-06
1.368578124002092192e-04
1.836656020583915094e-03
4.061051560202943479e-03
1.063556070269729668e-02
6.707276032758691239e-04
1.747406206813478005e-05
1.651547000110163677e-05
2.350124453757467932e-05
1.067300871950936506e-05
7.126972621847128884e-06
5.990216469748607901e-06
7.138064969933908650e-06
1.193208688558313669e-05
1.080615675852247282e-05
7.045971592699690123e-06
9.193504901846558648e-06
6.800398391672853248e-06
1.165147330773495525e-05
3.361719209605323541e-04
2.331339187377947340e-03
3.718444163847900094e-03
5.861169946013549022e-03
2.257583513257083283e-04
9.157903420611690070e-06
1.429568635093055041e-05
1.776889574017104521e-05
9.189444754503702526e-06
8.015092058345867608e-06
5.277404546003803861e-06
1.008947087168550591e-05
1.072921638363255305e-04
1.794744764793713358e-04
9.597287333988357451e-05
3.056984634989658514e-04
1.526319439708424613e-04
1.080619016570763346e-04
3.562186991187252672e-03
9.878025457791848180e-03
2.661354625526348491e-03
6.600760016078776769e-04
3.969864634697014568e-05
8.389088232504480488e-06
1.898028800106250360e-05
1.786309660572687157e-05
5.477566109439643285e-05
4.328332955036533745e-04
2.287099199251484355e-04
2.143063266961682371e-04
4.299807116144685991e-03
3.292488608961179758e-03
5.750230839137567213e-04
3.373061545542379615e-03
3.119039655986254999e-03
1.725331998124438439e-03
7.935105641177761515e-03
6.728804765527223765e-03
5.288851544906495589e-03
4.072440037125376212e-04
1.097719087024946797e-05
6.898000693990548850e-06
2.262331347413390177e-05
1.112137558480688813e-05
1.847139830942871072e-04
1.147684954321279670e-02
3.446919527343416442e-03
5.641277628639013771e-04
3.211023438210429664e-03
6.073313334747449050e-04
4.369704402899642358e-05
1.698583917264947466e-04
6.576432957038584994e-04
7.369202190871919876e-03
1.607759637868004521e-02
5.810888181295503297e-04
3.251320726532631834e-04
1.226164839354705605e-04
1.131807440447348041e-05
9.600228435402493883e-06
2.504989507088421492e-05
5.085231447703583970e-06
1.119885718698111348e-04
5.289611379795091696e-03
3.715561532182539393e-04
1.822101740842764931e-05
1.552025169051442937e-04
2.270636819314918566e-04
1.189080427747411811e-04
3.251126621264863029e-04
1.394619297142960131e-04
6.798520814924330228e-04
3.702945975031476586e-03
1.107253374502429005e-04
1.181818898272620607e-05
1.205196555626255054e-05
1.037335234077283708e-05
1.343010232405044920e-05
2.568988737152530052e-05
2.068325657277666086e-05
7.455744714294927069e-04
1.899943464561706236e-02
8.299890389007914945e-04
2.108958105743190026e-05
3.297683970015208819e-04
3.325426091933193513e-03
4.890494307562612102e-03
1.075410517280319701e-02
3.365147529854068797e-04
2.814632606872285230e-05
7.969744486016819957e-05
3.285341999210645349e-05
8.803170816828670824e-06
9.769709794958429200e-06
1.350213228415570973e-05
1.664961604074832350e-05
2.636668268223973994e-05
2.246535893664122600e-04
3.207463518523283579e-03
2.721172802562823664e-02
1.097473435095098170e-02
9.666445124566357301e-04
3.543191085333604121e-03
4.209723299485759393e-03
4.774075897160006462e-04
4.098390018611539759e-04
7.610558926053557962e-05
1.102363258769169256e-05
1.730301972727752723e-05
2.508986812338192017e-05
2.203622112735014490e-05
2.383597196234124403e-05
2.552849896833370567e-05
2.640655936964087872e-05
3.683202321809308643e-05
