8.329720372100561827e-04
1.757472349609743092e-02
1.584988402367944887e-02
8.216739356066916217e-03
4.752512720579232970e-03
6.766122325746432931e-04
6.505141990057397702e-04
1.468455819581558457e-03
1.470723077300726319e-03
1.443497833102901952e-03
1.251667306376638830e-04
1.244908037165696384e-05
1.721446419315736360e-05
1.899687818913304573e-05
1.429945245074545183e-05
1.725728218213377687e-05
2.051534672449749759e-05
3.030887264400443582e-05
6.909132079131982337e-03
1.333886812141199876e-02
1.590655896947752723e-02
7.146446441729110630e-03
5.331019814196936643e-03
4.317225546138746262e-03
1.513791138250714704e-03
9.643961872124022245e-04
6.195657180857248696e-03
4.156892318632987755e-03
4.900822351908953113e-05
7.615274749421961691e-06
7.379740241394785213e-05
5.216852286396649844e-05
8.232482507640667476e-06
8.015277883816084554e-06
1.209556458286389433e-05
2.018516741048570609e-05
1.979596050484767542e-04
6.377425544669231743e-04
4.542625228830694632e-03
8.011818177679843906e-04
3.907020577582513482e-04
9.328316250272441134e-04
8.005463807942473330e-04
6.567786037213539478e-04
5.770753550557077352e-03
2.181389250834860072e-02
2.843431713832665717e-03
4.944511475251022956e-04
1.896557042135065940e-03
2.534448683152665531e-04
7.738462806959211951e-06
5.997151214408780007e-06
1.145933404717801252e-05
2.017174303467427927e-05
8.675003096898679258e-06
1.053788081417683143e-04
1.734651492675246768e-03
6.758509460492444524e-04
1.006081711179557985e-03
2.770396417830030180e-03
6.126104480612840596e-03
4.726728730187569616e-03
1.761666751324767431e-03
2.614965147215585553e-03
1.089189869206804058e-02
1.172842833227748238e-02
4.524758225039498573e-03
1.085030417706209802e-04
3.980074760793403208e-06
4.576932967332037775e-06
1.099094434074121439e-05
2.099545364552295250e-05
5.598547751671229515e-06
1.705235541849402207e-05
1.867862647068178363e-04
4.321178184393383655e-04
2.915596398740414393e-04
2.567762670710791828e-04
1.364954240182064162e-03
3.216556520256274448e-03
2.972518134760682596e-03
1.459098375851948341e-03
1.351249644247862420e-03
9.145422783960690041e-03
6.262059211460160521e-03
1.465306677067236465e-04
7.780405538609609241e-06
5.382480624511933737e-06
9.967576495049876734e-06
2.057718233538455304e-05
7.085494096342944942e-06
8.386875516456919035e-06
1.543176474170800496e-04
1.963180130021903100e-03
1.844470524720936641e-04
7.676126079314042551e-05
1.341298704246510383e-03
2.333571113134958429e-03
5.075760497537488113e-03
4.506057429665360527e-03
6.490715843196344327e-04
2.962652502867763570e-03
6.688091160536162663e-03
2.345984414212542047e-03
2.030675355049690075e-04
1.619389410640369387e-05
1.020894594167981879e-05
2.050312076457764913e-05
5.026533166753717165e-05
1.339416647040812434e-04
3.561821638105546113e-04
1.837643637288517012e-03
1.971750407309547505e-04
4.465005104834129576e-05
2.484551323068740262e-04
1.532294857128185773e-04
4.645045424924911653e-04
3.359269676860252105e-03
1.924818012470363516e-03
2.168515628781420793e-03
1.346353101838541292e-03
1.063043085953973947e-02
2.304553142870935552e-03
2.024134027996340825e-05
7.036210390071388219e-06
1.970080926389594460e-05
2.993992173040653103e-04
1.585612113621213699e-03
3.478296178118847875e-04
6.037042929977009089e-04
3.167762597881218457e-04
2.658581032365837661e-05
4.104246968239172520e-05
7.031102614016514457e-05
2.604624554200232951e-04
2.909900699448200734e-03
5.331114871672408377e-03
5.874007294276740662e-03
1.314057987370348228e-03
8.555764617513518175e-03
7.994866356239169669e-04
3.830411702070889126e-06
3.074455162087520674e-06
1.794194471135704153e-05
5.609025815398407011e-05
1.481442648925106328e-04
1.842234629859677212e-04
2.209634902471381297e-03
1.418829737382654860e-03
4.302897029742320069e-05
2.449202051068444653e-04
1.878876693868150680e-03
5.742033774828796079e-04
8.679760687646378764e-04
1.562831021568563978e-03
2.464192530458836176e-03
2.577669794916177901e-04
1.806320386109634810e-04
3.857491891286662965e-05
1.882152010819629672e-06
2.935503568307006159e-06
1.775561208601561240e-05
4.128853624907142522e-06
4.349459319040848114e-06
4.692151601943059534e-05
2.152245394156755958e-03
1.864732554584837276e-03
4.196694739299616371e-05
1.632826299538731095e-04
1.813363540003970270e-03
9.449969395598812076e-04
1.276970472510904203e-03
1.324460187172135607e-03
2.882137580948998436e-03
1.319279558654143803e-04
2.314529318478918311e-05
7.633066798354839414e-05
1.955161385999882603e-05
6.535777629601646039e-06
1.678904874905579175e-05
2.615314578186897735e-06
1.513711998527863261e-05
4.214295967943932210e-04
3.225545300378928563e-03
7.885434177794258676e-03
5.140223267294653613e-04
5.558026359768231681e-05
5.481084141955685812e-05
2.407797096526294322e-04
1.549738805007711039e-03
3.563582536271702860e-03
8.218658554127924315e-03
3.001962258391503561e-04
1.523248679713102910e-04
2.119510313086850079e-03
2.078501833048958768e-04
9.404639744895845646e-06
1.342390383640111697e-05
8.699693375246107232e-06
6.919124800100152819e-04
2.673914961608656743e-02
6.188580135318476859e-03
4.041863397250729413e-03
1.997670629191021768e-03
2.957839858025621774e-04
8.529747283292559779e-05
2.189452058353904109e-04
5.888530114395379780e-04
2.588336236381653076e-03
1.341371087065020614e-03
8.604790655567885803e-05
4.873444563657877856e-04
1.964746544557951103e-03
7.948649490855114327e-05
6.470526540610801659e-06
1.128929439276837879e-05
1.577885764118339344e-05
2.102314494973436896e-03
8.261497103627721272e-02
1.486671820951456120e-02
4.126831781646716178e-03
1.266427604405818020e-03
8.012157094169399928e-04
1.245362754265005780e-03
3.468529145698855034e-03
1.147660079472324988e-03
3.406003571896915570e-03
2.335948634952212787e-03
2.534581358281026969e-04
1.251647854110631009e-03
1.360115343841825086e-03
1.488410141142020016e-04
2.551594583137706165e-05
1.704859869357631269e-05
6.857965506762088509e-06
7.171578761591665451e-04
5.807985185613821766e-02
1.816730737309698099e-02
3.706699994447508646e-03
8.492170236906390612e-04
3.348168317082492423e-04
3.735813844791078392e-04
2.105987860618499345e-03
5.849615421152599623e-04
9.963542194633063283e-04
5.206548898659402180e-03
4.161320455421886654e-04
2.824219631879780370e-04
1.967177250128392899e-03
1.811615152629222555e-03
1.338234917750582122e-04
2.349602386029359661e-05
3.471084511036072098e-06
5.454330841131435951e-05
3.021827728276430848e-03
1.397981997416059864e-03
5.711920004568434277e-04
2.684923098011510450e-03
1.528592119273499989e-03
2.680645275103871379e-04
1.033933332403278197e-03
7.911214057728877197e-04
9.648324306609423404e-04
3.741365341295968018e-03
1.462322245785997407e-04
2.690364200407138848e-05
4.863151933884069271e-04
3.820924283059334175e-04
1.911497223862857747e-05
1.105716521275473960e-05
5.531594743414546179e-06
5.327265478606751867e-06
5.797807664009672072e-05
2.506201456279320318e-04
8.596169174950867454e-04
4.325650896580867169e-03
6.844734739166310946e-04
1.599153131226974784e-04
1.040082877888819915e-03
1.949473664768391771e-03
1.409409341023319748e-03
1.077177979265960331e-03
2.566159050694722440e-04
1.888895849939236911e-04
1.915454264002082810e-03
1.988895023868287248e-04
4.340378868634930797e-06
7.284673408121859238e-06
1.209605031949319679e-05
5.962054167897047201e-06
7.271135428332009044e-05
2.640392370315709607e-03
4.352892212749663939e-03
2.688235490898074876e-04
8.587305909197290147e-06
1.102548100766723492e-05
3.878700469887613636e-04
7.717955904420694020e-03
5.113418212740260087e-03
6.471421139997348554e-04
5.351218075359331439e-04
1.281202029198481472e-03
4.277310830238007996e-03
1.941035669456399521e-04
5.246290297517069484e-06
1.019521709267587891e-05
1.237940131374663964e-05
7.646748517183810079e-06
9.663008675161038625e-05
2.055181223667094936e-03
4.563903598760459413e-04
9.485881513232400700e-06
5.464314869683273499e-06
6.000214043676356285e-05
6.190492071786646202e-04
4.036260735362504244e-03
4.584072292920176629e-03
8.387006521065437344e-04
3.943351527252146886e-04
2.720439992771038398e-03
3.188797424491821627e-03
5.566497542218927611e-05
4.738105950552703596e-06
1.337095057339868203e-05
1.092296449175266364e-05
7.222722207073296393e-06
1.957499081361072199e-05
1.920181219489526623e-04
3.731484581137046986e-04
1.134707695310527270e-04
3.501385900102771268e-04
1.884739062408140363e-03
1.993023103028627747e-03
1.532273983975986423e-03
1.789645439651248648e-03
2.432732452855393759e-03
2.091134419497960809e-03
1.380743501375494321e-02
5.068157846608395585e-03
5.039268920732157251e-05
6.951954443110745019e-06
1.688709147243009373e-05
4.889471569162061500e-05
1.878222427321935353e-04
1.039255674008306439e-04
1.904574724133047603e-04
4.053934847838818606e-03
5.114199821459346554e-03
2.183251108367580736e-03
4.783556774218104021e-04
6.192858555563203601e-04
5.802710958943178322e-03
1.750930664825535703e-03
1.253221818743403262e-03
4.131705464585812802e-03
1.104601880314390154e-03
6.651891990470498424e-05
1.084553089936540422e-05
9.180468647782451667e-06
2.004664238554534900e-05
1.071866989453669971e-04
4.650539843895549336e-03
2.351466508076638894e-03
2.658543683864061707e-04
3.009875332973519814e-03
3.688404261216379851e-03
1.961037885110187510e-03
5.835516790517455759e-04
1.497933126349517612e-04
8.549958763596572555e-04
3.106700582673115269e-04
6.405368570303817018e-04
7.255283867877502027e-03
1.183468280245964204e-04
1.775219768226308029e-06
2.778287174928374366e-06
9.585227506836688745e-06
2.112635457796908505e-05
9.684506613813180791e-06
6.203473418084931188e-04
4.367585383417759565e-03
1.476436953185282031e-03
6.431948078310046647e-03
2.012880629316674171e-03
1.143009044686730180e-03
3.188029722682663922e-03
4.959162896233199015e-04
1.567470436113798564e-03
6.058581572528348030e-03
6.863680356645980585e-03
5.203432828459323735e-03
8.428887882481676905e-05
3.483055335600377404e-06
5.259223197910708388e-06
1.183662812081203422e-05
2.104078740420810821e-05
4.569502585740318226e-06
1.519092631075064158e-04
2.714131728333953313e-03
1.633646342118757035e-03
5.655174617798328779e-04
7.871245315576596451e-05
3.052374537268942502e-05
3.000823272787096849e-04
1.316422733500261649e-03
7.747103918861161613e-03
1.971887046665878745e-02
8.691727151627286034e-04
4.156315718539280944e-05
1.077019030152136413e-05
7.474739415600739613e-06
1.017997912257660435e-05
1.254127866411175350e-05
1.969148435554332881e-05
6.434878870182402584e-05
2.457883564171964904e-03
5.112208717399703041e-03
7.555377165063625151e-04
5.561979333581550203e-05
6.229161197399028587e-05
5.673717997744659052e-05
3.779755557986465937e-04
8.398049130207484864e-03
1.118045615124161696e-03
5.564911803257117283e-05
4.731268355603188681e-06
1.587604764997010267e-06
4.231623087240057460e-06
1.018097980609169495e-05
1.232577164066694299e-05
1.236918059032012275e-05
1.964241117615617176e-05
4.818255452446413363e-04
2.505930809076626839e-02
3.542319266870618683e-02
1.904129692995352660e-02
3.784490661830148574e-03
1.489355524619837869e-02
4.868112465126733096e-03
7.222189909573222249e-04
2.493948575489308289e-03
8.409280895773396419e-05
2.320534464476101690e-06
2.380962252783292047e-06
6.095922854062624161e-06
1.511489909011278815e-05
2.156228890622394068e-05
2.028074450031369921e-05
1.970652291342339166e-05
2.978941121867052018e-05
