1.477812767932170665e-05
1.237863288142940812e-05
2.082956014873800824e-05
1.275106458193776451e-05
9.006634913720233172e-06
8.052933088416326364e-05
2.968615726405330170e-04
9.006362793302320009e-05
1.726817890554200924e-04
3.830255017154089638e-04
2.220511042387586216e-04
4.883966588865469301e-05
1.324766117523363424e-05
1.367223112667477078e-05
1.984855705126131999e-05
2.106581071735415611e-05
2.124480295457008768e-05
2.995464824083546922e-05
6.490958273510522770e-06
2.544211188631768651e-05
1.646652135128863904e-04
4.258736092064861674e-05
1.274969030636746859e-05
4.334263388388277577e-04
5.408409191041720077e-03
1.250209329196469519e-03
2.205609538358432788e-03
3.576662341967325100e-03
2.162033595677957318e-03
5.522309591172358447e-04
4.366410372205790046e-05
1.244405913573946537e-05
1.319781150733111662e-05
1.423471644826217682e-05
1.415810406359038878e-05
2.104603169272341860e-05
2.971168535856960689e-05
6.700003386834306072e-04
2.602009257635987810e-03
1.246660095045443433e-04
1.056121632039214376e-05
6.334442405802974798e-05
2.643817902655509170e-04
9.953204272697859358e-05
1.229280913931860822e-04
2.671843871130090290e-04
2.192058424621609776e-03
2.316054544647637436e-03
6.307746871660289013e-05
6.960774140326942140e-06
8.767493215012099836e-06
1.338294823912488864e-05
1.426391154700179443e-05
2.051589380784054852e-05
2.000040313556160116e-04
2.530648697491105163e-03
6.556592208184972275e-04
1.892196848417366365e-05
3.554472058537923188e-06
4.030544672949943260e-06
6.242856385919548762e-06
2.785564125549937420e-05
1.399025077946361635e-04
4.195035785088771941e-04
8.126904068704771805e-03
4.750327104250312744e-03
3.814988019639841652e-05
2.157753869521454831e-06
3.245769233337083964e-06
9.778926252271665092e-06
1.486701138267541996e-05
2.166488205547758566e-05
7.677045814164691899e-05
1.450622095263659852e-04
3.175343094882419182e-05
7.874404963425218003e-06
3.933963097667827260e-06
1.566520256573891877e-06
2.957758185407007925e-06
1.761012583262479931e-04
2.481195272609537216e-03
5.467771108057629210e-04
7.242790174194015150e-04
2.836041298627473093e-03
7.284490947775943467e-04
1.599422569395493566e-05
2.138233754014395287e-06
5.023698764510999766e-06
1.309149507077025115e-05
2.266004589328778646e-05
1.515743012864262944e-05
1.385931978540999243e-05
5.780805609042210814e-05
2.432420405922349632e-04
3.919817994501656266e-05
4.196156881987912655e-06
1.475270256373380528e-05
6.607728049012480918e-04
3.200941239337482241e-03
4.150477306111703441e-04
1.275407426748377407e-04
7.313169241374966462e-04
8.425734529814415258e-03
7.230876015928668554e-04
7.376414318646082706e-06
2.954029765747874490e-06
9.209497979138279883e-06
2.285196496424100489e-05
1.131039534804798676e-05
9.217597246690876516e-06
2.020778713317557132e-04
2.295953405957049543e-03
1.801156630375245213e-04
6.144221012904297588e-05
6.358645345248736726e-04
1.895982855592959161e-03
1.309125224043480341e-03
2.210920618878775383e-03
3.401089673020641323e-03
3.348659232554615029e-04
1.250229438370551501e-03
6.951427308484849250e-03
8.112852240638033412e-05
2.363683930554979655e-06
4.751160759520137511e-06
2.034617047004463010e-05
1.188225261305891504e-05
6.521520645453633131e-06
1.018231344356904892e-04
9.142371120110015298e-04
1.213364577853110474e-04
2.018641298987087097e-04
1.911181176584263132e-03
2.122935869095070489e-03
2.037598679307203210e-03
2.740013230735226842e-03
5.012934364819244398e-03
1.615614682127466028e-04
2.476501611648919540e-04
1.257672940838694582e-02
5.886419145598530784e-04
4.290991656216894105e-06
2.972225759732980439e-06
1.597843766550241328e-05
1.115568490325358700e-05
6.913280496292452447e-06
1.268161493437800727e-04
2.176560172456983716e-03
4.394290141482043335e-04
8.693366957978956584e-05
8.940344345463561320e-05
4.855811537998365392e-04
5.586230169307732085e-03
3.249895116836578213e-03
1.159715801308204867e-03
1.101790577853367946e-04
2.117898908112398107e-04
4.072683958396356753e-03
4.011791943605091428e-03
7.763603766512712078e-05
5.048251212393430776e-06
1.209811037444159808e-05
9.108893548119945834e-06
1.836515751200550146e-05
4.798466706154140842e-04
7.526689146350130401e-03
3.416426099827633324e-03
1.143733590777936603e-04
1.281246142213722418e-05
2.185318412875928316e-05
1.446981277456196001e-04
1.256949881856200737e-03
4.908734982207569285e-03
1.636831669524610282e-03
1.568255565604918540e-03
1.981802670808897101e-03
8.012355744406693056e-03
4.577943000294625118e-04
5.689391523421175234e-06
7.779715716498135069e-06
4.211478155662598187e-06
8.871108835523413801e-05
6.104256391161898623e-03
1.163415730619952494e-02
2.347492075654368689e-03
1.852707669395044915e-04
8.886322524755222449e-05
1.483492124760987530e-05
1.997510109831097792e-06
4.637650245018816323e-05
2.883041164281483631e-03
4.706865972509467234e-03
2.276377027560784819e-03
3.790750264084685500e-04
1.124751240601769850e-03
2.510269417999634340e-04
5.719718351387580917e-06
6.558044594966593681e-06
3.983199237024630789e-06
5.974260621329148839e-04
5.745936760681548405e-02
1.718098784545996766e-02
1.368821770309946572e-03
3.105963280108015772e-04
2.679387756568936928e-03
5.927901438845085231e-04
6.048122242320506001e-06
1.841135722972259299e-05
8.769045721363959503e-04
2.899056949496410431e-03
9.934572468244834854e-04
1.624069802877056408e-04
2.153026470758937199e-03
3.819199036740764629e-03
6.715034825105263506e-05
1.311373646018469048e-05
4.247311526341618706e-05
7.611353005770355069e-03
1.229356624251905783e-01
2.512450517881460385e-02
9.376351360089586404e-03
3.540495713262906477e-03
5.548065908888208213e-03
3.038904753984350473e-03
2.492171965976654299e-04
3.066622274093784095e-04
2.347882851988981022e-03
3.894769969483336241e-03
2.382036236627682428e-03
5.441133894266275955e-04
8.089080460390925265e-03
1.686648489260001230e-02
1.663594007813869570e-04
1.593086222935890343e-05
1.623857407774212272e-04
9.625240021914817368e-03
8.500244919509364339e-02
2.579165743595156907e-02
1.119364638939395439e-02
7.109143377054675736e-03
1.132722455378087955e-03
2.013440566771054156e-03
1.886528169526672594e-03
9.384978060798907125e-04
2.798786699524955911e-03
2.545697921596304023e-03
1.949426966534607538e-03
1.145810487840753615e-03
5.785955993892534857e-03
9.279889973135115391e-04
1.045206219972331197e-05
6.740474560887771980e-06
3.925619409754344235e-05
4.998418092753885650e-04
1.271196098054062570e-02
2.555047635336240436e-02
6.285787929506372190e-03
4.278465636685145970e-03
1.256414725435608904e-03
4.232171646387969041e-03
1.050591208424734961e-03
2.085496857738996471e-04
2.874873727222997111e-03
2.491456385164131891e-03
2.357502673511367101e-04
3.228461063504885881e-04
3.186287514856280326e-03
1.253347921802706573e-04
2.144196655873731411e-06
5.459577618688170347e-06
5.501118677746688460e-05
1.662582494928766821e-04
1.166925633342651624e-03
1.718412537150657698e-02
1.615715522556500361e-02
5.139628051319925992e-03
5.720832416514925762e-04
3.420431855737499343e-04
1.544497319869610869e-04
3.876338602584213761e-04
4.032175789653215901e-03
4.006701090924147325e-04
1.229671879009920547e-05
9.340575771280587407e-05
3.371708717413492932e-03
1.573855451655020818e-04
3.917436782849899080e-06
9.137812706661261814e-06
3.234380852213331395e-04
1.788346396627049466e-03
1.681517000664442454e-03
5.137159154607051637e-03
3.233485698865898230e-03
3.684390897193025446e-04
3.246290725523111488e-05
1.380354851111732461e-05
6.406488938419507687e-05
2.448501302927387664e-03
3.046718899674995869e-03
4.195050626031294431e-05
9.496703805598951604e-06
6.091746001912301360e-04
1.023051499400966929e-02
2.374744911697525176e-04
7.165599276376458680e-06
1.291689764076904394e-05
5.863313950319143462e-05
7.605740156052347416e-04
2.109836954602509369e-03
2.095630774181475673e-03
5.961162492951334151e-04
5.947519296458641668e-05
4.677974462057706494e-05
7.729596938045958166e-05
9.351778003826631222e-05
8.919480822167221920e-04
2.906011448271227657e-04
9.205254569008487729e-06
4.303549131385086071e-05
2.744318278251699824e-03
3.311264284410059700e-03
6.224540536677473164e-05
6.274233801071377036e-06
1.453565273550620190e-05
4.597491455906826327e-06
2.226593191031063626e-05
3.391723440156054425e-04
2.415145055631098738e-03
2.110195822111905935e-03
1.351685866565902408e-04
2.488400351298301525e-04
2.309088638947717591e-03
1.223623520899246335e-03
1.954005161268528457e-03
3.398162287374015245e-04
2.542775213714644459e-05
3.531881167842378729e-04
3.972281612894128927e-03
8.074899650216304159e-04
3.126155674955630621e-05
7.051689448161516920e-06
1.568306405862074184e-05
4.297026064747653325e-06
1.540796047491437809e-05
1.292455323018387562e-04
5.473373153207231534e-04
1.250545676473097632e-03
7.989684865456298738e-05
6.920225059444872157e-05
3.506162293809067521e-03
1.081832763297778388e-02
7.810114957000354775e-03
2.955225127455187156e-03
9.519571368345152015e-04
5.617257868030076269e-03
1.101999125788326664e-02
2.399656390954241214e-03
1.444670881440772263e-04
1.583380500849694775e-05
1.759726188654371900e-05
1.046902586581403357e-05
2.777030944213874507e-04
2.854175857248839217e-03
9.933456416769362741e-04
1.425229443626499981e-03
3.986372041115069645e-04
3.058965356898178624e-04
4.541212707047041774e-03
5.449650853618670000e-03
9.809663067841954860e-04
2.108458614486745462e-03
8.149208410965289376e-03
3.638374558176358207e-03
4.068794187314471044e-04
1.775801755812303994e-04
6.432233118821675572e-05
1.623441183676466672e-05
1.843646668872048270e-05
9.773671213138605707e-06
3.678176438693924193e-04
5.795413410154499900e-03
5.493968798667259830e-04
1.817115180292491988e-04
4.778098152137958202e-04
2.464857083393287487e-03
2.779327394410861015e-03
6.395440204382159266e-04
3.598778174121680467e-04
1.546832059322577821e-03
5.216648844681131408e-03
2.879281626208242623e-04
6.699402954049239816e-06
4.812163073478552912e-06
9.810490156954525452e-06
1.141364459774442779e-05
1.937342428606527499e-05
5.321132635357583938e-06
3.034225259831818645e-05
6.779083354875205377e-04
3.264581497644024962e-04
2.335617273414149566e-05
2.324149225421181860e-05
2.913995344815518648e-04
8.099008853688135362e-04
1.006293789781205830e-03
4.639956593961790110e-03
7.481062962173970834e-03
7.488717714356033514e-04
1.843033976386278087e-05
2.677260998938591650e-06
4.250286258605437666e-06
9.032486189485871761e-06
1.236956347138016052e-05
2.052400740213443587e-05
8.229726722978651182e-06
4.002880124907136095e-05
3.524696568890703114e-03
9.700293805499901612e-03
1.382962986952501392e-04
7.365635632952113229e-06
5.564273221776461784e-05
2.626645936135611672e-03
6.269611498926193349e-03
2.298262269157597387e-03
2.174983532237419626e-03
1.728201215357435074e-04
6.870323442012266955e-06
4.859474738922720706e-06
1.046544714955572183e-05
1.383558092094287427e-05
1.443515549615060818e-05
2.155920307845052129e-05
2.325873881533473689e-05
1.595385066874070409e-04
6.855582408841757146e-03
7.506542645745701431e-03
1.139892529581767533e-04
5.025211009499286315e-06
1.270756136598394611e-05
8.293985617548751098e-04
2.854586554295474206e-03
1.563688682702185726e-04
9.748780276547683809e-05
6.654705467753284473e-05
1.545567685203108483e-05
1.472102229914993315e-05
2.171006043456235717e-05
2.204867671439735113e-05
2.156795144981525435e-05
3.004841082782833443e-05
