8.639765127170080064e-06
3.716260470518073584e-06
4.811935416706620483e-06
8.188051437968490193e-06
5.761540264725379712e-06
4.165546904028348572e-06
4.406390103226423827e-06
5.665921188578102981e-06
6.783915769263863778e-06
6.977998053291973495e-06
7.035079704820227590e-06
6.916749469805040415e-06
7.063709459841751197e-06
7.384749019014385839e-06
7.358799941142095979e-06
6.995562975336873091e-06
7.158929536217264553e-06
1.046553910037284692e-05
2.497215855327461683e-06
1.421103634083423097e-06
1.419576704423917075e-05
7.506520491061075082e-05
1.793687423867203434e-05
4.253016618763920079e-06
2.109940274229425326e-06
3.469826553542104347e-06
5.076609265808403866e-06
3.388622691817048285e-06
2.783268302938212757e-06
2.641209430321387509e-06
2.906118569366545808e-06
3.840398654494240435e-06
4.624595234447048764e-06
4.543631960400929386e-06
4.573752047245162203e-06
7.153317221276420180e-06
2.289132332053589445e-06
5.302454304828088942e-06
2.018405512085596500e-04
6.069319756661648371e-04
9.851003417476808109e-05
5.211921141127172884e-05
1.867332742566402753e-05
3.025152053659344560e-05
1.889634440386291826e-05
2.791031342178296647e-06
2.702985562679295999e-06
4.432788063032331822e-06
3.172798423396816968e-06
2.880326992461914017e-06
4.030990571203706156e-06
4.535368352290043765e-06
4.543187053345004477e-06
6.960133948643642949e-06
1.853278484246842839e-05
1.652599882468728826e-04
1.874544811725670961e-03
1.445294456504378966e-03
5.687943199717011150e-04
1.231736872108132007e-03
7.114912303440169405e-04
6.738250155104890185e-04
7.245121883265187048e-05
2.734932667216784404e-06
1.197254854384224610e-05
1.264783337712978902e-04
2.524967630909590635e-05
3.399049315978940796e-06
3.308340690573577841e-06
4.473979313777215926e-06
4.824780086782053585e-06
7.340429218647265264e-06
4.809899786327234412e-05
6.620295545091822373e-04
2.659888631183886850e-03
3.836497828383028316e-03
7.363361953140893160e-03
8.514234045016269223e-03
2.812669696498745243e-03
1.079385814346460470e-03
1.492378384116084034e-04
5.712703187030381565e-06
2.134634038779053346e-05
5.845813250412700826e-04
6.254450518470205727e-05
2.364930680093330239e-06
1.930827876159911042e-06
3.249499579659936745e-06
4.246998586411280988e-06
7.395116252696274441e-06
7.510510050607615862e-06
2.749136760107783904e-04
2.182130811990470529e-03
2.500303400658480078e-03
1.014683243741289556e-02
7.043081295088091630e-03
3.541291033779887104e-03
2.748614292732580282e-03
2.799026922137925946e-03
2.567524225686266940e-04
9.207466995582058342e-05
5.104213659000634467e-04
4.124178701921401392e-05
2.202350301168397672e-06
2.746356722059807730e-06
3.198490736179793138e-06
3.091253756945214140e-06
6.525404454303865112e-06
1.763830265637813209e-06
9.113874230027683586e-05
2.288283027589910288e-03
2.967118171552358616e-03
5.811046837353356191e-03
1.052545259892734720e-03
1.430542966120092489e-03
3.152388550779826586e-03
4.535229349528618718e-03
2.830263034899890232e-03
1.274175020070748236e-03
1.324329980096097337e-03
5.754900713376881650e-05
1.504153362551125999e-05
6.916058414138903611e-05
1.802963743231249965e-05
3.064510876611060697e-06
5.248978547415913776e-06
1.561468970805947708e-06
2.473766494927707478e-05
8.572627886686209897e-04
1.913752728479386307e-03
3.910469745364375006e-03
1.436543994701055009e-03
2.472515671412205238e-04
4.786245410014246791e-05
1.306293074351758674e-04
1.592959002917098766e-03
2.083804112477752237e-03
7.535852837662420332e-04
3.373612778838696533e-05
4.542779176823978193e-05
7.815356079582443799e-04
9.060023413329184900e-05
4.051402736841880075e-06
4.852848135231983854e-06
2.444203147623697375e-06
4.397086669442605328e-05
3.485135428811248545e-03
3.545299493823832974e-03
2.282422732870613251e-03
1.978568505852732525e-03
5.573453906474882456e-05
3.241355846469910296e-06
3.697235991204319330e-05
2.342498925819992868e-03
5.968633699456931709e-03
3.403291599176661974e-03
2.064449734895373715e-04
2.280342056831809490e-05
4.190158474058536302e-05
1.563340982206963919e-05
3.565045555697504884e-06
5.760361787878235441e-06
2.055664619293648693e-06
4.033547873236860654e-05
6.259921831541958442e-03
1.604302162440671836e-02
6.767891906245058001e-03
1.306892973940713054e-03
5.181481261920124737e-05
1.543771702690000062e-05
5.425168877912551780e-05
7.191857321680278185e-04
3.188316162772387215e-03
6.122512947073444935e-03
2.034339052487077210e-03
2.653475837412786007e-05
1.106066829740515314e-06
8.991821209196416138e-07
2.276613991297951437e-06
7.083769409772537395e-06
3.927121223851287242e-06
1.216720580769848817e-04
1.015056993772855964e-02
1.738500365625231942e-02
1.149629439669081453e-02
7.453639968713721836e-03
1.520926528459441273e-03
4.704020148092641395e-04
3.006228250265083834e-04
5.219964423838346912e-04
1.755322022876121052e-03
3.493734529814183053e-03
3.833932967032997480e-03
3.941543609466970858e-04
4.340007216332218050e-06
5.052633159302531607e-07
1.334588424994562835e-06
6.180603211450002833e-06
1.249135927695229927e-05
9.827903317744805974e-04
5.693832843608669092e-02
5.850520912561250897e-02
2.210135141881726384e-02
1.436203103610468081e-02
4.786727331703191993e-03
9.817283746938526220e-04
5.485248076037922129e-04
4.979358406435285518e-04
1.822318429220416876e-03
3.809699132658396145e-03
3.201881736175900359e-03
4.630069234672671598e-03
1.857890146630987850e-04
3.409403781949952507e-06
1.532007575477444900e-06
4.211682218493286925e-06
3.350987390003612400e-05
3.488432530129328100e-03
1.049757021400309770e-01
8.405136354511873187e-02
3.551087364412455066e-02
2.045389983591340208e-02
5.855938113043073802e-03
1.663221371838522530e-03
1.230906936805915538e-03
2.104335416009509106e-03
6.940582765524064106e-03
1.232666257790162277e-02
9.596347893585410391e-03
5.971414630186069536e-03
9.470835044933157603e-04
1.205560136665261516e-04
1.342077541877915923e-05
4.708466988966906745e-06
3.758699746669391331e-05
1.909276222220564981e-03
5.479683857541209346e-02
4.819425034385973333e-02
1.554510903777600421e-02
9.020279657123139727e-03
1.918298523307240344e-03
1.290492557900910870e-03
1.345342257069176081e-03
2.971579533285758235e-03
4.216341529646342595e-03
4.287914461487411094e-03
6.458178976655551753e-03
8.284623006392349397e-04
2.528784387646487459e-04
7.140566382169986947e-04
8.644879575044448373e-05
6.790207741737128554e-06
7.881203614026118060e-06
1.429915748285965878e-04
1.054592371168009725e-02
2.635398450303674811e-02
6.848946717382411141e-03
2.530814065954982515e-03
9.676397018040266322e-04
1.745974057528077968e-03
1.016017637111820684e-03
1.436416102660091620e-03
2.254154597394915620e-03
2.545773391602084833e-03
2.450819199961896781e-03
6.299807583867469117e-05
1.242242689062699474e-05
5.434274843561464718e-05
1.843483986443496652e-05
5.040901660726374772e-06
2.527880461597345137e-06
2.119839058959184462e-05
1.385423508362708042e-03
5.469789820240211764e-03
1.249743149219479212e-03
2.672194871576568970e-04
5.505117757526447947e-04
9.805508902162377027e-04
2.486868156852616008e-04
8.204073454229191030e-04
2.025925503370730983e-03
5.223124312093810860e-03
7.196628079708402258e-03
1.912562622653689271e-04
4.416470468902830061e-05
2.385303045242798042e-05
3.534801755223397880e-06
3.578547977201466779e-06
4.010529007463356514e-06
3.115931439777488141e-05
8.141882383727875238e-04
3.446577144394022494e-03
1.819754100509384269e-03
1.979658077343075871e-04
2.812137946442202639e-04
2.048349874640414275e-04
5.951777869713796614e-05
1.017365127172057933e-03
2.491659044599808890e-03
1.668271162394649411e-03
1.025637009105759365e-03
2.529120376866911095e-04
6.358601843028305117e-04
1.057562585134403722e-04
3.919922030611075002e-06
4.090955322969972809e-06
6.240662301685610240e-06
5.278619059458624838e-05
1.037472948091129913e-03
1.571178657597670225e-03
6.130355012924091143e-04
2.436378301608607612e-04
6.753830498438314223e-04
7.473834317391717672e-04
2.196933262849818335e-04
2.073325118749680656e-03
4.140460974326713381e-03
5.579599266891820033e-04
5.113232978091466433e-05
2.145840948523883177e-05
7.136299536606987984e-05
2.077172959731213270e-05
3.124310025008861805e-06
5.184156569442078945e-06
4.915174642542057984e-06
8.727428370227496818e-06
5.146026957021324354e-05
1.348463785289392210e-04
2.280447345069711962e-04
3.110542818647019959e-04
7.854190937848125808e-04
2.123332095161609839e-03
1.302400624848048302e-03
3.034887748443980404e-03
2.861543879404936704e-03
2.059529096175380261e-04
4.491914723014737309e-05
5.950425384809543514e-05
2.114329017971061037e-05
3.019221758417395156e-06
2.236001837692632027e-06
6.296018175082601717e-06
4.963961918483371591e-06
1.936410677256190495e-06
3.131114473104906576e-06
6.340840986343889687e-05
1.774686799859576938e-03
2.873936335469123079e-03
1.815726553941146354e-03
1.934671644222604086e-03
1.045815365987710476e-03
2.732436424748417732e-04
4.705652817641535588e-05
1.016013028845578600e-05
6.241697461553708545e-05
7.589296194662119256e-04
7.443482071389093059e-05
3.287315530263698789e-06
2.675687703051416626e-06
7.087786086562095998e-06
6.698207263209103921e-06
2.403697080809585150e-06
2.368401923425723782e-06
3.589701338477012469e-05
1.128732675653517639e-03
3.115399452097075521e-03
1.948398032373696229e-03
8.161758967582966734e-04
6.228959700227137833e-04
1.733923143723529070e-04
8.308856299005866713e-06
1.557709243892902214e-06
1.079042825053718135e-05
8.678214001070503941e-05
1.988546536480068728e-05
3.181171970356193338e-06
3.393024956547859490e-06
7.362453523460137402e-06
7.574048400214041046e-06
3.809369984472666691e-06
2.884170130976884494e-06
6.026858705400064961e-06
2.023227339291451719e-05
5.228296533833199467e-05
2.332204248296197182e-04
4.429178268407867308e-04
4.865373876995294296e-04
6.845166972508074689e-04
6.019883534031738009e-05
3.138559445859757566e-06
2.390805491866937117e-06
4.095646923776854017e-06
3.285679607275136182e-06
2.923420616404001330e-06
4.090001988145146535e-06
7.396876761310502951e-06
7.222894623011514137e-06
4.418849265557160730e-06
3.571276155663989990e-06
2.862160469051638472e-06
1.885422966786954876e-06
2.028407194984902782e-06
1.440315829017161704e-05
5.119624178221518246e-05
2.918353022915689469e-05
5.052183480799319297e-05
2.577832570458948858e-05
4.295323639591792350e-06
2.605703451755382941e-06
2.893543766713808281e-06
3.231437500318224528e-06
3.787597637202072163e-06
4.474837471636363993e-06
7.117032942601960973e-06
7.232392941355489676e-06
4.687348574903238894e-06
4.474405463641930598e-06
4.046779943229102648e-06
2.730868990218264651e-06
2.025630957995708079e-06
3.660592565703627912e-06
4.919734996770129118e-06
2.646430419224553621e-06
3.343854170056138228e-06
4.379046864233055696e-06
3.701119231564984112e-06
4.016624781565054629e-06
4.477371159490451339e-06
4.602194856090470462e-06
4.543827499415850327e-06
4.673455500922608783e-06
7.214190907770212614e-06
1.043620876269798177e-05
7.220773408200336487e-06
7.174250675407767566e-06
7.568005461710858440e-06
7.239048572611006444e-06
6.415030890001736865e-06
6.246974452121546412e-06
5.732909530605893087e-06
4.652536784310362563e-06
4.966652812143665845e-06
5.936562640254294587e-06
6.650998551872335380e-06
7.293778677577769637e-06
7.479888519524958535e-06
7.344909105306039852e-06
7.041811728198108563e-06
7.194684811439942960e-06
1.044474543921506876e-05
