4.438040264805184496e-06
3.769502756999736805e-06
3.627921820573373948e-06
3.638347572240479588e-06
3.646715077452986989e-06
3.647047579624800608e-06
3.646466506828245749e-06
3.649143326316948895e-06
3.671526952461097906e-06
3.697982083698421350e-06
3.556919523827482130e-06
3.101875946010759957e-06
2.652234503598273455e-06
2.500223253338042563e-06
2.643551267272545471e-06
3.083470013379452718e-06
3.678780364315611849e-06
4.507966792405454028e-06
3.768144087628862586e-06
3.063627892609126956e-06
2.924914557611501795e-06
2.939514230271668170e-06
2.948095734421788710e-06
2.946686975121590272e-06
2.945305555765109532e-06
2.952821236718811936e-06
2.981313042224564346e-06
2.927697701683248502e-06
2.496956564898180148e-06
2.056856045011771915e-06
2.643529574850377984e-06
3.655233357239408300e-06
2.635399175122680307e-06
2.042008990427355116e-06
2.601514188299926960e-06
3.757595654331204218e-06
3.628060202790091887e-06
2.932086109060682883e-06
2.808169837856451765e-06
2.832002915130062585e-06
2.841713714001834911e-06
2.836792737237540975e-06
2.832667568056417144e-06
2.843923842811209255e-06
2.868662236323249343e-06
2.682390352605000145e-06
2.039084045833160799e-06
2.511256341060190496e-06
1.845403173528770689e-05
9.361647109737159531e-05
1.843205603003409313e-05
2.493397278460446050e-06
2.120427948468786371e-06
3.458547337345384128e-06
3.664562594054640904e-06
2.987469118625426873e-06
2.872072950154501691e-06
2.888976001864906902e-06
2.900523466694848452e-06
2.916856147200987611e-06
2.922373756101964399e-06
2.914720681178317136e-06
2.910809242387379514e-06
2.648544051084362313e-06
1.948756208988022690e-06
3.496478232541358369e-06
9.366230400734249189e-05
1.197870407306843819e-03
9.358235179859254889e-05
3.458710563647945804e-06
2.008801787321346895e-06
3.379774704629458935e-06
3.731027206262324146e-06
2.985181824404373475e-06
2.688608555574850965e-06
2.504001788113921064e-06
2.478596780109257131e-06
2.643187032782355126e-06
2.776335682290586985e-06
2.708225934808130014e-06
2.622437360561275028e-06
2.514792034263557003e-06
2.020402270106767803e-06
2.546741819130963874e-06
1.860972115770843409e-05
9.378985319306030240e-05
1.847703920504574412e-05
2.506191032878740258e-06
2.133201495764712132e-06
3.473966832869179968e-06
3.614559573221762412e-06
2.478611808359416334e-06
1.788010076237938535e-06
1.454599819691848776e-06
1.395017533643824613e-06
1.507470597064653740e-06
1.709020005836620694e-06
1.820251088779197877e-06
1.845600590168170112e-06
1.949360374609304641e-06
1.994423457696039353e-06
1.915070264687374238e-06
2.566067055915132185e-06
3.522613269482297717e-06
2.526880275306645433e-06
1.956380705125636813e-06
2.493464595942970368e-06
3.627849364946958846e-06
3.002966514526269786e-06
1.634331087018587685e-06
1.409377542308558501e-06
2.367869372223381314e-06
2.650622659696319751e-06
1.189885862303970896e-06
8.503917020610715123e-07
1.906191327361750031e-06
3.743109568680223129e-06
2.617627854273223784e-06
1.843224309529649885e-06
2.008903108732919180e-06
2.068159649266017482e-06
1.988534441594618395e-06
2.076499039300632693e-06
2.403546083670278696e-06
2.878610203345393475e-06
3.698904568675632775e-06
2.493825130546608625e-06
1.908631031278191289e-06
6.981102352867974162e-06
8.438313540020073058e-05
1.491600965122200247e-04
1.148493155106158240e-05
1.993411530429920412e-06
1.598910798060797789e-05
1.237973954911128483e-04
1.818061752489402854e-05
1.856625141689064452e-06
1.623673044838610539e-06
2.310402815295287633e-06
2.468614160645175338e-06
2.568436722509188625e-06
2.773857101441292681e-06
3.017568568641970964e-06
3.704594758809843446e-06
2.678301720857339366e-06
8.394080655913315441e-06
1.346251683796001724e-04
1.466992393563144176e-03
2.538008611875769687e-03
2.962091548376023981e-04
2.114772360137729594e-05
9.024495299541905493e-05
1.070705411176927930e-03
8.290118797616891663e-05
2.013027345691683741e-06
9.801344763023294184e-07
1.591505107217808938e-06
1.966754688564618945e-06
2.101393471305172885e-06
2.410425996771888525e-06
2.880834609787701769e-06
3.700005461657083217e-06
1.433910670213453469e-06
2.747893350388578440e-05
1.417692196370105850e-03
3.390878927836247884e-03
3.013241453047432739e-03
8.642800888256645282e-04
5.585349328711636339e-05
2.453433316418406228e-05
1.958675279232185279e-04
2.240547351267114097e-04
9.751784668143808653e-06
1.274238229470215824e-06
1.862003710795243059e-06
3.472224713763530053e-06
2.572189592604402115e-06
1.963012930923666335e-06
2.496421121497399557e-06
3.629812815803556827e-06
3.507613092733613376e-07
3.149276809680333339e-05
6.579190190997934867e-03
1.496404069714961371e-02
6.858351670563709972e-03
5.230059746471294943e-04
9.622321958105180403e-05
2.901712463302718581e-05
9.699751983561634536e-05
1.074461832181925446e-03
9.009917366560696609e-05
4.134937514049767767e-06
1.543533332219817840e-05
9.330097972241679178e-05
1.862362400287824305e-05
2.503184223719111561e-06
2.137085631276804346e-06
3.477777769120623538e-06
1.165010296831351128e-06
5.446117757054930782e-04
6.736153500944007388e-02
2.232213571587862364e-02
6.711727475365404823e-03
8.792145209328386564e-04
7.569446604026942903e-04
1.216060704534284383e-04
2.342864336129599364e-05
9.290143028268510309e-05
2.437919991485041577e-05
4.910770202940223265e-06
8.457387284382936383e-05
1.203301474461620103e-03
9.276824934485870171e-05
3.443756580120224895e-06
2.019809646352868597e-06
3.392937535880205773e-06
8.438925053664917406e-06
7.848040212845469252e-03
5.767571243182443297e-01
6.012536422928473068e-02
1.891595472892473873e-02
6.458271032030084118e-03
1.848688906915820678e-03
6.267667359772980762e-05
1.940769694428428929e-06
1.718386795702143718e-06
1.879218287334508235e-06
2.059921103615890748e-06
1.739232901419502077e-05
9.468672803394108373e-05
1.823799706122448231e-05
2.493402599706295807e-06
2.140198519197529871e-06
3.480241671163815551e-06
1.601008791121200061e-06
4.071577109798178848e-04
7.308000216964641305e-02
2.781962132839202115e-02
1.056193053261962438e-02
5.195845131212769967e-03
1.359387717497771578e-03
2.146086266960035795e-04
8.433593615340966601e-06
1.228088631290312381e-06
1.180145368974053342e-06
1.574129954877597198e-06
2.510517967237415706e-06
3.529969742377855271e-06
2.502649687276609947e-06
1.950900620720858871e-06
2.498696848150842065e-06
3.632944528344603217e-06
5.270887936174857539e-07
4.180372355200163135e-05
9.388963045571307314e-03
1.047308140602126562e-02
4.582986974135954024e-03
1.267736576594286416e-03
4.749883713160716128e-04
1.026003346607547292e-03
1.038023977291433684e-04
3.784262998893453478e-06
1.787125217958563155e-06
2.156690958967165571e-06
2.088359534098402515e-06
1.953490432748302823e-06
2.043439713853044079e-06
2.380326817470351971e-06
2.867080914837491599e-06
3.697245781439905176e-06
1.376191093330173480e-06
5.674801609241249723e-05
8.415875582662966231e-03
1.323730468993769040e-02
1.618607533419126132e-03
1.057136178520602811e-04
3.106036906972263630e-05
7.604852724476347456e-05
2.264346985810973211e-05
2.916419663348789540e-06
2.104134409426747998e-06
2.682592862570383193e-06
2.743168335244094422e-06
2.641416816094703619e-06
2.690228278195914879e-06
2.799976107623229607e-06
2.987772797918249261e-06
3.679283852985219542e-06
2.238963236179085759e-06
2.828200946979473116e-05
1.388646036681173181e-03
1.425732700962952263e-03
7.942027340253317920e-05
3.297010030091215908e-05
7.511100438602724661e-05
2.607721122360517340e-05
3.042723017060672186e-06
1.555484741494723352e-06
2.241196772960969858e-06
2.858208064433521667e-06
2.926361744056511266e-06
2.890024001101493601e-06
2.876805120104836920e-06
2.856375678504018436e-06
2.971750458572050198e-06
3.655897786554841973e-06
2.663215773451511032e-06
1.601739317529353045e-05
3.042188636564001195e-04
1.872865318898958651e-04
1.396602435323361203e-05
7.092977836984320052e-05
1.158773681377769189e-03
9.849958690552268275e-05
2.867375091137013321e-06
1.579671863560169773e-06
2.473818183918937924e-06
2.902934370453909854e-06
2.892100383216686304e-06
2.865099580589321543e-06
2.851781494282930130e-06
2.830022192870475474e-06
2.954662412841102317e-06
3.649405313768829629e-06
3.671130859487193993e-06
2.936199000143764233e-05
1.250658479023174403e-03
1.550283792882140759e-03
4.145579155755373780e-05
2.192544189569730145e-05
1.012682272003854653e-04
2.115060439769729462e-05
2.429347951502961134e-06
1.952813623340265564e-06
2.687441342577646963e-06
2.902200699091151362e-06
2.865999031275966451e-06
2.848478328770593382e-06
2.838990442662068587e-06
2.822141746472236616e-06
2.952720952489220712e-06
3.650561092376055666e-06
2.559591178367254425e-06
7.432649698119443785e-06
2.587951039416585349e-04
1.406426677146491123e-03
6.003292591750383962e-05
3.463786025960142977e-06
2.769061112152264183e-06
2.381492487818748341e-06
1.923903364310342538e-06
2.382138722674317521e-06
2.833867407389055912e-06
2.887299633042328055e-06
2.856792690897099652e-06
2.850203743395285677e-06
2.842073377480609200e-06
2.825337378255934536e-06
2.956532455704070809e-06
3.654333712973109353e-06
1.911673096584512528e-06
1.228121788952014835e-06
5.522718638594438967e-06
3.050457634053827701e-05
1.102787835394080420e-05
2.038752263068375059e-06
1.496093004759546504e-06
1.899638670250913898e-06
2.377913412535839480e-06
2.767597795170639157e-06
2.890059438874054680e-06
2.870935518316677877e-06
2.854989595394832798e-06
2.855040494182029411e-06
2.846988511788460993e-06
2.829149120911682349e-06
2.959078102360765886e-06
3.656065848048544114e-06
2.704657032543942225e-06
1.422132548332868935e-06
1.616736624110306340e-06
3.062263812217027957e-06
3.066174473611140213e-06
2.290466811650668179e-06
2.338444589331217190e-06
2.646406664706051315e-06
2.831983724083914695e-06
2.884539142536782968e-06
2.868806706292251712e-06
2.850288351485302698e-06
2.846620326600156539e-06
2.848158487424982660e-06
2.839047652041029754e-06
2.820152011519274607e-06
2.948932462290005937e-06
3.645754978260755120e-06
3.578648287918516877e-06
2.534964658244071477e-06
2.257697924581351415e-06
2.428204528135415805e-06
2.569020843079254542e-06
2.662910491649065249e-06
2.807492994723086203e-06
2.878258769902696433e-06
2.870772502816493697e-06
2.846823270346355505e-06
2.831990702523001865e-06
2.828145209986744323e-06
2.829295686041112840e-06
2.830311580433358472e-06
2.820326433483934468e-06
2.801717689198427531e-06
2.932596255827200262e-06
3.632710983552021213e-06
3.861799838293722722e-06
3.117663968029049816e-06
2.917430719757493048e-06
2.898976077274313783e-06
2.919370633457170828e-06
2.958913119347573619e-06
2.986677541674823401e-06
2.982593812769760711e-06
2.967300983637459864e-06
2.958155728371430540e-06
2.956100914787073696e-06
2.956995061531563149e-06
2.958611619528217202e-06
2.959541474277270826e-06
2.949587745218783538e-06
2.933225135591641869e-06
3.070678614387389479e-06
3.773648715712496126e-06
4.466853411149070220e-06
3.810956570561143471e-06
3.672000287582939973e-06
3.674335398963124312e-06
3.674236756873868476e-06
3.670025242517706002e-06
3.665222207970002920e-06
3.659293694633138122e-06
3.654895739803400420e-06
3.653136606755188560e-06
3.653162254082056423e-06
3.653671498558358620e-06
3.654869727226306795e-06
3.656081200092639164e-06
3.647010361891734030e-06
3.633935625290789805e-06
3.774161324490447006e-06
4.441832731978932724e-06
