8.600874907994795289e-05
2.419466004840008060e-03
5.194276939385459452e-03
4.451850216943271758e-03
4.490593797227524636e-03
6.769506714261402198e-04
7.265337601331899172e-04
2.042945066476346729e-04
6.072752772485863417e-05
5.854317113692381053e-05
9.575514983755899703e-06
3.956977297195208585e-06
8.174324602172608283e-06
1.310380102562052154e-05
1.331743685186711072e-05
1.197522291307165955e-05
1.174509188450341052e-05
1.901601103083175429e-05
6.218762631983773012e-06
2.338037885228123230e-04
5.146421354331786116e-03
1.182368595116158657e-03
8.648810400707236646e-05
2.262798803433295385e-05
3.450590403240319325e-05
9.082690721303909485e-05
1.298351062842776227e-03
1.101679428139139532e-03
8.746449704325253568e-06
8.454757604179252583e-07
1.933744493245766764e-06
4.535515218687315530e-06
6.931706340736505075e-06
7.365119994397740740e-06
6.997522724379431138e-06
1.181643079513150786e-05
2.641314745560633783e-06
3.328135966680007468e-05
1.066976144992607192e-03
2.525087602085768364e-04
6.426421288938898556e-05
1.381101240637744895e-04
3.415200456691273981e-05
2.693526257724470225e-05
9.641477880090855521e-04
5.282067070334278865e-03
5.470183656467378494e-04
4.678136499453834846e-05
7.604849180023970725e-06
2.741202934689020603e-06
3.827861693320831596e-06
6.507049914900278421e-06
7.325466394779776266e-06
1.203778530242479170e-05
3.082958515226117489e-06
1.574765307509979758e-05
3.082551888130022431e-04
6.987041816708671220e-04
3.414427148929589841e-03
2.780714568265243991e-03
1.488137296088237966e-04
1.418180097196731625e-04
6.697642088328956307e-04
2.501086225559015930e-03
8.444853889621186174e-03
3.638177991247722610e-03
1.768428535674909652e-04
4.439848767906674883e-06
1.336857574760870753e-06
3.442458890304455643e-06
6.662904686533804860e-06
1.250872947091957851e-05
3.158128783756476022e-06
3.708722768258995744e-05
8.774561777583146692e-04
2.412633526967083650e-03
7.657190295991690709e-03
1.524689834196834735e-03
3.557225775410318650e-04
3.230151676498609851e-03
3.214621792267646858e-03
4.182703402892442570e-04
5.867378385745309309e-04
1.697049200801813715e-03
2.472558959481838299e-03
5.216405395222013016e-05
1.991901052377271380e-06
3.090315658141692227e-06
6.104139359006907423e-06
1.191133181974873573e-05
1.310508206277716421e-05
3.466189460032539568e-04
3.749268537932689323e-03
2.150940582954054010e-03
2.349755954284091231e-03
1.616188241541952628e-03
5.580891160178436637e-04
2.154379034308027008e-03
3.354719220389323041e-03
8.959061237221271857e-04
2.025265678148377782e-03
1.712984030328200315e-03
5.711193336985304070e-03
1.785851980269693952e-03
9.269052698140810471e-05
2.273551287318957768e-05
9.532400503362034816e-06
1.214990198716745167e-05
7.271455196710839477e-05
7.943471325444895334e-04
1.611639614141768470e-03
1.427901343240926867e-03
2.199639277187175751e-03
7.437185497319847433e-04
1.806714013904032340e-04
1.708059507455847795e-03
7.087704982522744813e-03
4.688947953431333616e-03
5.491599894710421856e-03
3.199773257022750354e-04
5.476004052554261968e-04
5.019628769120459098e-03
7.552833875898506619e-04
2.917205105403122617e-05
6.606387076427517956e-06
1.143006662860520813e-05
2.706669192310802042e-05
1.794350725699824184e-04
1.423560276527345439e-03
2.696656269272524817e-03
1.265344790727280589e-03
4.932646249625423146e-04
6.985550375132529299e-04
2.988664389516213805e-03
4.500571424529490640e-03
1.165467719383417831e-02
4.599084826246852865e-03
4.243490836824660934e-04
6.764137009923108053e-04
6.771160579929332880e-03
8.157349807302362050e-04
8.709981566161725569e-06
2.626241645350088169e-06
1.004062622127349443e-05
5.534507406905968744e-06
2.957047730546941315e-05
2.254986264644064532e-03
3.713234850621921143e-03
3.890248385275974765e-04
7.303932534139757557e-04
1.880317023362400178e-03
1.437552325190408816e-03
2.440819134419446815e-03
1.575950330172630823e-02
5.580279619800032100e-03
4.061013398131280150e-03
9.081420882172640263e-04
3.274153964807509191e-03
4.627870782042082208e-03
3.734653912567536833e-05
3.055334389584876160e-06
9.818598202303610004e-06
2.999000506418726009e-06
5.223406097839726681e-06
4.894780803915974639e-04
2.453831984849275116e-03
1.521555141898461904e-03
2.920246924614277977e-03
8.840761750818448795e-04
1.375340551859778647e-03
2.818683281038422347e-03
4.629901898907427295e-03
2.456032973441144018e-03
6.274619362658537258e-03
4.380714967866650828e-04
4.572257762083364440e-04
2.981744325366795720e-03
5.312726231945868419e-05
2.450763952359442242e-06
7.558394379567044052e-06
2.411531495097000644e-06
7.722460051784843152e-06
1.067463545966653229e-03
3.800082478639916963e-03
1.801924645785762859e-03
1.920664054041263747e-03
1.113287725197881911e-03
4.742307662886510733e-03
1.328352786165472874e-03
6.502871282905520536e-04
1.053569520457153146e-03
3.713307599138742417e-03
9.100648876138549542e-04
8.238201100264092719e-04
4.934755468469772394e-03
1.518416492389948122e-04
2.982538777021564805e-06
4.625120573330778192e-06
3.026988728094667122e-06
9.247729844153959079e-05
2.137803886409549506e-02
1.680886066747003943e-02
2.832684451772762672e-03
1.853391671074064830e-03
7.125496055497958919e-04
6.832670231508741103e-04
8.264057959716945888e-04
6.207198738962766771e-04
1.089606702867742594e-04
2.259280168005716718e-04
4.349150721098293034e-04
5.880774638308568615e-04
8.005392525600741813e-03
1.161449517909109858e-03
1.081095472508484253e-05
3.594532393939233052e-06
1.190539998051386768e-05
1.539373611653600728e-03
1.376200141339500860e-01
4.054761828183855304e-02
9.842758271306577961e-03
7.344393342246440665e-03
1.726152140303821407e-03
1.826180240069754225e-04
1.228862058231029210e-03
3.259635913456975734e-03
1.578493498764269292e-04
1.290001986523725379e-03
8.636109209635155909e-03
1.230439512476778300e-03
4.750451272473668780e-03
4.193154161775314651e-03
2.038229112316055941e-04
2.039112236390154144e-05
2.601965961697386780e-05
2.415824412957033162e-03
5.738945034259219924e-02
1.247616837902157209e-02
2.965668353303943256e-03
2.457132542036313729e-03
2.869924035010870331e-03
1.446402946005330935e-04
8.955831627995587804e-05
1.970237023964875448e-04
7.776827462895100063e-05
2.716473344344399847e-03
4.982614244984425768e-03
4.062633266786626601e-04
3.182656395681393753e-03
3.731254020515277665e-03
8.032648297981057018e-04
1.173225996131475581e-04
7.897964768834292421e-06
2.466977531903931787e-04
5.693183557713082411e-03
3.675753684438978069e-03
4.398996667205424226e-03
2.457026031419804000e-03
2.844270393411066182e-04
1.253694582195190354e-05
1.975343844995798291e-05
1.044013548989671805e-04
5.428781927173342533e-05
9.836005865414764685e-04
6.236669719809323064e-04
1.704427038358157800e-04
6.489846226401586350e-03
9.612127923856159150e-04
3.945680825925522981e-05
2.525176236858335844e-05
3.002031191805336455e-06
3.685528620204887537e-05
1.771328913413546804e-03
2.160497264348910321e-03
3.224278961867705403e-03
3.567568185351983022e-03
3.311075018791808191e-04
3.200584619852438065e-05
1.294492828711862594e-04
1.742324240254346538e-03
5.537329765939838803e-04
5.398119134310125355e-03
3.038289287035088847e-03
2.852450520687407009e-04
5.943098543176487253e-03
8.392852505902528111e-04
1.113093612925741638e-05
8.089114660435680297e-06
3.762028320500431266e-06
3.504299224173021426e-05
2.135403781780410067e-03
1.557268234690652436e-03
9.289641839368890540e-04
3.260905790458042477e-03
3.404973940110184519e-03
1.033637403051949032e-03
4.175235596706206053e-04
2.987042786948723716e-03
2.501495385825331166e-03
6.493911576019988433e-03
1.462886114857635603e-03
5.773324588028619754e-04
4.400191951329380201e-03
2.658470426791460697e-04
7.190038025173413012e-06
8.574023875266824574e-06
4.078773172817022047e-06
4.930657064193064566e-05
1.822761588806864593e-03
9.142423391445198737e-04
9.546958382603750468e-04
2.309580227399923857e-03
1.655564116836614813e-03
1.461443062228923824e-03
9.187324385153315892e-04
6.553700903943344633e-03
8.757639242427946863e-03
4.705540126162044597e-03
6.422083635481169728e-04
4.372417153486686872e-03
3.245094796843174794e-03
1.107586371060407339e-05
1.376144801790181828e-06
7.535460995645307143e-06
6.142248471647792586e-06
7.853935243714336783e-05
5.610400823079835170e-04
3.594171765791688263e-04
1.914310233977946189e-03
3.746265138276026405e-03
3.252190949075196760e-03
3.229500837491341200e-03
2.523186269266207166e-03
1.331798411139624438e-02
9.813984578922959473e-03
1.685938634894744957e-03
5.792033156222626232e-04
9.089542408392997305e-03
1.214936368434318872e-03
3.961365040793514986e-06
1.613421359125428173e-06
9.958982455628353025e-06
2.957144407161520574e-05
2.098005097916174526e-04
2.139869503629550742e-04
4.674297019531538605e-04
6.615270576224071414e-03
3.529450651563374817e-03
2.557099352374267096e-03
3.249075891642875993e-03
4.307574673551401064e-03
1.155719175032145912e-02
2.357836034949753901e-03
3.190830102340303735e-04
1.516101180137751237e-03
5.049449014294527492e-03
1.152829166959614473e-04
3.590799047438849070e-06
3.980752391356891249e-06
1.323961538813658551e-05
5.564829117522587099e-05
6.912082742017334894e-04
1.458622887140938098e-03
3.543059540836422400e-03
4.810407325917144018e-03
5.088135961494131415e-04
3.299866358733437744e-04
7.754101091060986448e-04
2.344840119443442061e-03
1.569920907105122609e-03
8.995136268565100644e-04
2.318182068144498519e-03
9.438992194080677092e-03
3.520084156550270615e-04
2.864087093990744272e-06
1.569666383516438219e-06
5.257009281230331043e-06
1.345880551583473783e-05
2.141759992443031209e-05
6.846259365459780432e-04
5.048923111328930749e-03
3.001553170768582555e-03
1.526455757230387898e-03
1.668024030323854044e-03
2.715208970333028542e-03
1.512331670072739487e-03
1.662295883148378478e-03
9.246430565124914673e-04
2.665891900453117979e-03
8.297250231998849757e-03
5.569515537021106112e-04
2.654260062128976343e-06
3.068885699506087325e-07
1.648218926854030068e-06
6.558526042430777446e-06
1.314894719855734251e-05
2.651398699361786935e-05
7.827006362300716622e-04
3.782203252675297826e-03
1.384228793874387169e-03
9.420053457523994665e-04
1.013516854074572463e-03
5.978048606581523421e-04
2.699832883340894671e-04
7.022261322339440857e-04
1.794218859478174596e-03
1.247781210402412180e-03
4.994143338493538687e-04
7.505687190235933379e-05
3.027290694219382090e-06
1.014895425459177662e-06
3.474672636711835270e-06
7.330086396769075122e-06
1.230254543208362333e-05
2.408052129362977338e-05
3.466986926166803649e-04
1.520275348892543947e-03
1.277005670447743657e-03
2.800455908841693723e-04
7.755778705073344066e-05
1.658112441610592384e-04
5.762433567669293048e-04
1.260225366493840067e-03
3.226033555593278853e-04
2.443109794803347340e-05
6.079555790327683637e-05
7.445287487977052081e-04
1.047158647045218287e-04
6.345683245618401147e-06
5.161731708235993855e-06
7.187035033426932870e-06
1.208494306341235697e-05
1.010178978041828844e-04
2.317032597099101185e-03
1.453279862231093844e-02
1.437582692997047516e-02
1.141013665437624241e-03
2.761174291773787885e-04
7.170705442617617345e-04
8.140092139894347656e-04
9.138096278662444748e-04
7.974967488764427600e-05
3.705138742983531922e-06
1.425372252796297872e-05
1.656735103109352166e-04
4.640123077230680712e-05
7.752249717469688990e-06
8.454984258495891003e-06
1.204355847030312905e-05
1.940441150447717040e-05
