9.565551263524336078e-04
4.701866093517460127e-03
1.296722337507417132e-02
1.689237430642508489e-02
5.701198887823034911e-03
4.921668027001037393e-03
7.475494691169763846e-03
3.984771317997425066e-03
1.463296366041022143e-03
2.655208315145333813e-04
2.340550981114363890e-05
6.404959465550647972e-06
9.484975444547705161e-06
2.080716961846820607e-05
2.888342743579044096e-05
2.818927262129325057e-05
2.775047020509133463e-05
3.656312311523191244e-05
4.608462779018739942e-03
6.608905514082327910e-03
3.939959702987026052e-02
2.946026182715334035e-02
7.283765297758123917e-04
7.319967816725740564e-04
3.159477963513025820e-03
2.504766476751940293e-03
1.537237337910990834e-02
2.231287048800616526e-02
7.916459865308975554e-04
1.850393871269559343e-05
3.350028559163358829e-06
5.334666475189870457e-06
1.373486152704551900e-05
1.953125633347447269e-05
2.039795882799731017e-05
2.778501119878277545e-05
2.286823748131119611e-04
9.300446688395675398e-05
1.176454731564473884e-03
4.016165118812896513e-03
4.308653372205387675e-04
5.816761481630674732e-04
3.178460742522902353e-04
2.745039328229205758e-05
1.013911908363656906e-04
1.239185885925587734e-03
4.177381560751989957e-03
7.749974698989830395e-04
1.340762059031608020e-05
2.117883330758340940e-06
4.818405192299988247e-06
1.281223909955940975e-05
1.904152558800231896e-05
2.771338359810709257e-05
1.819335729728225907e-05
3.240557585125432755e-05
4.463227247063697575e-04
5.668645423634858680e-04
4.364666107461671191e-04
3.723672996235680242e-03
1.015624233587859252e-03
1.237866102465486301e-05
1.317385716225596787e-06
4.836157880864330268e-06
9.228217835876780266e-04
2.768221364947060642e-02
9.916574109929462283e-04
8.891442486266167683e-06
2.125717999675878505e-06
4.826154987219358596e-06
1.360096896065898649e-05
2.768617147840295837e-05
2.342130415357374776e-05
3.514034561191416118e-04
3.896359707785387871e-03
2.929894492616095863e-04
5.805036246562139565e-05
8.278480899555873103e-04
4.093020757142837307e-03
8.165905328455250406e-04
1.323683287794120415e-05
1.949372362742940893e-06
1.120797094880649191e-04
1.722203646330338830e-02
2.244278983093899588e-02
5.000188807387306129e-04
1.115829990604455376e-05
3.916048092221080507e-06
9.197152520704880848e-06
2.517028406076071733e-05
2.215180852400329097e-05
1.165203040459972169e-04
4.183910288310587963e-04
6.860511700973086831e-05
5.299606611448184863e-05
3.838692283752021656e-04
1.808921274361192846e-03
3.679606955778637421e-03
2.051941896654350104e-04
3.213834436407140725e-05
2.206146534295959393e-04
9.758139589901328181e-04
5.774689542395247156e-03
1.639595010644699993e-02
1.281810713472613652e-03
4.062880026947673527e-05
1.310133158782090511e-05
2.383046069156460227e-05
1.495202194539775104e-05
1.045599484890615529e-05
9.797971249631159228e-06
1.534662674241596642e-05
4.013151181328557270e-04
3.541177787006090892e-03
5.722459571979605225e-04
2.030710967955881270e-04
2.212659722330146393e-04
1.395336659605155060e-03
3.532677533923840596e-03
2.137355451954802592e-04
3.259690442512949119e-04
1.845332636965427847e-02
1.473500343707624845e-02
1.798395527186323346e-04
1.429620418354704019e-05
2.086803710399665068e-05
1.721470525941977113e-05
1.325604669857095230e-05
1.099008585012303423e-05
9.531907975287345742e-06
8.699608426186395749e-05
4.360430565795928980e-04
4.776449484777917320e-05
1.453100606171725156e-05
1.784707741060804424e-04
4.114390662886901508e-03
1.277778531167025541e-03
2.835072066572047711e-05
5.184452338294482634e-05
4.539660671441039103e-03
9.076789320501550684e-03
1.351156489973507843e-04
9.560067334498149015e-06
1.731933277129682057e-05
2.415544851016458697e-05
1.166367496148352107e-04
4.130916425918458698e-04
5.842338074847663773e-05
8.629684673688282380e-06
7.826507897458896725e-06
8.151909737479591639e-06
1.458478220136141945e-05
7.987499651793730218e-05
2.022928583945740838e-04
2.650962817882294734e-05
2.925508253908259835e-06
1.024037099148622290e-05
8.958783148571105616e-04
7.830547214353524715e-03
2.492476408015920400e-04
1.155468996991227060e-05
1.690078415748827220e-05
2.287468847437465965e-05
2.252980568118683033e-04
3.314928017039210292e-03
1.064169516980559716e-03
2.934647954692203207e-05
5.391223828516754241e-06
4.029574454342394315e-05
3.743110378537949155e-04
1.146425117068775181e-04
1.249985070496246773e-05
3.292007768202934065e-06
1.744970387041902576e-06
3.621650298983979861e-06
1.339109363600884484e-04
2.374019730538929479e-03
1.928535735022076020e-04
1.112387004372863149e-05
1.640975388491401038e-05
5.526461163427656291e-05
3.935343030021215657e-04
2.949861725548702518e-03
3.534228274491071735e-03
4.082126097089267664e-04
4.296703617568831005e-05
2.797331707106308525e-04
4.142310812928953062e-03
3.303032987881659738e-04
1.241490660057696977e-05
7.269423219377826528e-06
5.076675282024362301e-06
7.260534923451104267e-06
2.253822394130744532e-04
3.476649499156395096e-03
2.787876335801201845e-04
1.491114123513853565e-05
1.830095325287801829e-05
1.492938270553242051e-04
4.431638320970189560e-03
3.323857542164965206e-02
1.403250549934204582e-02
4.574425977738532517e-03
9.040082396788173564e-04
2.686160733017093792e-04
2.602466938375704074e-04
7.661140218766294995e-05
1.109077326095186505e-04
5.296647372495858191e-04
8.652135950321178013e-05
1.403286129177457374e-05
8.818712939196148839e-05
4.845021087194446244e-04
7.731126178688984673e-05
1.145475816093741121e-05
1.753480007634346602e-05
1.686849864048346913e-05
1.256538227452086648e-03
1.167254745294505625e-01
4.001517269474279270e-02
6.718051586726434855e-03
3.780473108466781470e-03
2.164381619887105891e-04
1.143995334745684046e-05
9.650489387430256222e-06
4.161167853414595190e-04
9.468236051604732306e-03
4.648969126512207803e-04
9.529175678331744940e-06
6.701124713678238191e-06
1.772832904357165635e-05
1.799968168028740785e-05
9.568954464200398022e-06
1.363159344436670047e-05
4.413945831412222262e-06
2.026620983571252521e-04
3.492868741591458048e-02
5.819528155474928098e-03
2.080493362803311906e-04
6.469131378121749116e-04
7.300954065925942781e-04
3.143738847378065428e-05
5.562431924234023839e-06
6.214982342336556156e-05
6.352183888794397200e-04
7.097536230351937008e-05
3.915251463973809457e-06
3.661423463122615525e-06
5.905277540691142584e-05
5.851243219738173082e-04
1.107069455936069493e-04
1.809050261373104862e-05
1.241569866491228477e-05
1.755279721055303787e-04
4.501188165356194600e-03
3.879569541405577518e-04
1.382810228537903828e-05
1.932450014970589979e-04
4.041805346763556982e-03
2.803051116192446703e-04
1.104605360231139730e-05
5.003952962072471752e-05
5.028507616132075033e-04
7.839580907745552897e-05
4.526260866061870990e-06
6.299663352018681365e-06
4.363573978817383088e-04
9.109791806693969332e-03
5.011389256749272658e-04
2.163795791481353765e-05
1.636485959822129243e-05
4.206289034480014945e-05
6.623233487454835899e-04
6.902122524134663741e-04
4.256510982986369925e-05
5.729952475363677853e-05
3.823701974902791079e-04
7.158981920060118883e-05
1.385289209327240069e-05
2.401067945443601773e-04
3.735573668356779488e-03
2.824616287769840029e-04
9.042086283629569634e-06
2.544301552119817103e-05
8.799672117430686622e-04
1.058366669310004593e-03
4.266784441940027841e-05
1.090239369963644797e-05
1.481443989713895086e-05
1.406335609065844240e-05
3.020840193472375604e-04
3.454065970313487197e-03
2.555057879348911079e-04
1.258545170999655299e-05
8.557852266938979332e-06
9.227993309028183083e-06
4.229682449577971764e-05
8.230069287717780603e-04
8.604951558246177155e-04
2.724306381483395425e-05
5.029048548640826136e-06
1.413007924104760682e-04
3.492645481374865267e-03
2.502021498401743268e-04
7.705990504144353751e-06
9.247245647048292150e-06
1.866708275294588643e-05
8.735918793930188249e-06
4.131251332123706585e-05
9.216142562113769461e-04
9.249283558530026553e-04
3.502580149674234524e-05
3.930698785289425704e-06
7.988614988897120334e-06
2.822785622250445253e-04
3.881851340258249492e-03
2.466940498654968160e-04
5.348576593461596563e-06
1.361430715309831537e-05
1.386828649464052089e-03
6.523921087028683105e-03
1.541340380868756114e-04
9.134716248268978319e-06
1.554318635742874612e-05
2.402335858711454093e-05
8.230128547438934686e-06
1.074890469205857846e-05
3.193201621030078820e-04
3.721738387349125907e-03
2.484494051049881080e-04
1.234253265217689209e-05
1.455956225129761760e-05
1.163497996526903169e-04
4.182224135680040564e-04
4.214702497452678165e-05
6.045843543975477738e-06
1.954749053091522752e-04
2.107753975184141482e-02
5.485962194876903286e-03
6.035338677194987893e-05
1.085023109327390243e-05
2.219763955471698035e-05
2.787031949651358847e-05
1.102900089036212886e-05
8.147313971000772362e-06
4.758626666002385008e-05
3.190357190663996962e-04
2.021390694859598704e-04
2.156991522873288750e-04
3.698404358367649220e-04
7.697420262746059892e-05
1.616087617077268833e-05
6.110669150384872188e-06
9.038106405199837267e-06
6.479706212242814260e-04
1.238769763555327801e-02
5.529382049341310772e-04
1.475264819826648729e-05
1.013586941848179365e-05
2.512208851431801094e-05
2.354188633761298139e-05
9.667104244242030232e-06
7.644248603229622827e-06
1.232080592353893259e-05
6.295014587277655740e-05
8.477280226145503814e-04
5.349805830520524760e-03
4.273411035388752222e-03
1.752037914697573777e-04
2.453153175438800915e-05
4.196821527634267976e-05
1.870929836538639049e-04
5.408018451525256967e-03
4.996899521700481385e-03
6.859379724712061442e-05
7.145973739858748671e-06
1.137070655711852892e-05
2.690912038249962241e-05
1.259040074275685964e-05
7.026763082648534078e-06
4.971448125781880546e-05
3.244690392356769089e-04
7.603982535593481256e-04
3.204469865514156593e-03
1.322558545511860447e-03
4.219009926472890829e-04
3.081022571381375908e-04
7.424072797121274245e-04
4.643172172295688231e-03
7.436253159601752261e-03
1.012688014507295495e-02
8.344988826388906105e-04
1.911137078875612091e-05
7.840632890057499594e-06
1.505272705980755772e-05
2.807573785351491171e-05
7.789391450265010798e-06
1.195428612163425149e-05
7.661115527821661620e-04
9.264789282472592896e-03
1.077070914827690448e-03
1.111314152871222807e-04
2.336136640773366126e-05
1.740683830850095568e-04
5.281101757726515931e-03
1.164943285662581492e-02
1.677342699635551299e-02
5.389382360848102120e-03
4.726484518650858136e-04
3.007992772972876755e-05
6.747427643800283911e-06
9.767765198063546172e-06
1.756548179718800038e-05
2.754425796500212156e-05
2.000065258998720129e-05
1.916198335305772655e-04
6.177576369702977160e-03
1.149726824107338494e-02
9.348124074976899229e-04
2.493762909756658361e-05
6.140559951491849384e-06
3.435992737995032398e-04
1.012067785888976293e-02
1.085051233794019371e-03
1.852451721747005011e-04
1.119037073296789752e-04
2.614435879923415811e-05
8.481086291742637330e-06
8.989545922830341742e-06
1.508720035428828296e-05
1.984006882251428006e-05
2.804631006667656352e-05
1.340085360687748414e-04
5.943882044117942097e-03
3.313986678729666235e-02
1.410657912765782805e-02
1.483060365006243567e-02
6.606723990281175747e-04
1.945754657847118392e-05
7.947563838101704184e-05
2.881367690927004758e-04
2.468625393445107326e-05
6.563140140701161403e-06
1.334413605622278935e-05
1.762620223953449312e-05
1.852618890759286151e-05
2.356813232763547777e-05
2.732535621518200898e-05
2.848058078152577893e-05
3.693487052360064219e-05
