1.426029132096591251e-04
5.137369984825950961e-03
9.996796921930393640e-03
1.077685068227414965e-02
1.311534340238298436e-02
5.089681365062335809e-03
5.413844537300028376e-03
1.703203689548549312e-04
2.833148697462057456e-05
1.268664311860690289e-04
3.224839354000502050e-05
1.386765598820264440e-05
1.988936678929211733e-05
1.688982822430179398e-05
1.794712742813583237e-05
2.021769677421466350e-05
2.062441493201378780e-05
3.089487698819235904e-05
1.205218443179645495e-04
7.501629704627310602e-03
1.368296392540225594e-02
1.048034508951950841e-02
8.564604621132471812e-03
1.790507841429946111e-03
5.650870436503739082e-03
4.580473279646903994e-04
1.481011026596801110e-04
1.872188318688661072e-03
2.466171342070955512e-04
5.966477538408254645e-05
4.927736687014792465e-05
1.303097486953275794e-05
8.926731522381117616e-06
1.158741214150198995e-05
1.285664778607570462e-05
2.060737748189265519e-05
4.948520928871954512e-05
2.687224428186946613e-03
4.216523679739235184e-03
4.628833557589365037e-04
6.307318524292068003e-04
3.878143124532136901e-04
5.317534811554468005e-04
3.825439127381613643e-04
4.330773420871636913e-04
1.216543569620647490e-02
9.565244268079654485e-03
1.199128985930593937e-03
2.871067443454713530e-04
2.755521783660405048e-05
7.846939700886723862e-06
9.364570638185992860e-06
1.225853512033925697e-05
2.072295603051707000e-05
1.080808389747321978e-05
2.365244792276102867e-04
2.550719852882632477e-03
1.029123959426334230e-03
4.409405292256127207e-03
6.438033530077027534e-03
1.007642714853735017e-03
8.850869419962467287e-04
4.090496339286049557e-04
3.094463139173641783e-03
2.347063099775044404e-02
9.841322496308623977e-03
2.185056139744727399e-03
7.315526327410631902e-05
4.727958467735319139e-06
4.822274562047844047e-06
9.102509853223485139e-06
1.835680210155978464e-05
7.615897630013586709e-06
5.338485813080278797e-05
2.547399561639602551e-03
3.831958143488682633e-03
3.443761478205164747e-03
2.794449488629994604e-03
1.894087777646965458e-04
1.468660077010732314e-04
1.843990524364284302e-04
3.218286908539019406e-04
1.203251418589532410e-03
9.646059110434432662e-03
1.238234685876529913e-02
1.750677332133837756e-04
4.214543483452960530e-06
5.669879320768856115e-06
1.132765746700859057e-05
1.495720905403280531e-05
1.160719596411103478e-05
1.385081881578707294e-05
1.155516123334717209e-04
2.903005814494462170e-04
8.847416569890129753e-04
1.863759725925130326e-03
2.329885495561897254e-04
3.717278996818927064e-04
2.618039231719641261e-03
3.846900697315926675e-03
7.830904819233986064e-04
1.677603349879342462e-03
1.148957326282711716e-02
2.822905888320694466e-03
1.437697926730551769e-04
1.550007167915537108e-04
8.616085356990506653e-05
1.920947447242164389e-05
1.524939459563098538e-05
6.670584270807929709e-06
1.894500535910622761e-05
1.491565407162755532e-04
1.415524344187376118e-03
2.047099847291655814e-03
9.676691840780037024e-04
3.440543456694622557e-03
3.654349173490630594e-03
5.014401462979337955e-03
2.654438813465517018e-03
5.722888588620730476e-04
2.281009638481460051e-03
1.886234278447801449e-02
3.615126707891136090e-03
1.218826683731496878e-03
1.801397206935690363e-04
1.776214811215754197e-05
1.738520200155504371e-05
9.939296985893796192e-06
9.089152257353091014e-05
2.203488916903928625e-03
1.928247450557536496e-03
8.188901505834217506e-05
4.174088427208074017e-05
2.092641982817795257e-04
3.744763265366498624e-05
5.928643196715579225e-05
2.061923704623299172e-03
2.214790235733919699e-03
9.687648805509009630e-04
8.922954275529514437e-03
7.941985903936070457e-03
1.002004188657999078e-03
6.520366628806862849e-05
1.262054786613336482e-05
1.559372953032174341e-05
7.501119177685145956e-06
9.064892459403055974e-05
4.909468916280237613e-03
3.121573215988563289e-03
3.911386878488886141e-05
1.602134474233544550e-05
1.002437253757798368e-04
1.490992600243664660e-05
1.392212443775098502e-05
1.298938573543791369e-03
9.248566381260446556e-03
2.898974830884058947e-03
6.092893946489389735e-03
1.240219227004126130e-02
1.609421504896800569e-03
6.212795515932836344e-05
1.790694549378914522e-05
1.263089726131024167e-05
6.146987939188219353e-06
4.126225997821443819e-05
7.959257127071999588e-04
1.574049519043969371e-03
3.059203366961045891e-04
3.838187070410507243e-04
1.813101110928630770e-03
1.771979557773022780e-04
6.998304847077009235e-05
1.185132973695769611e-03
6.377382387662501942e-03
2.374439657761177446e-03
1.151748169680342658e-03
4.224254348327395776e-03
4.458629054349836566e-04
1.011230302648581014e-05
9.325574817625126981e-06
7.805926667328045218e-06
1.733334967484672390e-05
2.073737704374535888e-04
9.923575106545088308e-04
4.439458175946151171e-03
4.260349014838163764e-03
2.497356078160045765e-03
2.924740186584207612e-03
1.837057014656676601e-04
2.780766079127247221e-05
2.847526270146748684e-04
8.221150602040044539e-03
3.813146947782767096e-03
8.315580186097040923e-04
7.050772138604824955e-03
2.567435286290051851e-04
1.257212844914300081e-06
2.248610980883088570e-06
3.426926923477473006e-06
8.270372564169305250e-05
2.331807958805123815e-03
1.677158417330482879e-03
3.696220886059133244e-03
2.416092578203480213e-03
1.389867900981717327e-03
1.194515241731896162e-03
2.446733674541074995e-04
5.957178311615935189e-05
3.511612396398409650e-04
6.904082104341213375e-03
6.670270057870450464e-04
7.998437507228430541e-05
1.968282655975084599e-03
6.994676548244059110e-04
5.687355379685299616e-06
4.497942329994277217e-06
4.669503065223394284e-06
7.489518531791976253e-04
5.053980274779375226e-02
1.347941783251619362e-02
4.771452163577052756e-03
1.717543845131582966e-03
5.652871783282976959e-03
4.642365499002342778e-03
2.420794102604137410e-03
1.854465694895263096e-03
3.231025065638353042e-03
2.432931515256522067e-03
1.654336783404304438e-04
1.569305997941931570e-04
3.694648137916070954e-03
6.326905607457907615e-03
2.662498860393015311e-04
2.094012014296030148e-04
1.759409997113260029e-05
2.259136073417919444e-03
5.788976250070744511e-02
1.360338366153487910e-02
3.660988980300161361e-03
9.950980191011935330e-04
4.146413574252889866e-03
4.982788384670957561e-03
4.159528370948943447e-03
1.351995009569284317e-03
1.144633000882945345e-03
4.181198295377532665e-04
1.533298463118821012e-04
1.399605886767569043e-03
7.505973400683933067e-03
3.052367674374864819e-03
4.211428553735451614e-04
1.858000335991576851e-03
1.466858854546895460e-05
3.991708329771617085e-04
3.922136239274840938e-03
5.391139339456492083e-03
9.150606413039589007e-03
1.572154592703236837e-03
1.369506857176513298e-03
9.906219733161801631e-04
2.188278100489606751e-03
5.782005557107633897e-04
2.541632502772304849e-04
1.533871118149452426e-04
4.513959226672667918e-05
4.984954835229235808e-04
1.127587982340274089e-02
4.726333428864863857e-03
1.693088623898128401e-04
2.017674013340818476e-04
5.548153321091184854e-06
5.241216126161169522e-05
4.003724633007668589e-04
1.427853824328355770e-03
8.858679770732050610e-03
3.715951886868659130e-03
3.805610058578887036e-03
9.988609096159507730e-04
1.623067797665078910e-03
2.281551204526153110e-03
2.857363753445545888e-03
2.043947842139883387e-03
1.168196003969123838e-04
2.932429431193976643e-04
6.294940413970744574e-03
2.413460250488569641e-03
5.188099748064658122e-05
1.579840508186868006e-05
6.989708487846029369e-06
1.877332490193617308e-04
2.021138319256906950e-03
1.828696736117574112e-03
1.108564708464111412e-02
3.534474199150240258e-03
1.440735412079013119e-03
9.050554325949392411e-04
2.084122953519079930e-04
1.716841477981895041e-04
2.213301807651373715e-03
5.173317902546639181e-03
3.547532719988676802e-04
1.469395896077456670e-03
4.946989066690960640e-03
2.023932423910117337e-04
1.128347529233699904e-05
1.036410731478497049e-05
5.692602314305141141e-06
2.545551861777393000e-04
4.231093519280451111e-03
2.023566519783153664e-03
6.254776292323915160e-03
6.520582619049265219e-04
4.063256554657215997e-04
5.591848082440461533e-03
5.257236452902052434e-04
7.829251950298933473e-05
8.930427434287470899e-04
2.053618378141119222e-03
3.447602455020426309e-04
3.789444089762204065e-03
1.927376645382597366e-03
1.486460525835538809e-05
3.508979032569715579e-06
1.376888225832936222e-05
4.168978470601250517e-06
1.011466570889664598e-04
2.961140685257334509e-03
4.591442674054090588e-03
3.232776245100334699e-03
7.370955940284011241e-05
2.460526609437154228e-05
3.243323151220351124e-04
5.953092036606742916e-04
1.577261638916537673e-03
2.618377390337077188e-03
1.464260541102638605e-03
1.460662452326633338e-03
1.813950847821112558e-02
1.807727349961072132e-03
8.391116417119242498e-06
3.167803085216870978e-06
1.594756864830672438e-05
3.220931628721275899e-05
4.143642027417403532e-04
1.735308076028373560e-03
2.690383756882796205e-03
1.828006394551191707e-03
4.942336227319026477e-05
4.087140398303301763e-06
5.440719088359514721e-06
7.925972882870229981e-05
2.390971508360161240e-03
8.972101993691151403e-04
4.462413834771944963e-04
1.957249004734648752e-03
1.188600923155471931e-02
3.626504160925627003e-03
7.769888111116902594e-05
1.161702804597690501e-05
1.978843674214947570e-05
1.910856506048380339e-04
1.569765403245594777e-03
1.151236107696463652e-03
6.998705835101077513e-04
2.566534794859402888e-04
3.210568425853188015e-05
4.327822695226611789e-05
1.042404068423825013e-04
2.746888707495717132e-04
2.427231785900856292e-03
1.948600029359589614e-03
2.797257805329540943e-03
4.798131020854912165e-03
2.722814498704422860e-03
5.263091902383371058e-04
3.970649314795124244e-05
1.159918118015096220e-05
1.973650321473533202e-05
2.691149170588261135e-05
3.462156326169080005e-04
4.709957372662597688e-03
3.878092513986679691e-03
1.052091523849859521e-04
1.388663174605410923e-05
2.342862741039487395e-04
1.516767195757566435e-03
5.449112352597318626e-04
1.601081185615224221e-03
6.802677548317548513e-03
9.088394929551166582e-03
3.629787180581118839e-03
1.627839675002815427e-03
1.387881950757478052e-04
8.344462926275797194e-06
6.406923681331429009e-06
1.859381943107128930e-05
3.145131158316395941e-06
6.142588898201098609e-05
2.950297922779153165e-03
6.211106725870438067e-04
6.701679374507031877e-06
3.862432507386620498e-06
4.493861893177009576e-05
2.110381662060351895e-04
4.759721608179106537e-04
3.243214039881296955e-03
4.224413218892739651e-03
3.652183457719402129e-04
5.247977901535004063e-05
1.005960490584299229e-04
4.763618221330769096e-05
8.149976264286459111e-06
7.868298978250665013e-06
1.966254922765460332e-05
1.688509316685448547e-05
4.929132570168575462e-04
6.545954071794916895e-03
5.762393682049112053e-04
1.012145570048748040e-05
2.211598382990051650e-05
4.481522016961548692e-05
7.411441036499601467e-05
2.010536820290077884e-03
9.723746151340029176e-03
4.693471206453437086e-04
8.798386334787692455e-06
2.670530238421476277e-06
8.724569212141710298e-06
1.409640826313717979e-05
9.987453851504996888e-06
1.105198092032964791e-05
2.095960279238839256e-05
3.370873589078816793e-04
4.003530971099997227e-03
1.495233450858572503e-02
1.617659021443180675e-02
1.411737974437630560e-03
1.531496981765879777e-03
3.339913345134808880e-04
4.005298464133417454e-05
1.954726759651206306e-04
2.507295013173677090e-04
1.785638243410454616e-05
3.662667462296981205e-06
6.099430395599543295e-06
1.472856439866101490e-05
1.961670510324511538e-05
1.911014442931875323e-05
2.034936229065400403e-05
3.159668690582009354e-05
