3.044543551521126029e-05
1.945394363147461011e-05
1.616990742097192731e-05
1.690920327579686398e-05
1.937047819224594529e-05
2.124524139057246542e-05
2.199724360515072671e-05
2.286866144434866968e-05
2.385352385596930830e-05
2.401658639879504265e-05
2.361480795808407470e-05
2.334668316594106741e-05
2.332158292317515586e-05
2.337973268629249079e-05
2.331438014085537568e-05
2.296107253147727664e-05
2.392859563539740441e-05
3.158139916343782557e-05
1.868357104838498086e-05
1.184272819308681264e-05
1.442060047086015588e-05
1.764498691363727530e-05
1.322001576321349906e-05
9.683053764358051074e-06
9.519207485575891984e-06
1.107833403221442309e-05
1.405787016543760241e-05
1.676404979280093585e-05
1.736433373501376768e-05
1.698603769431739703e-05
1.673250549070316747e-05
1.667852891096322608e-05
1.659054892030683453e-05
1.624954366660700310e-05
1.702287298946502644e-05
2.393335843871241279e-05
1.755810138196087450e-05
3.171900925862374682e-05
2.028656132960170156e-04
2.595739644609481472e-04
3.516157577841508319e-05
1.172014276121305613e-05
1.484931772019839309e-05
1.186718415376168429e-05
9.632634265519122774e-06
1.263593145456671287e-05
1.572955472986981192e-05
1.640227216499930480e-05
1.627422344485607999e-05
1.614824412186547549e-05
1.596364126312951071e-05
1.555961032069158654e-05
1.624956284064536384e-05
2.296471864195369714e-05
2.180191415401564544e-05
1.463089953849611646e-04
5.161543347159748205e-03
4.402600665511124077e-03
1.055958111686872142e-04
7.759750437317189939e-05
4.710786801810259690e-04
9.530634718755661610e-05
9.623208675504450320e-06
7.036470117459835774e-06
1.082180362946455079e-05
1.426015291271682677e-05
1.581325987958545786e-05
1.652956648825596624e-05
1.649121585838522836e-05
1.595480664430641763e-05
1.658328628645290483e-05
2.331874596235834375e-05
1.713551078143973517e-05
9.132239511716452255e-05
5.059203494742463975e-03
6.748602753183948616e-03
1.674458343154388727e-04
3.221491469342879603e-04
3.376178464886219008e-03
3.507137104135087829e-04
1.869935814827525296e-05
7.663809342266531208e-06
9.848860362509024289e-06
1.279227962461698483e-05
1.343920373983701945e-05
1.552606646844610706e-05
1.671203373531006606e-05
1.615817735907098927e-05
1.664993079770629868e-05
2.338550606338960598e-05
1.024657111246855713e-05
1.684471724716618727e-05
5.744956156055615977e-04
2.770260930556211164e-03
4.514130827573892214e-04
6.170413352796069511e-04
5.306991745133792611e-04
1.663239401115990145e-04
2.508125161860059907e-04
1.819288184135242170e-04
1.110442101914319436e-04
3.806846957767959222e-05
1.220419530245450865e-05
1.272050122452451309e-05
1.643828843659987868e-05
1.640053194370496802e-05
1.666632773955157846e-05
2.333334110042915038e-05
1.365310838535720567e-05
2.866647476527708622e-05
6.555987207328600784e-04
1.733050314996778312e-03
6.981172997229405288e-04
2.887207810812549187e-03
1.460710038704754075e-03
5.764698593667740576e-04
3.311127765375472282e-03
6.301574184008950329e-03
4.830458808771030330e-03
2.442124913671216862e-04
1.027972514749815604e-05
8.523327008265809020e-06
1.519466377291352488e-05
1.666350577310490871e-05
1.677069201748758811e-05
2.330858870359982311e-05
1.948691455308485692e-05
1.070632464418071618e-04
3.760776207140653117e-03
3.576648520023285264e-03
2.931731971165471855e-04
1.180246612625309019e-03
3.188521600728435462e-03
5.176387449382494933e-04
2.329056015061534190e-04
7.345817692652132627e-04
3.994922136250247773e-03
3.097405899850242945e-04
7.876852536004754087e-06
5.824261156242315368e-06
1.319485078920751521e-05
1.659369117604448047e-05
1.690019444399310024e-05
2.331074091042110817e-05
1.493840999756634713e-05
7.349084558384741091e-05
2.439759497382996013e-03
5.647408980032893842e-03
8.473089692493799337e-04
5.298748473521658125e-04
2.985528245787785729e-04
4.008429007835327614e-05
6.326133029435660112e-06
1.323996606458550052e-05
4.372751348601099943e-04
7.673953282088795966e-04
4.110114074151357524e-05
8.917979643895007996e-06
1.212189767831396227e-05
1.615521058787208511e-05
1.702072221054793316e-05
2.334265861787530294e-05
1.844297184396186001e-05
7.273793159257476153e-05
1.911678477056872726e-03
1.246293467622046694e-02
8.206708240226458576e-03
4.561325744389652971e-03
8.715110986381047892e-04
2.927451267063333222e-04
3.735175592576981708e-05
8.711904652294224423e-06
2.180550220609799267e-04
3.573196767675971240e-03
3.022227908140626661e-04
1.561666606945165615e-05
1.112940890490313175e-05
1.552393890297720287e-05
1.718143437921220953e-05
2.344480432119958328e-05
8.827122210585520122e-05
4.253710132485317378e-04
3.968736581568569829e-03
1.281035272284658522e-02
5.505319756341611574e-03
8.890579207587951185e-03
6.358551677365512252e-03
3.220067695003370895e-03
3.044690714484623011e-04
2.173690052062327688e-05
5.848124563439564762e-05
3.669519619951434474e-04
9.054281168916867922e-05
1.066059243526462646e-05
8.885726454021763599e-06
1.418138348187766164e-05
1.716816729442019140e-05
2.361169946156426886e-05
2.988676699207958357e-04
8.363595732280662901e-03
4.849834526442629856e-02
3.278382097353674945e-02
1.379918194022178475e-02
2.774021830854563747e-02
6.421045319114093014e-03
3.686761800919997629e-04
1.275542286542413663e-04
3.080982459743658521e-04
4.183932073637792819e-04
3.826829493848096114e-04
1.958400296708291569e-04
2.738595060264282876e-05
9.604432073645626815e-06
1.225367996826072464e-05
1.663453630359274584e-05
2.373220383455034918e-05
9.045379623035208750e-05
7.685040325060918907e-03
1.032964892509617150e-01
3.874631213917546085e-02
1.897040644686125155e-02
3.098378594207660749e-02
1.486432690396121206e-02
1.450327409148353171e-03
5.125330105118391412e-04
3.738344754526178731e-03
5.115792108755284374e-03
4.339626675221951342e-03
4.980732905626788706e-03
2.571290506751628346e-04
1.544555081143282320e-05
1.131164838549804511e-05
1.611233321584706321e-05
2.378020935142667624e-05
6.150017886485722855e-05
4.030745061712271218e-03
9.803621334778578333e-02
3.905468737047661926e-02
7.140247598223077585e-03
3.085925014716808714e-03
6.683480546787399536e-03
1.311855678050091040e-02
9.910144520130551547e-04
2.253273739478005061e-04
3.971067845688716104e-04
2.405535235222904401e-03
4.376582636358092478e-03
1.939411563559864996e-04
1.363110371510123722e-05
1.136822095008217981e-05
1.635092235182364202e-05
2.385793277450643378e-05
2.790211614138716866e-05
6.336103944071084810e-04
1.626890691925216709e-02
9.469177109899855338e-03
3.561987576968220562e-03
2.016714348668618897e-03
6.073744296200779460e-04
4.328693080628937223e-04
3.957116466495731283e-05
7.823477648540087641e-06
1.240556969584657434e-04
2.914081922905649696e-03
6.267967424318674971e-04
1.680446442867085171e-05
5.908125619599657076e-06
1.113611053132367349e-05
1.687496884988812525e-05
2.392068118234371080e-05
9.906397558407311425e-06
1.643573975063396513e-04
6.037186849271547126e-03
5.949377457646550481e-03
5.111032281148217282e-03
5.416899925040422059e-03
1.245254327295428716e-03
3.042034784069831514e-04
2.356404342897779072e-05
6.218219812676755930e-06
1.735106668711746119e-04
6.229813435782896591e-03
8.855387817748297183e-04
1.822247516967057105e-05
6.659474381854898143e-06
1.183822652369529650e-05
1.689977755210694157e-05
2.381800087783437676e-05
8.735865792569358687e-06
2.262233211026494939e-04
1.370032203358340431e-02
1.255696046958029374e-02
2.603010693290476463e-03
1.156043969313740212e-03
3.786320020287539147e-03
4.426488517382232667e-03
1.204556631932322353e-04
1.126204836300575571e-05
1.217033934046346847e-04
4.609912555083939614e-03
4.164248606794427807e-03
1.607212096168678713e-04
1.816137591018613162e-05
1.378547771534289940e-05
1.657736931006573118e-05
2.361419243240631797e-05
7.019220268703050796e-06
1.932191620237184515e-04
7.980999920293050873e-03
8.680063448117173591e-03
4.074911443592858264e-03
5.066048079676318356e-04
2.896933881695920024e-04
3.663674822920309489e-04
4.049429559419874471e-05
2.580439696259407799e-05
2.723112704296951460e-04
6.339888850835533659e-04
2.697544091389226443e-04
6.020797703014599131e-05
1.838862161462151917e-05
1.451041521196431168e-05
1.646832344113127841e-05
2.349573044103117164e-05
1.126578428481965763e-05
5.117946993322049784e-04
7.420048754535151642e-03
3.407708713495573999e-03
1.527373495774748263e-02
4.869599858220033731e-03
4.071629840980172982e-04
5.225297030085880676e-04
2.217952718915324817e-04
3.961192758341399865e-04
4.197059715947151770e-03
3.425839706025069322e-04
1.025167897206659287e-05
7.259447921010259250e-06
1.212259734821904261e-05
1.507106026518742782e-05
1.672121333605268225e-05
2.345888802647331053e-05
1.017208573113846659e-05
2.585516371432024403e-04
5.117274478575004060e-03
1.787108988467037314e-03
3.285577614899424376e-03
7.481628385056071813e-03
4.903014556360145264e-03
1.513896300783649888e-02
4.406376531247865186e-03
1.161855442654087479e-03
4.435522258123295210e-03
3.300642404715532904e-04
8.076430967739582238e-06
6.374849872527508406e-06
1.330692911924503635e-05
1.624903762585073807e-05
1.689980806121709950e-05
2.340921809634081117e-05
8.489955709505369696e-06
8.492783402891763359e-05
6.957584427179522822e-03
1.184799056456657847e-02
4.921022361220351096e-03
7.285182846123147531e-03
1.186977762129502387e-03
4.002825600265638196e-04
1.799202317854257580e-04
6.081879567650686570e-05
1.260369771512929830e-04
5.493288446658429759e-05
1.112044582949507169e-05
1.112107999155390711e-05
1.606451165144308729e-05
1.661608348637319134e-05
1.681514073632645298e-05
2.337785187281189478e-05
1.332575332281056674e-05
8.582801252208247054e-05
3.738275321782197781e-03
3.741545789600484589e-03
8.827639892172923402e-04
1.809625302213936204e-03
9.953917370160630452e-05
4.182549111510921948e-06
4.188908285875711067e-06
7.117270620107652134e-06
1.354298381969639453e-05
1.525001200079856997e-05
1.289540169157877054e-05
1.495782626778603965e-05
1.676569402924666668e-05
1.622492527845476593e-05
1.660709369628011019e-05
2.329019967907932083e-05
1.334889912875434342e-05
4.939861381579866209e-05
1.001779998066507646e-03
2.138903286320904644e-03
1.016860235034589954e-03
2.879454902288642714e-03
2.639443494871918506e-04
7.095385738158374417e-06
4.863941422129437480e-06
9.342430441383604603e-06
1.285532517147921176e-05
1.422806471689894050e-05
1.505371610999563414e-05
1.607011441136161061e-05
1.620137014317760271e-05
1.561961284439454957e-05
1.623125215293746726e-05
2.295652986552630112e-05
4.477433661619355964e-05
1.708718931426007144e-04
3.247785134145519882e-04
3.598202126129241272e-04
2.752895416539020285e-04
4.743933580013860599e-04
1.301580526159669860e-04
1.586950508450186498e-05
1.179272610958832910e-05
1.598435973578050609e-05
1.704750454963429907e-05
1.677620699441162853e-05
1.678794123875839911e-05
1.684822264713135490e-05
1.666624988635792955e-05
1.624287016336280055e-05
1.701376426262210908e-05
2.393633722903776423e-05
4.939802516060909799e-04
4.106155222077425247e-03
3.812630910859593166e-04
1.988972415944430562e-05
8.746711854200361043e-06
1.386003854925486400e-05
1.706056472776766789e-05
1.620740690027783112e-05
2.062432724849402752e-05
2.428109629101952719e-05
2.415830317218203889e-05
2.358884368280297713e-05
2.345019771939144807e-05
2.343187226357634317e-05
2.330949585294815848e-05
2.294894253184596823e-05
2.393033518900945531e-05
3.158461520772651938e-05
