1.473778556096245715e-05
4.007277727904922163e-04
4.462015514621628029e-03
1.743528687776284107e-03
1.930828070764096507e-03
2.838510715396954493e-04
2.082745738971039575e-04
2.327666660734022987e-03
2.818902526911475472e-04
8.874146657571434295e-06
4.569557000163035340e-06
6.900775021828864072e-06
1.041510049372869780e-05
1.376101631044771040e-05
1.647988893468335257e-05
1.813632686881882331e-05
1.903046086614530795e-05
2.650619172479683571e-05
5.081831933513306090e-06
5.210420254264519355e-05
1.280324149100610766e-03
2.164241471872952512e-03
3.141792241549833543e-03
6.253225584591255021e-04
8.504696617148878725e-05
8.101811153686041156e-05
2.029656835470283996e-05
5.218499350846855561e-06
4.117280321028138891e-06
4.212160006375167901e-06
8.342459759700463629e-06
9.883028543184197437e-06
8.356041654971170526e-06
1.016682903732488964e-05
1.237114012838496197e-05
1.877838166346253816e-05
9.056029629812623928e-06
9.720410827954562136e-05
1.773892470881795799e-03
4.603333474238552542e-04
2.399160363663227252e-04
1.429195155254140565e-03
5.113158217124211214e-04
2.406423784195094978e-05
1.272151080518722329e-05
1.545233900791814915e-04
3.451550349066918877e-04
1.322203648001498094e-04
2.391886072332450653e-04
7.103992341882592386e-05
9.260432189617806429e-06
7.947930955674773038e-06
1.163360837567862107e-05
1.838948095293846868e-05
1.129299563114887033e-05
1.322969420051724697e-04
3.597696018283834136e-03
4.148367260518845455e-04
6.049116841279891858e-05
1.846517251544675057e-03
2.096750371251746015e-03
4.505394840170438966e-05
5.186583763870098774e-05
2.945823402568896812e-03
4.548265321443253212e-03
6.686177668645881464e-04
1.660837298939308714e-03
2.264948456612230312e-04
7.975451153653149929e-06
6.202156729901647664e-06
1.159172106410303021e-05
1.910708648153356212e-05
7.545053142651960879e-06
5.471051150107440254e-05
2.647949107098693765e-03
1.758325295504920699e-03
5.957529977567934841e-04
3.914566587738077356e-03
8.015169688805867101e-04
1.072084612596429289e-04
6.857004101763804075e-04
5.830309540879268990e-03
1.842765199733492230e-03
2.375672375266825378e-04
7.988775388680378941e-04
1.324101788126024078e-04
5.121051731220562621e-06
5.135057577400842173e-06
1.135965148264722193e-05
1.926746459106495362e-05
5.638909003460002488e-06
3.558240606188923117e-05
5.425608844167778598e-04
5.100865287857861896e-04
9.339662007136392266e-04
5.816591517340893728e-04
3.006162819293176766e-05
1.224338998209738337e-04
4.012602291004796311e-03
7.833167206536390675e-03
2.849534407118102606e-03
6.918430126672912980e-04
1.638508823157128506e-03
2.442488087474028926e-04
8.495758496196294214e-06
6.185160918563413692e-06
1.150307453464214010e-05
1.910804189769877475e-05
8.058629989456875660e-06
2.455192602615622255e-04
2.260181424086947412e-03
5.139506288130506716e-04
8.716640526718288885e-04
1.186410820153249425e-04
1.126947189920219955e-05
1.809061727972756666e-04
1.676265882399863598e-03
2.090788505450579936e-03
2.637248223065304532e-03
3.541476058150913120e-04
1.631593674015048502e-04
6.404214019417952901e-05
1.068829842435170758e-05
8.477276986847377137e-06
1.195229750133392669e-05
1.882863607306510244e-05
9.138611000556384748e-06
3.629236688966843197e-04
4.981256901218059259e-03
1.311869566333193245e-03
1.074647358993825741e-03
2.601830095038459379e-04
3.006703216896566356e-04
2.670255059888572684e-03
1.543035262134161058e-03
1.343684905499121585e-03
5.920603494900485153e-03
1.914063850353213653e-04
5.719893936771725040e-06
5.624417738564021096e-06
8.615804815180719509e-06
1.078091100942864780e-05
1.236750894364753266e-05
1.853389407637563520e-05
4.309390996851784521e-06
1.346991239299201242e-05
3.707739909872322386e-04
3.110413764172902280e-03
3.485777341722151243e-03
1.312716755757227212e-03
1.462126944563938357e-03
8.729882493321364234e-04
9.373730902059660135e-05
1.526129604066912631e-04
1.885052024307718073e-03
7.715330982430478664e-05
1.555640907455944740e-06
2.574557973350979324e-06
9.193552317725446542e-06
1.263051538076301736e-05
1.268524964753526924e-05
1.848310682670058783e-05
2.942212511420464756e-06
1.761575810747434283e-06
6.352019679800012541e-05
2.327812944736888830e-03
2.915040483658296391e-03
2.072381890690409758e-03
8.295137771385469126e-04
2.728397719736203714e-04
4.889049747044903850e-05
1.341019342331049077e-04
4.194733811757845807e-03
6.579553004878106303e-04
1.086303534173382127e-05
4.850973084673176891e-06
9.410753983930025455e-06
1.200218944021226038e-05
1.255458377611799387e-05
1.886263420886437006e-05
1.369224946805748415e-05
4.983517713537900990e-05
9.706338441541540645e-04
2.452933693931707692e-03
1.590900348329136712e-03
2.413431667471316669e-03
9.134423360480025626e-04
1.247594571838379473e-03
2.193212003654560480e-04
4.765806977987537642e-05
8.562137125780701005e-04
2.318312642916616102e-03
1.040993859734156709e-04
9.273697273759619564e-06
6.759519549700258138e-06
8.071289991949019024e-06
1.035008683316072556e-05
1.862565873513129450e-05
1.143786749945305606e-04
6.067537108408409437e-03
5.436976806004045065e-02
1.244778306028926189e-02
3.361718799553052757e-03
1.636719756172378640e-03
5.801965147363648051e-04
9.538244311044478561e-04
9.048506332427029152e-05
3.640986239802427037e-06
9.185430969023186863e-06
8.861347897116355319e-05
3.370975878925623918e-05
8.469456805283220589e-06
1.117477952728067548e-05
9.344053414772236364e-06
7.977398678875464164e-06
1.653848423753574709e-05
1.021317210157594553e-04
1.207422740120219808e-02
2.116603221921782851e-01
9.353117431655851022e-02
2.335701312175101144e-02
5.073856587491610767e-03
3.085043075011827465e-03
1.619350416203250336e-03
1.615512484212526837e-04
3.371079631021004001e-05
2.019948689922411255e-05
5.729623506406794360e-05
2.668683045743713324e-05
3.280870909008374399e-05
2.669487298184111961e-04
6.913591192062483665e-05
9.030496824214533644e-06
1.380975466315066501e-05
2.748544852774509491e-05
3.349292087487952020e-03
1.538461319296812735e-01
3.934305720838576076e-02
6.899314606435185196e-03
5.146231040251735347e-03
4.955251356612710642e-03
1.273485860183421001e-03
6.904647276615077716e-04
1.997436156737864444e-03
9.669547545888111531e-04
2.307472268780142756e-03
5.000555155022603539e-04
1.758549238358929042e-04
1.797463889499394292e-03
2.105939255129387158e-04
7.744620610288993609e-06
1.083404614245631765e-05
9.028776080931218183e-06
2.135353955828479670e-04
8.795143308607634297e-03
7.547145110245769874e-03
3.570045605003795315e-03
2.838007438808333449e-03
2.443840160950955329e-03
1.118807396401148326e-03
7.781258403666706279e-04
1.934103278355472520e-03
9.216233442853983627e-04
5.252030819188566353e-03
2.888129329178235147e-03
2.462637165995871613e-04
8.353449493833245768e-04
1.216121622385973265e-04
5.414127763718532530e-06
9.237683923443250542e-06
6.077955881181199430e-06
1.269444827919247581e-05
3.397198883979117047e-04
2.595517067697866286e-03
9.125907265299888554e-04
4.080499938243771865e-04
1.492208204622475724e-03
5.298926032902165177e-04
7.218384209001064717e-05
1.658565681517280355e-04
1.605191880666922098e-04
7.333980067389091412e-04
2.640214271332738498e-03
7.758356631930409582e-04
1.599456947289964103e-03
2.343441626738943656e-04
9.307256141762555658e-06
1.096444875035037478e-05
9.620249696658319602e-06
6.116108812692430770e-06
9.193654202315496493e-05
2.399530473808178434e-03
5.848512858070676300e-04
6.754768757205272846e-05
1.663831236210552150e-04
5.443256982634285947e-05
4.725029219496231414e-05
9.978407342788057823e-04
1.167931935283767842e-03
1.196642219586527929e-03
2.100687994663890269e-03
3.210552006046075188e-04
2.013134384947015427e-04
6.872335966753522862e-05
1.092989591087326296e-05
1.408724605200134526e-05
1.516274839794723844e-05
4.537936973464397216e-06
1.290548589607706054e-05
6.128837370348679718e-04
1.566030678900582826e-03
2.696025999238348104e-04
3.694986208578263640e-04
9.630115583807174768e-05
1.756838389665145244e-04
6.745114983310010644e-03
6.034402054424465277e-03
1.445576995112828360e-03
3.385257611515883201e-04
1.724657554676614743e-05
5.341076640710572929e-06
6.873966501397722722e-06
8.317027563459869735e-06
1.679970197707400287e-05
1.529538272179049310e-05
3.169038402907123404e-06
2.671823245498627462e-06
8.115173455485523804e-05
8.041040662105893499e-04
5.650289811689581179e-04
1.380640349189204063e-03
1.670708697426576529e-04
7.412367214278523149e-05
2.183741044516116815e-03
3.972914943888776300e-03
8.851147559846760061e-04
5.861368092642518703e-04
1.130748675192908687e-04
1.214803214072342003e-05
6.418865779894433889e-06
9.391150305194043829e-06
1.867914839061050070e-05
9.179544622332349714e-06
3.808859112610072075e-06
6.445354528922949501e-06
1.167696015762095753e-04
1.369560541326290135e-03
1.177019779569784446e-03
5.608696129932942264e-04
8.166684196805239432e-05
1.563322420325996846e-04
1.510571479567783754e-03
4.904881253905623781e-04
3.479693072858094840e-04
4.692169920829423503e-03
2.856902899090989299e-03
8.246748322159852648e-05
1.167480518552921864e-05
1.084927410414694806e-05
1.884848204726657803e-05
6.876547780425428476e-06
2.309029797389568057e-05
1.706682252916671440e-04
3.486149401200443329e-04
8.012842957815525516e-04
1.899979982743231401e-03
2.187922711391088529e-03
1.401494135716520578e-03
1.890079557594700468e-03
1.359282336023990385e-03
1.530064778580498609e-04
2.511659572449234895e-04
7.374561281715853733e-04
1.329188766699020542e-04
1.762662246298941695e-05
9.491033015515637519e-06
1.123105867965963841e-05
1.869597506016462506e-05
2.391831874967163647e-05
5.218635134953516141e-04
5.200666814387867529e-03
2.604761107402856282e-03
6.158844688625263056e-04
2.473830986885876292e-04
1.252298033926463414e-03
6.840437176135420044e-03
1.947245339308160787e-03
9.241800515582214827e-04
7.616536782977956915e-04
1.623163889147513162e-03
1.896283936967930561e-04
6.002284555536170258e-06
3.931727299133206107e-06
8.293756321526306842e-06
1.196755090385375741e-05
1.873139109662709981e-05
1.245731099783852327e-04
2.381638271152187233e-03
3.851559610089821603e-03
3.734666114156161287e-03
1.633190778432207875e-03
4.933080768847203655e-05
2.756054883398595252e-05
1.576526065455236469e-04
2.210699324291985298e-04
6.422957873281191256e-04
3.801499494129356206e-04
2.126483087028044902e-04
4.603855958682336654e-05
6.038796744566332731e-06
6.045867147078893013e-06
1.034881568416699472e-05
1.221112478518600111e-05
1.817319512924472257e-05
1.487085198604649514e-04
2.984710540090273947e-03
3.230337671402867556e-03
2.523991583419828676e-03
1.020788086282740838e-03
2.613349324167461442e-05
3.314070401569906479e-06
8.705864947939550918e-06
1.569939374423238467e-04
1.841179353084437418e-03
1.510143385742623368e-04
9.934524242086627732e-06
7.659704171296146966e-06
8.691803088381859103e-06
1.096806894720533537e-05
1.224699429577717641e-05
1.247164586115799322e-05
1.858333290724971851e-05
1.062339058432242668e-04
3.015657087361045628e-03
1.212500398774857963e-02
9.557988096851816398e-03
2.455478184489979371e-03
1.048018749349880413e-04
9.484100135399269868e-06
8.380585826950364935e-06
6.359446054612651847e-05
3.328633528822617970e-04
5.505942889244747930e-05
8.458221569888002626e-06
1.027336000316669655e-05
1.696783674370932950e-05
1.937530881270328384e-05
1.852013175317056726e-05
1.860840448126421928e-05
2.635451656600810695e-05
