7.215521880850365550e-06
7.549809725445446381e-05
6.697282843654628944e-04
6.044731873686116311e-05
4.005435453587472805e-06
2.987210143324506807e-06
4.043809172063806951e-06
3.664235232975479468e-06
6.352188669219302139e-06
7.742372110484362690e-06
5.863942871393686584e-06
5.984217628000854886e-06
4.991035200718947955e-06
3.980498136773434529e-06
4.744588298876048031e-06
6.078731689249567243e-06
7.290284607592010874e-06
1.242932757254331342e-05
2.405830540172279451e-06
1.496261855079843809e-05
1.562900406359823545e-04
8.243163319511921877e-05
3.424069957253997711e-05
4.944962986432635917e-05
4.499249261696932359e-05
1.271763034621412969e-05
2.617856862853498398e-05
1.226234533167102173e-05
1.721668853548507361e-06
2.172639508631067835e-06
2.821644552757938688e-06
1.818377775508773923e-06
2.460685410800409944e-06
3.149777292240255498e-06
3.317015556946678603e-06
7.083589117902708896e-06
6.987746048444806003e-06
9.974983943366547839e-05
1.508829381176306174e-03
2.021386221195434815e-03
1.346603683265751739e-03
2.133119204446423927e-03
2.268863754272626865e-03
3.684111499575140375e-04
6.549258015940724728e-04
7.136805687953933918e-05
1.669495798685876529e-06
7.085986381775916107e-06
7.282917598645425412e-05
6.683587677367908348e-05
5.982043856259837352e-05
1.780733512782983204e-05
4.094330630282265536e-06
6.251523156028552553e-06
2.617568575826412791e-05
8.177020609633460372e-04
5.724629693866536452e-03
6.135520763570526462e-03
6.050982663896792464e-03
4.518252961486006643e-03
5.358758150302130908e-03
2.197436968813183851e-03
2.275021410092230908e-03
2.658717514334541865e-04
1.144847369785370623e-05
3.804177747611764925e-05
5.832095161887020313e-04
9.927876970003202736e-04
6.174685860991985025e-04
5.672899949932183876e-05
5.252098294389463240e-06
6.446723637975541104e-06
1.897657923922952422e-05
8.777252053167199954e-04
4.389683531395377480e-03
5.963244060516300661e-03
1.735765641269754536e-02
7.611030492710505607e-03
4.838739672890069940e-03
4.648889176537998429e-03
3.961244137787403065e-03
9.145913130129947272e-04
2.688615595886313593e-04
7.187645650345998022e-05
6.036103297681530270e-05
1.957736780416395692e-04
8.404413589254462345e-05
7.239989429926229483e-06
2.714047624599974762e-06
6.652367201047198332e-06
2.514099781181437828e-05
1.150460794296134792e-03
6.183206519831395062e-03
1.003298916841156851e-02
1.625025426911018422e-02
8.065302185156358883e-03
6.803141207699550663e-03
6.904267132380493242e-03
1.234851603623719762e-02
7.665833710975224376e-03
3.380811898227267364e-03
2.302426706994066530e-04
6.513212661009476262e-05
6.226389675409307401e-04
9.065120106985704988e-05
2.340761540222289323e-06
1.899879715566392947e-06
7.250671132134053749e-06
5.710732423837985914e-05
1.392931468045217631e-03
6.803521375877177348e-03
1.187895921824728106e-02
1.265319894642004915e-02
7.341000253096119019e-03
6.039858441793668001e-03
7.543621601858143538e-03
8.484599374465428070e-03
1.306431368359016118e-02
1.073984269979228953e-02
1.288125942935495084e-03
3.118654935488067870e-04
6.592247363255171900e-04
5.165078996711878697e-05
2.204338220051549531e-06
2.500733462303505972e-06
8.184453480253231478e-06
9.504273966329529279e-06
1.950436095084765635e-04
4.460240505659783007e-03
7.927567923660158722e-03
1.172900168195991667e-02
7.423139217257912655e-03
2.222002600157927960e-03
8.727789909488694112e-03
6.286638823041868808e-03
4.487154504693427817e-03
9.933915639826098112e-03
6.398693480613079285e-03
1.095549090989128040e-03
7.868582906822001058e-05
2.773830732711054207e-06
8.470800529191149901e-07
2.601759082277028720e-06
8.505592858646921059e-06
1.583073167929456559e-06
4.114800719898621212e-05
4.499494798845772234e-03
9.428410506130564459e-03
1.132086422936184021e-02
5.894718934408033767e-03
1.833297704662571574e-03
4.168471409929239840e-03
6.681732159836280618e-03
1.130023092033187286e-02
7.336009072542926633e-03
6.399655785426994897e-03
2.532666782260670126e-03
4.882255340740065453e-04
1.721788416194076262e-05
1.509888715961436367e-06
2.564163281468028104e-06
8.249422630610343446e-06
1.166585872499164748e-06
2.436726600024788922e-05
2.462541293087085366e-03
4.782572228439477963e-03
3.792014118605878392e-03
3.631203466444297631e-03
4.446771761849154479e-03
1.837811022518606729e-03
1.747131670960782885e-03
6.306232340890263223e-03
4.907891487602862764e-03
9.215478179740764844e-03
2.044055356331950842e-03
1.476650653508043828e-03
1.302293646771283009e-04
2.875098358073052763e-06
2.390299339250288966e-06
8.081024144477913485e-06
3.540918187664855073e-06
1.264352431001784338e-04
4.964044391159363502e-03
5.853373376356256312e-03
3.932966311779383106e-03
2.316282203861964872e-03
2.362272775654259901e-03
4.553868344290638837e-04
4.003523418352352261e-04
1.635814971478432829e-03
1.505377010332832046e-03
3.962114501276370326e-03
2.627132222982120954e-03
8.810886496863250608e-04
2.083144233149724695e-05
8.133729130670350500e-07
1.658446258161816072e-06
7.956100628446411874e-06
2.323460274419477699e-05
2.673070731138796688e-03
3.579014882206511816e-02
1.226980444994935603e-02
7.996020035211302140e-03
3.334985192624343939e-03
2.004754407998423325e-03
6.390602824897312568e-04
6.567296846034160508e-04
2.573587136183896201e-03
1.232029593895114230e-03
1.905615900529699031e-03
6.563662165056756079e-03
3.026113599198761335e-03
3.189727048021503796e-05
9.199332493353751643e-07
1.508046679256113360e-06
7.330696887216163021e-06
3.406862991601687619e-05
4.594167228110688887e-03
8.229825740294728631e-02
2.528077473053584601e-02
1.216070903083015485e-02
9.103457994187328511e-03
5.998841674711446852e-03
3.964100189561476674e-03
2.120290969209386728e-03
2.904585089793001486e-03
3.509382206268711873e-03
8.789436188973745803e-03
1.269512920338127480e-02
3.639674354518426195e-03
2.143180729834667265e-04
8.608843406995819969e-06
2.873733296611714261e-06
6.798363431632034818e-06
2.414543044074122030e-05
1.775894124426665886e-03
3.503055398003034060e-02
9.190391068903307550e-03
2.920678554158112530e-03
3.377682014218139593e-03
1.486192271886235643e-03
1.231404140282964027e-03
1.740849178073151753e-03
2.312681449465906793e-03
4.943603769170106486e-03
5.767331838874829517e-03
6.360299983670399289e-03
2.133162427992065912e-03
5.034732415066616156e-04
4.952593492419727532e-05
5.868540043482786231e-06
6.854024078651200872e-06
3.617266137177975129e-06
5.491877732926187666e-05
3.033742719483548123e-03
5.975705261928637192e-03
2.970584472703111101e-03
2.563842100359508235e-03
7.836215686086690172e-04
5.601406114999888698e-04
9.347969892051648287e-04
7.812226186262008661e-04
2.667546042379135163e-03
8.489412716395019695e-03
7.364185745339588314e-03
1.101799803632502652e-03
1.149403029348452121e-04
1.401628669380389765e-05
3.972906530241628301e-06
6.738318614413573476e-06
1.298848035199372953e-06
1.291626354239376063e-05
9.469894866166675028e-04
2.724088490905766935e-03
2.004973232175290016e-03
2.515022647629584079e-03
1.398727262047791669e-03
8.425996321075356673e-04
1.151980507452355675e-03
1.493536606231790631e-03
2.828625670421819165e-03
7.012533010981162641e-03
3.127451468115452059e-03
5.501862472030764027e-04
4.114053547003742651e-05
3.937223277683145436e-06
2.755507778741095141e-06
7.145377030752577890e-06
9.534122923401081270e-06
1.918578041851398967e-04
1.411428154105855192e-03
1.027816807123807866e-03
2.649185521414163663e-03
1.246134480843872402e-03
1.488095399133736033e-04
2.108865158506076723e-04
8.334266481484524022e-04
2.037202075603091172e-03
3.346422058317281931e-03
5.100558580705416740e-03
7.355498708185732306e-04
8.160342869489038882e-05
1.350132655914234061e-05
3.346864971819029376e-06
3.497564572723313622e-06
8.059646674066838095e-06
3.406603536000789263e-05
5.935400501010759970e-04
1.230611529126254258e-03
5.321332935218188931e-04
1.115766872150658140e-03
7.958844178802363398e-04
1.539604220259203373e-04
5.075063985263984214e-04
1.995178988033541063e-03
2.386569316335826300e-03
4.360508947504317112e-03
5.525393044441431409e-03
1.481315471000285787e-04
6.579526595807191355e-06
3.146292129853970980e-06
2.626068225935827387e-06
3.879733618404677689e-06
8.333568250538115745e-06
2.536687506908723704e-05
2.749289841684078150e-04
1.591799855218067232e-03
3.578786695234677587e-03
2.492315786859126622e-03
2.222452403815571020e-03
1.168880743924040171e-03
8.843436487701438354e-04
1.007661984272562733e-03
2.771391825972560098e-03
6.924646390413111141e-03
2.429805503032399314e-03
7.910777708609114008e-05
2.633782848568170265e-05
1.382820971115642854e-05
3.360264753951799254e-06
3.391022278931370262e-06
7.969205854418356485e-06
5.555007403691583460e-05
5.161134771656760139e-04
6.212571673760449407e-04
1.379635924011118637e-03
3.171419152715195065e-03
2.208655138305429082e-03
2.479351687114633718e-03
2.931222327555838610e-03
2.660918192648260589e-03
4.847912590658682783e-03
9.498837634070510065e-04
2.609416987183306924e-04
2.333714826116451584e-04
5.608930373064286963e-04
8.941136573780026286e-05
4.319372365411212593e-06
2.975568297308013392e-06
7.681747053571084838e-06
3.406161304177987456e-05
9.947797337579501221e-04
1.379553994757602405e-03
6.449246519178651301e-04
1.282954124854806394e-03
5.723730298689662854e-04
1.349400348286803643e-03
2.094566792754842637e-03
5.621270541619361599e-04
1.379771320774205281e-03
2.111971915334723683e-04
3.295228793701575500e-05
4.168769347036796474e-05
6.949623602028922307e-05
1.787872467959479572e-05
3.084026111876186541e-06
3.233106793886170512e-06
7.885189342106209458e-06
3.708979467467000745e-06
9.255434472779837190e-05
1.834336112188695829e-03
2.421650242731350228e-03
1.232770226488990760e-03
3.321489150411470665e-04
7.985236277458507281e-04
1.427920022237799821e-04
1.272089972002954819e-05
3.397077730933370878e-04
5.881643838183600852e-04
2.474780712805915684e-05
3.701134481589945376e-06
2.950984639255360176e-06
3.001794535521941253e-06
2.972492751185969032e-06
4.114963909032802874e-06
8.125697992811243580e-06
2.390082529582359120e-06
1.561227593821926736e-05
8.383339375888306010e-04
2.388530732663578932e-03
1.976415292720969346e-04
8.651617720131474806e-05
6.189232589315650556e-04
8.024466766569614002e-05
2.364857732657946133e-05
5.400133212613036872e-04
2.189478662838697414e-04
6.179419794305661251e-06
1.814767746800552934e-06
2.375816477111156273e-06
3.380106051774931463e-06
4.035361239838510147e-06
4.542434676866595934e-06
7.726369340974432209e-06
4.891119474393086580e-06
6.624409087905746817e-06
5.671555351574214700e-05
7.450805030744374292e-05
6.353565614042775614e-06
6.237188385533367203e-06
4.964643104009272334e-05
2.047139607191719103e-05
1.874507225103945197e-05
6.486936718879407829e-05
9.547843204716411050e-06
1.461448692422162618e-06
2.248381071783124299e-06
4.276266438303949778e-06
4.891283909395727064e-06
4.624850207333926514e-06
4.575717963089250296e-06
7.668916282664446469e-06
1.053146142729033646e-05
5.052969067112699712e-06
5.424160252434968261e-06
4.872883565115657225e-06
2.489569569090181794e-06
3.390267214933985791e-06
7.403978262288542506e-06
5.365486540029101941e-06
5.426004536377071703e-06
7.255464844239859596e-06
4.045582850657825382e-06
3.694746486426964565e-06
6.699434988700425142e-06
8.675505240436367385e-06
8.243676691225669686e-06
7.571142206818246771e-06
7.624249975445653161e-06
1.201970734046519498e-05
