2.490344356124555932e-05
1.174341625700790087e-04
3.224173002097910270e-03
4.016222238015873351e-03
1.334623395205159944e-04
1.114039273924539319e-05
1.048039335097969723e-05
6.669053796498610267e-05
2.849735933713562789e-04
6.334465618672574657e-05
1.144453304473719425e-05
1.203871861291518331e-05
1.880690502499463257e-05
2.256772411083806577e-05
2.342751618473754970e-05
2.249028216515791748e-05
2.287889922642558744e-05
3.321444232621882208e-05
1.400790324168585059e-05
7.299968776378030436e-05
3.953683949587498414e-03
5.552961815183286680e-03
7.987381645489257092e-05
4.277020603613120745e-06
7.556150889253263497e-06
2.395773157874600242e-04
2.545432966008158698e-03
1.926689828854497119e-04
1.225645903652628141e-05
1.046038262148288946e-05
1.243133014363207426e-05
1.268194976396509395e-05
1.453084620080070760e-05
1.486550566658886517e-05
1.488755968985019595e-05
2.281887768349027856e-05
1.507421063644318846e-05
8.048749803298493270e-05
3.166078424364101706e-03
1.971703516828186582e-03
2.950821511262205718e-05
5.022361416208543095e-06
7.824372280588783854e-06
4.304507552567716876e-05
1.689224395499387438e-04
9.471828460788131291e-05
1.453719783905581470e-04
1.903564963761513688e-04
3.615056591378643141e-05
1.026682386722087059e-05
1.084949893396723994e-05
1.416228541274756665e-05
1.509449563674893628e-05
2.238598193509855976e-05
1.107731171385495127e-05
5.454633732716793047e-05
3.349482871485739456e-03
4.967951656824975450e-03
4.325116422782607477e-04
2.767643940955740269e-04
5.263973441971749344e-05
9.568740683915955014e-06
1.435986070131343776e-05
1.213495123736465283e-04
3.486083255226382627e-03
2.759447250345357233e-03
1.000613231886000035e-04
7.989063976063207360e-06
5.156839330921160675e-06
1.011981241130966539e-05
1.546670656766322116e-05
2.381089420835011462e-05
1.142823214673445258e-05
6.426863713661773176e-05
1.137655152337282982e-03
5.831071191465283902e-04
4.782981548050258339e-04
1.820891878250648251e-03
1.552788303205449179e-04
4.388697702274620127e-05
1.464125075994191557e-04
5.137414826505026398e-04
2.383939095180367344e-03
1.093474430410296475e-03
3.194937205029430190e-04
3.227471367201843733e-05
3.558281926831742906e-06
4.868404894666786047e-06
1.261435468162987585e-05
2.445638450666413956e-05
2.236919441567330376e-05
2.400970943313012764e-04
1.600359639679823200e-03
2.522303660790169155e-04
3.796208419074043614e-04
1.204728748462049462e-03
2.506536260309864773e-04
9.107192703270500711e-04
1.586609578614506244e-03
4.414406435371144685e-04
5.410563992314331144e-04
3.752577474997974543e-04
1.352654302212009984e-03
8.888832911998159223e-04
1.991700470154414250e-05
3.931392460008182686e-06
9.048674049531370514e-06
2.376538520916581131e-05
9.200580325759118700e-06
2.903627516442148894e-05
4.513620138586251504e-04
1.012221783895984797e-03
1.960908508508981372e-03
1.902789735678846184e-03
8.154823440060274091e-04
4.961197168468214728e-03
2.568278008606522840e-03
4.151997905877757400e-04
1.324093475140353639e-03
1.279902263952586213e-03
1.443672636643587685e-03
6.023064828263265981e-03
2.733628818818809730e-04
7.002996558025016399e-06
7.239326047093744969e-06
2.239154810315978212e-05
5.216681981147898865e-06
1.580733893741105868e-05
9.080568599680268783e-04
4.982915273450789877e-03
2.830772122662781037e-03
8.771374799024274230e-04
1.586659085331730101e-04
6.417367291853977827e-04
5.026086042776958980e-03
3.395059946998704899e-03
2.666986440083698312e-03
3.911966686423172870e-03
1.308355472193671511e-03
2.601345260632213861e-03
3.401812466284826115e-04
9.445648759284973420e-06
7.373036319737192784e-06
2.201257866893241140e-05
1.543146110814689619e-05
2.745953858175147460e-04
9.785380833924243668e-03
7.749160777163759291e-03
5.588281276732773480e-03
1.694365621603172124e-03
1.387152229143540246e-04
4.149091946096444610e-04
5.868996445065187417e-03
4.800782062287323702e-03
4.566351456861499330e-04
2.416908966418002754e-04
9.882979522142176462e-05
9.838864519738216828e-05
4.462009032766761705e-05
9.012999939879995053e-06
9.864565377121122794e-06
2.325729732384879033e-05
1.138445109808588350e-05
1.225112204428270579e-04
2.166374577094956882e-03
2.370074922270563531e-03
3.623405641875625683e-03
1.564889868869742511e-03
8.846797404247505690e-04
4.928487392510407482e-03
3.025570976635466505e-03
1.022016165282903189e-03
4.148453237867656858e-04
5.250231996500603503e-05
7.277414762540661935e-06
7.619624134657954389e-06
1.180898635666288882e-05
1.073018315591275272e-05
1.323138717834291868e-05
2.408069675984582031e-05
5.476428096581832066e-06
3.238746014556420958e-05
2.196704903584301843e-03
7.760695561172144090e-03
3.017930112290331812e-03
2.644435374549797095e-03
3.460686187861908465e-03
9.835757400533272007e-04
6.101374741840304096e-05
1.760482385279244551e-04
1.947163051147666199e-03
2.024478331236533393e-04
6.042543834272042988e-06
3.313787560265121014e-06
7.187208469733088910e-06
1.060717625804677985e-05
1.228813206494308435e-05
2.091878469353845440e-05
2.395485414379402834e-05
4.950060091899623595e-04
4.357930599056102777e-02
2.411555023598719455e-02
1.404737800533858039e-03
3.456045866722567451e-03
6.481230584002769905e-03
2.968746385623496757e-04
1.443357661810019707e-05
7.567875273009382140e-05
6.206432699899013536e-04
2.779403675688427795e-04
1.658132820286250695e-05
2.401236408450756120e-06
4.514061803222220939e-06
1.416782283616825753e-05
1.465221205099435947e-05
1.738288795876510431e-05
5.275200112064293843e-05
2.718154115275272370e-03
1.353710854287395182e-01
5.303142746730107882e-02
1.454931826190904512e-02
1.782687254821224351e-02
4.831671652506815129e-03
1.669657372430458390e-03
1.790732282388935760e-03
2.317063313260578350e-03
9.466077811788766025e-04
2.512447342923816197e-03
5.732337949684156728e-04
1.256594492061099762e-05
2.117214342016874641e-05
1.829345243059420263e-04
7.433878204242501864e-05
2.192902563361444251e-05
1.929268760636012632e-05
8.833813002991370428e-04
4.268837128342574394e-02
2.667013051156376380e-02
1.630490224838095775e-02
9.319552439316543258e-03
3.658452923968412819e-04
3.029329792535072276e-04
6.303862475017148366e-03
6.210230881502888656e-03
4.774892907204090586e-04
3.282522130203047520e-03
2.808774719941201699e-03
1.345564551325761893e-04
6.192221165968514246e-04
2.479076620525624136e-03
1.637850216323233246e-04
2.242412249534437408e-05
3.982357675198498520e-05
3.242425077254173496e-04
4.977644841713006404e-03
1.022640344761893000e-02
2.029753083832500429e-03
9.262521498148941273e-04
2.348737536354564216e-04
1.233183257754364673e-04
7.883364686290060932e-04
9.312969606562765011e-04
9.781003960429865494e-05
3.916661755993213661e-04
3.762910462545733655e-04
1.801425176221447156e-04
2.645872435046007533e-03
7.494950301819811337e-04
1.538144707608850892e-05
9.556918325043510615e-06
2.329673653557363814e-04
1.578990868425447390e-03
2.556607669758950794e-03
3.353290643416276511e-03
3.843684648079545314e-03
5.670544495663070936e-03
6.455372078743477036e-03
3.905361756582568285e-03
2.758844802624465901e-03
5.274378169942636058e-03
1.636596590680982786e-03
1.620842171380907238e-03
6.612668642453353252e-04
3.559582635324729395e-04
3.329636309697014095e-03
1.659856707461234424e-04
2.717842700633298943e-06
6.305156734672585842e-06
3.830373431253383625e-05
1.258498868330683871e-03
4.129250011858028556e-03
1.270737417537757055e-03
6.475086722750435578e-03
7.878812213815991616e-03
1.686122947595060763e-03
3.982532980881519670e-03
3.813169670059347784e-03
3.184404581153702472e-03
1.952468695390240571e-03
2.414043668459283417e-03
1.364615549136405197e-03
9.515857910039332698e-04
6.331071337384153348e-03
2.974157876243584044e-04
5.205957031768793667e-06
9.807519580901226958e-06
3.857836600242053570e-06
3.765095705936667399e-05
4.147771036231418765e-04
8.355863909328767065e-04
6.892083179869157132e-03
5.596608560606173774e-03
7.883242754551392445e-04
2.145740515488210858e-03
3.380444459249762161e-03
8.916782075068803003e-04
1.278532381035645503e-03
2.648693935799537394e-03
5.689063131608027273e-04
7.136841388061424896e-04
2.927394333423818766e-03
1.560185978870904050e-04
8.230968613155988757e-06
1.511207082558742503e-05
2.162604170021698887e-05
9.397946775254886829e-05
4.813955490837575416e-04
2.074412163543405685e-03
4.025151668334486094e-03
1.463608833449143607e-03
1.553499624298839256e-03
2.515361608160580735e-03
2.259940267223716891e-03
3.081038612836453812e-03
1.401653870384277772e-02
9.235388725391221673e-03
1.365238206658922352e-03
2.236099257690880859e-03
6.152053884089467859e-04
1.728663781200158835e-05
5.849859384140309038e-06
1.845326212946087586e-05
1.222762527856570370e-04
2.846692501537104441e-03
7.206528928941080547e-03
4.636431698782087635e-03
2.716524620449413743e-03
1.808792629814541053e-04
2.405956387766871945e-04
2.101147895898522293e-03
4.874450210054477942e-03
1.199072504925025387e-02
5.886605197495987062e-03
1.720249009880167731e-03
2.924359074047335177e-03
3.445711486160754622e-03
1.158611817064698787e-04
5.419430200392333393e-06
6.378382510470302415e-06
2.164848168106104848e-05
2.811082867476743716e-05
7.095926790529346424e-04
1.936377768131787754e-03
8.702388968112443647e-04
2.219678660982466346e-03
7.944664082120897475e-04
7.028722683563187225e-04
4.154579392143392669e-03
6.106512671407492675e-03
8.290690234830930608e-03
1.974719655830289595e-03
2.899271626048760715e-03
3.379261532924716233e-03
2.021056854010890242e-04
1.262489155305626013e-05
5.881644277479866334e-06
1.078734270064037759e-05
2.418220320441771226e-05
3.852350416607624122e-05
3.420981157825159430e-04
5.766535220279630624e-04
4.916763596001967607e-04
1.145784491773958746e-03
1.710322851916705380e-03
5.987898502900680263e-04
1.985795772646501138e-04
3.930567265379577516e-04
3.543657294523628546e-03
3.811444318415021983e-03
9.152987252220782036e-03
7.604610787130071771e-04
7.696391637131262751e-06
3.357266721190802121e-06
8.644175545947763677e-06
1.490149232187735245e-05
2.418073790175662038e-05
2.730864545397193067e-04
5.272943742431012056e-03
5.388417819760890626e-03
3.564112816002449561e-03
1.478687062974932140e-03
3.008684438954511379e-04
2.156629753101939380e-05
5.489772563481573001e-06
1.809176145759696264e-04
6.247862278375274948e-03
8.375710312468722307e-04
1.578532914864864858e-04
2.264316283204822599e-05
2.852284617451849925e-06
4.849717623620598593e-06
1.221250159148049799e-05
1.533930829499760370e-05
2.264677772874563151e-05
1.530917660838658880e-04
4.624477507902255945e-03
5.384291392757215022e-03
3.618377779722965325e-03
1.534607786838927896e-03
1.059033122607481618e-04
6.089071322772222799e-06
4.211746845562196355e-06
2.104262710881665572e-04
3.054037716745929866e-03
9.831656921878001974e-05
5.666905723267555278e-06
4.863691455348754528e-06
6.600639396473185780e-06
1.158479602680310096e-05
1.506876670787494531e-05
1.526948402351736121e-05
2.286666467295756706e-05
1.737493096811157996e-04
2.636563156823739512e-03
8.448949397846957504e-03
1.200533739835343665e-02
1.141569434300843166e-03
3.246256148712689613e-05
7.184368629698867198e-06
8.873088521936610052e-06
5.076749587422721552e-05
1.675509907625671554e-04
3.404603735826719485e-05
9.558896042759717311e-06
1.395856714727953274e-05
2.195938934043105767e-05
2.474633374814562588e-05
2.331179871129756800e-05
2.299982644749341905e-05
3.309910626940510304e-05
