1.931485041781644697e-05
2.848569268596223077e-04
5.144578560636509784e-03
4.198646794244313869e-03
1.464965785107523628e-03
2.573164892957266903e-03
2.367980943577006404e-04
4.597201448394187074e-05
1.036071194786220093e-04
1.953356367764524080e-05
2.388937054970119603e-06
2.759196488731873051e-06
7.187285567382451091e-06
1.039698412181235377e-05
1.041276164076120505e-05
1.069468831485923957e-05
1.139207128330080413e-05
1.621424366179911926e-05
1.156465000332277385e-04
2.852807589193236473e-03
2.601390488312132782e-03
8.048865891943184341e-04
2.106667533569154139e-03
5.191477186535797556e-04
1.460442594229812655e-05
4.878935227129351909e-05
1.225733778101200993e-03
2.664701077608899889e-04
5.567818085347356074e-06
1.259154291658731008e-06
4.789266242122980055e-06
9.623248814817656019e-06
6.310522139064262617e-06
5.891482926927157550e-06
7.071049214290642997e-06
1.151391238271421672e-05
1.394336293117354316e-05
3.534889667883500610e-04
3.587863684413854313e-03
2.348375101594692930e-03
3.033702946076677603e-04
4.411381072783201997e-06
3.224878836970909844e-07
4.333704060869594959e-06
2.501022377278758354e-04
1.357387969077412980e-03
2.962386934084989057e-04
2.497486729695694088e-05
5.425980728244198187e-05
4.064688409244675640e-05
5.534234759093781665e-06
3.617989828841582580e-06
5.071459495465868742e-06
9.557579919787636755e-06
6.287440319698794741e-07
8.376941935372864300e-06
1.932712779533695682e-03
5.661964684503352670e-03
7.589620704122083060e-05
4.692706321736296134e-07
1.750464045813772638e-07
5.249416011179133744e-06
9.560409250071994869e-05
5.770615696667497768e-04
2.145452281417573655e-03
9.719938361878153760e-04
9.778973738837448519e-04
8.194208718910651629e-05
4.039429670354272458e-06
4.768135120732312134e-06
5.669340937349780383e-06
6.792123485552797535e-06
1.433243662706587351e-06
5.580756231981428428e-05
3.460949679302790290e-03
2.792928175120998942e-03
3.729409784335141042e-04
1.112898934919588134e-05
6.349164209615688979e-06
3.695161801727806297e-04
8.900495932837186640e-04
2.277931066222546239e-04
8.999254490876952952e-04
2.845363162516513760e-03
4.043851329477776875e-03
1.545307318110037765e-04
1.743925833916680430e-05
1.048129813135472387e-04
3.979081063314120312e-05
6.695315899883852888e-06
2.001572549499739485e-05
4.683768104041798009e-04
4.020332701724989473e-04
2.600512226969839218e-04
2.060623934953501480e-03
2.397611218431964857e-04
8.455386244234460629e-05
1.259021306458720305e-03
4.523804346613130209e-04
1.633710106465945187e-04
7.008354526223394779e-04
8.180795988668919340e-04
4.373349436002531287e-03
1.751006257361951242e-03
2.447483218474936248e-04
1.085816417509940764e-03
1.809905693042401298e-04
8.837005520652049310e-06
1.509634218810957025e-04
8.733084357338435867e-04
9.165196374256695912e-05
1.347912106273027534e-04
8.642299363399838421e-04
3.774747888228506651e-05
9.097711492689218766e-06
3.608223287037523635e-05
1.209103697461402056e-05
2.074119675059657886e-05
7.935733486852964021e-05
2.581334968230657368e-05
4.377107208190807565e-04
5.102341903173482872e-03
2.576351855875131129e-04
5.651309512350242395e-05
2.263103697917080443e-05
7.633872588332491735e-06
3.037378121608827109e-05
1.806943914924499914e-04
4.075142248551161771e-04
2.827456784449916376e-03
3.008096843851728545e-03
2.473908161351769989e-05
8.466137933884948675e-07
1.079800492273613776e-06
1.300409912425936904e-06
3.808551504510195152e-06
3.736919215128868961e-05
5.698103743566869606e-05
2.071116638713619933e-04
2.746469992409301952e-03
2.829227238451765191e-04
6.701013492619991811e-06
2.789026985755544339e-06
6.551976671960359905e-06
4.026857130233566436e-06
1.043507487282310960e-04
5.020051515193867803e-03
1.127525884605310932e-02
6.870282551256986364e-03
3.943367820003797750e-04
4.812814689988418976e-06
6.837710253068178330e-07
8.459849600379332077e-07
3.684517116703259568e-06
1.658193480090356981e-04
1.120967689179234571e-03
1.596763952464302103e-04
4.709493865737112675e-04
1.571777451655001056e-03
4.638694698997813986e-05
3.054372738580657529e-06
6.288620273469625960e-06
2.190856253134334428e-06
1.149370328746080388e-04
1.339639838622470012e-02
1.204340643009378306e-02
7.755565328349403077e-03
5.771394974906169685e-03
5.748948077266555819e-04
1.557284191578291500e-05
1.680611799449769810e-06
2.464205110601010703e-06
3.225646933194714383e-05
1.023029744438114322e-04
1.096385452608138861e-05
4.090557355029011570e-05
1.253741253424294844e-03
1.280652993589236511e-04
3.777521333784640955e-06
4.743497511665190599e-06
1.984206795518810405e-06
6.778693146242120975e-05
5.817960936306361928e-03
1.283417601706523213e-02
7.470928676023873109e-03
3.528941719622521577e-03
4.025338851399563531e-03
1.460148511193171432e-04
2.191076355003953913e-06
1.114608798776758045e-06
3.590152338991585957e-06
7.500250365479841886e-06
2.442430491952786568e-06
3.907146827666592028e-06
1.203933036985086537e-04
2.238728468985111864e-04
1.554830971066373219e-05
6.069805383492883855e-06
1.887408505832979065e-05
2.056533575151412753e-03
6.602436349321175180e-02
4.217563051415042924e-02
1.823312264450523135e-02
4.593982460924135591e-03
2.381038681019405617e-03
8.527010420387664907e-05
3.094230812648733556e-06
2.016203462241329348e-06
1.039634181160215661e-05
1.438824581504032649e-04
8.219251764621510593e-05
1.776621415949892406e-05
3.718290374889768280e-04
2.903916483307227448e-03
1.165406290859615380e-04
9.662776865451368064e-06
3.692956419937511772e-05
6.615924001166580311e-03
2.412570529578601797e-01
7.669621589149405727e-02
3.362479509953369278e-02
1.704118712932053969e-02
2.305199186813330827e-03
2.155195737697201931e-04
1.647455414216694562e-04
3.366247185828726972e-05
3.348253313454274753e-05
1.388968034362676090e-03
1.306364773213281993e-03
2.738272031301767205e-04
3.033056693162023126e-03
1.858089621460322057e-03
2.402770074750261559e-05
5.025048850172965953e-06
2.957695913674150524e-06
3.980412494926363143e-04
7.759490094874446631e-02
3.059339194369910600e-02
6.850838036132218464e-03
5.815885251796842730e-03
9.905999447527842443e-04
4.159677014079143312e-04
2.471058464165440827e-03
1.887326707535046816e-04
3.055561574559891242e-05
4.813709438406062646e-04
1.894240513504877668e-04
1.279404462493194232e-04
3.431489406754455445e-03
5.251595186712981625e-04
5.887962750773320726e-06
3.776080388528121389e-06
1.767535235176074258e-06
1.563672985810185003e-04
1.331408081537261735e-02
6.051079757041550114e-03
6.080680010372827363e-03
4.589301635871710812e-03
5.521877065272279891e-04
8.752972009910467551e-05
2.580575318812248402e-04
2.425616879027760805e-04
1.997162873677355477e-04
9.072354329882526165e-04
8.711870776779944813e-05
6.676265386600612113e-05
3.316804703828139019e-03
1.112616992150559274e-03
1.658500011068510333e-05
6.233208980099720190e-06
4.094521294404880785e-06
6.227649410759877424e-05
1.425651721589769275e-03
3.094455721737261831e-03
5.954539636732467979e-03
1.755299595443980893e-03
4.801928210542834264e-04
1.561590474988942291e-04
3.507748119569416637e-04
9.576070744455573254e-04
2.504639421281172509e-04
1.240550663410285948e-04
6.541315555599300528e-05
1.745062016944240197e-04
1.627181233047630352e-03
7.922492048912582263e-04
3.319767615056906797e-05
7.968631734360966852e-06
3.713252039011348407e-06
1.067420563402005363e-05
3.439608532021707320e-04
2.003596567381795909e-03
8.361793111112304647e-04
4.914418485813717421e-04
1.199075424896707195e-03
1.566447110507645894e-03
1.470627791449289961e-03
2.810064157433357938e-04
7.434850145705135080e-06
3.211793001225992013e-06
7.217559945727200835e-05
1.434789813689735282e-03
2.042040305706710555e-03
8.070355830301251558e-04
7.405855728183840733e-05
1.228716176033459501e-05
6.586500555071212560e-06
2.135876330409796215e-05
2.167616580734285073e-04
3.132939738506834411e-04
3.388334742972676662e-04
7.240288859971193538e-04
3.994554847357008548e-04
1.101762458374630813e-04
4.400041469724530582e-05
6.151668505554324940e-06
8.819608620894832020e-07
4.081852396445666751e-06
2.452406296457230149e-04
2.881782070538647239e-03
2.373066415104745346e-03
3.200058149992316184e-04
2.189658142255880571e-05
8.460946789062887924e-06
1.222013163610197863e-05
1.000394204105909383e-04
8.999943664449639889e-04
8.546884856592355242e-04
8.674540501028933301e-04
6.988508907743906564e-04
2.033637622665285954e-04
1.788415244079215037e-05
3.071593037528208895e-06
1.736991608285931537e-06
2.310632995715716897e-06
5.005220366057948415e-05
1.362781506879309117e-03
2.934266760630840909e-03
2.276512117391216172e-03
1.195791817551424186e-04
5.088959645208582649e-06
5.500228372701976314e-06
3.525630458824468750e-06
1.428733846375860934e-05
3.793615775163620323e-04
1.098365654548128824e-03
2.135867127792947455e-04
1.686840530075178356e-04
7.757007127150056551e-04
8.504355888871008382e-05
1.210235626570975730e-05
3.303860036393879761e-05
5.081387127740536933e-05
2.688197282247301945e-04
2.895092899391190147e-03
3.331534105215245515e-03
4.715176820990452339e-04
1.730412188523109741e-05
3.093900264443279276e-06
7.170619453325013904e-06
2.312004163472499559e-06
1.080139448736080602e-05
2.385218876916158541e-04
1.599199704044762147e-04
8.596061793501222806e-06
3.091242947540102790e-05
6.159140968529248352e-04
8.827570557988118787e-05
9.119256029779502116e-05
1.683792511406421695e-03
1.586806547065119401e-03
1.618901825717141861e-03
2.803522908600185239e-03
1.206998866679627079e-03
5.271695642245233248e-05
3.169047432495272625e-06
2.960936483682374179e-06
9.792069043986855492e-06
2.207074151980902300e-05
3.539110498187192388e-04
2.472848702586476124e-03
3.307806961743086586e-04
1.214918117380999375e-05
6.972228076447580382e-05
1.021933681974434432e-03
1.045796881306434664e-04
1.231495991150766643e-04
1.052261901260726721e-03
7.301792172833671511e-04
2.834405565333703372e-03
3.102340699931713588e-03
2.095842856233010433e-04
1.195792672939772705e-05
3.263961321976491544e-06
4.850497853193825832e-06
1.144266937427619523e-05
1.005493515785811377e-04
1.051229469482322688e-03
3.064567110206154344e-03
1.120789324224507558e-03
5.163472418390561270e-05
4.656538372631162956e-05
1.431266332799807400e-04
2.445927809347103906e-05
4.132376524489328809e-05
3.153146826772656531e-04
1.950881652600951861e-04
2.148221471503910856e-04
1.164318992195085303e-04
1.311350772479597757e-05
4.037077724103806368e-06
4.427064051578440993e-06
6.588056259764527188e-06
1.131428103997264938e-05
2.747508738460145749e-05
2.234650624888794164e-04
2.972230722383461827e-03
3.609002732899159807e-03
1.868499013509602861e-04
4.983788755829940935e-05
1.958255677172207645e-05
4.604365216152540833e-06
3.522489592146664695e-05
1.440841459311475135e-03
1.286539089862983329e-03
5.590830753711552536e-05
5.447979022800443280e-06
2.966737823677492096e-06
4.131399888640123518e-06
6.147311087105907579e-06
7.381854888612898898e-06
1.127034542720972795e-05
7.478864328382195525e-06
4.232226028014271361e-05
1.890495408147993333e-03
6.795675376915501567e-03
1.979762095006045927e-03
1.336495070767912408e-03
1.251929494553461755e-04
7.408595747253812176e-06
1.416411549909605782e-05
1.454115836799935461e-04
1.710200862589558149e-04
2.008295840395497525e-05
5.298181684706721510e-06
6.563235845844408431e-06
1.016192108876348533e-05
1.130950845924195091e-05
1.138135582841091713e-05
1.591797522478068466e-05
