1.880944269378266568e-05
1.655758631829784157e-05
1.601031297043105600e-05
1.601608766700106653e-05
1.604488421345042810e-05
1.604796385636768905e-05
1.604513996670763360e-05
1.604169629163357076e-05
1.604015423265635923e-05
1.604023789587721114e-05
1.603866063883315686e-05
1.603806494374304548e-05
1.604249148044840711e-05
1.604446581722770730e-05
1.601954340812461339e-05
1.601384445908127569e-05
1.655973828364133279e-05
1.880888746288846225e-05
1.660252843674768286e-05
1.411305149479770603e-05
1.354588062713645056e-05
1.356279519419306349e-05
1.358444487430009854e-05
1.357317961178169088e-05
1.355731344835164939e-05
1.354137646374314385e-05
1.353073788611418883e-05
1.352813588791302144e-05
1.352871893466024443e-05
1.353418856435120058e-05
1.355253112865861692e-05
1.357662738879918701e-05
1.356690696058862047e-05
1.355396834020132203e-05
1.411741646209218210e-05
1.659725993583440658e-05
1.611188159192251934e-05
1.362258002359697853e-05
1.311977052558839976e-05
1.316011433229184976e-05
1.314276363432489789e-05
1.309356772589981158e-05
1.306944212830271867e-05
1.304162182366022985e-05
1.300331282882214291e-05
1.298031025385930039e-05
1.298101340123183684e-05
1.300998775897030823e-05
1.306905238520627827e-05
1.311544409997237669e-05
1.307706353008620780e-05
1.302894191297669197e-05
1.360931344895054625e-05
1.615902692725680996e-05
1.531816048499866747e-05
1.277850580685453069e-05
1.227927028484504125e-05
1.234267901012426682e-05
1.250311694929557824e-05
1.265200807482845287e-05
1.287987303818561366e-05
1.309403430241414367e-05
1.310683538540710982e-05
1.304197401107634698e-05
1.303807947447262451e-05
1.310769309788023467e-05
1.312313591081232981e-05
1.281374183360225678e-05
1.218588364044455722e-05
1.184122231397852652e-05
1.268083947851705776e-05
1.574833478013184493e-05
1.277236746125957019e-05
1.019156732019835140e-05
8.454736933179778251e-06
7.993775200310753785e-06
9.801275959504764093e-06
1.098193065645710310e-05
1.138045089918265546e-05
1.251061367204641546e-05
1.316336691952362137e-05
1.315691441002475088e-05
1.313611652498121706e-05
1.314536635388115121e-05
1.254647904687337533e-05
1.093123092864106673e-05
9.429538443170347537e-06
8.946502769653787469e-06
9.799970498586964721e-06
1.334698504158145902e-05
1.573115143695254600e-05
1.684303809897435159e-05
7.522409661243380908e-06
4.915193874834333786e-06
1.290867944750742298e-05
1.505198638587698838e-05
9.384028176407840431e-06
1.039647213365683502e-05
1.276530863041777418e-05
1.326411676411598001e-05
1.321288452555095833e-05
1.282872457814530479e-05
1.091852545456153790e-05
9.225948949194108238e-06
1.242313441474341225e-05
1.755968531205790472e-05
1.280523765312009394e-05
1.107957107892955607e-05
7.332496194290170845e-05
3.663107347964425042e-04
9.655565619072362452e-05
3.504186639707838088e-05
2.587191727191574179e-04
1.150425796169899842e-04
1.005163092338928033e-05
7.512967685117606595e-06
1.172624712867529736e-05
1.330785592571671289e-05
1.324873419478647861e-05
1.222069184525814060e-05
9.417551693359790208e-06
1.240933328066914115e-05
1.000218256559691282e-04
5.252099247754014443e-04
1.015959095126878659e-04
1.455885757524793460e-05
2.187246859614183116e-04
8.419854378486114899e-03
8.522976136306970735e-03
3.567825414124533873e-03
1.612069191373959737e-02
8.732639129917871973e-04
1.029093242046768108e-05
5.450879190439715856e-06
1.065198617369691538e-05
1.325177045706126568e-05
1.326157456550710609e-05
1.189496941549494014e-05
8.936659052804582655e-06
1.756939082906058610e-05
5.283315353984186814e-04
7.023488967546519940e-03
5.322656880407958604e-04
2.037024974905418741e-05
3.280717661870182058e-05
9.755965312618727252e-04
8.029898047911942366e-03
8.459854368296246957e-03
8.318309111256671703e-03
3.523531298468835361e-04
9.337314798816597410e-06
5.783485072586078864e-06
1.053280398180047675e-05
1.313375483968996817e-05
1.327854189308894633e-05
1.222131552279112747e-05
9.407918806030837917e-06
1.240026944368325140e-05
9.998986933715133224e-05
5.250531764131491060e-04
1.015375588589144276e-04
1.454890082216756045e-05
3.807219116268361257e-06
3.935164414384156113e-05
8.979572168535197418e-04
1.860271688815013855e-03
2.292695953641364637e-03
7.052931281890202284e-04
4.877814250172355552e-05
1.206941830674852231e-05
1.146191218153866842e-05
1.297290977227382648e-05
1.326282140983713234e-05
1.283453236091765704e-05
1.090266534565431071e-05
9.213976090284343542e-06
1.241078171408512532e-05
1.754406650585522230e-05
1.279380668381007860e-05
1.107124770697026102e-05
4.233619517798871471e-06
2.345801271486678088e-04
1.063014858696276384e-02
5.212293016281542742e-03
8.595101411979671688e-03
6.639459752144861483e-03
1.818651883877038414e-04
1.505130993853655858e-05
1.089351235247599090e-05
1.267805568480958178e-05
1.320887327426309108e-05
1.316522060898614029e-05
1.253250425039466212e-05
1.091705632244950408e-05
9.417737656293473058e-06
8.938194888535222666e-06
9.796634270753422626e-06
1.334810918939134397e-05
3.716900598033741335e-06
1.118105673397046989e-03
1.088974699106815408e-01
1.069507906022761946e-02
6.967679652722577437e-03
3.805234448508758999e-03
7.907806057674543335e-05
9.266836183019001080e-06
9.643890405787647395e-06
1.250984970812884172e-05
1.316876645405945884e-05
1.316962528425595801e-05
1.314507700200925463e-05
1.283073687423953622e-05
1.220249419920722183e-05
1.186307073914873880e-05
1.271262805350544750e-05
1.578607698978016626e-05
2.212297212920267444e-06
6.994228137727021097e-04
2.384871437123586291e-01
7.865536274306710041e-02
3.080232870552069083e-02
6.654541483510041829e-03
1.104866705971051070e-04
1.197379373677021952e-05
1.070435798360659598e-05
1.275517094051156164e-05
1.315530912881662884e-05
1.309838717207277059e-05
1.312341424203560439e-05
1.316750913097585439e-05
1.313045196919158323e-05
1.308391100941942850e-05
1.366251247753086975e-05
1.620373980682940804e-05
4.253054113465840038e-06
6.665875208919819521e-04
1.659245935645599912e-01
9.702556791703173533e-02
1.657880519979896064e-02
1.488246924757781345e-03
4.929414774615468574e-05
1.136543167292069958e-05
1.150594823687885967e-05
1.299209863398426933e-05
1.314203098415868175e-05
1.306027343447398874e-05
1.305783835000079297e-05
1.308380609130415615e-05
1.307425519390583641e-05
1.304987566623013103e-05
1.359222362309851660e-05
1.608689084485206381e-05
7.210005170193969184e-06
2.121301128543008727e-04
1.594189720247507491e-02
1.274672488273457041e-02
6.494634482400923675e-04
3.263989397253228269e-05
6.763002548977029437e-06
7.663747413839782277e-06
1.166660330417091807e-05
1.317929549626846957e-05
1.314769870922139218e-05
1.305042732153563645e-05
1.304307977853513744e-05
1.305217052163580776e-05
1.302522169999816933e-05
1.299423152944052188e-05
1.354033632676760967e-05
1.604393308415886694e-05
1.020376259617187642e-05
9.391421912463808073e-05
3.876957025564202117e-03
4.557787353597271898e-03
1.076067780944761247e-04
5.464100192066699372e-06
4.022576614522358771e-06
8.209891928506728458e-06
1.231666310179551391e-05
1.331540318036118472e-05
1.319113146204492895e-05
1.306903890981823313e-05
1.304722991095375875e-05
1.305200935849713295e-05
1.302352250957797222e-05
1.299286992780967753e-05
1.354098076306031661e-05
1.604588492963782072e-05
1.043666549559627418e-05
7.008621947684450101e-05
4.837437211303995989e-03
1.599213505459936430e-02
2.971152896994848098e-04
8.586563154291168470e-06
5.303036096430293959e-06
8.345980157532698307e-06
1.104442053408641158e-05
1.266309324669084113e-05
1.316657887110377718e-05
1.312123244600356517e-05
1.306229382304119418e-05
1.305442734511538568e-05
1.302625935114851340e-05
1.299633885102566932e-05
1.354464760941118039e-05
1.604983776689467690e-05
1.231722312635165994e-05
1.101321056428701252e-04
5.924213950300447930e-03
9.567322227284132119e-03
1.994303968543571087e-04
1.576946505754969828e-05
1.539371633063330562e-05
1.261812322618835781e-05
9.322354791083176838e-06
1.088903281593916174e-05
1.281934254055196729e-05
1.316876641245193162e-05
1.308685981630285572e-05
1.305723799711337598e-05
1.302704980462218190e-05
1.299706325383535241e-05
1.354503521409977197e-05
1.605042743739182388e-05
1.753754383730902970e-05
2.171888192765530879e-04
3.042719982328667781e-03
5.416721396676965573e-04
2.442510291033570024e-05
6.542344016926089016e-05
4.986356370368520740e-04
1.065879626579610101e-04
1.228107195625893580e-05
9.256455598716187841e-06
1.218423039224692904e-05
1.316660392990970706e-05
1.311202926127784136e-05
1.306261925808657975e-05
1.302945512792715538e-05
1.299937988225607932e-05
1.354674989026724288e-05
1.605178207751126515e-05
1.500042137391642518e-05
2.008882192283490211e-04
4.582146971344081172e-03
1.338471459501502968e-03
7.845526902988335220e-05
4.790888125459534996e-04
7.004190336942275712e-03
5.533009413061849673e-04
1.710229369492174541e-05
8.735938943539057694e-06
1.185404635448849379e-05
1.315435191372812662e-05
1.312668268069988797e-05
1.306959542635320968e-05
1.303470954154789277e-05
1.300398887044687933e-05
1.355009298852088254e-05
1.605424604658247737e-05
9.550398614711971343e-06
9.459339805682757854e-05
5.051744454960146319e-03
6.588350657960258955e-03
2.611403182051568145e-04
1.499895969006449629e-04
5.046337102533023436e-04
1.006027593159668703e-04
1.220465491783796213e-05
9.294152563113256636e-06
1.220492903399292293e-05
1.317535041794640613e-05
1.311968125654066761e-05
1.307015176428057772e-05
1.303548306980202782e-05
1.300318639932137338e-05
1.354815594763016341e-05
1.605192368357500666e-05
1.735411117794388247e-05
2.564644554634154939e-04
5.675249400494541442e-03
1.638908944971319845e-03
4.066303913024337755e-05
9.971281127282823005e-06
1.446745261401781250e-05
1.223532769147842301e-05
9.224997326754054585e-06
1.087197159784392565e-05
1.280414140809252587e-05
1.314787173925381598e-05
1.306457984572538703e-05
1.303396247897257308e-05
1.300093303161617875e-05
1.296824070379122082e-05
1.351523709923988291e-05
1.602355395616227165e-05
2.201150584816140309e-05
1.605256032516500615e-04
5.903923226102819350e-04
7.190026098542634417e-05
6.425831044470534337e-06
4.706674217415675638e-06
7.339574797114721243e-06
9.368314178241552752e-06
1.096521710207447119e-05
1.249999991945401812e-05
1.309087110217524930e-05
1.307018850137490306e-05
1.300981176372638490e-05
1.299811325812309309e-05
1.296648976671229097e-05
1.293771379409860955e-05
1.349537858726580226e-05
1.601610964043919430e-05
1.413099388122380816e-05
1.956855440582583322e-05
2.224715546863776925e-05
9.879090490841531481e-06
6.222649440979526819e-06
8.584254777926127064e-06
1.162628052372889191e-05
1.283909355675758156e-05
1.338953962199927942e-05
1.364638160981410285e-05
1.363435053267966853e-05
1.356873227774113295e-05
1.354694551331455339e-05
1.354518539625679275e-05
1.351481750701503637e-05
1.349548752269450016e-05
1.406696352412109224e-05
1.656111202955741040e-05
1.554644631028284589e-05
1.230947367933733126e-05
1.112254092389781440e-05
1.086925153517754267e-05
1.253639242647498410e-05
1.519756065246316944e-05
1.637808159476501378e-05
1.636722628150520911e-05
1.622343509600303980e-05
1.613340740140597912e-05
1.607519729710736025e-05
1.605159858855405880e-05
1.605085977702785301e-05
1.605151367623719255e-05
1.602446578635750025e-05
1.601661979217801996e-05
1.656131572243953155e-05
1.881018072693618791e-05
