1.327301248108260739e-04
4.881545478081815610e-03
1.893132518364102485e-02
1.592080686546515356e-02
1.078187448375172129e-02
6.748206200247878692e-03
1.923137761093313158e-04
1.283032479656262168e-04
7.648968280237161514e-05
2.060667217670395497e-05
4.472151904199723587e-05
2.108475759064761833e-05
8.587876437219780004e-06
8.196412821621168880e-06
9.006387964463438654e-06
1.078376394871620370e-05
1.123586561526674144e-05
1.760470331522729837e-05
4.688355301096718366e-05
1.898490234198168310e-03
1.118511505946504295e-02
6.166552287411954970e-03
3.192171712811940273e-03
3.725370889646602464e-03
6.976854673288287101e-04
4.189498902051150622e-03
5.226358780721513872e-03
1.222187905968148821e-03
6.892316798292673179e-04
8.785098887151915543e-05
4.076516918933432277e-05
9.846499050539120616e-06
2.140072664546438743e-06
3.189849596079561232e-06
5.764309034016812302e-06
1.099145753349385296e-05
1.698558156251034188e-05
2.032054242860322824e-04
1.135465536261865858e-03
9.303586704896519167e-04
3.107125793825638331e-04
6.518101537932115188e-04
1.133713625590095303e-03
1.560448870029548275e-03
9.791992866157706553e-04
2.815350159697847712e-03
5.461290044817775947e-03
1.104845407952630143e-03
8.397241710994748920e-04
4.541468984190184593e-05
1.019743966725333991e-06
1.127303692748194620e-06
4.110687961029836034e-06
1.045950386956907901e-05
3.476347499098669368e-05
6.652167556029656625e-04
2.355233383872726554e-03
1.706668905739034282e-03
8.378045183211741114e-04
9.642413170507606584e-04
2.096445248350885162e-03
1.982296936520939936e-03
2.332153964404657916e-04
2.683041041085792045e-04
5.250358185738885318e-03
1.009040045953933477e-02
4.324309213658123451e-03
5.053848953166096940e-04
6.863304131067551570e-06
1.733287905391475390e-06
4.521731004222495723e-06
9.803887929710917296e-06
6.062107434216121239e-05
1.357532522064387867e-03
3.440112010671920757e-03
3.888478037747299110e-03
5.032066305547915931e-03
2.884948304054257926e-03
1.506114112458766929e-03
2.808591139310393121e-03
4.735556063249775458e-04
9.197735093645836380e-05
1.156354831715244698e-03
9.509438930490285782e-03
1.126918051320255354e-02
5.891766204819224619e-03
1.498999064996236791e-04
2.456948846250130359e-05
1.952323018409898419e-05
1.192419752749788442e-05
5.485966465902936400e-05
4.942562881965424692e-04
2.041852596188232713e-03
5.953400909655177757e-03
3.673541730605737153e-03
2.751135301553822316e-03
3.200270749239138898e-03
3.809239481902722876e-03
2.374659145381381297e-03
1.219654079204626502e-03
1.659271333829762151e-03
2.155563992988181361e-03
7.739339419922825272e-03
7.703794447248239231e-03
1.712619571576957499e-03
6.311468724019025272e-04
6.055199009738932575e-05
1.196799329888997715e-05
1.402209653599647560e-05
2.290327147604696140e-04
4.681589387483447995e-03
9.956906318055725597e-03
2.745161721423459902e-03
1.455093797146409830e-03
1.505357613742740576e-03
1.654239761961738119e-03
7.432959318182562163e-03
6.540361847376261785e-03
3.432657811104353803e-03
1.331529586972078063e-03
1.279659408291188016e-03
2.470368752121578689e-03
4.962485701529524562e-03
3.092308524202643850e-04
5.456012759908296464e-06
4.898151545197652441e-06
3.263386449215083514e-06
6.682251229849448394e-05
1.800224626842093431e-03
2.927381417796323312e-03
2.987989873100174981e-03
9.525094739691044535e-04
1.949359041934320717e-04
1.126328568952275736e-04
1.832891909465216582e-03
2.581342989809951374e-03
1.281550315831182611e-03
1.498291339951847607e-03
1.098250369806596204e-03
1.665904963160786539e-03
1.928209163429598369e-03
1.196070735775787850e-05
2.507558610349462212e-07
2.221993092910377459e-06
5.070655258485413950e-06
5.144207222209115453e-05
2.538831033038867072e-04
3.769859056560560459e-04
3.741878545404152528e-03
1.717855305397672765e-03
1.769851323948889164e-04
1.715693139613193416e-04
3.704519732752672209e-03
2.857730691071480589e-03
1.442656218901929629e-03
1.482184424201890734e-03
7.591246977187684130e-04
1.428163546703866728e-03
5.298183520957118302e-03
5.779113350964434898e-05
4.385977086074835269e-07
1.795916247560157283e-06
6.326601949831042549e-06
4.621074907928243491e-05
2.296613514934823055e-04
3.420914490689583851e-04
1.848323359047487294e-03
1.512212392686165677e-03
8.067970851829998078e-04
1.390021540796235449e-03
5.445984906047101129e-03
1.381991478358470622e-03
4.585313199725550917e-03
4.476752775936254994e-03
6.928027341337934276e-04
5.067517309763204351e-04
2.930077595756830702e-03
1.437287818546993190e-03
1.100966612281474527e-05
2.184920499488005714e-06
2.381243913504862249e-06
1.872894107402393215e-05
7.393748528480446804e-04
1.994661521485511894e-03
1.678703098084921184e-03
1.561452294863631407e-03
2.114259619083063303e-03
2.650295501055799710e-03
1.949307457357039126e-03
4.400698885928954092e-04
2.225984330421521603e-03
6.717230053564020005e-04
2.076729501872263722e-04
3.604872271856153650e-04
6.469281154596753054e-04
6.294622544355674837e-03
1.590495889361868748e-04
2.488389410474864128e-06
6.976458891274226166e-06
2.110719875540100431e-04
1.967571360713211634e-02
1.540072582930913751e-02
3.502673305930813653e-03
1.496370258565243557e-03
7.471674909354662948e-04
3.876323991012067642e-03
2.925279479712453168e-03
6.797729341958785691e-04
5.768076612775698692e-03
6.687807901358407657e-04
1.408955860463982168e-04
9.308420946551301724e-04
1.307468118546607425e-03
5.350805521977290528e-03
1.120129450635887989e-04
1.589090885924608703e-06
1.966311495948026725e-05
7.953988243879242482e-04
4.683453636289704874e-02
2.479755639635804546e-02
8.069518582876621451e-03
4.059887872022684835e-03
1.272510909182011495e-03
7.656940827512220306e-03
6.430172052142359498e-03
8.758891872528195080e-04
5.037231209475275320e-03
4.250887128895422182e-03
1.378232753972686870e-03
1.759527403798373307e-03
1.916534521431227742e-03
3.681292370053971912e-03
6.595967141940131521e-05
2.020381947527985294e-06
7.241240440006190504e-06
2.163808976786651375e-04
2.324174279630940310e-02
1.621910518320788391e-02
4.094651890056914822e-03
3.311592643276167498e-03
1.369092070704519635e-03
3.044942584607192217e-03
3.517076958617485795e-03
1.050124020045241227e-03
1.467914043437741102e-03
1.769039674953271253e-03
5.966236250346325680e-04
1.412979845413894135e-04
4.445035693856123449e-04
2.223850482596909355e-03
5.697129737206626902e-05
3.003113248026480664e-06
2.630432091522297342e-06
2.030656527527865100e-05
1.852765946141156014e-03
2.542479448332902320e-03
1.019726206363183148e-03
8.810525441225716594e-04
5.207212741971450551e-04
3.331672995202832836e-03
3.591459702357974702e-03
1.343424400884195378e-03
2.096470679002044712e-03
1.890846972375034287e-03
1.146991298134971310e-04
4.731545315540891869e-05
1.779302857298179028e-03
3.699671230313242298e-03
4.743495972989883133e-05
3.575963273649120537e-06
3.817934177302575522e-06
9.933753858590977205e-06
4.883442964756715262e-04
2.389561509378811382e-03
3.462590570917492734e-03
3.600250930458078792e-03
1.573544667853989630e-03
4.923079952036040624e-03
2.998159342468209847e-03
1.362037141870854010e-03
2.438015994694993447e-03
2.664288342574293051e-03
1.056522398138856253e-04
1.536950425929273114e-04
3.971698766331704759e-03
1.451061712524522474e-03
1.035384551921534035e-04
1.678121760823585789e-05
7.945087091594489476e-06
2.551008690798140283e-05
4.971855199305351804e-04
2.365981759168194962e-03
3.147072050427340145e-03
1.918857864489907769e-03
1.894608659075175828e-03
1.757515204623204090e-03
9.373555679086513796e-04
8.869603383306017127e-04
2.402073363648346473e-03
2.060224497458714235e-03
1.490660885293352016e-04
8.329515721884615028e-04
4.127467032221614381e-03
9.856018187647129416e-04
6.056454977732980910e-04
9.254156926797540387e-05
5.463377188215592662e-06
2.636603683197846445e-05
3.622510533430581725e-04
3.179979480450977926e-03
3.822357428466425285e-03
4.207467083553324523e-04
1.099175020136752921e-03
1.413148750023468601e-03
1.934610910180360136e-03
2.339922932900810344e-03
5.818794800547639860e-03
2.680637128670311422e-03
3.981432695851231046e-04
2.804509102462174330e-03
7.314990305565338170e-03
1.135954072315588630e-03
1.597671981038780863e-04
2.128593203911945076e-05
4.843356983587135705e-06
1.010321589488923961e-04
1.583775731863381036e-03
3.299201975263601084e-03
6.328550197599663689e-03
2.060065194184539355e-03
3.679065097058636328e-03
1.768907037154167448e-03
2.369460806741142522e-03
3.236959825318094005e-03
3.384918676651946928e-03
1.154751387766151738e-03
2.029407933919185475e-03
4.159311976887724964e-03
5.099794382971405832e-03
8.094302862382708047e-04
1.712976953587840790e-05
4.185772266866201085e-06
3.856526264430732166e-06
1.053560134641879341e-04
1.811009630882564432e-03
7.147260468881884822e-04
1.127128191337072082e-03
1.744715415400002571e-03
2.520245066723085341e-03
4.356297992917128152e-03
5.997759212893409575e-03
3.965954628142556899e-03
2.504853175024345738e-03
1.334647965318979919e-03
1.110019054923157278e-02
4.824242142644784292e-03
1.773123672957852568e-03
2.112618624271289745e-04
4.826855853314456908e-06
4.191883296276444467e-06
3.045300693003543732e-06
2.077457109934461831e-05
1.048773575987904964e-03
4.549038381576947163e-03
2.233684776420286674e-03
8.001826246955209831e-04
1.237360373609275744e-03
3.516412615227157857e-03
1.041370327688870626e-03
3.494508179515112747e-04
1.102754198525954634e-03
2.442839235320924673e-03
7.529004954254974250e-03
3.100169432301817882e-03
8.301465025001407037e-04
4.332175963979570171e-05
2.662860675108682503e-06
6.198156798819748739e-06
1.810620291009035400e-05
8.162413089549617324e-05
1.207016948685563041e-03
5.368887980852655312e-03
1.678223548354605601e-03
5.953069101470257612e-04
6.128479481507996497e-04
3.912836537332604241e-04
2.327581837113050218e-04
7.664374708069522559e-04
7.285325514918098225e-03
1.170068279391846093e-02
4.098303293074628123e-03
8.554489726746408902e-04
1.186037970396987159e-04
9.138159582552355422e-06
3.011984025854267129e-06
9.332486108080800181e-06
5.129622423145937366e-05
6.895456892069127446e-04
3.042089680985612075e-03
1.769499728986566756e-03
6.642399816458803129e-04
2.827094378703442785e-04
1.460517749072584115e-04
1.929249241598376301e-04
1.346650917292397873e-03
1.183682409596937407e-02
8.747544839490643126e-03
3.798203352372739924e-03
1.002015894145588063e-03
7.425953179017718295e-05
7.537833767145496808e-06
2.873561516370732402e-06
3.795640660301528302e-06
1.080352517986440131e-05
9.451001614463687802e-06
2.788928460549825687e-04
4.131552261904976146e-03
3.279476738208609177e-03
2.528417591258506382e-03
4.942479628842755268e-04
3.239621458660426733e-04
2.360860179918942373e-03
6.488531975850900593e-03
2.830988110873630583e-03
1.037753871178886093e-04
3.017933117943193488e-05
3.300862283546107575e-05
7.995205912614730321e-06
2.982252392015767844e-06
3.418522384990172470e-06
5.172612926916638641e-06
1.092453605568702101e-05
2.006762108431393897e-05
1.013192416202998280e-03
1.406798607383064233e-02
4.336958552402166676e-03
7.200398128724391604e-03
9.116328866176746579e-03
4.915225101739750801e-03
3.396944055609084009e-03
8.951736074645366562e-04
1.032563901692912461e-04
6.344133437613010468e-06
3.544063225180664489e-06
7.824244098682786553e-06
8.172721261100485693e-06
8.475615728534174648e-06
1.021484848862641447e-05
1.099379481594020575e-05
1.775208460274660754e-05
