1.221850839979063375e-05
1.082123769585161528e-05
1.047323407847005003e-05
1.047095643412710612e-05
1.048891584387741225e-05
1.049202891998672992e-05
1.048904683289731570e-05
1.048793599982582645e-05
1.049148542417333588e-05
1.049377352371706506e-05
1.049277427888923956e-05
1.049441698915696067e-05
1.049758313864135610e-05
1.049370574490847299e-05
1.047100503052362902e-05
1.046757518512424579e-05
1.081640821412524043e-05
1.221955524247010405e-05
1.084590281571674100e-05
9.290664733058222202e-06
8.925441734777430668e-06
8.926626625332725263e-06
8.933660412982635807e-06
8.921727322738023477e-06
8.913551976830581821e-06
8.918442296929895782e-06
8.934343323644530961e-06
8.948987548129202525e-06
8.953225122923826187e-06
8.949086338294859577e-06
8.939598710320133254e-06
8.924666753873951089e-06
8.894030168216423749e-06
8.881928684976810157e-06
9.251162381352535382e-06
1.081985843473596336e-05
1.056798219657482078e-05
8.959368400534872370e-06
8.578743337735430106e-06
8.604681188702766205e-06
8.631542513675604300e-06
8.607407333793577737e-06
8.588219543391194174e-06
8.605211981736136375e-06
8.629566015874677983e-06
8.623295385293726223e-06
8.609507659873602938e-06
8.623643904051316565e-06
8.634453901447498985e-06
8.609760540199348924e-06
8.556822692148374456e-06
8.526385633113256021e-06
8.884168864761476822e-06
1.047219649175697339e-05
1.026601622571388057e-05
8.296247201860454067e-06
7.741168674311332221e-06
7.979798539735598266e-06
8.415057366366936203e-06
8.645416125159279675e-06
8.684012214769469123e-06
8.640935595158926447e-06
8.415983331360060330e-06
8.019533724323621625e-06
7.808457892910891613e-06
8.021832202138325278e-06
8.422432545092694873e-06
8.635613258875748615e-06
8.617155526269907982e-06
8.558217265930053100e-06
8.894996852277651026e-06
1.047208272390749943e-05
8.614072236196639452e-06
6.300086045165003847e-06
5.746986266266156533e-06
6.122806996576720621e-06
7.177498575265858987e-06
8.300009992453291353e-06
8.707820483326912957e-06
8.286034028539251810e-06
7.188172936674979519e-06
6.222443955477320237e-06
5.924011611468299350e-06
6.226934683646310883e-06
7.190729082913267397e-06
8.251502877346180524e-06
8.637862083778585608e-06
8.611629932668474595e-06
8.922625728395815181e-06
1.048876042343958423e-05
7.161014933275811277e-06
8.310648608558729859e-06
1.149716140431993110e-05
8.239803954027396455e-06
6.157642540695056466e-06
7.306836546421610946e-06
8.335322459396185999e-06
7.268427640524522656e-06
6.120491966667733827e-06
8.294643623681212396e-06
1.182220156592700104e-05
8.310004387139980649e-06
6.110877704444031426e-06
7.191167493832896387e-06
8.423929313390874222e-06
8.635198702824360928e-06
8.936761593678300221e-06
1.049139254444806613e-05
1.000539433185224287e-05
7.342684121460167754e-05
3.817486045310288650e-04
6.905286804637268553e-05
8.137146492240206761e-06
6.153531382337540250e-06
7.550685401215574395e-06
6.341813727424407051e-06
8.376818657696335002e-06
6.780746285206666103e-05
3.601621577446661505e-04
6.787324055984869859e-05
8.304534220691023777e-06
6.223395514788911268e-06
8.017531829057512741e-06
8.619450642244300091e-06
8.945799442303895366e-06
1.049185464541348081e-05
1.412840865269522067e-05
3.667354331752068907e-04
4.814478078468897686e-03
3.419220681688591042e-04
9.510065741099349275e-06
4.620061069623372362e-06
6.292778119400959196e-06
5.802855890452751640e-06
1.192756654400093822e-05
3.625956251097895138e-04
4.862504138520742751e-03
3.603173320082094172e-04
1.181303482612552450e-05
5.919503506301373098e-06
7.801762084779768040e-06
8.600602853484359220e-06
8.945935593330923936e-06
1.048941333810750097e-05
7.069117572769960156e-06
3.802469646930800080e-05
3.390226568484916892e-04
1.266118309532504062e-04
8.543501209350874150e-06
3.399503326819772266e-06
4.386391588841030477e-06
4.573293432036477269e-06
7.324343987835447987e-06
6.619700133536041446e-05
3.618731701217955260e-04
6.816372693730557550e-05
8.333947056314928086e-06
6.250361196924425253e-06
8.049586363839085826e-06
8.638622083434135227e-06
8.947918202812412254e-06
1.048621310728047535e-05
4.587333470573168320e-06
5.670996625774515424e-06
5.767012128294176705e-05
2.539842884218353105e-04
4.646197039402118851e-05
9.865325675566985516e-06
5.052507968853745271e-06
3.190416505947524544e-06
3.508752505841792094e-06
6.666974510485220221e-06
1.133116507474917711e-05
8.388478367536336401e-06
6.169301117183197221e-06
7.224532113558219226e-06
8.479250293279762561e-06
8.708958916589037310e-06
8.986223374432976050e-06
1.050832489259050385e-05
2.193108825790693092e-05
1.130114028243755332e-04
1.495426859162196252e-03
3.669976695269748599e-03
8.780282712036506726e-04
3.067321929837320119e-04
4.724641251800055434e-05
8.620340741144596734e-06
4.833808513445219215e-06
4.027820814645969467e-06
4.836330741343859157e-06
5.924316254381480833e-06
6.656922452448638071e-06
7.311219965418659464e-06
7.880083593444726431e-06
8.368770101021763761e-06
8.973413797670084691e-06
1.057231260078863802e-05
1.158053721421798581e-04
5.905305356110983166e-03
7.212582228532166129e-02
2.959407187919061918e-02
7.415711950524426707e-03
3.716865297630153348e-03
8.451870947311578789e-04
3.606123278503249141e-04
5.811556341128835550e-05
7.106939582076325606e-06
5.019394231369410230e-06
6.096978991921263472e-06
5.878086070062508669e-06
5.484506172148536238e-06
5.730004682255886987e-06
6.838677365605179848e-06
8.446882726394777267e-06
1.056306532015545692e-05
1.095224762243745636e-04
1.404972956463583153e-02
2.625355293833253056e-01
1.443904301205387042e-01
2.733529775292391217e-02
1.397463527070509030e-03
6.425660561850939177e-04
4.395167929576201775e-03
4.885433344159913465e-04
1.137070995597431748e-05
4.336570837773949355e-06
5.278032014966792812e-06
8.507379573283814882e-06
1.253670316155111743e-05
8.423574970861970120e-06
5.947171293034871017e-06
7.338991510657633276e-06
1.028392898089445960e-05
5.976024538419459598e-05
1.251967918532832270e-02
2.413241010746913773e-01
6.402827629753285454e-02
1.020661615383410513e-02
1.898315505417411347e-04
3.778052452967945059e-05
3.005091100315031879e-04
1.001070481374248820e-04
7.392995782392578104e-06
3.323107956055389238e-06
5.559270492651965893e-06
6.208246757684686261e-05
4.740607689671388772e-04
9.362442729453720634e-05
9.562619858706988301e-06
6.662945434454705541e-06
9.869110689128525609e-06
1.059492166279794146e-05
1.157492691101777785e-03
2.381007252099670915e-02
5.503780155028019719e-03
2.113973717365858450e-03
1.201714243972774513e-04
7.275914533002304956e-06
9.493100060865773985e-06
9.094706224729923928e-06
4.190246391866985194e-06
2.661030985006809800e-06
6.760147393219615473e-06
2.949056218937490996e-04
4.371825381168184879e-03
3.380255033920625618e-04
1.220318438330058584e-05
6.431797005859749476e-06
9.725874626249576130e-06
3.198547863397647705e-06
7.010085070876643468e-05
1.680912505575156944e-03
2.627636823563335618e-03
3.497146352501314618e-03
3.032562251807464568e-04
9.944242122004234028e-06
4.392530603254020128e-06
4.672947776760313143e-06
3.489213527997490593e-06
3.616758503951879285e-06
3.133799145922814758e-05
9.318863731908264827e-04
9.155689003145041143e-04
3.607098739060916756e-05
5.395288788538890220e-06
6.160234409025822327e-06
9.987352545994106237e-06
8.155598218474963978e-06
1.551867152071556533e-04
4.624966315665324929e-03
5.452645099324492962e-03
1.016794641559202799e-03
6.752090318882241502e-05
7.900072159006436904e-06
4.931830383017806053e-06
4.987216133609348992e-06
5.722266863600430326e-06
1.394120890613506400e-05
2.957951927442593648e-04
4.204631347192301291e-03
3.281666125994950182e-04
7.320708537716038460e-06
3.577406599148540940e-06
6.723970952042522744e-06
1.041752250099827035e-05
1.149826714434792548e-05
7.172296532441145903e-05
5.801791656078925281e-04
2.772853250089893926e-04
2.413047366247774776e-05
5.396139691686626058e-06
4.455066140497887994e-06
4.963280640574042332e-06
7.989551784864716590e-06
5.844410625619050350e-05
3.473858086141752067e-04
4.744946193193522589e-04
4.262824269998063856e-04
5.594539763863707194e-05
6.296812989353518523e-06
5.168590779419561315e-06
8.020188682351207934e-06
1.066441143253857476e-05
7.659789957220948344e-06
7.425472613682114747e-06
9.481800197284972565e-06
6.859907780365173707e-06
3.716450099758754166e-06
3.768027679342983437e-06
5.356961576145092588e-06
5.371338432210567524e-06
1.207852987922621214e-05
4.103247757297978312e-04
4.647450900889274657e-03
3.285386979356305311e-04
1.538360096905645220e-05
6.207792444887491689e-06
5.739201353365283989e-06
7.201120709509341262e-06
8.856818743163823339e-06
1.065738514456519472e-05
8.413147010786884323e-06
5.373837782562058193e-06
4.242525361647197996e-06
4.343288782329920768e-06
5.231006201878525127e-06
6.758900608967299213e-06
7.540969314079221039e-06
6.023861248118104422e-06
8.100458193903122681e-06
7.655594507518037411e-05
4.111134398309013063e-04
5.612673634562971819e-05
5.580133331817812897e-06
4.460426744896050029e-06
6.772082741872942731e-06
8.337302735861427491e-06
9.048863203670110122e-06
1.057239936071821278e-05
1.024818340153145199e-05
8.044287485485605285e-06
7.243466593002317084e-06
7.452447203355256018e-06
8.122554597212073654e-06
8.689836743182240185e-06
8.576983367749013145e-06
7.086436901263155727e-06
5.781915844726584810e-06
8.059049452309360648e-06
1.214909264333858105e-05
8.236310131890577042e-06
5.659077770260040166e-06
6.709556609749168173e-06
8.251336386387362302e-06
8.690971364794944847e-06
9.002729061593297104e-06
1.051615395915504489e-05
1.061756417231405848e-05
9.017753015226330385e-06
8.637467612966803120e-06
8.679473450756755023e-06
8.743959612170022465e-06
8.767984059463653594e-06
8.715492951044821784e-06
8.203079104509385157e-06
6.989699046216468906e-06
5.955141714389208540e-06
5.743761846065233232e-06
6.196727221345204743e-06
7.230856184786753814e-06
8.298283143469036206e-06
8.682484209222826507e-06
8.636926423753623930e-06
8.925022839575972707e-06
1.048131762405399952e-05
1.051839209304446919e-05
8.950186355993942376e-06
8.600624645064208285e-06
8.610536551042845577e-06
8.612899247605481669e-06
8.607091593579316785e-06
8.636412600470303168e-06
8.628354105686390722e-06
8.385708092107392925e-06
7.942077514844828238e-06
7.730989750665144113e-06
8.000270605334055681e-06
8.445087434597798361e-06
8.659018460682712859e-06
8.624444557098596032e-06
8.555605768812720959e-06
8.894656701988081825e-06
1.047865362392444514e-05
1.082556151878314010e-05
9.263721985887700216e-06
8.898626410390447146e-06
8.905347186161668052e-06
8.919699398549046815e-06
8.920207898095329548e-06
8.937125689384414748e-06
8.976334038824185875e-06
9.006214358102487648e-06
8.995126088885188655e-06
8.977937231821581411e-06
8.994555676157772565e-06
9.005555647752931352e-06
8.975944522917892590e-06
8.919755850746801277e-06
8.894297926071904637e-06
9.259969561272216355e-06
1.082650352898914359e-05
1.222452570845893272e-05
1.082618929538591967e-05
1.048037247751693538e-05
1.048108382469892848e-05
1.049601306487792077e-05
1.049581130659208841e-05
1.049766253511963624e-05
1.050847356994574828e-05
1.052676706589182152e-05
1.054377777778514017e-05
1.054987837146767991e-05
1.054234842314505170e-05
1.052611287457407977e-05
1.050782071351310172e-05
1.048178725264542141e-05
1.047882341694462107e-05
1.082602917564050158e-05
1.222534262281193815e-05
