8.173944068197878054e-05
1.808499141419346373e-03
2.956153634025038193e-03
1.808738702679210013e-03
2.180856337026229087e-03
5.928894047945595068e-04
8.724639928198151277e-05
1.507147665669030879e-04
4.459323148634194073e-05
1.127511627930585018e-05
7.462704122985406002e-05
3.870222632085295114e-05
7.625824398721416791e-06
4.271963117077025646e-06
4.120055979097410729e-06
6.639592022368714283e-06
8.934448745986314455e-06
1.561906956739927304e-05
2.740598977419513884e-05
8.113650108842106147e-04
2.968638279390254427e-03
1.893123254371421090e-03
1.506629601993128955e-03
4.690226218060120989e-04
2.159836028706373318e-04
1.424746151119031089e-03
2.446243589092887607e-03
1.792003789453575991e-03
1.096636555210058058e-03
1.210871583584585904e-04
9.186934376499762580e-05
1.748763368162379971e-05
3.215016622446839183e-06
3.747416386589768548e-06
4.301427744844532367e-06
8.815347046664727626e-06
1.798515013378436652e-05
2.795042941418464312e-04
1.552788137975710326e-03
1.269418288243584188e-03
1.323688759285639518e-03
1.416346224260485367e-03
5.910725356001222995e-04
7.124876607657164860e-04
2.417872031062093599e-03
1.029206837774998030e-02
2.720411159751548631e-03
4.903738981132301639e-04
1.159854577352857456e-03
2.145827491117374849e-04
5.560570519967032678e-05
2.307208440025919704e-05
5.321585398502368230e-06
7.780019275329499824e-06
3.366665947778211567e-05
5.527263395300798529e-04
3.507885492595045999e-03
2.130448623826130573e-03
1.860626589925262492e-03
1.199272999248117985e-03
4.871381870510090376e-04
1.089426392008440575e-03
1.460647069844539471e-03
2.349991474506358310e-03
3.518436274040996712e-03
5.836854254958239244e-03
1.991326444008262309e-03
4.057061633557538724e-04
4.408394946187377305e-04
5.714126107784261370e-05
4.220888379601875343e-06
5.948803567662785103e-06
8.159751540595417755e-06
2.778563774463820826e-04
8.959978474680345764e-03
3.757268602418904063e-03
2.793802038588829358e-03
1.735650942824944459e-03
6.950090850736608027e-04
2.512532216914136005e-03
2.398410965153772133e-03
2.395883208154428717e-03
1.714384510983876526e-03
6.665968810260813719e-03
5.529641230670320588e-03
1.206860656841422536e-03
5.005964412809445815e-04
6.208832409354878403e-05
6.137430464808479676e-06
5.523955111897064934e-06
1.190583943248598208e-06
2.178749061495778190e-05
3.873177483624108859e-03
7.077276059866010986e-03
3.075728498064374695e-03
1.460165459106929804e-03
1.867497675732054593e-03
5.341278739190661456e-03
2.474270039816692680e-03
4.938013187334997119e-03
2.150344911483262778e-03
2.524421795065926073e-03
8.896903783578477554e-03
4.255240250917517210e-03
1.680630552407438817e-03
8.156011260471259698e-04
5.135961912458853189e-05
8.086840945693411661e-06
1.877035535442758555e-06
1.903380216243088968e-05
1.216686481843696479e-03
2.996512394032346469e-03
2.025440669778560184e-03
1.259989911092232245e-03
2.465271324399875667e-03
1.587750154049296291e-03
8.312827462566963312e-04
3.747216320420041023e-03
3.223639639815897677e-03
1.643363224724897010e-03
4.212445356978644119e-03
5.630180881972325288e-03
2.113409321530547967e-03
7.711976970330336641e-04
4.258151090923069127e-05
6.181663727707042820e-06
4.833997346163444446e-06
9.153128712458332035e-05
2.162990095999999668e-03
2.445090699665980125e-03
3.990831887535774281e-03
2.281867048363849307e-03
1.358570230133205377e-03
3.586267368055630323e-04
4.153868076482083592e-04
3.179392510669587415e-03
3.482274611676891476e-03
2.022453337353486737e-03
2.845773601102326560e-03
3.434573038838589255e-03
9.861080382140869228e-04
2.477144422698742679e-04
1.918547656446843342e-05
4.752032193192751436e-06
3.958313848858466319e-06
5.409582511481986260e-05
1.366751828821808528e-03
2.664228019589509524e-03
6.184350148069949447e-03
9.412908993478442520e-04
3.091111567577993838e-04
6.726008333321003511e-04
6.987483788547596423e-04
3.310545442905903600e-03
4.430765582663915084e-03
1.602046152354428534e-03
1.041432769912111833e-03
1.302719092598023575e-03
2.071231412028572919e-03
1.462134856976368691e-03
5.393577291998469958e-05
5.890228695095222982e-06
3.829694075348948506e-06
3.787345583254277435e-05
1.441291950791591002e-03
4.039815374521906095e-03
8.296510420450858153e-03
1.492877299984245220e-03
5.192959250096903937e-04
2.275481829393843740e-03
9.239149078327053496e-04
9.562584489249755133e-04
1.556325405003508924e-03
1.069654073635643550e-03
1.061237408470277165e-03
1.506869091907063214e-03
3.723868844539525089e-03
2.176496967542981484e-03
3.801010355363742296e-05
3.641447668663955349e-06
2.449007630713514842e-06
3.922060797200094349e-05
5.020511914432397929e-03
4.942857759919191962e-03
1.830116796177334035e-03
1.553875473984346264e-03
4.369107586208759598e-04
3.557960991116213825e-04
2.130508310283017574e-04
6.210450374800282507e-05
1.214487526981785590e-04
1.122575992848072425e-03
7.664686386852078781e-04
2.131495089258277379e-04
1.132794512271025848e-03
1.651185617280652483e-03
3.537535811966196933e-05
3.298554708900839959e-06
8.635504554506818092e-07
5.953282956118382337e-05
4.863316950176613945e-02
1.580395899039910637e-02
1.504131599550049712e-03
2.118376493906036235e-03
2.816526595307478520e-04
1.355116960937300990e-04
3.507182370804468258e-04
8.464861844808350944e-05
1.405202948319320242e-04
1.445804866682291875e-03
1.225216326600626318e-04
4.013130516811128648e-05
1.910985909617580938e-03
3.738584917622794681e-03
1.376602359589775698e-04
1.072335042777277988e-05
4.005568288731224251e-07
1.172318578727861037e-04
1.943420619050505727e-01
3.796448824854540410e-02
4.358437388134481748e-03
6.005606252379945206e-03
2.324302150788938506e-03
1.376114711070566474e-03
1.803531448151454242e-03
5.690161398754836879e-04
1.084547142945576975e-03
1.237011226898205403e-03
2.316252236108435247e-05
4.749296760337167242e-05
3.341044971975396047e-03
3.366426521183217731e-03
6.357191234438959232e-04
4.534988349839000295e-05
6.537843126070572305e-07
1.814860944503718029e-04
1.030694930647211016e-01
2.852661208630351622e-02
4.853612267661722851e-03
2.009578880278213749e-03
1.920319489784261735e-03
1.666681661956220242e-03
2.817982847982669452e-03
1.688259152460791068e-03
1.529413416235105277e-03
5.817512722055807016e-04
4.054884151392133612e-05
2.327506311036236445e-04
1.181042859262789813e-03
6.501046529211421555e-04
1.060050307083411098e-03
8.180111315712064836e-05
1.821080017508450645e-06
3.943775020533506431e-05
2.581763690088222183e-03
5.704481374570537743e-03
4.942101771172124382e-03
7.606599502296147296e-04
2.525265621230262281e-04
1.390618040527353649e-04
2.847015698881201983e-04
3.962248540710212961e-04
4.446999906782423545e-04
3.229305630260296883e-04
1.417481803354865599e-04
1.315705689466760940e-03
1.871550620767152779e-03
4.698393297759311709e-04
6.027825780754037920e-04
6.287850464691571674e-05
4.152165074785855961e-06
1.199329714256062995e-05
3.975311003930943497e-04
2.166363028640218378e-03
2.219640385912094969e-03
2.358574380952559429e-03
1.628260527163744162e-03
5.786000657806638714e-04
2.678172545109475827e-04
1.793065592562738126e-04
8.069221640203813259e-04
2.235395057887049584e-03
2.928210004551841427e-04
3.036513255614710079e-04
2.798313349573464549e-03
1.704911971052441508e-03
1.380174098519059301e-04
1.236835557635991513e-05
5.099363661685348799e-06
1.049518165501353808e-05
4.893369197446705531e-04
1.322612756161597666e-03
3.436395048964295909e-04
9.815458652697576537e-04
1.342263081280489073e-03
1.468701414668406374e-03
2.090725283951903966e-03
1.357877902592280603e-03
1.764427297042728141e-03
2.555840609797387693e-03
3.329437801822588447e-04
2.349895700980318073e-04
2.832096185241131121e-03
9.301939199253809369e-04
2.234728230868091972e-05
3.866719521164347845e-06
3.146199774629886598e-06
1.136589806904306694e-05
6.624118961336483095e-04
1.332899850566113655e-03
7.370004458060076943e-04
1.924541967692817036e-03
5.995530368306117592e-04
4.211667906316447882e-04
8.538429903252231414e-04
2.224096996733444104e-03
2.971585853569111771e-03
1.757707892128757433e-03
2.389879154871665378e-04
9.246959281710334221e-04
1.661736481173982849e-03
1.460272375951932381e-04
4.623210509946659220e-05
1.854121398595157867e-05
4.543342872705435151e-06
5.251072744834628809e-05
1.176748853322208280e-03
5.019562172822109036e-04
4.348532833279943857e-04
2.236922273191100513e-03
1.002527079024986010e-03
9.099372886034671733e-04
7.809163137774457466e-04
1.069707313247118168e-03
1.502403080210215234e-03
2.038198022418705093e-03
5.557171763826262295e-04
4.513339253660045118e-03
1.152617654089147089e-03
2.313209473584986972e-04
5.951873994915575158e-04
7.024883746169914534e-05
2.656849290212635837e-05
1.452337787293246055e-04
3.401481248434539036e-04
5.689622893727700002e-04
9.953550777166602151e-04
1.975498811879458205e-03
1.603997027896810097e-03
3.073875207338536749e-03
4.712527746053830034e-03
1.938885058104859033e-03
4.228152788868514886e-04
1.701774442682730832e-03
4.508189752754556724e-03
9.609502427176492764e-03
5.853259938885577553e-04
3.880433737660940550e-04
2.917196872468006633e-04
1.051826160115239699e-05
1.073969370886552755e-04
3.681439670463892847e-04
3.880484992043295076e-04
2.765593523953775550e-03
3.840000332185321014e-03
1.818902635684564511e-03
4.336357358853445542e-04
3.092471594137298453e-04
1.702904361444137734e-03
1.041807945083554447e-03
3.481851013352204216e-04
3.440999334640289144e-03
6.489779310122035898e-03
2.885274765319099173e-04
9.634989926811975269e-06
2.328533816654966871e-05
1.465082956509434589e-05
2.333817510258164409e-06
1.342239379734985157e-05
1.968250374179816365e-04
1.963900971344805998e-03
1.605272266158187756e-03
2.652071570835179567e-04
8.332535134744829299e-04
1.514793360943279994e-03
3.223390835327961230e-04
3.633125416059306435e-04
5.103117918030630577e-04
1.308063607059799715e-03
5.315710496835947783e-03
1.872302837732093932e-03
1.842627792319244477e-05
8.288983195265697390e-07
2.571619206428935023e-06
4.374863269415023156e-06
4.694036010359974017e-06
1.851065968318721508e-06
6.381134840110583317e-05
1.598336128390633742e-03
2.202828538121247097e-04
2.740003129735303037e-05
1.432440019028940743e-04
9.188743039344403037e-04
7.184492550935895000e-04
6.210242275293588205e-04
1.600997098277576235e-03
5.019713354610325778e-03
3.631443141765766484e-03
8.147040172211414757e-04
2.975047403984292692e-05
2.585432878740504467e-06
3.162449855517205202e-06
4.985139066083569088e-06
9.112404797527461526e-06
6.439356259129547297e-06
1.141815048166300908e-04
8.095941688085177973e-04
4.371062341812921820e-04
3.835998485853430373e-04
2.467057652742870319e-04
5.745194699289564314e-05
1.405866872610529435e-04
1.421368756995495912e-03
2.084626860448069580e-03
7.726767112214791983e-04
1.442445420904807634e-04
4.264990164121210895e-05
1.291046107719793851e-05
5.116677063717511427e-06
4.822727068042190650e-06
5.434210308323094907e-06
9.717512707501840935e-06
8.402651620739082282e-05
6.952956395526300017e-04
2.274085601238228383e-03
4.196152602667090580e-03
5.407960500535864343e-03
3.367507193786686403e-03
1.075618431736771280e-04
2.093658259452490353e-05
8.430364560138406177e-05
6.369167996119419928e-05
1.954688174022545585e-05
6.665964034941438982e-06
4.615157384386731396e-06
6.415794164539196666e-06
8.439731994059045472e-06
9.227788116465214703e-06
9.367112548810291892e-06
1.514446494223387734e-05
