3.293466201983497494e-05
1.595081218900891592e-04
3.782956808667903119e-03
8.367790440781732245e-03
4.322312472795380349e-04
1.684192108200408490e-05
1.278207915143012953e-05
1.314764667030003115e-05
1.365483899551555360e-05
2.802014433107528896e-05
2.296427485991188184e-05
1.723084643251427111e-05
2.205986601274255934e-05
2.815814834180272269e-05
3.100981431170040043e-05
2.968886293705299902e-05
2.943063375679153701e-05
4.296511127065874948e-05
1.192259966940645422e-05
4.628708595019768253e-05
6.592386978372821336e-04
4.170962085024382780e-03
3.871340921709805292e-03
4.510511173457749717e-04
2.706157727421043915e-04
7.005040356940218894e-05
6.348072500302538344e-05
2.906838945904078502e-04
8.244193106628160106e-05
1.719542896535933136e-05
1.047707116580592086e-05
1.028543468144076010e-05
1.545972574990623938e-05
1.908409315139372229e-05
1.945830213344849772e-05
2.979574604220974141e-05
1.367161777995902840e-05
2.756536322953870538e-04
3.328202244912324085e-03
1.958071647790343532e-03
2.044329477115263208e-03
1.483122557947108133e-03
1.733287852471069018e-03
4.774127724519891211e-04
8.787932779128639462e-04
2.325563523650600421e-03
4.606038509455814898e-04
1.730038298373902611e-04
3.724471361953726002e-05
7.251745815705662541e-06
8.274207014564160942e-06
1.503852307024034574e-05
1.869706539752460884e-05
2.978888975739768996e-05
1.115039624440429765e-05
4.704254363765739914e-04
6.879426905891175559e-03
3.803562297417345766e-04
1.535706744716664059e-04
1.019874813247934747e-03
1.321869548862476124e-03
5.823290901353555876e-04
2.866643764511155653e-03
1.580464575098103428e-03
7.916886021275948817e-04
2.613035373589740404e-03
8.211947486803331409e-04
2.647738631381370619e-05
5.126036963629066028e-06
8.333599870102165603e-06
1.398105678422815997e-05
2.641322823310634333e-05
7.233171385696164850e-06
1.127333377987282590e-04
1.311301199536671867e-03
7.757090768511149860e-05
7.124688483013662547e-05
2.979456257364474035e-03
1.860666091623931285e-03
1.113867558846846776e-03
1.246691553903989981e-02
4.370891768752990965e-03
3.254940275890389097e-03
5.855172271981674663e-03
7.464260414547679509e-03
2.375351864893576563e-04
7.835326741148189778e-06
1.118454674945127913e-05
1.516482279196888143e-05
1.959843341035756830e-05
1.024406603719658897e-05
1.788797083597347805e-04
2.531779097124945300e-03
1.431734772904944193e-04
9.703052940896662762e-05
1.560292510568369716e-03
6.533408893582316745e-04
2.267191135394165495e-03
2.279324290209601769e-02
7.531148943315397679e-03
5.576453342534292909e-03
2.228607349728384344e-03
7.328410444927268251e-03
6.358601648081076184e-04
5.492727370369153813e-05
2.834599151002651610e-04
1.058808478295641866e-04
2.195502180235298569e-05
1.300568858069377623e-05
3.033979264326401928e-04
5.158580125854472093e-03
3.319100663194278532e-04
2.536512463325954632e-04
2.069409347922360112e-03
8.027730063753814576e-04
1.758403854077397960e-03
4.663368261029616525e-03
5.591150258765094881e-03
3.362062345588628324e-03
1.052096794787094622e-03
3.138373927579621043e-03
2.962489791079906884e-04
2.019093753815418306e-04
2.768777705418731718e-03
3.270264102101329610e-04
2.433320143229322113e-05
1.422165518742463022e-05
1.914845272215478708e-04
2.447729301902480930e-03
1.846625789490156965e-04
6.782442450341993044e-05
3.356041531929211653e-04
3.894811703502314322e-04
8.561948459272135945e-04
2.634164996422357855e-03
1.351312129891906084e-02
5.846683628209532226e-03
4.074844157514431395e-03
4.831694007513677273e-03
2.741826361476142255e-04
3.581432253904153189e-04
6.161260872805649803e-04
3.843262601939689160e-05
1.340296283682680634e-05
1.454060790220841779e-05
1.002451794031434233e-04
1.501354742077277982e-03
2.912307993473511295e-04
5.731864288152914189e-05
1.427649288667179751e-04
4.420884871051759509e-04
2.288687477475888441e-03
3.495603711802396010e-03
5.354144248688220975e-03
5.448493418816213046e-03
7.411871308365021449e-03
2.881795046442820005e-03
7.819512684453927814e-04
2.953861341303653208e-03
3.152032129133206114e-04
7.511058170491298225e-06
9.937830315255634459e-06
9.484734083707765568e-06
7.638485480976763985e-05
2.800386954047900771e-03
2.914756954260824991e-03
1.644902803462801018e-03
2.101176400997961137e-03
1.135795411140058620e-03
5.510393035700761073e-04
1.564456270694500057e-04
2.986414116976065505e-04
1.722361372958954246e-03
2.126447855804989000e-03
8.393223723177319680e-04
1.212938822191559404e-03
3.346903640867636334e-03
1.753776531113396123e-04
7.138609489238287886e-06
1.241150515979048700e-05
5.197952077447857393e-06
8.186075271641023057e-05
5.483314360131594234e-03
1.070125891415450725e-02
1.046717909603541406e-02
7.059819001910180511e-03
2.591362748947717912e-03
6.981102717166227760e-04
1.542832282116208111e-04
4.759369613586808588e-04
1.663378942115742486e-03
2.838158248854807334e-03
3.625365236436070126e-03
2.124648785052903575e-03
1.597660326803082087e-03
3.632490575411733823e-04
3.519245664226609182e-05
2.195243069112413832e-05
3.130852969382959613e-05
1.281472390571875269e-03
4.897655452038895268e-02
3.850265609174247788e-02
1.007831227323816026e-02
2.033090647790701273e-03
1.686008248399531104e-03
2.024548206235881383e-03
1.177489030826285848e-03
5.719680445758918048e-03
5.173321610212257282e-03
3.774738659459649787e-03
5.675567887420359704e-03
1.853990372800787441e-03
3.126568392888637131e-03
3.173334772400022291e-03
1.830329391412621450e-04
3.256098793092927020e-05
1.483507159913173968e-04
6.648499400802588589e-03
6.814861164481343658e-02
2.524433363342138900e-02
4.083511966703137416e-03
7.247361921368227497e-04
8.024257053146394321e-04
3.421864979491726923e-04
1.897450092916063639e-04
2.615389516689092201e-03
6.455457841549805051e-03
7.438758587572109199e-03
9.149264740516504721e-03
4.717737349699322943e-03
4.704080583525882368e-03
6.678635927787759203e-04
3.094721740777849365e-05
1.826508737569307824e-05
1.768142840686459506e-05
1.366011647157153262e-03
4.491497002771355912e-02
1.458354910862203271e-02
2.918938799056335250e-03
1.097028529803150895e-03
1.686738725580355690e-03
5.173442256470438955e-04
4.320798303924672798e-04
1.321315097252653403e-03
2.307699361786491252e-03
9.256170435639896749e-03
4.203693127410220061e-03
2.956669255311739509e-03
3.741837521117944831e-03
1.051303489518662409e-04
5.580339535723143910e-06
1.280285542862657521e-05
3.956167942450083967e-06
3.152681365412195245e-04
1.722606358517290298e-02
8.379453988924513708e-03
4.820719642398107151e-03
6.303087516837508307e-04
2.076204507366466228e-04
5.933715679936999061e-04
3.791316616519258258e-03
1.166778224446527162e-03
7.123102080964545261e-04
5.154356224333413519e-03
1.955782049478462653e-03
1.529328521087986933e-03
4.304419129032698021e-03
1.869310515724744706e-04
9.136252042632147019e-06
1.759182053187963261e-05
1.077851844141982393e-05
2.136162990285634354e-04
2.924638122852809326e-03
3.215806117479208959e-03
4.904776352603758272e-03
6.643510658259552375e-04
2.205912084811484039e-04
7.385716454926948178e-04
2.500069319490081255e-03
1.078442845444621198e-03
2.217079044534289722e-03
8.729879528282099774e-03
5.610635832351585327e-03
3.784228926238946376e-03
3.391830279955538111e-03
2.015583547257950806e-04
1.472467294064969154e-05
2.267752061394718216e-05
1.544957555792415320e-05
4.765216975112396850e-05
4.074725220994873187e-04
2.311871941005937733e-03
2.600998363979386760e-03
9.189463438297962522e-04
1.945463846244446619e-03
6.550648540286498978e-04
1.087271283360083287e-04
3.642635434708998260e-04
4.955087446546291644e-03
5.345170926610159912e-03
2.439847859334936739e-03
7.322127380770300379e-04
2.524283572213795006e-04
4.011029552652711918e-05
9.973888443547491631e-06
2.210463133609387438e-05
1.411060048796498633e-05
1.081821845423430314e-05
3.010725639582441043e-05
7.260950951795181905e-04
1.945358742613622835e-03
3.121160048557891425e-04
5.283906466965918947e-04
3.846241590863228596e-04
8.729427305546188934e-05
5.386126347012927702e-04
2.045351357290642325e-03
2.693011481166266048e-04
1.044228451792038017e-04
1.053890194830472998e-04
2.605548570809190670e-04
7.914445767715339150e-05
1.097828742077929582e-05
1.949061339384811629e-05
1.067600026550057600e-04
2.489540370352428893e-04
1.989545195404107398e-04
8.829793213843092382e-04
4.980513417070583796e-04
2.848553644626206153e-05
1.328103503151352417e-04
3.350620740992123897e-03
4.690212348556575123e-03
7.697809084073908327e-03
2.450882458154587332e-03
2.152516916727666315e-04
4.728078012751669328e-04
8.544400842645552248e-04
2.432191521363551937e-03
4.489351107632010983e-04
1.865905085225609344e-05
1.899295404232051731e-05
3.563797298014952618e-04
2.847757642436565123e-03
4.596086941567983399e-03
6.698678589198896714e-03
2.994406057301647497e-04
3.055768313753208981e-05
7.019453982079015917e-04
8.560876408299483015e-03
3.762008666550390248e-03
5.660440326520038527e-03
4.677558873851812155e-03
1.861958607424335369e-03
9.271063571524273614e-03
1.300375749012660804e-03
1.846407387945261740e-04
6.807121787452491901e-05
1.526914482519344573e-05
2.177526431676443650e-05
4.045935709583864393e-05
1.629418722134387326e-04
1.145930919657227624e-03
4.792842447310531780e-03
2.979936459240155864e-04
1.791797307505701758e-04
2.816273768458314123e-03
6.463274255502187956e-04
2.972720358994429600e-05
1.089623045236987156e-04
1.373414657201743648e-03
1.423098480250012095e-03
6.966925424285336796e-04
2.689468720373208764e-05
4.062075072483415076e-06
8.061357142245139149e-06
1.321350531560525555e-05
2.720726608353020139e-05
4.922282459199149427e-05
6.357268546009737327e-04
4.019027138222060203e-03
3.051073624420988072e-03
1.719781799742747808e-04
9.123611356415266174e-05
2.026120041324392274e-04
3.069488016992991532e-05
6.329094658274292978e-06
4.993543910729523859e-05
3.339277379693341308e-03
6.836098370018381908e-03
1.944590631021802900e-04
5.836653457322970695e-06
3.665402782169272566e-06
1.007432615474521710e-05
1.754335781307470301e-05
3.056263480442121072e-05
2.621014556615415287e-04
7.119200543168725283e-03
4.078503121921763300e-03
6.818294125968538252e-04
2.735569072733196722e-04
1.790535713369746196e-04
4.396960990052837479e-05
5.521986879781866142e-05
3.103597794520422041e-04
2.225669149360980179e-04
3.637692250602615578e-04
5.665388764537167884e-04
6.079541029156183699e-05
9.882946181386658240e-06
1.122259768008001579e-05
1.730216992637281952e-05
1.927443989869306962e-05
2.928106663054479738e-05
1.636836405892132099e-04
8.699232634316166751e-04
2.762359848726916476e-04
8.092735547810005464e-04
3.319702690423444874e-03
3.801551164245342822e-03
2.829270426754488242e-04
4.083362671462946979e-04
6.922477957152643399e-03
3.637667833395125724e-04
8.008751487411642950e-06
5.810716920344136443e-06
8.970125732861260193e-06
1.260752504663689636e-05
1.797179579862500341e-05
1.928348334020411824e-05
1.896941205937581479e-05
2.925682949465617570e-05
5.614464513553924646e-04
2.125647833295511192e-03
2.685091177681479899e-03
2.631390650748221399e-02
7.558738484359190518e-03
2.851961328541682654e-03
3.854850262993550817e-04
1.050480746346581148e-04
4.255173375101189048e-04
8.086115567830620796e-05
7.206803864428773809e-06
7.523011079300941350e-06
1.727966385979069191e-05
2.768920591828529724e-05
3.105683467182784489e-05
2.922759895363706727e-05
2.921526577480578602e-05
4.302079456837867416e-05
