5.308181138309815591e-05
7.985084101600510706e-04
4.032534872564207465e-03
3.807438697171158706e-03
1.971369636688301199e-03
1.026592570037816672e-04
1.501011689846909338e-05
1.278977549580130688e-04
8.030018511196923212e-04
1.968484323976882756e-04
7.332957621044301767e-06
1.875060866762654676e-06
3.401512799145495603e-06
5.696495309905853706e-06
7.478185762993767485e-06
8.832866084467728163e-06
9.819061622307861378e-06
1.625940977850848343e-05
4.628961021745370376e-06
1.813503634867929550e-04
3.747758628617817427e-03
1.140568832932314057e-03
8.000719419065316839e-04
6.346028006716510029e-04
4.340930789148095617e-04
1.378312118253365677e-03
4.449195863700123113e-03
3.227946219657068343e-03
2.815660106543289485e-04
1.818292073661586649e-05
5.471324529990649042e-06
2.719401323339555173e-06
1.349960787264921779e-06
1.582832750503556127e-06
3.123768413560566973e-06
8.431338015677409945e-06
2.374468637704564479e-06
5.847087268108548409e-05
6.659061884682288338e-04
1.284153990778044089e-04
2.052384697357701403e-04
4.321977420255420808e-04
3.207497572014076422e-04
4.977551536949851316e-04
1.599081785565080677e-03
2.485628029227518118e-03
3.728990982460315528e-03
6.890455548971750844e-04
1.940096297387347698e-04
5.581177047490198262e-05
3.747773267779481693e-06
1.760212507579437291e-06
2.911039684607532811e-06
6.518580968650456227e-06
4.171608532961089360e-06
3.448473241080509717e-05
1.347042777285626443e-04
1.453597787954972098e-04
1.415017001520266736e-03
9.385387375135357483e-04
2.528301421360051177e-04
3.002783274374640383e-04
3.872432391198379767e-04
3.129513657160827491e-04
5.229102960543617097e-03
4.935564785644002903e-03
2.278463054557435061e-03
1.785536348188471222e-03
1.927184486839502440e-04
8.814139348757690827e-05
2.689926041525806064e-05
8.880090281139802480e-06
5.301134658965471968e-06
5.568201510203156361e-05
5.649458269675220953e-04
5.656908535311164308e-04
6.207035749412642038e-04
4.205015555761712682e-04
1.425027718451188450e-03
1.900437349200548732e-03
2.941038886680201795e-04
8.905955597051370216e-05
3.324297340017045698e-03
8.588143763336933065e-03
4.824173801787675492e-03
3.980740674756027934e-03
8.127341892610279259e-04
5.119099758615367141e-04
6.090651387681967325e-05
8.250637797938622657e-06
3.496324244355214436e-06
5.381327050821080321e-05
2.105911891390795185e-03
1.432880116390913491e-03
3.138436399021896778e-04
3.108617135469943899e-04
7.599240489261936465e-04
4.058593010664042337e-04
2.921781079848380109e-04
3.915932554532029460e-04
2.176710694027990563e-03
3.195967149927345791e-03
9.015817320234049970e-03
1.020371110591782558e-02
1.688437920316436221e-03
3.650492632817372261e-04
2.099123737991447121e-05
4.957969559843952302e-06
4.067440035883470478e-06
5.864831798425107723e-05
8.571964308009854443e-04
3.970967253093221454e-04
6.623891808756955961e-04
1.343012206601650917e-03
2.980814203614836396e-04
2.738370870222800823e-05
1.063663236766757849e-04
2.060159648997450608e-03
4.103150185091533099e-03
1.505834875073322129e-03
2.792499592171766853e-03
8.970420791819307821e-03
1.053541910155355275e-02
1.602230437318949777e-03
3.120995940395698078e-05
6.169764370541929902e-06
4.988018391554596351e-06
6.147079224999940183e-05
5.489607191318400439e-04
3.122750413627007411e-04
9.369855811706575936e-04
9.619419057000878556e-04
3.185634257728067742e-04
1.148010676138137728e-04
2.011468310329023797e-04
1.433825711773917917e-03
2.975679338474640414e-03
1.961926152155948119e-03
1.718852599733929499e-03
4.350403305674536113e-03
9.189983571405982085e-03
1.226666526963330131e-03
2.363266552266909249e-05
6.122178838993054770e-06
3.475265065213606683e-06
4.362055950963891608e-05
1.391523640348785043e-03
1.801052864549943823e-03
3.326753459809459173e-03
1.567716046833781893e-03
3.757319900380368203e-04
8.128015359575022688e-04
7.649783955593265385e-04
5.025756242725184500e-04
1.078976912765399658e-03
1.892400501475454723e-03
1.106398784399267952e-03
2.288545691899415268e-03
1.836003146760089091e-02
3.542176567075579815e-03
2.435704839927918018e-05
4.010411538873892253e-06
2.282698938256542918e-06
3.716712614527271300e-05
3.206281933405715195e-03
3.105614208367633508e-03
2.047900300862445701e-03
2.565466137920723207e-03
1.219380613774481703e-03
2.049625418600565033e-03
1.001150789262221031e-03
7.510678405127432919e-04
1.566676829575222021e-03
1.237822744418306696e-03
5.615706264249670796e-04
1.402140363940893118e-03
1.114593018848521189e-02
5.462711164936535219e-03
3.575578091463445642e-05
2.263345462088641525e-06
4.678144561448399246e-06
1.270927682427269842e-04
8.460435530072869803e-03
5.723037988177141072e-03
1.671783542068599679e-03
2.366659344301045697e-03
1.864618461425409345e-03
1.196772933998675953e-03
5.184107785601049139e-04
8.326134145292928956e-04
1.548545067043442759e-03
1.500847186344704673e-03
7.761640424495734559e-04
1.663420703710391914e-03
1.024336122886545034e-02
8.706432609357829880e-03
7.986032758126098362e-05
1.927964629620982217e-06
4.143457196577394791e-05
4.740327256200786189e-03
6.770441984579581018e-02
1.253797285816150506e-02
3.778119418216622279e-03
2.132437242627481088e-03
1.228643539458011648e-03
1.747117499326182252e-03
1.896736536124099320e-03
1.440224038388732012e-03
1.116073048474687133e-03
1.713761824567038407e-03
8.159150915752989494e-04
9.338810830110272094e-04
8.537082495070997742e-03
5.467838322317964024e-03
2.569446443578622587e-04
1.076107715591817229e-05
3.948033369997582258e-05
1.071414380696531984e-02
1.207077617734858277e-01
1.797330261300510504e-02
1.049007408828796055e-02
3.754849713906032588e-03
3.831612403824555691e-03
5.982537795091330893e-03
3.408908313184623624e-03
2.046040777252918982e-03
4.242921903028102357e-04
5.215950878905120571e-04
1.595904705971076072e-03
1.719454756953823008e-03
9.298889634261744974e-03
5.976608120740758978e-03
2.236139016268892752e-03
1.199276499055369039e-04
7.061108197748876249e-06
2.069926196978722106e-03
7.043135916485228354e-02
5.872518547466834202e-03
1.638211811246184473e-03
8.092842414215562072e-04
1.393014874919937208e-03
1.049730267526327284e-03
6.801735484808255983e-04
1.872043680820483207e-03
2.201499312046646163e-04
1.479256324383201968e-04
6.442556663046445330e-04
7.427378730592784509e-04
7.681627401166839231e-03
5.258895049839727373e-03
1.167683790854388143e-03
4.755922180092903310e-05
2.444902426089533283e-06
1.046375548602082297e-04
5.183390706445403437e-03
4.173908939350580438e-03
3.348068034848791005e-03
1.033652879509983427e-03
1.702377949434970240e-03
2.827293045469842121e-03
6.190193049356632581e-04
3.064363807254053495e-04
2.694364071593379427e-04
1.758516658904963692e-03
1.148226382254791209e-03
5.490595718663894911e-04
1.370526843769855237e-02
5.476547259203026242e-03
9.115016485435598927e-04
5.351758922053198087e-05
3.459072823231929731e-06
1.624572658926096741e-05
5.927178854085488708e-04
2.136034062387667711e-03
7.240273630334411164e-04
1.861180713485601531e-04
3.643864747964813914e-04
5.590759315273150518e-04
3.626510624509351782e-04
2.286701910230373583e-04
4.226965391958358953e-04
4.084128322129254064e-03
1.420216270745468115e-03
1.134169041385812938e-03
1.070542742080845752e-02
1.024325331142436580e-03
4.595843502819757032e-04
1.120657940527433632e-04
3.728783185250969167e-06
4.290056536351393845e-06
2.139748036176058316e-04
2.636454401298574547e-03
5.998688596261278049e-04
1.732029318227857207e-04
5.901845104967538234e-05
3.859913554865326238e-05
5.682529348166777275e-04
2.380553447798884007e-03
8.501315638117256691e-04
7.121985421196038064e-04
5.159561968242142938e-04
2.034551852462643338e-03
8.356621218761791509e-03
7.697655506240447861e-04
1.216186943926600309e-04
2.454700564195083537e-05
4.521685814458702905e-06
7.298850703497780209e-06
2.061560321443262728e-04
8.064229345677746208e-04
4.218166427864820695e-04
4.455285711859861440e-04
1.614209249228984802e-04
7.428048990484900182e-05
1.083930985928767188e-04
4.568822634441722734e-04
1.112250832912889224e-03
3.549273848866794380e-04
2.577405561117331154e-04
3.927864492186519500e-03
7.259336659013240593e-03
7.634421307591686022e-04
4.308678860233846046e-05
6.247601834489607697e-06
7.388168033176015379e-06
5.335798717587412392e-05
5.821620032026894164e-04
2.141163828115350833e-04
9.915199482852928784e-05
8.307514942312423730e-05
1.547785857529523825e-04
5.727736229012372633e-04
1.864965515487439034e-04
8.347340280389699708e-04
4.679591035277979628e-03
1.281203840128207743e-03
1.434519952888893210e-03
1.107872143970818797e-02
1.956316521614270051e-03
9.031951631787034883e-05
8.613137758334531982e-06
3.701027490636276534e-06
4.698385201356498997e-06
2.246276574613480142e-05
6.148905377223047694e-05
5.186772181026901588e-05
4.245125761618240246e-04
2.388575521266598015e-04
6.924115866654365894e-05
6.341593510183976415e-04
1.527994087128702657e-03
5.169324445220694828e-03
4.458476482037212509e-03
2.326464353649044820e-03
7.570589460840116899e-03
1.288618784967731669e-02
4.131508010903024025e-03
9.392064674162493073e-04
3.811372283447117169e-05
5.289210681457566564e-06
1.836418723519935581e-05
1.151000042573719945e-04
4.898306486049096943e-05
1.712760207333579131e-05
6.294666948428522760e-04
2.269788863964534911e-03
4.335492284977866969e-04
1.163890835457708980e-03
7.093584054051869535e-04
2.491021823531127679e-04
7.769981326752804741e-04
3.620396433791543168e-03
8.761024734737790642e-03
2.186961940002537033e-03
4.937259959734928948e-04
7.278688359068773584e-04
7.770631437926082833e-05
7.643062501553652031e-06
6.260095315204020896e-05
1.656738280372411750e-03
1.736944739052261478e-03
2.426298074327831885e-04
3.533892255922949674e-04
4.278117237289463478e-04
5.981889429117341920e-04
2.667214642035653158e-03
8.757168384219204483e-04
4.505065984688388166e-04
5.713701283026706955e-03
8.071951453824619330e-03
3.949934681122408038e-03
1.427057036622869039e-03
6.376135864692199034e-05
2.001117578218466458e-05
1.167959836024048021e-05
7.206482828176112042e-06
5.258787295987884914e-06
1.395279015680957809e-04
2.264465149788001241e-03
1.582776527284063782e-03
4.413030670098435151e-04
5.263868799483183375e-05
4.801970542682753630e-05
4.356329597455147569e-04
1.910622236390869611e-03
3.713649367498442558e-03
3.446112846105431685e-03
9.879463061177205449e-04
1.745616062687467649e-04
8.434353381709695980e-05
1.532346783223640955e-05
4.109623820985784583e-06
4.103657701505976791e-06
7.729408979886662781e-06
2.787520845715341887e-06
1.292374046787284167e-04
4.444040091110369045e-03
3.361743132778381108e-03
2.600758037996485621e-03
6.432158270821541077e-04
3.954655069912536218e-04
1.260490677146527830e-03
4.348715636755809931e-03
2.441699860602175760e-03
3.249607834483661376e-04
4.538657848184458735e-04
6.528452562998817777e-05
4.278915401399357489e-06
2.897881750623871425e-06
3.617989660133943965e-06
4.610147887681360804e-06
9.260447331492378719e-06
3.436634111965178139e-05
1.908026472422658885e-03
1.361884399368787357e-02
2.070577997175671991e-03
7.615276540079287748e-04
5.276953701811780374e-04
1.431236967521599306e-03
1.442274574035888818e-03
7.395600080042659787e-04
1.491116483617101619e-04
2.420885388868558509e-05
8.526108063764617354e-05
3.858888720878964746e-05
4.693412455519316538e-06
5.128665469956318528e-06
8.765971304627197930e-06
9.866303326344468268e-06
1.574485236319479292e-05
