3.739218872482494120e-04
8.424303553919527607e-03
1.512493888175277766e-02
1.042918173423598889e-02
3.387152657221715463e-03
1.415798627582910349e-03
3.020391280920064429e-03
8.201487199628553198e-04
2.840481722531288224e-04
9.807178285725883979e-05
1.347176491265555449e-05
1.158448856483105221e-05
2.198150260093839864e-05
2.657976225913054856e-05
2.922712840876848483e-05
2.939297724820796702e-05
2.960798848302040158e-05
4.189876950890028946e-05
2.625766594937423124e-05
7.241812698994248149e-04
2.305423063779810447e-02
2.306669351605864990e-02
5.574933297027907277e-04
4.106818344046269021e-05
1.185356706712234210e-04
4.096998411975944052e-04
3.075391224876595879e-03
5.108317596546803514e-03
5.518992720654490635e-04
1.552737001030905610e-04
4.405522549487414730e-05
1.411741757811763483e-05
1.520427708151709713e-05
1.887837231746787963e-05
1.960900075212182957e-05
2.931170080385989740e-05
6.291196355306849986e-06
2.902479229684328771e-05
3.350344174662244086e-04
2.783243297077716508e-04
3.212728319103102213e-05
8.205402127721206224e-06
5.135679740830494886e-05
4.950459908749075709e-04
1.523412854047302527e-03
3.356675731921934455e-03
4.645376099430358584e-03
3.851024636759054539e-03
1.300318245516318499e-04
6.591795987816655897e-06
8.270612967225038215e-06
1.631159077244425672e-05
1.921885946169767068e-05
2.878786087979170918e-05
1.675406101156228709e-05
7.243439599362565826e-05
1.714807528891633989e-04
8.579158726087392824e-05
1.443961074640032769e-04
6.110214654277094514e-05
1.371079305707898594e-04
2.210916861023201792e-03
9.622917663173858422e-04
1.518410773371531189e-04
8.930425392279963803e-04
1.475975658819195929e-02
5.645938975443446804e-04
1.022769377782172202e-05
8.922829818946078094e-06
1.591912286519598480e-05
1.964992499566684176e-05
3.065777094741893610e-05
3.014895246092347557e-05
3.294970130033634615e-04
2.668248727502616977e-03
2.690163865120660195e-03
6.792663733355352139e-03
1.174741535949098015e-03
2.324309848165595689e-04
2.432516641502507383e-03
2.756652280987555333e-03
3.995050852482176420e-04
8.164307804042009393e-04
1.646109497686472009e-02
4.984845079951903506e-03
2.084005319563307613e-04
3.776650943891792764e-05
1.595199612453745324e-05
1.587687787786570292e-05
2.813733640559530044e-05
1.015628877430405582e-05
3.956961470991985453e-05
9.779477576357835985e-04
2.333028110730600482e-03
2.653705153591324681e-03
2.441878416078492597e-03
1.457077725127869624e-03
5.921018771202987002e-03
8.634258247575424261e-03
2.466616581817724675e-03
3.921371512344234522e-04
1.230129060959894195e-03
1.087078574891048310e-02
3.480969700283026869e-03
1.214891762097757629e-04
1.191279405149554839e-05
8.603603325234337784e-06
1.751287931507942638e-05
9.758454153983319555e-06
4.348295859765075581e-05
9.210346232121003522e-04
2.841120594957322271e-04
2.852268482310095298e-05
5.687544771211626161e-05
1.444764813072818620e-04
8.746900391404371098e-04
3.025095553606603049e-03
6.327000640532686945e-04
3.032939556079170611e-05
1.029296863193395660e-04
7.218793320778682521e-03
1.074091709684657156e-02
5.686444915216994122e-04
3.077066694657144841e-05
1.012726600901652757e-05
2.217407327129945340e-05
2.372198059939867689e-05
3.701388510727396256e-04
7.210446841945411522e-03
3.087689689481951799e-04
2.905739376864228230e-06
1.135214666152332944e-06
2.589682216125240416e-06
5.496186497479137520e-05
7.885685163724393985e-04
1.083284699454845014e-04
4.028006510667452136e-06
1.133435821819915450e-05
8.319934954653593340e-04
9.912595589900218690e-03
3.362891535823969193e-03
1.495512863636809422e-04
6.086682726711212309e-05
3.931795204870992323e-04
1.343554523708651259e-05
4.876401892082769622e-05
9.863091569303652877e-04
7.996941680002861994e-04
2.065327602887872635e-05
1.871177757108158134e-06
1.221014730374289147e-05
1.043459444615676360e-03
3.245263526028712743e-03
1.092855918976084627e-04
6.204914653559009754e-06
2.068665999472406579e-05
8.672242919014780220e-04
3.482832186191788491e-03
6.172482225209626307e-04
6.781960788349838932e-05
1.637994165644106597e-04
3.719813683028764823e-03
1.030690136827501491e-05
8.024454304017914153e-06
8.946255715474064289e-05
2.256375039866380730e-03
8.758572270651046338e-04
3.383767100589924934e-05
2.471381736879513821e-04
7.473587826258111695e-03
1.133539047399495384e-03
1.188816001813711436e-04
1.383156896011505357e-04
4.492402403169119341e-04
2.593396864746876519e-03
1.376599960177107796e-03
5.525569923118301991e-04
2.736625151498502779e-04
1.357320586725064768e-04
3.790972705153424459e-04
5.263342733805679587e-05
1.644691522592181055e-04
4.737762673689114874e-04
2.642188689799259988e-03
2.754055754885298413e-03
2.301775644388664164e-04
6.194940859735169900e-04
7.092792529536114500e-04
3.960924515768495782e-05
2.537790767476730876e-04
3.833151830496190834e-03
7.145079061699872135e-04
2.230657192319937250e-04
3.193145306989579905e-04
3.171509387438947551e-03
3.738121915355123361e-03
1.056181834050693341e-04
2.002133583441062148e-05
1.329500346585115540e-04
4.230965566585067651e-03
1.751239506280930294e-02
9.036324922456840172e-03
4.970510883311757971e-03
2.004341149763116600e-03
2.512868576757135673e-03
2.061899509737464599e-04
1.015622157492010306e-05
1.853613046312381930e-04
3.422141168432860613e-03
7.272127781899916966e-04
1.781503985593489562e-04
9.193320572588457222e-05
5.204655549870680327e-04
1.516126814291125649e-03
8.389384611591289332e-05
1.254480735508114601e-05
8.059872754785487789e-05
5.430800972445149963e-03
4.968657234971902287e-02
9.695164968825630003e-03
4.112857735154178997e-03
3.617851361465133919e-03
9.381339374916314831e-04
4.180354348611623161e-05
6.459082107988511291e-06
5.927868261387935910e-05
1.343244073402346216e-03
5.034192233565501842e-03
3.040252337201617121e-03
3.352586030569410349e-04
7.164155580223184345e-04
2.439399264706066175e-03
1.694387074619499976e-04
2.193468802279481780e-05
8.499372504038012817e-05
4.452957179316529082e-03
6.003573564045921324e-02
5.979799757175719745e-03
3.879294845603686284e-04
1.332504193136086422e-04
3.002847195558044940e-05
7.160382972915726200e-06
9.479695006686271117e-06
1.469305521864199384e-04
3.417954692388720968e-03
4.661357145572232741e-03
6.049328145229784445e-04
4.450621271446166417e-04
8.486689606942984104e-03
6.680748112412755561e-03
1.139260394865727910e-04
1.909686148359393209e-05
2.478283766872225311e-05
1.647701964809688202e-04
5.943377276352017347e-03
8.692779689167427423e-03
2.210050278146994394e-04
1.320735988078824135e-05
7.155990664899949408e-06
8.249456576768017890e-06
1.508461292351027206e-05
8.065884550119058487e-05
3.608062986653331073e-04
8.042833088663566010e-05
7.741235284482287198e-06
1.102134539564574093e-04
1.441039275133666926e-02
3.147107030164600968e-03
3.358033485450906403e-05
1.339854612750383707e-05
9.750760104366094420e-06
2.381316075448511934e-05
8.955817856303258800e-04
3.492298101464824406e-03
1.652825078282078918e-04
9.795371150188131960e-06
7.452084299278572289e-06
1.214342957776500765e-05
1.143719600823514426e-05
8.982831024014818508e-06
7.725180779023845678e-06
2.663178060578319162e-06
2.011172266254646364e-06
1.345909133095911467e-04
1.391440409063087261e-02
2.097798267005982972e-03
3.121125008606707914e-05
1.487864463817374729e-05
1.756347226192205775e-05
1.778302006972310475e-04
3.171356843634099820e-03
1.649775972618603955e-03
1.992507235705240180e-04
1.930784344214252416e-05
5.486773791295834764e-06
9.818144906673645426e-06
1.278812840637107362e-05
6.547982156134133483e-06
6.167483690959022296e-06
5.774340774197762524e-06
2.051120986685890774e-05
1.222901804640663974e-03
1.818196378474492073e-02
3.171602518463811308e-03
1.092144831803015706e-04
3.012602655046787476e-05
1.410320517940019191e-05
2.865610335115888587e-04
4.896732568304603024e-03
4.381320400240166710e-03
4.245378327704837397e-03
1.956130263067303661e-04
9.214308900209954600e-06
3.059504878264026148e-05
1.356997901156364948e-04
1.239863616560317569e-04
3.624095161376668459e-04
2.956614623708854082e-04
2.128257239165179133e-04
1.554745433228302580e-03
2.491673622241295186e-03
3.635708325928582274e-04
4.898208390635124052e-05
2.918390063136680896e-05
1.066784905016862182e-05
2.768434997430838074e-04
4.098951674592603116e-03
1.790339191099990816e-03
2.587633053355495576e-03
6.879312843136750578e-04
1.420851191227790974e-04
8.181911011614580219e-04
3.208933259457437057e-03
1.281293213638593550e-03
3.145680400165621216e-03
3.643706819817734560e-03
1.386629066041664008e-03
2.878122064720585113e-03
2.743298977471141705e-03
1.707728514758254188e-04
1.656274190215749434e-05
1.958243600302564494e-05
1.317786965001021721e-05
4.065029613494787475e-04
8.270317236217614165e-03
6.420016221425745538e-04
2.775430043335465379e-04
1.943920880961422107e-03
2.397485662814335082e-03
5.091936963924116773e-03
4.752436874321538419e-03
1.979000011301440055e-04
1.637664639971968695e-04
2.588067082249083731e-03
1.107057976735696669e-02
1.322104369992786743e-02
4.918013945930239245e-03
1.922137215663846839e-04
1.600837105341366870e-05
2.084345888624681496e-05
9.676710671086715307e-06
7.740882381672809333e-05
5.104470084527952187e-03
4.210603104174565937e-03
1.419414021828887358e-03
5.782442378237691652e-03
2.743297286967009627e-03
5.356720055562935907e-03
4.384343210945050237e-03
7.936767184889486433e-05
1.101579879671970620e-04
1.278918002005036483e-02
1.246509377833405346e-02
4.542404662571535067e-04
8.330155826928173563e-05
2.494654265168044503e-05
1.329554829540996688e-05
2.511522571207669354e-05
9.734463877263309375e-06
1.359666024893447088e-05
5.177915731812358490e-04
3.224903575709000755e-03
6.627129576578933952e-04
4.049464435547193162e-04
3.556669892501593071e-04
2.349844338225034589e-03
4.640560212965440592e-03
6.478012954076813219e-04
7.040059856733058398e-04
2.730356446934507908e-02
8.467659693416474190e-03
5.158531143115929833e-05
7.156516334545068420e-06
9.320912889413553295e-06
1.480195769500829782e-05
2.898452456846596832e-05
5.138313766061993582e-05
9.399567731544651030e-05
3.047246762094425309e-04
4.118632996423041300e-04
1.148512979412698293e-04
1.228485167729842411e-04
2.203033997514378518e-04
8.195474308123102021e-04
2.728710195337984579e-03
1.081717635130049690e-02
2.080798678726516419e-03
5.643742916846542683e-04
2.919717565683149145e-04
3.412296360067463142e-05
1.189600351264765425e-05
1.402662834484155518e-05
1.827049462654327890e-05
2.947231184008276659e-05
2.837528620518697375e-04
3.719126557758879997e-03
5.622473204306902353e-03
3.123696375551151833e-03
2.391453674758440076e-03
1.793102963475864172e-03
1.833371400233324436e-03
7.220477673368452462e-03
4.727536562585146936e-03
1.031633684156355729e-02
3.331965574715062099e-03
7.945234190887978676e-05
1.478604950292957607e-05
1.375888377588098182e-05
1.675268778310035474e-05
1.874414904706119767e-05
1.980368710588095401e-05
2.974959900534135030e-05
2.053025832818220191e-04
4.900928142021359658e-03
1.880973791730352826e-02
3.447586014258076370e-02
2.716562281592038372e-02
1.191603033158322071e-03
4.357033947693331752e-04
4.264423668447475148e-03
6.247749544923470637e-04
1.320908282798151411e-04
2.564405579443529686e-04
7.272505652768870442e-05
1.991451656021217965e-05
2.097461726545050395e-05
2.823368533899475502e-05
2.944602158071278473e-05
2.971659418885065052e-05
4.191139115593480347e-05
