7.366959799364412029e-05
8.218354062036809697e-04
2.340494407531311849e-04
8.655205809460002366e-06
3.588934552768713355e-06
6.727448784389195647e-06
6.053351946551411986e-06
4.331580647222899212e-06
4.106663955847067472e-06
5.624771921689919368e-06
6.498076740277667985e-06
3.646426172730283438e-06
3.218145958505946970e-06
5.142187089682784516e-06
6.972978878933400471e-06
7.350309930059286354e-06
7.452650470867653043e-06
1.078816856169854732e-05
4.104861760921147970e-06
1.354363261532433381e-04
6.494871757547806537e-04
2.235600992189079725e-05
9.750725527290289669e-06
6.153958518262769135e-05
1.455491505002700716e-05
1.528320142831406091e-06
1.788016676757945627e-06
2.098543591153955427e-05
8.535877858970967742e-05
1.131511840389969070e-05
2.649500446714190578e-06
2.716493617479363248e-06
3.122233102871253381e-06
3.941345092173953835e-06
4.656118771925171519e-06
7.362957322236199839e-06
7.280594955681203406e-07
4.877883813430802275e-05
1.434275415251401670e-03
3.964934005090177692e-05
2.761406614174283637e-05
8.054568975451365962e-04
6.145611286523534867e-05
2.072600872045998181e-06
3.351945366304127676e-06
8.095772942793837026e-05
6.405115924523062561e-04
1.491763624622463027e-04
6.171527548662912902e-05
1.638355906634982682e-05
3.157640778612398852e-06
2.997872435717440912e-06
4.347272973241164654e-06
7.223257027008022267e-06
3.147322551929047002e-06
2.047090488871914900e-04
4.192029268319360548e-03
3.644065546971034155e-04
1.550051558963356601e-04
9.447756954938176140e-04
7.819346385539037892e-05
3.487965987595151806e-05
6.226480482185302757e-05
4.541303643180465599e-05
7.104656687355693568e-05
1.462948824453332692e-04
6.614411366932705519e-04
1.002058744439335433e-04
4.406752193560426225e-06
2.820835472923343507e-06
4.394842998926072299e-06
7.447143219477909962e-06
5.978243321377530925e-05
8.319430024113067500e-04
1.247623112207121637e-03
1.493063661570966181e-03
1.057391915211114116e-03
9.295995871340861699e-04
1.851100188441726633e-04
9.470219550883098025e-04
7.267218732711440334e-04
5.741234652904855757e-05
7.513640168878643415e-05
6.315374473925103218e-05
5.535574888685187859e-05
1.700392805083099761e-05
3.555831110877281230e-06
3.388250770645310102e-06
4.706416267507516927e-06
7.561012512857856096e-06
1.531574813432107977e-04
1.592719756774482525e-03
7.791851531460199012e-04
1.670907833893183142e-03
2.036035939762813850e-03
3.381650749404409555e-03
1.850436850576958050e-03
2.499466779895928321e-03
6.393266879018090400e-04
1.317995392169412966e-04
5.315492129268042020e-04
6.521905958222598044e-05
1.753609879855346763e-06
8.989082957109306374e-07
2.088002008313529498e-06
3.965079161102042543e-06
4.876114970332033192e-06
7.675518474849367715e-06
9.747999254120283481e-06
1.516135087647337248e-04
6.858987417364823458e-04
2.164912061990868341e-03
2.599699071384555405e-03
2.550902120944509473e-03
1.366475392989299330e-03
6.616418405707749075e-04
3.681514783107252753e-04
8.549426098321202957e-05
1.951958157227496053e-04
1.523202248674979998e-04
2.983179524137492005e-06
4.033234537793476230e-07
1.108511830124168451e-06
2.730231916750965302e-06
3.550944959146675078e-06
6.587050960743541602e-06
1.605924027067620724e-06
4.887563184027001416e-05
1.145516908216230156e-03
2.233194801879612168e-03
2.287391655588617845e-03
1.471843142456343348e-04
1.752141749719769910e-05
2.518186733305292116e-05
5.084227726860092705e-05
1.869901964454509337e-05
8.340417137838037568e-05
2.693177730202343627e-03
2.469987412919184833e-04
2.768752335079929060e-06
1.516536443520506154e-06
3.602286153348578906e-06
3.380151886715680168e-06
4.744406009945414063e-06
1.869885425010285784e-06
1.009696218911636083e-04
2.803089209786463303e-03
2.426270663809183738e-03
4.630715251409659242e-03
1.314784547930220667e-04
1.006865838727615283e-05
4.584779541686897060e-05
7.819465765879023665e-05
5.829704801129039930e-05
9.136477691994610321e-05
1.097181169673410546e-03
8.079807984022147017e-04
1.973648177125079449e-05
1.468406255406550450e-05
8.173112971785828846e-05
2.058658190095097359e-05
5.021929898431110095e-06
9.409260125003162973e-07
6.372005946065672827e-05
1.021126221159597731e-02
1.427795521503900066e-02
1.259552682938656909e-02
1.101684765843677664e-03
2.687892544616351034e-04
4.630708791008033795e-04
2.577785141665620396e-04
4.759261145478479831e-04
1.712368711942653134e-04
7.430716774741817491e-05
1.444736061109099402e-04
3.663053848351401109e-05
6.797003626319063970e-05
7.069690772383628412e-04
7.995102618651528468e-05
5.544698468186046962e-06
2.760648694795424409e-07
1.884589356477270856e-05
8.979210693158337642e-03
1.679350881809388643e-02
9.966598965846333591e-03
2.894809428662472629e-03
8.766007284648837409e-04
3.091231525215619642e-04
1.667067313464849450e-04
5.449155813163459542e-04
5.798795461704503874e-04
3.886010518960803981e-04
5.681591066940183590e-04
1.522984846539650024e-04
3.321696750078942628e-05
6.899658157525090385e-05
1.731021557338987692e-05
3.206610510952257457e-06
1.479171701786288727e-06
3.650403537076684756e-04
6.418052609917609952e-02
2.196752809984520508e-02
1.159269588899858490e-02
4.801423811724723871e-03
2.027277798515828185e-03
1.136920798572588947e-03
6.110956167904560334e-04
4.888809853584704041e-04
6.171281441090380616e-04
1.365959824300374626e-03
1.752157171962281067e-03
6.246925428920255393e-04
6.079108523537029706e-05
7.775098783616764828e-05
2.441614906313316257e-05
3.382384041338543853e-06
9.863909615637939007e-06
2.792500665467580190e-03
1.474936392564145382e-01
5.112584877374568709e-02
4.606511418512483635e-02
1.880419031662405177e-02
7.164193247073133777e-03
2.095317014120198253e-03
3.223691410762038632e-04
4.587165918576872263e-04
9.134080715356139059e-04
1.205673584010702850e-03
2.171816026167415047e-03
1.792168789888649513e-03
7.049194380897321659e-04
1.474645089041746104e-03
1.282093166278287246e-04
5.073686212665534727e-06
2.950322370599877189e-05
4.731623960027655368e-03
6.438085240445182156e-02
1.971915370424782293e-02
2.116364354251588226e-02
9.556303746447144046e-03
2.584929349087630897e-03
6.122368131938922672e-04
1.886779522403002254e-04
1.518017631139697990e-03
2.091955936061859044e-03
9.932093234693516702e-04
2.011071748937359304e-03
1.157027102588157512e-03
5.484216858292237070e-04
2.423904658073250461e-04
1.301531821951584883e-05
2.863277589793945253e-06
3.304428850511993124e-05
1.445653668363724260e-03
8.224543299218284656e-03
7.740970202510981737e-03
1.391298560509794495e-02
2.953493773195519506e-03
6.279401088363463024e-04
3.863376314223405180e-04
7.684198484697993324e-05
7.129563612388550137e-05
1.062781130547420829e-04
2.955455037662122614e-04
6.948236950380966412e-04
3.681025666927608395e-04
2.335443259475593336e-04
2.047416133568787252e-05
1.428292408776552117e-06
2.372645335297492555e-06
1.773923639273311401e-05
6.179604369070406831e-04
6.780216106901843648e-03
1.125856006527092834e-02
1.941231302634055869e-02
3.562245985656589242e-03
5.695751222533008062e-04
3.736176470220146039e-04
2.181359117843393393e-05
3.586474322056296047e-06
7.617036669550486386e-05
1.750188543037709812e-03
1.483517860904671505e-03
6.979455052692034841e-04
6.927187009028637878e-04
4.738713893367496111e-05
3.115923542959442427e-06
4.668770921048334197e-06
1.321287280062331097e-05
5.237754337427052509e-04
7.510227842185611576e-03
4.879035945515026833e-03
2.685858988286875682e-03
1.503709355953991317e-03
6.734521271975312104e-04
4.816445116353606907e-04
1.213334305939967771e-04
6.512376251258536009e-05
2.105641446853129695e-03
6.304254395511049713e-03
1.782978725344242735e-03
4.423696913532503298e-04
8.234996203643893593e-05
1.190924911638042295e-05
3.929965032729556952e-06
6.852122185139554939e-06
1.234922820067314394e-05
4.239554463874976604e-04
3.426051037353675544e-03
2.963493485600391698e-03
3.151213794992493208e-03
2.555726856361941347e-03
2.310188564524740234e-03
3.193441862538935663e-03
3.430788146294108058e-03
1.710866642708535387e-03
4.283842618738611073e-03
9.269006701863673724e-04
7.691764413645268451e-04
9.207063844587401024e-04
3.005441099375900859e-05
2.322786360946711454e-06
2.540168011809890075e-06
7.190217510070825917e-06
3.973276799988125201e-05
9.043306131658369624e-04
4.108490089462392587e-03
4.821121193370507367e-03
6.660436485965055137e-03
9.434095837984090085e-03
8.206466989746839108e-03
6.026754001465696106e-03
5.141974890280714278e-03
3.285615645513253070e-03
3.629030465049775701e-03
4.692254928152715904e-04
2.990978990763631224e-04
8.592671347819947399e-04
5.145551699937825959e-05
2.530379038182333935e-06
2.264008323210856213e-06
6.583336074725357009e-06
3.340354498434465192e-05
7.474967527575538274e-04
6.215851734476285882e-03
8.685924737355214462e-03
7.487100638809212130e-03
5.172955587069096375e-03
5.024492006999437682e-03
7.389953974751947013e-03
5.808540650260236339e-03
5.875317037269420749e-03
3.007018270169951272e-03
1.325547928718673687e-04
1.500624172053704952e-05
2.141985535696789517e-05
1.250208795727615514e-05
4.016273186435855117e-06
2.882614778100974980e-06
5.116277535038664483e-06
3.498111783177669062e-06
3.058634522173497437e-04
5.458130160499356266e-03
3.733577009578381133e-03
1.264632666479318691e-02
6.206929510497251161e-03
7.161493773194562741e-03
6.781646310599257800e-03
7.730793969675638306e-04
2.111551813255496885e-04
5.245024336729739157e-05
5.311890889086004552e-06
1.273245804621167663e-06
2.247539244402162063e-06
1.747005244841729006e-05
6.673129888832561075e-05
1.677276291359771154e-05
5.302345758579031942e-06
1.008256555173446937e-06
1.152339827376196337e-04
5.995882224547569028e-03
2.372001353316231190e-03
4.376030980726839520e-03
3.819714206715767862e-03
2.136856172564548500e-03
1.390389706025068337e-04
5.799989314217425248e-06
2.213198321825816456e-06
1.617553504167823572e-06
1.477620176544551310e-06
1.440205643789707479e-06
3.076803976843260203e-06
6.989656362919020481e-05
7.548847305825192233e-04
7.304193137702439460e-05
6.331742899468610554e-06
1.258921284889075479e-06
1.432157404034181515e-05
1.213857467086447471e-03
1.672610657391411645e-03
1.835767760229010416e-04
5.282931969131665097e-05
2.546624918920506057e-05
2.684640351015255950e-06
8.173549850199401888e-07
1.289464578383251218e-06
2.042904460179867487e-06
3.016813444208765801e-06
3.082285660086906196e-06
3.379486461143708790e-06
1.740772534401114000e-05
7.039592091498514501e-05
1.654362435369822877e-05
4.989584854063012430e-06
2.868402752948950664e-06
2.518190968302232939e-06
2.652707184945211013e-05
6.768542327663471664e-05
7.361465278333770148e-06
1.913264131711524588e-06
2.222756330191172697e-06
1.848502928915148368e-06
2.223449093859371954e-06
3.666745192800205588e-06
4.582699042252679133e-06
4.963240503364918990e-06
4.416225810670120363e-06
3.304069616382405891e-06
3.481186220718232911e-06
4.194684349708002360e-06
3.456897923323480693e-06
5.072555784102651977e-06
8.917300892165935875e-06
3.748095633256504757e-06
4.578030702393568596e-06
6.539756162140419909e-06
3.883806060818742413e-06
3.285152103995214067e-06
5.070923022376036775e-06
6.562258251580752161e-06
7.458467664740119866e-06
7.941644553924233707e-06
7.777858946752105589e-06
7.665678168390254908e-06
7.529314833762674371e-06
6.745637489608114799e-06
5.713521069025914653e-06
5.190084060457647522e-06
5.819914862590140435e-06
1.021028619956392988e-05
