8.367498450964444445e-06
8.897678873654082520e-05
4.005629283501219162e-03
1.878278233898229279e-03
5.776198952350769338e-05
1.199022014756496453e-05
1.281601935745724914e-05
1.322301183005841245e-05
1.056013374226422739e-05
1.241912315516971624e-05
1.170675894665412313e-05
5.089401683884649041e-06
4.771489491122220997e-06
1.032202417696146546e-05
1.517724284190359443e-05
1.457949933491798322e-05
1.438826589952954046e-05
2.106735454508571026e-05
3.957262233228342196e-06
7.907479411960088357e-05
2.122900954749757166e-03
2.522112627207108155e-04
1.212701831344171322e-05
5.654326198842542582e-06
5.701329200114188501e-06
4.911986339791622845e-06
5.567190900325120315e-06
4.104627034171683320e-05
1.709312118044445958e-04
1.510910510245373689e-05
1.569566676264044314e-06
2.754626618024373007e-06
6.914162744781747217e-06
8.404299324636470541e-06
8.968777190634395546e-06
1.443023600185255218e-05
1.819570346958336758e-05
4.030090213243564686e-04
1.203840903989220794e-03
1.423101349935634310e-04
8.064628622239330708e-05
2.208207790823567908e-05
3.393651488504117590e-06
2.765009317889563337e-06
6.056957488860630938e-06
1.110971994443803466e-04
3.213737971966366264e-03
6.316179971550289112e-04
1.060693474629633329e-05
4.566308258620891990e-06
7.666040275798723740e-06
7.255337203719425079e-06
8.062237101006215827e-06
1.419278410414117479e-05
7.824230808929325432e-05
1.413519780399759371e-03
9.294093070512569974e-04
2.864175149747935135e-04
1.426311841539395879e-03
1.158014216723300265e-04
3.028232382517031045e-06
9.584692257707810457e-06
1.101412303380341565e-04
2.501466150981765759e-04
7.685486142530157218e-04
9.005327641407343073e-04
1.337016031879291965e-04
7.891115356209128307e-05
3.281041908418360151e-05
7.467618826794460767e-06
6.807718267975243602e-06
1.431346956772381219e-05
2.102122085812890197e-05
4.410458685307183093e-04
1.045423033843396370e-03
3.468371041252734668e-04
1.800988919426345066e-03
5.188973370275377570e-04
1.765536308043924872e-05
6.485388483995321765e-05
1.776914605630419393e-03
1.395894178344534624e-03
2.635146795878231477e-04
2.896046517347310167e-04
8.426742763243011847e-04
1.356014612551543347e-03
1.100039063089912447e-04
6.960710367465223667e-06
5.452340952661685817e-06
1.361131487379422434e-05
4.232099041928283643e-06
3.584229346762476725e-05
1.296676415338826886e-04
3.117322978620390731e-05
2.483328614293934004e-04
1.295709608326481342e-03
8.540165742859977748e-05
1.962479550199761869e-05
7.166525248480893825e-05
4.161224618887141772e-04
1.651176070451181857e-03
2.288195778309957094e-03
3.079316316780919549e-03
2.419934163641457910e-03
2.054173405753933286e-04
1.371210931083463034e-05
6.640098449294070304e-06
1.351931615538565637e-05
6.754251694073582776e-06
4.292727732317694583e-05
1.205799611527346305e-04
2.813360891753396230e-05
1.294977564578061275e-04
2.548596808943015199e-04
1.130795583470668601e-05
1.843179053893930538e-06
8.721206317486756350e-06
4.566458206110209648e-04
8.246155633064281357e-03
1.892241400405912221e-03
4.726216880727473254e-04
2.484192832479775303e-03
1.557718434038698032e-03
5.155960212236000001e-05
7.973345269199593317e-06
1.303393423586607217e-05
1.051077804953687459e-05
1.191901947449181242e-04
1.110986417660144755e-03
8.306434780189523789e-04
1.292657245401090949e-03
2.183444431369477182e-04
5.656045508435552015e-06
1.959263655196627270e-06
2.868449428791282761e-05
1.251459486176135930e-03
3.858850120945590389e-03
4.591761944799568201e-04
1.993990707508273494e-04
5.321146152172073242e-03
4.565893200274854548e-03
4.216017576648146406e-05
4.474070018907007485e-06
1.090871192127127140e-05
5.599861342179889584e-06
5.643590004602543205e-05
8.905669964554771296e-04
1.273016498875339337e-03
2.399189296946859385e-03
1.834810045889850383e-03
3.863901398811630411e-04
3.287223615698579176e-05
4.567907383053332879e-05
5.782802976602569294e-04
1.061428022465919210e-03
7.302705403281202316e-04
5.071026825422109531e-04
2.109358290547026088e-03
2.026775667806490853e-03
3.752922532371444543e-05
3.465883900284690496e-06
9.285306194501638408e-06
4.794088297955078544e-06
6.993380687640292793e-05
8.969277599352311163e-04
1.015482615951359855e-03
2.111700802002743505e-03
2.463360429231000511e-03
2.862935293602080194e-03
2.175221878324450954e-04
8.373442727778853062e-05
1.331860409627354420e-03
1.408072356891296043e-03
9.042725542019310015e-04
1.703752831909946530e-03
2.657662480889691654e-03
3.833915144553229001e-03
1.438841696286872020e-04
5.168821305309964990e-06
8.152495833046740869e-06
1.412839404940678506e-05
3.742770883401133901e-04
4.529762235238363188e-03
4.360371542762949207e-03
4.409804674752511484e-03
9.479083284018356920e-04
6.083994613722406783e-04
1.830030395843667049e-04
4.114486464327338612e-05
1.635807880733671730e-04
1.356380643276549019e-04
1.252955117416757673e-04
1.278758906980655358e-03
2.206697671804533096e-03
1.526819917296750933e-03
1.248889911427219330e-04
6.997071088931953549e-06
8.168539146532972751e-06
4.330036350511990741e-05
1.689209023433298163e-03
3.453741175415350056e-02
1.933238148395861541e-02
1.135639402800360520e-02
8.367516071567829977e-03
3.208890329244926728e-03
1.744270000626409320e-03
3.209557968303588496e-04
1.977018696111662761e-04
1.195490783640193108e-04
4.248413606609886708e-05
2.366356161602390013e-04
4.425720498140548083e-04
2.705283606218275073e-04
1.247500593613749429e-04
2.207521434089743556e-05
1.297664568737548188e-05
2.617452004629801070e-05
2.217696900403427936e-03
1.557461267676383820e-01
1.021444592576469801e-01
5.942243952029129667e-02
3.930384880215020277e-02
6.476998955242467028e-03
3.685404876247245966e-03
1.629623504907228839e-03
1.938983236607687679e-03
1.208088441237325497e-03
3.796846829633538723e-04
2.426066306834571366e-03
5.147912066702846519e-03
4.751988909122901485e-03
1.464780531367096102e-03
6.453660860348419846e-05
1.525382076204246356e-05
1.424784821300291344e-05
2.253178903076603727e-03
1.062093604642418559e-01
3.962283757998530387e-02
2.582756420734266464e-02
6.283779153949161332e-03
4.422286298062388238e-03
2.583956460941541980e-03
3.885388441089774984e-04
6.385525370515776015e-04
2.313379269755050339e-04
2.626873563831710759e-04
2.549757145594520099e-03
1.536368334758113569e-03
2.975345764600420204e-03
5.685746408560684835e-04
1.185941755316221353e-05
7.180973713850848177e-06
4.945469699951475292e-06
1.706378441643045254e-04
6.772894535456120205e-03
1.080634510177352729e-02
1.316620437413141588e-02
2.463656825556779020e-03
2.350433007002005175e-03
1.382808748570608405e-03
3.326802077763249196e-04
6.980871941855837500e-04
1.780800103596784226e-04
4.264262826527961741e-04
7.850230821343698708e-04
2.724058409309714485e-05
3.932267394035582027e-05
2.045245215331374590e-05
2.136982664872417510e-06
5.425607575406331274e-06
2.491041308773277425e-06
2.385971641976650804e-05
1.795973885548854268e-03
9.467845241789944744e-03
8.148540267373367493e-03
9.546201091908736733e-04
2.424386948859623414e-04
4.087762021884623880e-04
4.381747827980258321e-04
2.787822190457310860e-04
2.410436119205683369e-04
3.501986891589674820e-03
3.051151421175992730e-03
8.199388874677049919e-05
9.473556992759825900e-05
3.267363869277985412e-05
3.662715114982172900e-06
8.165978960823095111e-06
4.636818352746595899e-06
8.305341215113940868e-05
2.405727195127401949e-03
2.473826696129400801e-03
2.810725786117618079e-03
7.087045486138242876e-04
2.766019666289939874e-04
1.411321217555682990e-03
1.441371431166468733e-03
2.242091874179988256e-04
1.752600718333160144e-04
3.400099240115508166e-04
2.782371767736227844e-04
1.148703269500529582e-03
5.354954852728634543e-03
1.964373210309391265e-04
6.666883448546702759e-06
9.956747922767703954e-06
8.380145142716624696e-06
2.580760070665580460e-04
2.891563226547497548e-03
1.143844743352091017e-03
2.174865518116120538e-03
1.873955303573453550e-03
1.829210838176288092e-03
6.444484670641851187e-04
7.992354332587452603e-05
8.662033347944980471e-05
8.843468555837510296e-04
6.232302471557159317e-04
1.612385053105285448e-04
2.591846745750432408e-03
2.497368149804312428e-03
2.585831117893457458e-05
3.357760983408769509e-06
1.031512087468431437e-05
3.561194574597552843e-06
2.104970039970655645e-05
2.791129655012117836e-04
1.608599495448764750e-03
3.479103436967149847e-03
1.037210136603998510e-03
1.094522272429668134e-03
7.149366769031367059e-05
6.402058957888419993e-06
5.950325040561539440e-05
3.796146718322518463e-03
4.525646743721313189e-03
4.352893628515653625e-04
9.303126747259527147e-04
8.285918685782085659e-05
1.646526733615222815e-06
2.016542256608404769e-06
1.199936111436587421e-05
2.665570353432673610e-06
9.138472240973601624e-06
1.842829994148874318e-04
2.915822991146805893e-03
1.559889222510091149e-03
1.849303853127391597e-04
2.735034763720691517e-04
1.083632585053982320e-04
2.265227566933723194e-04
1.743727350969326555e-03
2.959433579912600174e-03
6.514514971667059642e-04
5.792596005255660607e-04
4.942733412611011699e-03
1.886254605120107853e-04
2.623479844968026204e-06
3.208111963326967131e-06
1.407134364827727391e-05
3.232168148941420773e-05
4.048975698401281915e-04
3.321366285980709241e-03
5.654289550787088524e-03
2.829361423190976583e-04
1.606224402612423607e-04
1.442937402862080323e-03
6.845104146751663197e-04
1.033224980847295433e-03
5.522657263593479119e-04
2.137417713993784143e-04
5.096861374607009965e-04
1.561572963956877214e-03
2.324603401043508905e-03
9.233866970502763573e-05
4.565726604079084625e-06
5.322309206854134044e-06
1.487947221110506819e-05
2.035192956967343651e-04
1.064479374822416497e-03
1.269815147293982659e-03
2.155401178482023363e-03
1.120372196985193984e-04
1.359976008688992116e-04
1.549951763989459953e-03
2.376605626085407806e-04
1.566049599134647894e-04
1.620274523390082086e-04
4.990720474228885683e-04
4.921058299030373236e-03
5.118212005558543448e-04
1.504650902320621448e-05
3.670824380519221877e-06
3.771418470651622327e-06
7.221504463657049395e-06
1.499257176729031462e-05
5.388210459783550989e-05
5.585410868933237311e-05
1.078476297520983957e-04
9.563948365371408326e-04
2.300737880687492461e-04
1.941957945309860949e-04
1.551661087082704786e-04
1.332828908978142904e-05
7.498957151067864920e-05
1.463748149108169781e-03
1.935232253727802495e-03
4.145200862835919067e-04
9.757587418268459751e-06
9.961432022856471375e-07
2.007980235264168047e-06
5.690103738213967892e-06
8.798933763486848619e-06
1.440457975276073674e-05
7.659314918971794244e-05
6.113269058708144037e-05
1.731495629525770972e-04
4.136394848189226805e-04
3.241931063942175102e-04
1.407919457300755520e-03
1.465808562533972017e-04
3.550958254101837442e-06
1.565093475145381305e-05
1.895466468618696963e-04
6.737853682154876559e-05
5.551460583752958899e-06
1.433666615856456244e-06
2.130935328202510372e-06
5.866176763867607735e-06
9.019381035871598085e-06
9.485993723336683415e-06
1.439156582852057513e-05
1.930448032816326452e-03
4.127155013076849906e-03
8.192579425522136805e-03
1.624570855248242763e-03
4.040658809945755787e-04
1.801103449969045176e-03
1.830011988297762298e-04
4.722356121644693141e-06
4.615356685619934304e-06
1.039784687353364673e-05
7.271749385169723461e-06
4.498372525647672057e-06
6.152364763444671051e-06
1.167448800560074138e-05
1.578038172432864446e-05
1.500550164842840025e-05
1.442009613515547234e-05
2.091100902119458188e-05
