2.014268604993136352e-05
1.668072512793851209e-05
1.607667926500188149e-05
1.611015425739577352e-05
1.588058167169881420e-05
1.565216041728693889e-05
1.548959391282971689e-05
1.528848380245555606e-05
1.522199093292626933e-05
1.561847414926108158e-05
1.625034883381233221e-05
1.652117268095859936e-05
1.642497473449879093e-05
1.631043951719131661e-05
1.624099453862011907e-05
1.617764895627544415e-05
1.683509265393893804e-05
2.011232650186198478e-05
1.513673489863483470e-05
1.193000252875745750e-05
1.111758167619598658e-05
9.175538409049296005e-06
8.331238086474281111e-06
8.845866119623325513e-06
8.129194279554472982e-06
7.583592084452415746e-06
8.243930680986716596e-06
9.262601769993966916e-06
1.088901656720842761e-05
1.256852322837946060e-05
1.311998746451598114e-05
1.303004046965729749e-05
1.290812850717467968e-05
1.281794617631431987e-05
1.344920222276975700e-05
1.683402855243851183e-05
1.108181364407384632e-05
1.330834107495394697e-05
1.433978549316435924e-05
5.413720727938591125e-06
5.352152431737000935e-06
1.270755362860131380e-05
9.028208568300790686e-06
7.591265057336448518e-06
1.308648145273518567e-05
1.115574816247922221e-05
8.558074449992393351e-06
1.042203602679771143e-05
1.233400567466341402e-05
1.253815237052017680e-05
1.235096963963042087e-05
1.222220502900033795e-05
1.281971130130259455e-05
1.617761441717315303e-05
9.351589451607743940e-06
5.836654731840633191e-05
1.507864072433593176e-04
1.609379721645982881e-05
3.078163652447702959e-05
3.548898605198990406e-04
1.051351762097248329e-04
8.384052164116488485e-05
3.978398761855247252e-04
9.168486555344093083e-05
1.085426999172209779e-05
8.729857480370747987e-06
1.190472038520805783e-05
1.274203586887158105e-05
1.249925080359595996e-05
1.231891642809299469e-05
1.290229769267746945e-05
1.624721851556342386e-05
1.092162918149217405e-05
5.145064557497122442e-04
5.336470905266248524e-03
4.436108150276265412e-04
1.504180020090830185e-03
1.065496726108760596e-02
5.116347322212091899e-04
4.381259086707151528e-04
4.621649281756594861e-03
3.815168635193034639e-04
1.126597983861360520e-05
6.878766202480108552e-06
1.113495221127794505e-05
1.285520963682201751e-05
1.261994843204135427e-05
1.236917432744291927e-05
1.294203165667865930e-05
1.629039438184178449e-05
1.071098864654216983e-05
4.129407179005963242e-04
5.178480507690354229e-03
1.580244193937089224e-03
4.068599801124343079e-03
1.602372833807913467e-03
2.690606483480681403e-05
3.025109708955223400e-05
3.666017515794869962e-04
1.145661279841085004e-04
9.361974034333001623e-06
6.001575128882260035e-06
1.004326580525971342e-05
1.270757878179046142e-05
1.273754099938209295e-05
1.240438568227601810e-05
1.293509825955849178e-05
1.628196267514471764e-05
6.958930425284975048e-06
4.137783046972221327e-05
1.840026343147491681e-04
1.185062322140316611e-04
1.445623062105637845e-04
2.517949841936043491e-05
1.819181556932958823e-06
3.855467366586847475e-06
1.058140770448662282e-04
4.845230484876307899e-04
6.421287198922311155e-05
9.299157474732047747e-06
8.500477386576661825e-06
1.176892820632011591e-05
1.276818725882514238e-05
1.250638839122570564e-05
1.295258779529406376e-05
1.626844680489073806e-05
7.076204672559129111e-06
5.217956583673985223e-05
3.176093815868271330e-04
6.102970959882716133e-05
1.066635666173789304e-05
4.381717201102193620e-06
2.186264456957168361e-06
6.050711256111221043e-06
2.922352222514508686e-04
4.628049281011005663e-03
3.481730959634322573e-04
1.162248807314165900e-05
6.123714449456184548e-06
9.414426515348884149e-06
1.210490189868254914e-05
1.258313582745629528e-05
1.302263185514256209e-05
1.626915799044117742e-05
1.063876213998752235e-05
4.973900880877396916e-04
1.196490315675705247e-02
4.063799002811464595e-04
7.131669537625314214e-06
3.272520472012108914e-06
3.797474582868546288e-06
1.054792873041768389e-05
1.270888636934885550e-04
3.964326435484443541e-04
7.929533474495588114e-05
1.773797639217475323e-05
9.492125553027989335e-06
8.117107950985643118e-06
1.044153944018963779e-05
1.238699439496342876e-05
1.314077765470110280e-05
1.630034564912784641e-05
5.469786637855369699e-06
2.033136017742176655e-04
5.343102199743315385e-03
2.543524975559088071e-04
6.281574542015322301e-06
2.573958769125964899e-06
4.794693954465656262e-06
7.631438913758809386e-05
6.065832383990513166e-04
1.412102730747761279e-04
1.049169296815385364e-04
4.929730853915839520e-04
1.055488946353637695e-04
1.042470271051515209e-05
8.255642496109053151e-06
1.172395185892315618e-05
1.327559463012962632e-05
1.637913946213909278e-05
3.400973110569341876e-06
6.745416852967671330e-05
1.702866149282012461e-03
4.965199433764454912e-04
6.767704101828495597e-05
1.203127755150912514e-05
8.339723426888703603e-06
3.274552117427245246e-04
3.754638482600078202e-03
3.883655655394345095e-04
3.430690127867255541e-04
3.962993089946073751e-03
3.754355627179697410e-04
9.002831077481411584e-06
5.626739147433138424e-06
1.045246430738556823e-05
1.330114316676113078e-05
1.650173151075108875e-05
2.834116656991750861e-05
1.429657090219886876e-03
2.921131784920875593e-02
1.363403043918800552e-02
5.626207613751818722e-03
8.264084038930141329e-04
1.432479284959330178e-04
5.995114818066635222e-04
1.460869780060060873e-03
5.612130407885374461e-04
3.571056657909492046e-04
1.516665542651605882e-03
3.718002421663621428e-04
1.164751124030791255e-05
4.729890275109799824e-06
8.878459842587521121e-06
1.296028918136681171e-05
1.660274191934449719e-05
1.435754089038834434e-04
1.761196921933855242e-02
3.175573280869381509e-01
6.055861695959326163e-02
1.340981992909586959e-02
4.109762314248119157e-03
1.835758275399178123e-03
2.991929062208130083e-03
2.357144279462201029e-03
3.004539266448667898e-03
1.408747448633045985e-03
4.561515795636305465e-03
6.700482033402986766e-03
1.302707422508876363e-04
7.721808327390656409e-06
7.739926820982782354e-06
1.228679797617169623e-05
1.661273829464728351e-05
1.867431636098248974e-05
1.799222508902042529e-03
1.623621324080432582e-01
9.779155300940133022e-02
9.149148040353823758e-03
6.283724078648535247e-04
1.615209860003781180e-04
2.691373815154272367e-04
2.585168865629085115e-04
3.001976841491260629e-04
1.443933353524919896e-04
1.163752866820011271e-03
1.177261798834897642e-02
4.272876675076941826e-04
1.147773345251521291e-05
7.536352532741686330e-06
1.193852575655916029e-05
1.657616848696519577e-05
1.677697085295912186e-06
1.064401828837353002e-05
9.810167755697587252e-04
2.418462396489641855e-02
2.234143979714826520e-02
3.581231899713854241e-04
1.010121432570061667e-05
6.407311223360313623e-06
7.030848859218140610e-06
5.767177092817834811e-06
3.044307726110391353e-06
1.687769279663666291e-05
2.023848063301213575e-04
6.530241522048639070e-05
9.862075219907644069e-06
8.648038057393226072e-06
1.233685634582479910e-05
1.655004672256029516e-05
1.970467257881816505e-06
2.326257438898811275e-06
8.641711575583709492e-05
3.462717690857374051e-03
1.911099622153508053e-03
4.135312769491142310e-05
3.714202193468561858e-06
3.650959940212731283e-06
7.535768988283963211e-06
7.144370766038781180e-06
1.943888916556809558e-06
2.060665956785361097e-06
8.205850885281625005e-06
1.120690776453344442e-05
9.212470873676805586e-06
1.071975295609347291e-05
1.296167165706617182e-05
1.649075202899783423e-05
6.412057224629605340e-06
2.255600520675537143e-05
4.653921550938589446e-04
5.261507984764445455e-04
1.864254887565220623e-05
2.108215515885833883e-06
2.539321706995061852e-06
8.936466377962626914e-06
1.008345013644786780e-04
2.520019366106555849e-04
2.033864252855279115e-05
3.895573363134022276e-06
5.532634285036050507e-06
8.094294146865534998e-06
1.022647612614372143e-05
1.209941755511838131e-05
1.320419368919776018e-05
1.640238621262190454e-05
1.265632753827289708e-05
2.933908680327848464e-04
5.889717718356352744e-03
3.476643257579458161e-04
4.056200680209100403e-06
1.586441795051998568e-06
3.339912595678348074e-06
1.213453380712471624e-05
3.447220981651546046e-04
4.539960204649538637e-03
1.321736048346827631e-03
2.053186373658426550e-04
4.321029999730964240e-05
1.242987666463809559e-05
1.034732588741541419e-05
1.208415872809780738e-05
1.314656516688063697e-05
1.635134520712154481e-05
8.353898713338082677e-06
2.579887983551290868e-04
4.929723741713971062e-03
2.414701935545103680e-04
5.179517432376284907e-06
3.358991039405973727e-06
7.648837431915830106e-06
1.525046882125539336e-05
6.392953106564849223e-05
7.811344818672180624e-04
5.946096066657655631e-03
5.293680233462893375e-03
2.640248342918921545e-04
1.713317865848515168e-05
9.890025946716738168e-06
1.177647004324800584e-05
1.308089088819459774e-05
1.634439707675161779e-05
1.117464102721813341e-05
2.745412036190260450e-04
1.807907485529672981e-03
7.889503024731182618e-05
3.574352393376514642e-06
5.529651592450677774e-06
7.475843516025790323e-05
3.247759254135944621e-04
6.359923436049342649e-05
2.786540082927267472e-05
1.771930332303196418e-04
4.020987850899872002e-04
6.174826384744000940e-05
1.163483307309833627e-05
9.874746613347215832e-06
1.193913224691243156e-05
1.308820338401094271e-05
1.634477568156266701e-05
1.275060091001801858e-04
6.860217265668303380e-03
1.058407890052037725e-02
1.382596480132445237e-04
3.685378897945725315e-06
6.142927077993809306e-06
3.467762356383456701e-04
4.896454752305427760e-03
2.971037231419642829e-04
1.011743989553730041e-05
7.787131616307489763e-06
1.208999974504346518e-05
9.650037189332411357e-06
8.848637394096744066e-06
1.094158803644581609e-05
1.235500871324754710e-05
1.308781103962887558e-05
1.633005761925117178e-05
2.840024149171337955e-04
5.345237194943299429e-03
8.128842898218895802e-03
1.177070771408992786e-03
3.476067452654980151e-05
6.296576867604298752e-06
5.360287720632753432e-05
3.896638968579060284e-04
8.054028375697144966e-05
9.291381240298378599e-06
6.052364838560073002e-06
7.326506688457340809e-06
8.750618015043442138e-06
1.070910118547595295e-05
1.221419602967093711e-05
1.249595532260906816e-05
1.299172245456183524e-05
1.626771723472926208e-05
4.165225210899930623e-05
9.452730371816145860e-05
8.935647672737616820e-04
1.004734587333910682e-02
5.736238248057666479e-04
9.847093128818447893e-06
6.549651885169470968e-06
1.358972051456687698e-05
1.139321889378578681e-05
8.730361005334132671e-06
9.851473709928924792e-06
1.120123209952177831e-05
1.188340910200436624e-05
1.239972403437068935e-05
1.251819673073461437e-05
1.233632899471588333e-05
1.285418237884357020e-05
1.619010361719854717e-05
1.127298063531407606e-05
7.560229332314977825e-06
5.036541747160360854e-05
6.645871800530560270e-04
1.341614022170944205e-04
8.844918012641605774e-06
5.825767082874736010e-06
8.144173588079527289e-06
9.579094092570236625e-06
1.120301116344581470e-05
1.278894440438906785e-05
1.330074628991468724e-05
1.324296287542027339e-05
1.313853374534156983e-05
1.300010200060112732e-05
1.285361302130811900e-05
1.346162004332416964e-05
1.684563424771040436e-05
1.433658226995699650e-05
7.369388618115759034e-06
8.122935103694847961e-06
1.444056589430463415e-05
1.114384057115003816e-05
8.554220440602549393e-06
1.173301521221929414e-05
1.492313429405715651e-05
1.582853442765952759e-05
1.633844000732760957e-05
1.658518071207246066e-05
1.650743764570874528e-05
1.638753067867131587e-05
1.632844181623401602e-05
1.626208493189628472e-05
1.618785603620981242e-05
1.684529941017278760e-05
2.012442816482587583e-05
