1.443573082157423575e-04
3.642646965507891771e-03
4.859402406245299198e-03
2.810093111929259750e-03
3.131364354874846285e-03
2.345077064788592125e-03
3.204792549509756744e-04
1.216510472443906824e-04
6.733232756446053981e-05
2.525865850049518129e-05
7.308139283296125100e-06
4.954420810627955760e-06
6.339301472090855149e-06
7.840885682664295027e-06
1.038527560341119133e-05
1.157934678435939240e-05
1.209222345808472722e-05
1.834376877667442780e-05
2.790131384219187162e-05
9.034992566458067021e-04
3.777837832801501407e-03
2.399404216060157559e-03
2.172717114084629826e-04
4.407937140898333727e-05
1.955289785376259715e-04
2.167398089874601318e-03
3.038229539083548564e-03
1.398819349179657341e-03
8.306169811782283775e-05
1.206674204113988279e-05
5.522878855065717205e-06
4.180893342375180384e-06
4.976747706477548046e-06
5.139071908313764521e-06
6.532847297947370239e-06
1.246339813932334137e-05
9.777969426814931829e-05
1.627089726292208632e-03
8.426339096015186391e-04
3.443172883067500728e-04
8.517657515326352918e-05
7.404760429928504124e-06
1.126879485517647262e-05
8.943867905184541348e-05
5.091574682137834902e-04
4.952564374120277738e-03
3.423897284825411485e-03
1.202389252545545345e-03
1.995200643837495124e-04
5.304398932530390355e-05
1.383845261524800902e-05
3.224939457028087732e-06
4.025226660024333304e-06
1.201952142645108007e-05
5.802012155672963778e-05
2.193301588516004957e-03
2.697776697455373657e-03
8.968637054854236828e-04
1.108468990811917578e-03
1.314789282427177746e-04
2.203925146918214435e-05
5.224064405375657626e-05
4.207685703374885479e-05
9.908496203747790810e-05
1.528297303150333904e-03
1.248940653847191266e-02
3.107387563225643291e-03
1.028066200507105283e-03
1.252754150201929582e-04
3.603439806170815910e-06
1.850181490851246373e-06
8.791948525777867836e-06
2.501939735555160855e-05
1.074957613102617152e-03
5.194845301900772629e-03
1.011397285342383002e-03
1.604779908285010976e-03
1.207297301624173308e-03
2.491991219552786908e-04
8.642540600501163106e-04
7.171510247111755618e-05
3.473303639151981452e-06
6.928116383220577997e-05
4.572978860571161319e-03
3.252123668626562530e-03
2.754288869053722350e-03
1.658799180371272252e-03
2.630381925952302011e-05
1.813387994439230778e-06
5.113645458141450256e-06
8.238565564961382616e-06
9.429596932775423032e-05
2.073450250702882618e-03
2.218338243821321460e-03
1.345625457754735408e-03
2.529750167538542382e-03
7.081138517391356163e-04
1.218601283187650125e-03
3.213205763858184073e-04
2.174099217096600641e-05
8.172283852109656673e-05
2.501070445785345906e-03
8.126286170685068436e-03
9.543059287655491010e-03
6.122800552586991213e-03
3.532405748297033133e-04
1.197281656778359824e-05
6.148718572735261152e-06
1.748578677043960969e-05
1.774509995821173041e-04
1.248745412197414329e-03
2.233292715930102097e-03
1.405840470970462063e-03
5.075514170986054029e-03
2.911862859290112460e-03
1.228790653908155492e-03
1.551358590796282199e-03
9.398148607194991167e-04
2.586635447170352719e-04
1.390892190908877483e-04
1.924358215779128000e-03
1.940635253047689329e-02
4.173251287446835649e-03
9.358904456572011239e-04
9.390030581990687958e-05
1.261588046652539237e-05
1.752250179399270677e-04
2.259947553751636123e-03
3.422968668941087610e-04
5.427406100629933927e-04
4.805530983589534171e-03
6.341348570212190089e-03
2.606200032361978905e-03
6.004930922032928643e-04
7.788250835650677596e-04
3.702806788668839329e-03
1.065375473534972001e-03
2.729662948331382317e-05
1.012272790831317385e-04
6.817055206130741632e-03
8.783663765797009720e-03
1.093495623099228781e-03
4.687288489322949332e-05
8.336593736025405145e-06
7.613997389321592007e-05
1.411625061305127327e-03
4.429611544100974093e-04
9.480354440895506817e-04
5.902362356018764356e-03
1.536526405209115258e-03
1.390033785064420961e-03
1.065864913311388024e-03
8.526788840603329121e-04
2.253536605094438958e-03
1.208558911937689193e-03
1.474348857556932095e-04
7.873057526544938493e-05
5.433363578854030112e-04
1.229094631560823624e-02
2.280281531529048961e-03
1.700833875706272887e-05
4.339808067671806477e-06
5.236348147366466696e-06
1.090296508685875579e-04
1.732544970267565435e-03
5.670637534244575735e-03
2.240585667315390678e-03
4.049369391099777167e-04
1.320073405560192583e-03
1.589341565595644729e-03
6.339232793750698399e-04
3.766560769450134644e-04
5.314794719770896386e-04
1.615444610850651046e-03
5.570097265505016392e-04
2.859884026317669435e-04
1.069656127966861492e-02
4.733816485857814116e-03
2.415563812566450723e-05
4.370530726362919512e-06
4.567835297410991555e-06
1.438613797559617677e-04
4.455202266533015397e-03
6.412601547392969038e-03
2.617551789875855774e-03
1.039653329099465536e-03
2.490655384391892053e-03
7.820437457156103082e-04
6.970239698283437293e-05
1.037808330330981490e-04
7.455107328723195896e-04
1.329231957569882057e-03
4.449020125788016107e-04
4.549707000779376403e-04
4.330942545792079018e-03
2.884256068318821926e-03
6.539861408526827171e-05
1.133378512922581852e-05
2.331086141654831374e-05
4.120033901094517954e-03
5.729827413960190963e-02
9.339104718348220299e-03
7.709874270532822947e-03
1.013666022623190346e-02
1.003855643712876951e-02
2.018758617197054586e-03
1.093910926605325910e-04
2.277700215123313005e-04
1.812641940563650166e-04
2.957859949103660281e-05
6.391377035099422670e-05
4.602573543547308827e-04
3.299812758228418911e-03
1.167637054549229038e-02
1.100991923561061561e-03
1.740735297382527602e-04
5.861409096553211567e-05
7.835042760055713207e-03
1.259346568628784691e-01
5.054694105968219470e-02
2.122372851390174481e-02
2.125525414285863932e-02
9.283237928653991985e-03
3.215004656611460121e-03
4.676498242242833284e-04
1.823008178302813797e-03
5.706968946313915230e-04
3.783964710621543582e-05
3.948844012151988907e-05
3.033421278692383202e-04
6.499429367670664891e-03
1.882706651044435686e-02
2.638010535157129209e-03
9.321625240970234268e-04
1.226014930489422372e-04
4.493243012944169237e-03
2.171287192468423360e-02
1.878152505697022398e-02
7.768379073612180323e-03
4.987362794459397099e-03
2.130578443143918855e-03
4.181448720352120771e-03
1.060181922683483755e-03
1.274351202307179428e-03
2.885244560956669053e-03
9.803195353441016262e-04
6.551263409590065681e-05
1.299930652001967638e-04
5.892047906847035915e-03
7.642285583795283346e-03
1.736745534314578518e-03
3.748727372087373591e-04
4.545799930822717975e-05
1.012454916333166552e-03
5.916317020428606653e-03
1.030044062601192210e-02
7.011318435616469003e-03
1.670007305009716097e-03
1.461431884798274484e-04
4.529488654029253198e-04
8.546428662054324351e-04
1.356360770738540404e-04
7.952123496137522573e-05
8.740097215267344914e-05
1.551376355748788617e-05
8.635379677684159921e-05
8.070273811942682562e-03
6.227347027995782172e-03
2.880558677941898659e-04
1.750892558440499762e-05
3.803827207401465517e-05
4.880339287012067247e-04
1.384915085672372643e-03
2.082342135347324541e-03
2.141021695163189062e-03
6.216328216906599584e-04
1.359216729763141360e-04
2.686587235679654333e-04
1.351436471178614701e-03
2.543513250694321923e-04
1.098965662900133927e-05
3.267661344540412557e-06
5.219811263939271734e-06
1.573519163616799419e-04
7.651531036977766813e-03
2.137830194246285575e-03
2.708618676186704379e-05
2.930629699448139084e-06
3.462342123948845769e-05
6.568412027499350271e-04
1.749286696690334399e-03
1.331747206893066360e-03
1.654126539361817048e-03
1.621472993911955880e-03
2.157975223681657308e-03
1.307067491804679311e-03
1.530101441289086510e-03
9.739415369615083296e-04
2.779985810527269333e-05
1.445999656698775104e-06
8.145983323863824720e-06
1.117855922561745811e-03
1.139684210337639503e-02
7.481310737643272982e-04
1.172680807620395724e-05
3.846491702141553719e-06
3.349665559840962504e-05
9.757667236594676176e-04
3.609844997786815918e-03
1.603811825049804643e-03
2.418635696439725910e-03
3.022994391020498300e-03
3.237403960060550290e-04
2.950582793655176506e-05
8.538483959774570561e-05
3.601950650682766704e-04
3.030694179825029876e-05
1.082658501874328316e-06
1.769799263396442543e-05
4.853625349835508952e-03
9.928625314839728891e-03
8.203867017284611346e-04
2.896880152539305195e-05
6.637723695464673883e-06
4.124017121833605003e-05
3.747614022812369530e-04
5.981661217428570253e-04
2.009162495907513993e-04
3.151858541717428297e-04
2.426017999813518799e-03
2.757892331425112358e-04
2.230298733817752559e-05
1.992986647967996564e-04
7.403474526992802210e-04
1.918937606610084654e-04
2.269325062082806372e-05
4.639920356712327171e-04
7.527536522782969294e-03
6.190666106368181675e-04
3.562001514223262682e-04
6.544088289028815138e-05
6.372463561741350163e-06
6.229095378713877509e-05
8.641014860004280927e-04
4.356090633688902529e-03
2.024059788409178148e-03
5.968912082684389546e-04
2.963947754905309900e-03
2.206144195975112167e-03
6.267066017673133746e-04
3.108947818846631919e-03
1.715586805114693077e-03
4.178461046960426717e-04
2.262787659262192354e-04
5.223627389503248016e-03
9.359784681245892496e-03
2.501028305346766618e-04
5.958719856778478150e-04
1.698297171761723747e-04
7.451611086261700704e-06
1.327913861000578834e-05
3.202543939816368253e-04
5.765855022699402539e-03
3.442399853493629570e-03
7.528967878316829981e-04
2.881917417716163316e-04
6.328921938163392235e-05
3.734887284203827946e-05
3.671297989544016079e-04
5.490520261258137122e-04
2.684598366142093052e-04
5.514905512642016795e-04
7.554670937443192826e-03
7.857211214747821318e-03
2.313616178401367953e-04
1.240145828809149572e-04
4.055779503265532869e-05
7.343939262490037801e-06
3.493619123497227730e-06
6.877247311769837772e-05
1.076880366347592998e-03
1.690152416388174424e-04
3.026535978324008838e-05
8.880647913427703989e-06
1.532673317274217640e-06
9.226166427780677172e-07
7.174204393812340185e-06
1.233089508707879841e-04
2.051531257695794492e-03
7.505108182917974956e-03
1.647628151471607983e-03
1.696825475898173683e-04
1.233322193435668396e-05
4.256854930265906136e-06
4.423260382293916336e-06
7.223563232158552071e-06
4.090051045193726810e-06
5.250998723542810647e-05
1.293745227512942304e-03
2.197361964745320629e-04
1.229722196626561009e-05
3.783010869276822193e-06
2.090717111014553798e-06
1.351163374470097562e-06
3.000016626082893644e-06
8.344194490131671233e-05
2.317642652043067509e-03
5.626289744349700179e-04
8.126636103944823359e-06
1.476588123674863743e-06
1.685862268158940178e-06
2.420362903987822050e-06
4.201082038105482452e-06
1.021242899050331393e-05
4.778299522789309576e-06
3.604335555740974115e-05
1.662341189582964901e-03
1.046700860293523720e-03
3.797833818052739939e-05
7.064620792709839994e-06
6.046350607523920701e-06
4.864071019468230234e-06
5.370138095603341001e-06
3.060966054297315403e-05
7.029752371355491231e-05
4.378100257637593927e-06
4.462777564715669679e-07
9.450418683479841077e-07
3.459931358111979598e-06
5.762026660196797724e-06
6.976785156837700124e-06
1.236536359493066568e-05
1.274797593722415713e-05
8.494963781910516492e-05
1.152528814161694979e-03
2.783726731280480762e-04
1.535515232004326116e-05
7.633786398585327371e-06
1.136444785854600480e-05
1.175229137375763969e-05
9.801148520071537747e-06
1.250639378810351350e-05
1.081174350362987923e-05
3.704417845064604359e-06
3.192517599820866751e-06
7.791645334120473907e-06
1.301234547549459505e-05
1.278329361797220843e-05
1.215035550220378629e-05
1.829286624501189241e-05
