1.138864878771329533e-04
6.399479681508544494e-03
1.235961605831382461e-02
2.133273644989300884e-03
1.982459777636303225e-03
3.188322154251216020e-04
1.191860937745845673e-05
3.421867612044689167e-05
1.830973275304540783e-04
1.269713905478969512e-05
3.414646374065903156e-06
6.284586837137802457e-06
7.785583021372612095e-06
1.111537402437481052e-05
1.444990614544475930e-05
1.576958336062819643e-05
1.735272507818428093e-05
2.689131108367790165e-05
1.030017965171013791e-04
5.717833767841690694e-03
1.246050126751724850e-02
2.625623822924873316e-03
3.916109185416174684e-03
1.490210418230520587e-03
6.443814553713874576e-05
2.894954434209616977e-04
5.301470518520017688e-03
5.815474680873602888e-04
1.135259466345026459e-04
1.708555515215934330e-05
3.177611850388156525e-06
6.751597476313786349e-06
8.998204195274720483e-06
7.232999444663394647e-06
9.208879670197526586e-06
1.792917894050765867e-05
1.377808009634904879e-05
3.525495244123082986e-04
4.628836420773116758e-03
1.368668064783684244e-03
2.818853811426085248e-04
3.155825090685128909e-04
2.432987619402799946e-04
2.681945108673312135e-04
1.726362415073187141e-03
4.638257668484718765e-03
7.242348153662886250e-03
3.628794797778228101e-04
4.725597275538936910e-05
1.610358316467959362e-04
4.269744253947700230e-05
5.689260046744768131e-06
6.386054314173598361e-06
1.752077918170769920e-05
5.814770165206372680e-06
7.051173518130788372e-05
1.089763822061983693e-03
4.971533663795112178e-04
1.530433990459724859e-04
2.965514441425681964e-04
7.426797191609803284e-04
2.234221026914004981e-04
4.333179176012704240e-04
2.223078783859840611e-03
4.260191488299929982e-03
2.327289475524193987e-03
2.238662579795462279e-03
3.338464119256632102e-03
1.345438583198697575e-04
3.970296476031579345e-06
3.410975157442484105e-06
1.420281444766810082e-05
8.473384759961365807e-06
5.820124303571117197e-05
5.631982586075545303e-04
6.742230833141187865e-04
6.246154822062051099e-04
3.935569830709763329e-04
6.901209896341698726e-04
6.565662554350161582e-04
1.137906996267682228e-03
1.483626315792246344e-03
1.035483657882227664e-03
3.020886632870372832e-03
4.333516149532528651e-03
2.557979171228923990e-03
3.024494970519289033e-04
1.337731296446608224e-05
4.035072485849880409e-06
1.046943401574474813e-05
1.067886032896157004e-05
1.052532417493649689e-04
3.308197403116587988e-03
3.866017509604641276e-03
8.811412910172607442e-04
3.980625646524167541e-04
1.025854412209945736e-03
1.433131906858631189e-03
7.771680891192997865e-04
6.550173603477075449e-04
8.955912668175671160e-04
3.413817097277917472e-03
3.884194094512100938e-03
4.321574028421421368e-03
3.096123863119226802e-03
3.603613205112546499e-04
2.944905265720460115e-05
1.440780821840027589e-05
9.078014810823794906e-06
7.166921478341186193e-05
4.755337987504493213e-03
6.523940514741390778e-03
1.395568664319781285e-03
1.438220030963098658e-03
1.238586502976556092e-03
2.127167436918229147e-03
4.550374518618094041e-03
3.059355440529297216e-03
1.571851680776298159e-03
2.397360436206735952e-03
2.734792293096384615e-03
9.729681837662996699e-03
9.983406304597659819e-03
1.301369103987526843e-03
8.962467480908268452e-05
2.110591634149901644e-05
9.460215989279061727e-06
3.629584536871976634e-05
1.549480181314994917e-03
3.602191973698622412e-03
3.385900190481075638e-03
8.354447417454845953e-03
1.675412517860205928e-03
1.708126477907725028e-03
5.724094911414484566e-03
4.326548014457333273e-03
1.807774345168412788e-03
5.096482659596840957e-04
2.582341776087240955e-04
6.270160551286489865e-03
1.361097957694470777e-02
3.047275971793704324e-04
1.501907942033282487e-05
1.212785892828755207e-05
1.102213347951712960e-05
2.729597564114256083e-05
5.951966168087762400e-04
2.195161117889776227e-03
3.661331162931380067e-03
3.113773491799305942e-03
5.511569283767310881e-04
5.448530162529920985e-04
3.176023448418753233e-04
5.778459089830634146e-04
3.689057790516151163e-03
2.158653184200248331e-03
1.683231874042967599e-04
1.746053204535690266e-03
1.531687638271806914e-02
2.371200392107147056e-04
5.288806089848597036e-06
7.913763858146367628e-06
9.826698636170737281e-06
4.231698792483452198e-05
1.467194021183590479e-03
4.284436771099757804e-03
2.510990068388898981e-03
8.524833643858088696e-04
7.838325071679867924e-04
4.250142626121863713e-03
1.205608874651780847e-03
4.841895165930281699e-04
1.313628667637882757e-03
2.909627947109409262e-03
1.628835796576887703e-04
3.662577335839211344e-04
1.804321120572044759e-02
1.765969188218965849e-03
1.381464893562284535e-05
5.702660530259709006e-06
5.730805989165477056e-06
5.606933340886154218e-05
4.592233394931774168e-03
8.096411200147134515e-03
3.871041351640630221e-03
3.050474644577411479e-03
1.754639798798716737e-03
4.957587326027659141e-03
1.914143277814739407e-03
1.398317144575331845e-04
4.818024186410775123e-05
4.631869824574800956e-04
2.322382589399472647e-04
2.760957042786004638e-04
6.141286506024186236e-03
4.900665491474868844e-03
4.822281552841548296e-05
3.105854527595200409e-06
1.146297271040261645e-05
2.478045065931631583e-04
1.411765056264097616e-02
8.444386544329132022e-03
3.056546716099316392e-03
2.380365186143288021e-03
6.026818225706725854e-04
1.787187345592177248e-03
1.925300114395756121e-03
2.817628241196928071e-04
9.780144365322270103e-05
3.393159169948659071e-03
4.624014167033820011e-03
6.307323472609870606e-04
1.265207484905359319e-03
6.660407120331507912e-03
4.111814357252748095e-04
1.064789805391725343e-05
6.082195285080913884e-05
1.898822923734624695e-03
5.031965706788316117e-02
2.723167483240661671e-02
9.717104697599423385e-03
7.431712549379020614e-03
3.084486422258245295e-03
6.754258821094212550e-03
6.038814395613701508e-03
6.159973902947887478e-03
2.013961382629184723e-03
1.122328508758417380e-02
6.954185798453491572e-03
7.928463763961164689e-04
1.637669434492513383e-03
7.525657467483049499e-03
1.538800371567319338e-03
3.123531427508491960e-04
6.873851801447332160e-05
1.875411155760526661e-03
5.700975534930893124e-02
3.465296171059837477e-02
3.870704026951913342e-03
3.418329046088665335e-03
4.701114635218038920e-03
1.749318674206908541e-03
3.085170027258224575e-04
1.976182415790551667e-03
5.789159990865419547e-03
7.018912080093449649e-03
1.658219960134554817e-03
1.105970563798929374e-03
1.090528067003385115e-02
1.118858595624874080e-02
7.760375112313382248e-04
1.434253598305324255e-03
1.791867272618918102e-05
2.126070072139419199e-04
9.831875087302849314e-03
1.107689286548104758e-02
7.340662557573395842e-04
6.873891832847786858e-04
1.785924855883443910e-03
1.286135152438948011e-04
6.133263670298557020e-06
7.563308937599786687e-05
2.565912484811215966e-03
4.970035309979838924e-03
1.126680084273027705e-03
7.106715848950132409e-04
5.915852360684819775e-03
4.837205626581101911e-03
1.226528013564263432e-04
1.305196696149076593e-04
6.786008101363203885e-06
1.100951968415806148e-05
2.609742473386361433e-04
1.648536942220032607e-03
9.520667025119329595e-04
1.995025571029360612e-03
1.835336111299590550e-03
5.575954639528711473e-05
1.121504146229732554e-05
2.514783336594069276e-04
1.795093893010189443e-03
9.996502465836921980e-04
8.974252447359045912e-04
1.255978235829818823e-03
7.220530817415257187e-03
3.141887308966768294e-03
3.979717261453220422e-05
1.274582572524574294e-05
7.806542980273539317e-06
4.349423231713457876e-06
7.855780814779091559e-05
2.378010650924599657e-03
3.640079137095661270e-03
1.723780798801281475e-03
2.096732961577588356e-04
3.123025987845597155e-05
1.379717202974050521e-04
1.555578973197912183e-03
1.358663489161210207e-03
4.835435695050990194e-04
3.663199265213543630e-04
1.001762747016138625e-03
1.149525724505029087e-02
6.972251695574844740e-04
4.307235004915040750e-06
3.527058868013418222e-06
9.448020676001528092e-06
4.681985243590419407e-06
7.117278511901849300e-05
3.275036827337529047e-03
2.910430671294218438e-03
1.204513279834337498e-04
1.053559025407350127e-05
5.721658482392803644e-05
1.947987631571617469e-03
2.817244893036427791e-03
1.164772271670327193e-03
1.338043751412868257e-03
1.161728223163282017e-03
2.750509185012795822e-03
1.183863637547660080e-02
5.128282262008728148e-04
5.761667662162998830e-06
4.492910979866223240e-06
1.279532326718269985e-05
2.215727529036870536e-06
1.366090821758469032e-05
9.155263950897863561e-04
1.228600936215587958e-03
3.667947189326939341e-05
1.237835349814982363e-05
2.679181377353310805e-04
3.499033272090710991e-03
3.511829168686746595e-03
1.037502209063309458e-03
2.506769797138128130e-04
1.161343931499653247e-03
1.147676813554437437e-02
5.177070249067852042e-03
1.175872451649383806e-03
1.111073708006344923e-04
1.913890683628945283e-05
1.584759336366858558e-04
6.949148521788165243e-06
2.835166433724716387e-05
1.438240053317851571e-03
4.525402165582798541e-04
1.865588773438926092e-05
9.062333335003570185e-05
1.706104394816947319e-03
9.604302339387430160e-04
8.300708492633510766e-04
6.938350205516301272e-04
1.433404663418224917e-04
1.662407817347033015e-03
8.118506550895838655e-03
2.150783768341548395e-04
6.475142218833292228e-05
5.797683913536078146e-05
2.160801643477021526e-05
1.592009301857813834e-03
1.291282006702957567e-04
5.153666468093750066e-04
1.815456712803681762e-03
4.671277502971364067e-05
4.392849823269974492e-06
1.355463278402194692e-04
3.850750033222445200e-03
1.685505989569274082e-03
1.268546625851110473e-03
2.923465812453967475e-03
4.745459530577238877e-03
1.447949459235602782e-02
4.451893478222969207e-03
3.931367520309912163e-05
4.702450752078790528e-06
7.774653387831036594e-06
1.393920175106648911e-05
1.744106084530901634e-04
1.797123956910380441e-04
1.259158384380569063e-03
3.343348601243146417e-04
4.985639378489468657e-06
1.304720201450617598e-06
9.057291494788320370e-06
5.565022715036279353e-05
1.844794353274264033e-04
6.265828892441492213e-04
1.659630977906108567e-03
7.077725318233379741e-03
6.833235711033688528e-03
1.554210365452001223e-03
7.453911356331848381e-05
7.237252164923784984e-06
6.639078130393050990e-06
1.548370230616563664e-05
7.026769987529779166e-06
1.668713128294202139e-05
1.588140275058450555e-04
1.263160490740890458e-04
7.217665712544869693e-06
1.288438427486082959e-06
1.560935585510373110e-06
1.120401557344173473e-05
7.320099181189183932e-04
7.037450627633443263e-03
1.605747340611214614e-03
2.956348404718890481e-04
7.944510523210439822e-05
6.482835174263448666e-05
3.492492029706689889e-05
1.048327038366787436e-05
8.670752555700224356e-06
1.705623453244677152e-05
1.336838725743865595e-05
5.162421263176047135e-05
3.199891442287997631e-04
1.570363920453325289e-03
2.412247869971940908e-04
7.746409762171378174e-06
4.266196724391177067e-06
1.364621046285639599e-04
7.367914989874225704e-03
2.915972750442974437e-03
8.241988729784333826e-05
8.847937641505013837e-06
3.946640041692044895e-06
6.651591205913184682e-06
1.037581879223249299e-05
9.049440025146869530e-06
9.524793000331723377e-06
1.729896000233037954e-05
2.237382357045728215e-04
3.682297337022506431e-03
8.499869395778937575e-03
1.883288613023253663e-02
3.993072259451363459e-03
7.141739277612799857e-05
1.180853059916321164e-05
6.942432647924585087e-05
1.845302914640081446e-04
1.246246534035145912e-05
2.067117959572155620e-06
3.890930302435473513e-06
8.246786057721138547e-06
1.308763404895279148e-05
1.617957549773268224e-05
1.615904057008378701e-05
1.692835295147032828e-05
2.665742033731707610e-05
