2.367804975665929821e-04
5.219276790388361655e-03
9.891534765808937535e-03
1.134692069627372436e-02
5.113868622073717771e-03
1.641906008853763043e-03
1.685775932651661447e-03
5.055552204062087806e-04
8.060730219344617936e-05
6.037354900551106192e-05
2.013606131007789299e-05
6.033848935958301627e-06
9.533125493976694510e-06
1.849406685402397096e-05
1.958288909064680809e-05
1.695093258573299492e-05
1.720871263004384788e-05
2.824229585127583891e-05
7.455944582796862541e-06
7.511923348266791051e-04
2.073641352961431983e-02
1.347226515238297839e-02
2.761603669200607316e-03
4.301404110208794664e-04
1.030815502305782718e-03
4.773481465531084593e-03
4.562141864823118093e-03
3.689866706085324737e-03
2.413993280178374716e-04
4.522819998574822858e-06
1.820278857390177708e-06
4.822410623891792582e-06
7.338485980525266821e-06
6.720100846523441097e-06
7.258990138486694004e-06
1.557918268413040764e-05
8.281388471005394992e-06
1.942268314658700658e-04
9.894320984513934637e-04
3.001835047057596975e-04
3.531171832014423661e-04
5.693029616024623081e-04
7.146566098384625346e-04
1.197369561050180701e-03
4.172882736934546526e-03
2.060473578837838937e-02
1.248851989224450051e-02
9.422192685695603078e-05
2.213975640127038468e-06
2.001353129185114107e-06
5.269567691680108295e-06
9.452110397352735029e-06
7.499864705455142301e-06
1.143622487832180530e-05
7.274612818678880455e-05
1.302851238959990953e-03
3.629398359169811773e-03
1.666505326451444419e-03
1.962276673845359930e-03
1.395979423941736634e-03
2.905059469449864382e-04
3.325855769559751167e-04
8.239584454641740805e-04
1.154667944972697594e-03
1.535757259109902031e-02
4.614025369476702602e-03
8.157905441417639763e-05
9.181279198186445304e-06
2.691207483536553081e-05
1.923194210602104201e-04
4.550087500821836255e-05
1.132776292628857287e-05
4.589392521895674246e-05
7.644347715150613979e-04
4.332572997680148377e-03
4.450994449507388560e-03
4.177483751736069291e-03
2.511973078507989416e-03
8.457067448334314739e-04
1.098283819936140713e-03
7.974654309327068591e-04
3.947953346930459191e-05
2.148788901417961271e-04
3.924913929084915265e-03
3.759906173253138324e-03
2.308672447296948127e-04
1.161592778768947090e-04
1.242866158215015981e-03
1.507567180584098423e-04
9.104236862447019204e-06
4.601916100534639888e-05
1.364095578130001835e-03
6.399951118956526130e-03
1.694137161040161965e-03
1.859380311962654814e-03
6.211562493212872786e-03
6.218648876487349077e-03
4.119971769605087174e-03
4.677439962119039202e-03
3.489787384480011034e-04
1.708373563174257780e-04
4.513415253778706171e-04
3.969596553712918113e-03
2.005223725138360370e-03
1.367382596764964424e-04
5.076832426419815780e-04
1.171282666174426764e-04
7.706980654667812197e-06
1.266256803537064287e-05
5.388777179131124190e-04
9.475898179889844300e-03
3.287687977268828870e-03
3.746439837244396921e-03
5.175277566664676816e-03
2.764682211373549817e-03
1.866345958439130084e-03
3.606371656500466111e-03
5.255341988362951557e-03
2.557996448509176294e-03
1.302895335004282005e-04
4.014206455776064440e-04
5.351222818311603471e-03
1.028999395638114777e-03
8.553050715294946730e-04
1.547879550176739993e-04
1.280454976705424968e-05
1.480266987492980834e-06
3.023249062658070493e-05
2.092065224410565808e-03
3.733463893415964272e-03
5.801748994544666041e-03
3.100603532549278934e-03
1.974217465996829998e-03
1.389884861632263453e-03
1.300907354829397436e-03
5.278782714752834268e-03
3.136132846406570075e-03
1.897568524029890583e-04
1.965140810170209551e-04
3.865308835277504306e-03
4.063256693682403518e-03
4.443409243974798858e-04
3.233073576560416778e-05
1.141419786547592590e-05
2.359647036409665981e-06
1.264233744044900693e-04
4.772786310316808923e-03
1.649088718158501360e-03
1.161304139598262793e-03
5.027499148535512392e-04
2.391304859170474695e-03
4.635350103531328363e-03
1.340568632374948945e-03
1.722222238553325130e-03
2.124142525668424892e-03
3.222549767056472059e-03
2.275515879871629205e-03
2.700786261359854057e-03
1.424514890560598128e-03
4.796734248938184256e-05
4.356834836356438343e-06
8.560491087734721453e-06
5.135802385983887736e-06
3.221342296549646036e-04
9.473319503744309297e-03
7.317957893595089351e-03
9.016635369501190336e-03
1.703790782263972080e-03
4.618937631580722659e-03
8.167103876714168487e-03
7.307952514184176728e-04
2.008336061401149407e-04
5.248039741376778677e-04
2.181793775524105885e-03
1.778650743161854647e-03
1.549416828476348363e-03
6.232006871891553751e-04
1.942413440241606867e-05
2.578476451848602269e-06
7.880333012563445116e-06
2.094708067578326835e-05
2.786307948393144094e-04
4.723961150494860109e-03
1.005293867142236647e-02
5.840098277721195164e-03
1.233011550720444511e-03
9.830339879293781887e-04
2.187050231944749276e-03
1.373241918051869423e-03
2.819642036987692231e-04
7.263212130023464878e-04
9.684437633792380073e-04
1.199133135692808402e-04
3.152998601401898180e-04
1.499449030241173418e-03
5.523911536219010791e-05
3.462702602825804415e-06
1.131120508768412875e-05
7.194067077999181936e-05
3.195875511677803791e-03
5.435887804238831444e-02
1.330994792067691397e-02
2.379581608224504586e-03
1.940581482953209575e-03
1.618003683198887023e-03
2.652056291661095307e-03
1.681368393616442317e-03
2.371915480666144304e-04
1.283924553083696553e-03
2.538001738865384473e-03
6.564413505170972119e-05
1.503720918816285157e-04
4.221028419708525679e-03
1.894718593681311565e-04
1.529651432433777204e-05
1.678230173903336891e-04
3.683877193503550670e-06
8.761240523145690613e-04
8.013276718103484741e-02
1.593501579645427435e-02
1.596614140408628146e-02
8.460309736209410333e-03
2.075493260826421962e-03
1.576117881136224457e-03
2.173441111829802874e-04
6.834094710384214320e-05
1.051283143352099800e-03
3.384377349857351034e-03
1.618987412294763714e-04
1.066381327175811109e-04
1.163548650839796045e-03
1.332577217898864470e-04
5.201583031707440323e-05
1.613299119505716851e-03
9.692745915656367711e-07
2.143897029779365465e-04
2.609029966395715397e-02
6.607149267764692024e-03
7.442795530785098479e-03
5.490702361131350384e-04
3.884260935732764306e-05
3.795596545142895843e-05
1.700196274740905898e-05
1.742880181899386053e-05
1.878724304243100513e-04
3.266472259276881947e-03
1.699516682793679326e-03
2.171919295985450199e-04
7.907049694826351598e-04
2.524496536763529229e-04
3.624062907143999130e-05
1.805661592832813944e-04
2.461701668950435966e-06
4.994696437496666899e-05
3.678791795226100513e-03
5.502554615730146335e-03
1.501560986789537977e-03
1.193618252816942317e-04
5.390509968969382331e-05
9.286146825157322142e-05
2.885923635744525040e-04
2.039749563154749656e-04
1.296747224811650961e-04
1.157570933950396314e-03
1.382059098759304489e-03
5.323322426265893366e-04
7.214690676190970570e-03
1.524442448555594996e-03
1.256389395037765596e-05
6.995005599678898208e-06
5.826365416567599042e-06
2.934420392491258274e-05
1.234506421163803717e-03
3.699636706204113921e-03
9.215856450609805897e-04
5.367503848018626922e-04
9.045533230989436478e-04
7.688886352214294000e-04
3.003749880483845558e-03
3.472051822458865206e-03
2.157600402691903230e-03
1.088582366619014925e-03
2.299109941578907209e-04
5.076339482430760296e-04
6.067376932614665375e-03
1.139856769568007916e-03
9.921188613544799806e-06
2.800558910978529037e-06
9.863661159607229798e-06
9.205082722687685693e-05
2.374502747945566716e-03
3.122906532451453533e-03
3.014372368203103829e-03
1.938442906868350669e-03
2.178480272361377754e-04
8.689522877103435705e-05
3.761317552680505010e-04
1.829873416748152570e-03
5.690003875717173157e-03
5.179850754917903312e-04
2.439478921462947473e-04
3.645181038734557170e-03
4.259508615207327313e-03
3.059685493247052065e-03
1.559110406283353097e-04
8.142275827879958428e-06
1.049102035408992774e-05
1.568598870706981437e-04
3.463902320983228318e-03
1.604425452603266316e-03
2.300520241061306242e-03
2.289945989251441875e-03
2.116042628678625433e-04
2.842996900502547399e-04
1.339580476022082800e-03
4.837980674064172940e-03
5.717905862188083638e-03
3.533026860111161856e-04
3.155097362050514071e-04
6.637759240943366841e-03
1.984602327754329126e-03
1.502024317323513193e-03
2.414919894377394590e-04
1.177153525737168077e-05
8.483140505103362595e-06
3.555391342754721283e-05
1.832005768054147999e-04
1.252868822919909651e-04
1.011358510693243298e-03
2.907668389674863095e-03
6.153704514205106304e-04
6.001521856317365003e-04
1.121904065278598456e-03
3.049692658168778273e-03
1.238784427622407255e-03
5.869411234459507307e-04
7.505067759024262528e-04
9.276077847814440808e-03
3.060104190554463824e-03
1.668448668736364896e-04
2.117939066044216182e-05
8.510410975413429556e-06
1.235327224868241980e-05
3.718905310898769969e-05
9.868261071108793032e-05
1.204716386882944643e-04
8.409578420587793994e-04
5.708712639811916456e-04
2.769630897982595106e-04
4.264054798244342349e-04
8.683374885799076013e-04
3.320970505348979588e-03
5.869843164919165803e-04
1.765861497392040179e-03
7.034305718399048828e-03
1.268244110188448612e-02
6.497906898815627086e-04
8.543267696721282154e-06
3.528287966745001825e-06
1.063400985209832095e-05
1.783507683814555814e-05
1.248486215787248733e-04
1.274990374216852535e-03
8.652046187118042891e-04
2.027186863778447580e-04
1.225056755409555521e-04
2.118524982062251500e-03
3.047656365955204224e-03
2.308661956605969181e-04
4.749307634746387425e-04
1.610095426981875610e-03
9.745781425279915686e-03
7.646922273739049231e-03
1.303018681911611567e-03
2.407032082955977932e-05
1.132366442485249696e-06
2.663624460017257453e-06
1.582389796486580917e-05
5.595914268839235747e-06
1.344360767866090214e-05
4.271969055895849499e-04
1.044261702322866634e-03
6.563814700491374604e-05
5.939072343919330859e-05
1.654148052436310102e-03
4.400928541814402612e-04
2.256544245565496773e-05
4.839377897092317490e-04
1.250119058471295050e-02
8.158555401959349113e-03
3.467244958378537089e-03
2.766195784471101298e-03
9.537124090733285211e-05
4.209508335489040773e-06
5.563285075800396925e-06
1.898095908845723079e-05
3.402358671648946170e-06
4.560202791236835962e-06
1.450287393326709392e-04
5.739265807094598958e-04
2.622087470127938745e-05
9.562036834304987436e-06
9.158878991731095537e-05
1.764846906718117617e-04
3.415634131005038598e-04
7.269347494840810477e-03
3.806888633237867116e-03
3.026937482242866568e-04
1.152399166566042557e-03
2.482875308659379578e-03
9.134341182218816348e-05
6.958893131995955052e-06
7.524737835658640387e-06
1.798842364317055677e-05
5.561061047071632057e-05
2.639556845267021024e-04
3.725843398062664812e-03
5.723612713259764069e-03
2.362450967524029632e-04
3.628924526167956813e-05
1.899175413184786261e-04
3.529480814347905285e-03
6.202711337744891591e-03
6.449562263457332169e-03
1.104876171686118959e-03
8.924407345094746051e-05
1.068840077199365626e-04
5.335666743890343019e-05
7.066722784631384387e-06
4.589162190775446273e-06
8.371309102371519650e-06
1.781080834741625963e-05
2.141948803953732001e-03
7.722747383764652293e-03
6.914443640167857244e-03
7.953081531685520997e-03
4.549714986623209188e-03
1.303960605389926832e-03
6.705536870004949598e-04
1.699263188454916938e-03
3.144802833260884590e-04
8.685300245637688865e-05
1.518145316684567175e-04
5.717413538766110250e-05
1.864918591116041229e-05
9.440523351029682760e-06
7.703550585477995967e-06
1.210494227692028814e-05
1.770960715779923260e-05
2.816238269759322900e-05
