1.095337290076221824e-05
1.044862621854566734e-05
1.163530691933019590e-05
6.493644899581455397e-06
4.936848153189259747e-06
7.546670143837003972e-06
1.055125093885738179e-05
1.146032869620172524e-05
1.150858777359686243e-05
1.146367543005658948e-05
1.140462635178654423e-05
1.118851241591983918e-05
1.100158144285142827e-05
1.097330206558970414e-05
1.096168156160087240e-05
1.077699965878503748e-05
1.121576529860545952e-05
1.520574618993798534e-05
1.060192681984791139e-05
5.071367852820637994e-05
2.144038244656105562e-04
3.027972188203958051e-05
2.098897906104133551e-06
1.542520324840740851e-06
3.083669918261269163e-06
5.268736625543480302e-06
6.249368276873141416e-06
6.501027148032424320e-06
7.478592120486021643e-06
8.032267064650442645e-06
7.858561777830458387e-06
7.649667701247684550e-06
7.557951357021364649e-06
7.386104141658496950e-06
7.731075409885195622e-06
1.121568416817928913e-05
9.648260177437192965e-06
6.884894293492351751e-05
1.114734687514252164e-03
3.848334374543168636e-04
7.167898030544679735e-06
1.778552186148107512e-06
2.738514325054967668e-06
5.073849129513161615e-06
4.071965013006437630e-06
2.706428566640685248e-06
4.139187848752109430e-06
6.737067459801535481e-06
7.803800298416083502e-06
7.657659632597995590e-06
7.362284726793140983e-06
7.088686273879616680e-06
7.387671751512014611e-06
1.077429327063781651e-05
2.868300128893365062e-05
1.394597588411094775e-04
1.611494143128371775e-03
3.636123566247628433e-03
3.238205109460277832e-04
1.590153847769150636e-04
1.111128077501178941e-04
6.210768471571010893e-05
1.580100371479707211e-05
2.859418725210993100e-06
2.235522499716714396e-06
3.968060907278221450e-06
6.695022674477419259e-06
8.086350978585281170e-06
7.908125233725958150e-06
7.396553773526504209e-06
7.581322253519013391e-06
1.096322081646660635e-05
1.298301059362467493e-04
1.385215620482714875e-03
3.991496274342926608e-03
8.387219353407030648e-03
3.453089442641940794e-03
4.763103587385780942e-03
3.517385591343403107e-03
9.894698622673928860e-04
6.317860081944790158e-04
1.144296688920889326e-04
7.700976685269099469e-06
2.144651156605282797e-06
3.193113258152351577e-06
6.195820361454033054e-06
7.848883661165653659e-06
7.649293969537534108e-06
7.706147766223580756e-06
1.100461396636117369e-05
6.970305564839219170e-05
5.176945305012782897e-04
4.022006601853981211e-04
2.839224154639067178e-03
4.089836971386505426e-03
1.592782536788352535e-03
3.179972811987233621e-03
1.680559998144155959e-03
5.684320000388300154e-03
6.430549010027279168e-03
2.064887636349804236e-04
4.590004635170477317e-06
1.258342051699314695e-06
2.760152752136354497e-06
5.819490064414395087e-06
7.312780309864974940e-06
7.801527161178621809e-06
1.104817948250291592e-05
1.383674736859463684e-04
1.585209871078358066e-03
4.677486246314871941e-04
1.841713472063365425e-03
3.046489363153685390e-03
7.579380687792228698e-04
6.284782004857003730e-03
6.607662607750747555e-03
7.552197099457621035e-03
1.153018713977999911e-02
6.819965107371732047e-03
1.311219175090269997e-04
4.110157741231344991e-06
3.224119987241674964e-06
4.547982764631159043e-06
6.218167970787055062e-06
7.713042686021567723e-06
1.115757555484138468e-05
7.415688094623661261e-05
2.129372343709428142e-03
1.450630066627713825e-03
9.922851570920163469e-04
8.976092073039348192e-04
2.577272313982940477e-04
1.246950255353908082e-03
3.295362955790832795e-03
4.613061176745826206e-03
3.906741846937398718e-03
1.412037670751081775e-02
2.497124764952637563e-03
2.708391692422915543e-04
5.489573871169626000e-05
7.466568482811612175e-06
5.246332075556440141e-06
7.440406231524794719e-06
1.132847798506906719e-05
5.822192358204668937e-06
3.162842159983467682e-04
3.389611397821452703e-03
3.512219258605634754e-03
3.418361851170672542e-03
3.002789040512903861e-04
2.319856621170946680e-04
9.571682322993315664e-04
2.374730467674966271e-03
2.498571393866754961e-03
7.158041829243877961e-03
5.836633488611095086e-03
2.937223622903262048e-03
1.835541621639622694e-04
6.228235370547075834e-06
3.836292342389805808e-06
6.939547990942687557e-06
1.150700613835868980e-05
2.260808094693372648e-06
1.899454612622288095e-04
1.099218410004033052e-02
7.304328002458315358e-03
5.721386351233697688e-03
1.276004316688552622e-03
1.119810703244434203e-03
3.644783539244254682e-03
2.272696412885382832e-03
1.943165346530880983e-03
1.074000523490897460e-02
1.497501885708170041e-02
1.257121600973550371e-03
3.672503316767790550e-05
3.616627044956437500e-06
3.114246680267658286e-06
6.119268831997245899e-06
1.138177805321771619e-05
6.552303478008739526e-07
3.036132880181659051e-05
8.696719568515759100e-03
1.409463319508912939e-02
9.664644988643783172e-03
3.891079122640532257e-03
7.798465230995658883e-04
6.167472274677741721e-04
1.534501992078492075e-04
5.344173374968720186e-05
6.159057481905500214e-04
7.277592503555644493e-03
1.210518137777640696e-03
1.867205190563297926e-04
3.358381822014405049e-05
5.860772150124905861e-06
5.458174170604803339e-06
1.083338661249441360e-05
6.412842486119089227e-07
1.084948079733011068e-04
4.893070027681952622e-02
4.538382472334830803e-02
1.970772222568862447e-02
4.597568772429953994e-03
1.433152024306881414e-03
9.017802001808729925e-04
2.343293033685611194e-04
9.367356153655581608e-05
2.522030078423561023e-04
3.118457412529668672e-03
1.907245852768319405e-03
1.187294113167725821e-03
1.925599784858548114e-04
9.506985291313786634e-06
5.203539995563414714e-06
1.050146831667270680e-05
9.800614488293185061e-06
5.275732559127725013e-03
2.217226216750034784e-01
5.226259681871867763e-02
3.743980434567151239e-02
6.510307133334395507e-03
4.362241457630196100e-03
9.136909542238074887e-04
3.698016925354909276e-04
9.245765009634722897e-04
6.082632222726769896e-04
4.806707175800163830e-03
3.878895329867810843e-03
2.825159961948864578e-04
2.482205505229969118e-05
5.039821403341553583e-06
5.423966910000669689e-06
1.087471652866743154e-05
7.840169117935823781e-05
8.364453960444164296e-03
6.812869432297724570e-02
2.245778880166694053e-02
1.420450625568323716e-02
4.809656735947930896e-03
5.498251276451126754e-04
1.247055633515843516e-05
2.137409940400149502e-05
3.746327011677449189e-04
3.610432296214574469e-04
3.907163722521906843e-03
4.764724311361631486e-03
4.984830136414169122e-05
2.638935274648953552e-06
2.901874903315947765e-06
6.278545949017203906e-06
1.145088980973644910e-05
1.830584583717519126e-05
2.390741579898891648e-04
7.611120647348133296e-03
6.031580786389547158e-03
7.266742061109175742e-04
9.462930096442865235e-04
5.814877494461591687e-05
1.041058546083784951e-06
1.212760101479163468e-05
1.698205155810214063e-03
2.823445437437759140e-03
2.022902976488234056e-03
2.325229495470640916e-03
7.680197609999680857e-05
3.404519115067127110e-06
3.557657720426222098e-06
7.145425743416235501e-06
1.156427737230511148e-05
2.707536157090393761e-06
1.806440424150161951e-05
1.619219030700116361e-03
1.999828440970660530e-03
4.791486426931826229e-04
2.955105051242285560e-03
2.179305938993232432e-04
2.948496287362914651e-06
5.146313100850832577e-06
4.470993064872895504e-04
5.028476501807330537e-03
1.671466873421699906e-03
1.287713235124471551e-03
1.419558666251245869e-04
7.468792559685938474e-06
4.891598367279935495e-06
7.455556904217083299e-06
1.136397168534063986e-05
2.259189236158567351e-06
1.843041010860138704e-05
5.068433760036624358e-04
1.699029835173155093e-04
4.118811572596356750e-05
2.414790885314692208e-04
2.968943684261645972e-04
7.420985611658079226e-05
5.574189619280767349e-06
1.179123872942530462e-05
1.155526689329083000e-03
3.585047569354066124e-03
3.986921330184992887e-04
2.359564041658200560e-05
4.981099479361379789e-06
5.483354325570924878e-06
7.622236097079544463e-06
1.121285039540358450e-05
1.731148991929583699e-05
4.109224887015959895e-04
1.506647943987688429e-03
4.393119402441210012e-05
1.668452752018306412e-06
3.175424075529970622e-06
8.202619942003632836e-05
1.252276981042458291e-03
4.024711420436143409e-04
4.065237421080525782e-04
1.055126139571936454e-02
4.641319475796501677e-03
4.393403406486420711e-05
3.179729173125839102e-06
3.519772632906359125e-06
6.298452521264153109e-06
7.846878090641284546e-06
1.112505558673692379e-05
8.763353905889681016e-05
1.560268618419209359e-03
3.745970183902094992e-04
5.358871226678179546e-06
8.054136560227648950e-07
6.767942029535975266e-06
1.911671742436785756e-04
9.036830722590076569e-04
1.473931347887543365e-03
4.128785240773916697e-03
4.598122221429449055e-03
1.697055480105664257e-04
4.544336430439810913e-06
2.359041482658791001e-06
5.058547242448116843e-06
7.412857394157934405e-06
7.882629681859868161e-06
1.103288471123482293e-05
6.607491119278179515e-05
3.779805241180009896e-04
1.976192016590895258e-05
1.024858448867113943e-06
2.778180553300562449e-06
2.336327085935247059e-04
3.701267875362691459e-03
1.962634265263964433e-03
9.893255199998813622e-04
2.239114423610408418e-04
2.264726715100138569e-05
3.726133167874704589e-06
2.281432460609306684e-06
4.309942253240892656e-06
7.282405616685585905e-06
7.752943551634664882e-06
7.732163560133933919e-06
1.097813482470401237e-05
1.472133887815641948e-04
1.666415157422540148e-03
2.774554084161983411e-04
7.025209999032814190e-05
1.763074064385931536e-04
2.098211035223317752e-03
2.681473662060183342e-03
2.597068437113944986e-03
5.511397608272675629e-03
1.686723993819039323e-04
3.335687320758134139e-06
1.990966965379462709e-06
4.279387755365354747e-06
7.134246700444334660e-06
8.012686233675992317e-06
7.537166482816480240e-06
7.626204273156995517e-06
1.099494602559057419e-05
1.387190393267075648e-04
1.960658129969237735e-03
2.683541266242914659e-03
3.564649454152427066e-03
2.741190992348803077e-03
1.659968291923817748e-03
1.182418263522750680e-04
4.957648248555999667e-05
2.790703232563951450e-04
5.057919653959857235e-05
4.323268836925589959e-06
4.157507301108114140e-06
7.095047300942778052e-06
8.083574732233500112e-06
7.747404329525205813e-06
7.319295398312192618e-06
7.572122095250175516e-06
1.097947743899836150e-05
1.982387848835813140e-05
4.566195397758983761e-05
7.406797664625466707e-05
1.390788459747447096e-04
1.053891684351262694e-04
7.416034925293545890e-05
1.141118459492765601e-05
2.419115233192452601e-06
4.022401097627553875e-06
4.649346523297335662e-06
4.300249358854895567e-06
6.195478402249144174e-06
7.692018993316739473e-06
7.611895528435174821e-06
7.327511537188845536e-06
7.088997119451628275e-06
7.399836869793606011e-06
1.078550397645007639e-05
8.100712888407673949e-06
4.884447089086533112e-06
3.704588128655435147e-06
3.811091762546180186e-06
3.873536207951039277e-06
6.083098390992524116e-06
5.666391177425910341e-06
3.319418861834283465e-06
3.273574528657613740e-06
4.435272455692730062e-06
6.189750756336642337e-06
7.617594972922632012e-06
7.859164391273516434e-06
7.671663060673385268e-06
7.567780331481288888e-06
7.396456280803141444e-06
7.739256688854506498e-06
1.122142133946396087e-05
1.364155394522297304e-05
8.507868876232296736e-06
6.520424150332835677e-06
5.843790556907147621e-06
6.032514041454455046e-06
8.027128887788713088e-06
1.010220149138762688e-05
1.027494652482775985e-05
1.025278460757192604e-05
1.076922471199755463e-05
1.130673313030732324e-05
1.133295627589283673e-05
1.109701543389469738e-05
1.099561753943177548e-05
1.096628289875734227e-05
1.078336134057059518e-05
1.122287583502243224e-05
1.521201739588277170e-05
