1.791247799308316437e-05
1.464922145376473445e-05
7.800948544730783958e-04
3.320340392985041134e-02
2.389319881919359147e-03
6.008295977679886353e-04
7.608997464933852858e-03
7.427668973210070592e-04
1.877900179265474021e-05
1.777387956809906028e-05
3.099307221308443615e-05
3.053217101024087178e-05
3.414434346788440701e-05
3.994622464786716249e-05
4.102699024204189206e-05
3.969289726725952098e-05
4.112620974417811323e-05
5.482580549447556761e-05
2.201450286138945049e-05
5.656757475126872954e-05
1.590066116976616767e-03
1.940010891201458462e-02
5.522594046761319236e-03
2.055159094482661691e-03
7.057414346195832119e-03
5.745271221614480818e-04
6.915407473846954555e-05
3.644831872671808475e-04
3.688974644081313920e-04
5.556172127821228573e-05
2.401415619946241267e-05
2.699724927624723629e-05
2.978326534978411992e-05
2.855488448456200892e-05
2.918196532470740070e-05
4.115122662618979192e-05
4.914885838312050821e-05
5.625187306433357881e-04
4.966478018996762361e-03
1.552263047124483259e-03
2.177680987958508061e-04
1.302147238191750855e-04
2.144233555282857836e-04
9.698787424548143982e-05
4.033899017811632347e-04
1.696530414008436127e-02
8.254110427988192028e-03
1.308669722367726334e-04
1.649826896876441945e-05
1.913232971922036038e-05
2.676149715682227479e-05
2.803011611125292408e-05
2.865952714204653365e-05
3.988661105246913948e-05
2.946587243678977329e-05
1.233770557218068968e-04
1.143745010842404930e-03
6.440171577509351281e-04
4.793009206208515200e-05
1.122425341636546067e-05
1.396058430585932078e-05
2.836998027960743908e-05
2.537820615665834596e-04
7.990585626376219691e-03
1.042310663493649196e-02
1.560773406121293658e-04
7.816906986879197541e-06
8.738332410287075861e-06
1.711229423328159376e-05
2.388368797068701901e-05
2.893018557640363215e-05
4.152954723208583286e-05
1.614964105701771876e-05
1.649336360361404100e-05
5.245640428759845968e-04
7.291480600949699215e-03
4.351660166490648450e-04
1.389273123503276737e-05
1.516640278705124911e-05
1.242658102235372458e-04
3.826919107225186653e-04
1.329433537518100216e-03
7.158544473780933080e-03
3.974674025364774931e-04
1.582242384080325616e-05
1.275477116045024358e-05
1.292976030344792538e-05
1.437960940830674003e-05
2.352269817509923579e-05
4.145539299718750204e-05
1.914687297988105735e-05
1.186625695658610310e-05
3.151456905748204374e-04
7.283842523866698726e-03
4.582811139997972853e-04
1.179814239477611343e-05
1.870672452748348356e-05
6.028767900692211116e-04
5.056655463189292654e-03
4.815597738983435662e-03
5.531555317889770562e-03
1.065986920977284556e-03
5.940793845046542059e-04
6.831856047000272464e-04
7.127553341319277759e-05
1.294861330719190981e-05
1.718396869159986298e-05
3.855353430669647706e-05
2.452940561045085103e-05
1.501284438899761777e-05
2.317801436390765784e-04
2.689353172890478639e-03
1.620128986404283534e-04
5.730377015069346974e-06
5.140787386035484498e-06
6.369916450597556110e-05
1.944498819717583541e-03
4.918048934107734256e-03
2.028489942712007922e-03
1.692500780333359338e-03
6.362910635565125102e-03
1.561810080339579021e-02
1.114794182051841382e-03
3.994731274356273196e-05
1.845430617872207847e-05
3.622493843359180518e-05
2.557592316333437944e-05
1.911081301153243721e-05
3.827068249818930934e-04
3.714381289903331048e-03
1.750349881803755993e-04
9.817575202954553055e-06
5.540970099970341496e-06
8.723241065935135349e-06
8.683086478920543593e-05
3.202147295823059539e-04
1.252940408655395677e-03
5.850267303665160866e-03
3.158114668976706122e-03
1.176777636878291802e-02
7.646958477149199199e-03
1.738694725920762025e-04
2.489441250120904219e-05
3.554150413938233713e-05
2.132085474893983561e-05
1.481550743604376042e-05
3.216100158917884876e-04
4.963693827019257689e-03
1.066979706301024629e-03
4.946051547497562614e-04
3.911917907399715911e-04
1.981257824558451839e-04
5.020181766748326585e-04
2.366094857826473547e-04
7.689637314281693370e-04
6.390016400421911873e-03
2.396190902702243983e-03
1.354865345817306797e-02
9.905186122371319526e-03
1.453696535432731662e-04
2.108249472844228386e-05
3.527525525013068715e-05
1.847983251147361462e-05
1.741876248265563235e-05
3.616312136367805827e-04
1.057853547360670596e-02
1.856580098234001178e-02
1.676986877535868725e-02
6.257249556111485304e-03
2.486066491451572030e-03
4.828555172545989649e-03
6.384519949654608815e-04
1.849039147748362177e-04
2.446827458096617223e-04
1.544111769849065439e-04
6.171457214980828913e-04
3.394960284142574413e-04
2.358507818341321305e-05
1.360651112763750019e-05
3.571318318829244502e-05
1.963019205223579542e-05
7.967559554604802222e-05
1.154032688935728275e-03
6.103346456723866137e-03
9.098451455451770503e-03
1.775742318357296980e-03
6.276482112542375921e-04
1.094753466455432181e-03
9.063836369112334692e-04
5.263326456150515609e-04
5.933122372356974773e-04
1.000376017148901309e-04
1.152279763906272579e-05
1.282258062284253866e-05
2.235867130223813420e-05
9.990252791916039285e-06
8.103112363770152457e-06
2.632078869681724208e-05
1.384812636842760210e-05
6.393990655889448876e-04
4.987779144111159635e-02
3.594413029483371769e-02
4.227234389587047371e-03
1.819649786000139655e-04
3.579757433292032713e-04
6.470069413071391495e-03
8.807224191282765884e-04
5.873720859786711905e-04
5.265367306625989320e-03
1.491118711548190421e-03
1.500645551243740320e-04
7.753132611919135787e-05
2.510087158179949863e-04
6.572888905591913996e-05
7.267122748501365779e-06
1.399526163798747200e-05
8.393794791243550194e-06
8.423359277199813939e-04
1.026268778172026164e-01
2.638734271702499606e-02
4.834568050466955293e-03
9.025331075315216238e-04
1.031596165823187505e-03
7.396024691838093933e-03
5.094857184903462712e-04
1.185544744770103111e-04
6.219061282415055004e-04
1.416133766929340539e-03
4.199915348724284070e-03
5.580755342377636402e-03
1.268011957916003081e-02
2.693113814668541845e-03
5.792708268435224037e-05
1.837880346588181835e-05
1.569692469172908139e-05
6.582480568571368951e-04
1.304715486750537487e-02
3.486505353452449153e-03
1.330281941936279320e-02
1.544048800542274953e-02
8.517000625966190171e-04
2.730448386149903406e-04
5.726433676569984591e-05
8.850850371643982954e-05
4.628169397567351664e-04
4.006541920188322206e-04
1.899476644517085304e-03
4.763968239365433226e-03
4.549080208123879726e-03
5.278165557893998820e-03
4.598998792154247988e-04
4.464818456199032797e-05
1.755869699372989646e-05
9.430127195327512961e-05
8.846570943474977612e-04
1.008628744359173820e-03
1.579873616732662203e-03
9.358250906949459576e-04
3.742778641345231687e-04
4.636556562211439306e-04
1.492855803076717123e-04
6.248362653527875189e-04
6.004920427948871181e-03
5.268563873145055802e-04
1.170827165712165903e-04
1.566271251732968611e-04
1.257047877990683318e-04
2.940276177421334699e-04
1.421570579038367965e-04
3.500612096279092099e-05
1.724377859633772966e-05
4.764724137728698638e-05
1.645791028186673012e-03
6.042576102984414423e-03
2.643195574454656571e-04
2.528420671628558257e-05
3.775300641572754113e-04
6.240948949703794407e-03
6.189626688743164219e-04
1.946503101224886852e-04
6.394343743928667832e-04
9.673968852032095397e-05
1.991072341470058034e-05
9.000593204226625883e-05
6.539084082522266493e-04
8.869503473272099181e-04
1.161840103607250521e-04
2.811955379409978724e-05
3.698728970978845698e-05
2.086638188403084834e-04
7.251784757837005657e-03
9.732219054752444184e-03
1.604827049927226058e-04
1.315995427135979167e-05
1.053599451226366391e-04
6.750559892535576857e-04
8.306327942221633628e-05
1.190068362142353259e-05
1.049703632116143048e-05
5.114683773713458213e-06
6.585243430150491774e-06
1.636308946280729882e-04
6.506163020288891798e-03
7.116743764509159999e-03
2.895312926412185934e-04
3.939797713094154427e-05
4.365998535272625516e-05
1.065615071328603622e-04
4.123443105207973700e-04
2.097485295790179520e-04
2.863572731910652181e-05
1.210872606755866609e-05
1.769227018519748038e-05
2.187907300896689214e-05
1.722263743295987586e-05
1.283352205798732352e-05
4.799828405031509412e-06
2.744108962185022720e-06
1.809632115145595787e-05
5.622798897960240268e-04
3.361279957814631431e-03
7.747308872365097970e-04
6.189703134401585035e-05
2.935530433701537612e-05
3.505897819976625343e-05
2.196173507208575563e-05
1.855356694081196795e-05
1.426198566392727595e-05
1.321987733600594977e-05
1.598188374422569589e-05
1.389446930998441499e-05
1.587034593304936252e-05
1.214433932447736000e-04
5.097674965099503958e-04
7.587151459613925247e-05
7.007938160832553724e-05
2.069181615819958193e-03
1.564255140484279924e-02
6.105703342920021023e-03
2.723397744771607031e-04
2.491149136581988148e-05
2.575891858312294360e-05
2.527062844878940739e-05
8.455319901943427252e-06
8.646782193988441758e-06
1.967351375259149718e-05
2.579894538629894473e-05
2.192125224601354519e-05
1.587462127611693471e-05
2.460924822497395937e-05
6.318090610003781376e-04
6.364607601457798053e-03
6.602784971787211896e-04
8.611635846507504147e-04
1.324180096428467096e-02
3.477796490249459097e-03
3.160888590955182077e-04
6.856724950593955949e-05
2.585406147422739123e-05
3.414521712096504571e-05
1.044211673131519723e-05
5.077619287694182116e-06
3.668676193675063211e-05
3.353810150336689641e-04
1.535087002441557998e-04
2.798814080503635578e-05
1.192982148777068163e-05
1.048648491409365178e-05
8.581726814561542102e-05
5.794450213465381907e-04
9.559217903746614281e-05
9.277177004381358181e-05
1.334521381328969457e-03
6.885225487807732168e-04
5.001286561099905223e-05
1.653627697816917249e-05
2.002450552657880918e-05
3.868858037238265941e-05
8.348871743598983906e-06
3.827314460797012047e-05
2.029502641189268649e-03
6.702633144291990190e-03
2.869784920225270123e-04
1.904407418518994563e-05
1.159234387048957155e-05
1.007905460764272941e-05
3.361577910750647891e-05
2.322402104377838290e-04
4.530004070252450441e-05
1.392861855878910237e-05
4.650855492774268836e-04
5.859678014846902462e-03
4.873754428692825486e-04
2.795148114910953161e-05
2.002836991690076627e-05
3.913396312132988756e-05
4.703498798209867690e-05
1.466649013504755681e-03
1.377960493353197306e-02
1.770491151390527840e-03
4.002511348639069890e-05
1.296092663311875848e-05
7.338781674243500283e-05
3.357004918428185087e-04
1.289704042649858495e-03
7.436192036853832808e-03
4.628578923494983339e-04
1.502113524692003809e-05
8.058135878671974172e-05
8.036620385547611810e-04
1.852673913189023308e-04
2.450947320636652230e-05
2.107623100883236291e-05
3.907672422778937592e-05
4.392428477530516302e-04
7.287006054764124177e-03
2.580622930441494114e-03
4.775908992694831109e-04
1.556809062176371184e-04
1.670928424758248666e-04
1.024362683253359938e-03
5.732090910668351941e-03
1.054152931596222600e-02
1.628999683611485200e-02
6.814808307991268013e-04
1.504186935859860745e-05
1.207040893051434856e-05
2.565209189800596019e-05
2.108928462198769531e-05
1.792788835535511106e-05
2.487266435045784710e-05
4.180016102537523686e-05
9.628735885254896760e-04
6.697404466815616228e-03
2.910029709414852991e-03
1.396507923761187119e-02
2.927370485326881086e-02
6.690246894477490727e-03
1.152922811870217773e-03
4.504109616927538524e-04
3.169840070847610813e-04
3.488708327018373188e-04
9.327629704436149916e-05
1.976257085922256867e-05
1.855072374579063427e-05
2.396223845535621816e-05
2.737825611929954711e-05
3.346923726251275176e-05
4.114196611107759724e-05
5.627665145208739846e-05
