1.188824270607617180e-04
1.355218716310220388e-03
5.465200707008018889e-03
6.889252904083731713e-03
3.063558111312873495e-03
3.752779740696285372e-04
1.935590106216051389e-05
1.850415261146948320e-05
7.839858831546316293e-05
6.790837428931051932e-06
1.081848265190658880e-06
7.552658552489769819e-06
1.154977093288068382e-05
5.911832527382756216e-06
8.812372550191135799e-06
1.353833992373270946e-05
1.546894180426468409e-05
2.358956621210471624e-05
1.091773347614490148e-05
2.206424838709904548e-04
8.409665703131405726e-03
4.818280167458026050e-03
6.779239960773996874e-04
9.101143737295811983e-04
1.329113088953876097e-04
1.364779508019157441e-04
4.733892708604693980e-03
4.818817044958684107e-04
1.120830705596214534e-05
4.478454890734970522e-05
2.136055127904019771e-05
2.950488973614400939e-06
2.399707975699237026e-06
3.455546255018039224e-06
6.325825735237350841e-06
1.453834979344401371e-05
3.872083129900176485e-06
3.087974371344889845e-05
1.556041148636912435e-03
1.982482495948425811e-03
1.073208368247559021e-04
7.877372716405299719e-05
4.333633125968849593e-05
4.623317519729971785e-05
1.904200755557443857e-03
7.016724687278055872e-03
1.567553105902914218e-03
2.005663405774834283e-03
6.291323679133720972e-04
1.278173217821225807e-04
1.357595443436441708e-05
2.740811473039368913e-06
4.083790810619828313e-06
1.142290091332756687e-05
2.609225046571171205e-05
1.008900824839237622e-04
3.612807875881819111e-04
9.535038518274205257e-04
5.347871102652063227e-05
4.306282208425359201e-06
1.529722128352844360e-05
4.061838975680732349e-05
1.057749569215524351e-04
1.757530639406188356e-03
6.468717401776267334e-03
8.583356811198651973e-03
6.411283234651211048e-03
4.262317393981458410e-03
3.710641273066677542e-04
3.889418465061732379e-05
1.372943624022910247e-05
1.103630086231801054e-05
2.010254692042061895e-04
9.980810057064720252e-04
3.210861632700407115e-04
4.670888467039317369e-04
2.970386773966109765e-05
8.284854464555409101e-07
3.217708812499468128e-05
1.050924731422010804e-03
6.401929347224843492e-04
2.798097494127580690e-03
4.653385605828327942e-03
7.558725827155146106e-03
1.028558322435737908e-02
3.450554595191713831e-03
1.815493258337077045e-03
1.467272392610831366e-03
1.057327834930714839e-04
1.214118438064117810e-05
4.974562534672497005e-05
1.027339791651928362e-04
8.604233500250507987e-05
8.219907496205936621e-04
2.476996748592201979e-04
1.317495783577557863e-05
7.304169563180116587e-04
5.062237075315050884e-03
2.001788675717712800e-04
8.163357566800656748e-04
5.145066096222786038e-03
4.234106758596252289e-03
7.784203907760728521e-03
7.749832039905338484e-03
3.273797500775648978e-03
1.383907444150239783e-03
6.327057082979920975e-05
7.467629652897366896e-06
5.489615032036823304e-06
2.168647289420482606e-06
1.269132818009857948e-05
1.163992747132719602e-03
2.417039280272616913e-03
6.668172713731188505e-04
5.463707347119251684e-03
1.520311481838213527e-03
2.422846296433578175e-05
2.206066619602153021e-04
5.400220726299325216e-03
1.966715621139141380e-03
2.425294232969640688e-03
1.938869418454085281e-02
5.324570634750958216e-03
6.585096113986579859e-04
4.056245870562135417e-05
6.028829122687041300e-06
3.901802934612919301e-06
1.765569480556177205e-06
4.070221159376174238e-05
2.203601822679878124e-03
4.398046456976566904e-03
1.495395806756229153e-03
9.271631217350985096e-04
6.960662985522222913e-04
1.817959998569196745e-04
7.147238956062597348e-04
2.656812298486663053e-03
1.468913786658021569e-03
2.819505696439672353e-03
1.699190961318625126e-02
9.551788244420517104e-03
1.969861057961802726e-03
1.130573168198468180e-04
9.649419772459268501e-06
9.584465479966474883e-06
2.987590022210458133e-05
6.276268411855509544e-04
1.816750852809517237e-03
3.696318425876148669e-03
2.146219757352759924e-03
5.674983734419944978e-04
3.241984578326171946e-03
6.072256268335337291e-04
2.078892191335481683e-04
1.109306954573864188e-03
2.412540393689209181e-03
1.797484458023102753e-03
3.520505213190718279e-03
1.155937695372916130e-02
2.698330448138707219e-03
2.124781571579100522e-04
3.399445142268452515e-05
9.102286733410525657e-06
9.805439797021454256e-05
1.922871701780790423e-03
7.761708317647362599e-04
1.149377620202513516e-03
1.014775134289673877e-03
1.585562831639211756e-04
7.819363423672567263e-04
6.541767001638620481e-05
7.326543972896813835e-06
1.804410553323331596e-04
2.848651281354690201e-03
1.319995719337774265e-03
1.092513538902198508e-03
1.263373978024820606e-02
8.868969349395124796e-03
9.268992807231256435e-04
1.013649153468956793e-04
3.605420226881581012e-06
3.506607201341962733e-05
1.596021288093057208e-03
8.050417851518670712e-04
7.940192028580025062e-04
3.556422876134225555e-03
8.573691919511437515e-04
4.758521233937774248e-04
1.813203743395716072e-05
1.195963594261905060e-06
7.301209997850816880e-06
2.637763414816817614e-04
2.152471927509226092e-03
2.370798156543492928e-03
9.732675286299133366e-03
1.187793865631514220e-02
3.741147416284362238e-04
1.436052185574912627e-05
1.393565333556189123e-05
2.617409897599017477e-04
1.538726769128503577e-02
5.868122870489596125e-03
1.567820976282048194e-03
7.909639281335895111e-03
4.105285891547678749e-03
1.337355431826736619e-03
4.777199108838611747e-05
8.585574668579732665e-06
2.073539411535397980e-05
2.292074730934645936e-04
4.378808803703782872e-03
7.958546972043319470e-03
1.294721840768014651e-02
1.320066944244829149e-02
3.802599973739366739e-04
1.204564171303223758e-05
5.578096887178881925e-05
1.295268915572919373e-03
4.819878059957165978e-02
3.175818820948590054e-02
7.608449960862412841e-03
8.432558896013991889e-03
2.476300998498687234e-03
2.336496152602359107e-03
9.506922586433668668e-04
1.444960711537548841e-03
1.645336646038175928e-03
1.597483620135755266e-03
2.172163311901633385e-03
4.174128017718944407e-03
1.635864790115889103e-02
1.439008500580569311e-02
9.953395633854225481e-04
4.719047535982863538e-05
3.707944112488870098e-05
1.835890550996023725e-03
6.807822664989097994e-02
2.205729414004676397e-02
5.545402740645011090e-03
5.630188814741005077e-03
2.189423200618610503e-03
1.803449736900131131e-03
1.685513189969902468e-03
2.587347779898890518e-03
8.386179584622989458e-04
1.004247169490649376e-03
4.872680280436019569e-04
4.010672420618844941e-04
7.626107307524011489e-03
1.169444424200643054e-02
5.494450812760431554e-04
2.108393337487551189e-05
7.578712461201916726e-06
1.805422921897102326e-04
8.173649795298642759e-03
6.530383479687682652e-03
4.223276333457520910e-03
3.634926311523717542e-03
2.382803854009415447e-03
1.966836611965157387e-03
3.506499767482553257e-04
6.276165317993726619e-05
1.230040327683489880e-05
2.003490811442574940e-04
1.057802488164509514e-03
3.149370467156673557e-04
2.466102995771535071e-03
6.755306919400762104e-03
1.591896276124452709e-03
6.371280914249072389e-05
2.884205180142888531e-06
7.017472106496367634e-06
3.167308873517497348e-04
3.979006453990388895e-03
5.884065508088108867e-03
1.083302952392042147e-03
2.014132442712803991e-04
1.610989246658461513e-04
1.466475947197851853e-04
1.957588164074999587e-04
2.375808096655926811e-05
1.407233615300109396e-04
1.921985122549762408e-03
1.500170934065291582e-03
1.104231344245219619e-02
7.880388118473725945e-03
2.663183461632390257e-03
1.956187625425541074e-04
7.794683444087360192e-06
1.616132545308548136e-05
2.632540311133561243e-04
1.934219024703089009e-03
1.823470804959301684e-03
1.385134584869897681e-04
4.799768106944097830e-05
1.304012445122176703e-04
3.696605706682679114e-04
2.245449454346112872e-03
2.092278177869255607e-04
1.318439641958796097e-04
5.305509480679961466e-04
1.808148530193063805e-03
1.992242216657970008e-02
1.672769113486652099e-03
1.530056834337201557e-04
3.123695665341738934e-05
1.150266135876292153e-05
6.124747322786718950e-05
8.504818034311573691e-04
2.348195769912822702e-03
1.023694567408096326e-03
5.674377523583128792e-05
1.985491526182485910e-04
2.447240765833975061e-03
4.588134093510500998e-04
3.278270992652710693e-04
2.120077436587326889e-04
2.631075382927292928e-04
4.952658629377073435e-04
7.652428209179444780e-03
1.218645240276634151e-02
2.643951966170171607e-04
1.188659112287482946e-04
4.130100327320172695e-05
5.053269338038455209e-06
3.042364358852763854e-05
6.667927601336467091e-04
1.310394725655194235e-03
2.302534386028277826e-04
5.149715228373440840e-05
5.439420256614643312e-04
1.551344013092920051e-03
3.588247898693536176e-04
1.216969035774677745e-03
2.370967944463610051e-03
1.644503820004764461e-03
1.176226325260661338e-03
2.184094076491229289e-02
7.128581232435944777e-03
2.359157432504118258e-04
8.263087995119081661e-04
1.619549621913460909e-04
2.407634274119381567e-05
2.984113498350346927e-04
1.130446051629025069e-03
1.507820163516342062e-04
1.759441658746065525e-05
7.567098867279734324e-05
8.829062987284341671e-04
1.952670446543896957e-04
1.816285007672753873e-04
2.684560829214069268e-03
1.763984143050866416e-03
1.054117509721675056e-03
2.834596516424624409e-03
1.426945902064364474e-02
1.116863667163622148e-03
9.785675307164073825e-05
5.251072187103863077e-04
8.873607565873289893e-05
8.839702996645087106e-05
1.034898032860399105e-03
2.920462575024355685e-04
5.869699540379854807e-06
1.316610323528743895e-06
1.637442806064910085e-05
2.364660759102503711e-04
2.020190647529390726e-04
1.951491792263576434e-04
2.635909746214017742e-04
4.501194488430989367e-04
2.532842034868203369e-03
1.079133587209264722e-02
7.911791804066233350e-03
6.652048010012695132e-04
3.169167466042777364e-04
9.315752902406791713e-04
1.032162613115473744e-04
4.510135783324934671e-05
5.534168288785175143e-04
1.789262767186332109e-04
5.204135244483244385e-06
1.847210412938024768e-06
1.896911662780678158e-05
3.062930857823908102e-04
1.233195312836725356e-03
1.059148218539597217e-03
3.101896007367793803e-04
2.791507819408526637e-03
7.542174993642409252e-03
1.252577442140195276e-03
5.727756935899375223e-04
1.153098990798187605e-03
1.471713295784399288e-03
3.190663784114950753e-04
2.963507408288781423e-05
3.631342748322994251e-05
1.155690582225951711e-03
1.208148425145149155e-03
1.377837672239085281e-04
7.529721479523909800e-05
1.677258477207917273e-04
5.592239764969094513e-04
1.339196918862069078e-03
1.540403390545768986e-03
5.906978110291511179e-04
6.547541707698450661e-03
1.786197128390242667e-03
2.032230756454994221e-05
1.098214997779280143e-05
9.109786132553824884e-05
9.471207769777445387e-05
1.010172045544691191e-05
4.765939006811244760e-06
2.701039434667483900e-05
5.346180980564322737e-04
2.092351946291845120e-04
1.876859220320075642e-04
1.065486332717399025e-03
5.354121603800692268e-04
3.781941056915484947e-04
1.435192611172909439e-03
2.551454945185475335e-03
5.131301495750047138e-04
1.238848592990812562e-03
1.888832004851018957e-04
3.715901915774759576e-06
2.276158199576628266e-06
6.902550458297495182e-06
6.716014535839779430e-06
3.529422803658917794e-06
6.775896312322594154e-06
2.462016486807491267e-04
4.417259592120355988e-03
1.892878076529712545e-04
7.105227096185311707e-05
1.701661479249786269e-03
3.442436435983510686e-03
1.239308289971313400e-03
4.022973309858569142e-04
1.428050652393733915e-04
3.920462699086639752e-05
5.976918705394729942e-05
2.989516044701256644e-05
6.668998993835977541e-06
7.460294212405083483e-06
1.128348454263782479e-05
1.115327677793380167e-05
1.181966123935391090e-05
2.250189311239727039e-05
