1.445312608103151196e-03
6.642955583955229525e-03
2.045868503601551078e-02
3.815162132047219060e-03
2.473399129505921001e-03
2.705370472175339103e-03
1.490084767218467386e-03
2.306833558491916121e-04
1.075389500961039903e-04
3.697771636132045076e-05
1.120606672771744142e-05
7.422946353905778512e-06
8.416616783885098204e-06
1.388419098136784374e-05
1.693944516111839805e-05
1.640347394056712208e-05
1.649417244229101868e-05
2.598921801119687537e-05
3.146952249992303286e-04
2.657626492530933311e-03
1.093979780402306277e-02
7.313954709468960258e-03
2.375163653193658464e-03
1.650129150625369344e-03
1.129336671102503312e-03
5.285865176772681830e-04
1.042819258753415130e-03
2.270803929313389971e-04
4.593561097636283193e-05
9.201284402709337005e-06
3.727180372789484708e-06
6.744279121324769292e-06
8.380181962351639202e-06
8.190190872521496037e-06
9.196597237948542434e-06
1.677463252863187104e-05
1.494534297788658877e-05
3.421169871313627098e-04
3.143197359959268907e-03
9.744139421886472341e-04
2.295769242508431218e-04
3.040063304687296952e-04
2.781052044294212073e-04
5.022072342370476842e-04
1.711476271809032716e-03
5.552003520968895644e-04
1.120082020594673211e-03
4.609186169788162838e-04
5.060249414105270942e-05
2.500347335193626530e-05
9.568657384875992118e-06
5.607796026720384262e-06
6.853378057558657849e-06
1.447616620080346050e-05
2.826982071658641036e-06
9.058980946488715100e-05
4.943380055026040838e-03
3.955125515053292858e-03
1.117595292143778009e-03
1.463971009130825762e-03
1.850618014918804528e-03
1.397298219485380117e-03
1.103014809692647600e-03
7.665086802134792390e-04
5.081956171468404899e-03
9.616689294387711570e-03
1.105154504268908433e-03
1.659410741637965935e-04
1.885895208060769278e-05
7.910479620350795396e-06
8.151423574880692943e-06
1.160891312319292636e-05
1.432755573023108835e-05
2.287332584711720713e-04
2.544904828381534551e-03
2.843086991846436023e-03
8.625473637020073881e-04
3.667814745104151699e-04
1.264797970527645676e-03
9.767898848386219034e-04
4.913662424276052506e-04
1.047103644917105362e-03
9.271467359201396091e-04
2.145447284915680437e-03
3.824362808235599095e-03
1.165012511337057540e-03
9.805551898629383657e-05
9.464869328002323918e-05
5.362563832496600722e-05
1.377037953169223416e-05
1.176074143675982043e-04
1.308898916245023825e-03
1.217841120342490202e-03
1.234282724537778039e-03
2.599732100526507689e-03
4.508879054148074404e-04
4.835263273065495038e-04
2.069373086403195582e-03
3.095632632161008941e-03
4.229974716736748137e-03
8.885790573771821252e-04
9.782838668956218408e-04
5.704467341191878961e-03
7.173098589232131984e-03
1.049840550181944943e-03
9.403498606074584985e-04
1.756208480668489265e-04
1.489142394543616881e-05
2.713192145778520846e-05
1.901693165352279214e-04
5.376361817358726349e-04
1.025092700440713260e-03
4.074307714375689782e-03
1.158166340556111276e-03
1.597529639943749778e-04
6.083938302184541385e-04
6.430133043860060751e-03
8.899091274046453531e-03
4.264603626932333795e-03
2.723193625800888161e-03
1.886216989668869229e-03
7.451335600136067480e-03
3.068437536727720676e-03
2.916517244056776180e-04
2.467502484485584123e-05
7.801709190472574793e-06
6.874663743267662296e-06
7.737701302348452739e-05
1.576840331270184820e-03
5.153411487496237274e-04
8.563268925987941942e-05
1.415290197795037385e-04
1.834661670558004486e-04
2.351451365405558792e-04
1.964665596062316680e-03
4.466943462838435241e-03
3.401312663827180810e-03
3.824552644529662006e-03
1.155445795426441897e-03
2.762203057881574501e-03
2.459173824112202787e-03
2.305385537843981881e-04
1.947171067508648474e-05
9.353619191798679601e-06
6.401163973421544878e-06
7.932392162502793472e-05
3.198768380166391260e-03
1.594825951535348146e-03
2.026697750691035910e-04
3.016283531385276630e-04
9.371342085502115541e-04
1.350096256348507807e-03
2.755996749037650188e-03
5.256925892795348033e-03
7.256361035159174418e-03
6.461424776611251336e-03
1.017155448768688498e-03
7.451633140870335837e-04
1.712916358499739751e-03
1.007447688282051652e-03
7.818072590394523004e-05
1.588080572753763445e-05
7.904222076563824617e-06
3.544290666098815959e-05
6.611775753887668946e-04
2.101860875853178278e-03
2.888416636930859170e-03
1.975128075982028868e-03
7.455993862474233694e-04
2.733778384463509282e-03
5.911834779946062955e-03
4.733843412389245747e-03
5.030932179266765607e-03
2.768032594704978103e-03
1.077002277483950611e-03
1.049833268393327544e-03
1.961042375742106346e-03
8.372026718982977398e-04
4.772564147225652622e-05
1.263729257412427971e-05
5.025114904604201889e-05
2.415482694252634431e-04
2.536862771431904005e-03
4.062538775778655811e-03
9.288246753470829134e-04
6.532757587522069337e-04
4.705032693109921721e-04
2.014356757029384191e-03
3.582847328789744677e-03
2.532302282317510245e-03
2.456813510296731919e-03
1.230075524094235420e-03
5.947433829049902747e-04
5.291971604334873725e-04
2.022065766038467008e-03
7.995095233241533315e-04
2.459810258224417277e-05
8.868773499790259094e-06
8.145517909339529091e-05
8.729239876128222020e-04
2.093145212555435133e-02
2.554939013194379785e-02
8.932420059969633803e-04
2.977633972049375491e-04
1.807666508716771489e-04
5.561660468542384533e-04
3.328491362579393421e-03
4.030066579337225445e-03
5.345557081743738427e-03
4.240227021018698993e-03
1.021950601174569529e-03
1.978131311551057086e-04
1.088202586021881548e-03
1.244695006034265625e-03
2.405961581841259525e-05
5.486542668006923743e-06
2.273259052223890815e-05
9.570517987508889938e-04
7.380106188242398224e-02
4.676980131435257149e-02
4.276193901641144740e-03
3.792688496677159259e-03
1.181457651575474038e-03
9.947863434793765593e-04
3.848929726048542534e-03
5.050545555300137504e-03
4.476262053118939752e-03
5.629285123838735638e-03
2.235778592554038720e-03
8.710180521181229831e-05
4.247285088831485411e-04
6.294849457123573300e-03
1.286915775928865289e-04
5.852064472831957590e-06
2.336850297393162237e-05
1.263870812317529919e-03
8.863655183856489206e-02
4.455097464576396327e-02
5.402794345734077477e-03
2.863250626788462622e-03
2.651799443330136747e-03
2.565826753602904256e-03
1.821181215758852900e-03
6.057014778888183439e-03
6.749572989551854210e-03
6.031831990914534973e-03
2.700652133395670378e-03
8.676962177802333761e-05
4.575294188579346407e-04
7.457978664045091140e-03
1.207708532555044298e-04
7.372859542539269613e-06
2.318165967541850527e-05
3.323404205200240552e-04
4.626540720858428671e-03
8.379169993092744004e-03
4.448612819760482812e-03
3.701029990511768846e-04
4.286373278809080213e-04
2.805752484052363195e-03
4.236837896085811697e-03
5.108896750200144117e-03
3.118244229910725491e-03
2.795572018364090704e-03
9.794230530250406207e-04
1.187399025014227052e-04
9.653915175990750511e-04
3.808087040583921137e-03
1.325783226067489627e-04
9.629106616640902526e-05
1.192334724416552771e-05
1.821034337041855153e-05
3.080064517429592885e-05
3.355613402086923347e-04
3.450591325178721438e-03
5.480216423342780963e-04
8.072384083607441439e-04
5.646442877767711595e-03
1.120228335942325543e-02
1.285905663210123702e-03
4.086664194621489549e-04
1.116809737981496950e-03
6.656982513106821661e-04
2.822618870858787797e-04
9.190183120128602801e-04
1.275210754566463494e-03
3.045886044577322989e-04
1.392577267429358267e-03
9.569414086205538345e-06
2.720667916671449509e-06
2.145308614779305185e-06
1.485101228150822680e-04
5.076690487080415086e-03
7.066799238980906155e-04
1.247701134317958163e-03
4.962077210545621370e-03
7.855419797023517267e-03
3.399576219085340221e-03
4.608846586362142644e-03
6.805813051064276038e-03
9.532253703511467044e-04
1.219708024399819742e-03
1.450206401367858111e-03
1.428459777845897372e-04
2.917112989771950920e-05
1.502453633500683988e-04
1.119016037339604906e-05
3.446345754008033363e-06
2.393166583803853141e-06
9.741450312512394620e-05
1.320786488772794599e-03
7.834228156119486743e-05
1.875413121264503358e-04
2.634145909742148864e-03
5.427800674735995361e-03
7.422681232839338505e-03
5.031988615222048045e-03
1.030170181657917832e-03
1.895111932839072531e-04
2.038561336068697109e-03
2.145663450011974643e-03
3.054706224838415866e-05
3.157449819091397845e-06
9.642235271757007242e-06
3.223748813143634343e-05
7.367767683148605936e-05
5.368092728835172317e-05
1.575563095889451312e-04
4.966346157000502181e-04
3.478184859575889304e-05
9.749487515368239065e-05
2.477999414997123298e-03
2.377244227721534917e-03
4.486316343973217706e-03
3.682890451134205809e-03
4.277810816908482212e-04
4.610037696543954774e-04
6.775629937555625176e-03
1.688453932967020179e-03
2.308589169483658740e-05
4.325305263174753107e-06
9.909199071384190054e-06
7.789773554668409726e-05
1.615543463867556229e-03
3.610874828797925717e-03
1.846708286351181555e-03
2.773063973387456232e-03
2.763239665608291265e-04
5.350788377584296876e-05
2.883121268898791788e-04
4.527598980478786351e-04
1.049359147242340858e-03
2.950069874093038443e-03
1.598803129419548415e-03
5.059721806910045389e-03
5.949931944900859263e-03
1.558551797301674802e-04
8.383796716734895569e-06
6.674016177893191682e-06
1.646851404752786732e-05
1.569554256998244350e-05
1.936773197533630923e-04
3.261073662335536427e-03
2.620237525039331977e-03
2.076156795933609828e-03
1.737604882790945394e-03
1.259678178933206925e-04
1.401242019012106368e-04
8.623948342890670271e-04
1.139413570795301143e-03
7.791442554573695112e-04
4.536952647410227770e-04
3.948853950271734997e-03
1.607711677899075582e-03
1.953794864017508679e-05
3.838165787192363334e-06
7.181444204936578114e-06
1.775322759951950010e-05
2.650156511518587403e-06
5.414801393498681851e-06
4.214496100814117230e-04
2.573179723558132338e-03
7.242744120096153470e-04
1.024383240716899776e-03
1.341440397349151958e-04
3.075882891395286412e-05
1.655993369467996426e-04
1.441576158349988472e-03
2.124074093770497544e-03
4.099586542527815431e-04
1.035757106106101983e-03
2.900019468536970280e-04
8.984611106849591593e-06
4.546495617146489362e-06
8.666474326986540322e-06
1.749883790295937887e-05
9.625756094042478274e-06
2.955935120027566800e-05
4.170307011625265688e-04
1.336328357175425429e-03
6.064779011372815627e-04
1.507081092289583649e-04
8.788045140661941240e-06
4.406567317414023146e-06
4.713480193517910987e-05
9.586327375462257595e-04
2.320402027928155069e-03
5.257750614075808702e-04
1.526143804048467822e-04
1.877501633581419378e-05
4.056333001385663617e-06
5.746671457213667957e-06
9.404248014437498865e-06
1.647167657627055242e-05
8.394173376670859596e-05
1.757914965540232580e-03
4.664286145392000649e-03
1.682081725877536448e-03
2.020091671480983564e-03
5.234917790105581611e-04
1.864123225920211535e-05
2.836558211859152343e-05
9.474338074313405319e-05
9.281424631616316790e-05
2.803934787085537376e-04
9.496427191416363222e-04
1.284564352183370549e-04
6.615348605453020355e-06
4.219896376038162663e-06
7.927044705444424996e-06
9.914434730051533364e-06
1.626163496474555974e-05
8.585987750201285807e-05
1.718052019002179248e-03
1.554825172187115738e-02
5.888753876005340358e-03
1.766037250750579837e-03
2.397039206942567797e-03
8.363800809534296813e-04
1.174849409368223943e-03
2.160019719340122029e-04
8.698613435952786449e-06
1.898612882575288191e-05
1.905906950429735365e-04
6.401577070651865418e-05
9.961500055360524464e-06
1.099242613899908356e-05
1.653247613504567036e-05
1.701678769940927427e-05
2.557321514645512594e-05
