2.189407263060025787e-04
5.013423495606359262e-03
8.148122959986674185e-03
1.041571211221797508e-02
2.133547284180602188e-03
1.079933430370087186e-04
1.672572239008527072e-05
1.230901004457459986e-05
4.293353093799326105e-05
1.548234764624324743e-04
7.321770157365377308e-05
1.338320564591909351e-05
9.213844814118676857e-06
1.644297913883828254e-05
2.246714557051064263e-05
2.130394990961142815e-05
2.072689201678128918e-05
3.159197293272677094e-05
2.128941604376689671e-04
4.563536241736797228e-03
1.341128086533206407e-02
1.028442655276225887e-02
7.572873676172689169e-04
1.933446900666888470e-04
4.327777410633292795e-05
9.240087618770977468e-06
5.719306941729910426e-05
2.118149347781872471e-03
2.821576020315810351e-03
4.999527916811731190e-05
2.350668811693809180e-06
3.035455424961779304e-06
8.389898959420201248e-06
1.148744170961131290e-05
1.229568941512244973e-05
2.062209078213265225e-05
1.787809477822285129e-05
5.614435877127247980e-05
4.856190733980560387e-04
1.173023661213571777e-03
5.179517264787786117e-04
1.341213630605361719e-03
1.618420442658491376e-04
9.430800659520690996e-06
1.700409394182742954e-05
4.143269823912708880e-04
4.347001350816787589e-03
3.248730478609637186e-04
5.053211011862794098e-06
2.898643410200081255e-06
8.111764772171286682e-06
1.052120261637014357e-05
1.155376465980723854e-05
2.028344991155239588e-05
4.548367837544651978e-06
2.082362790942835759e-05
4.876557729542725607e-04
7.024984729684057277e-04
7.863950308154715480e-04
2.929338120030227158e-03
2.796695425240248588e-04
9.566986203510042836e-05
1.148157600573104694e-04
1.092029616293932909e-04
5.623336212718674319e-04
2.147933884315454938e-03
5.145589957323159656e-04
1.425694687278581459e-04
4.854322787153632991e-05
1.394049738858533792e-05
1.149669119665692510e-05
2.135654273103316695e-05
2.645704015039053415e-05
5.509583527506447132e-04
8.656691652661663641e-03
5.159707684834574822e-03
4.384565471623936943e-03
9.119848843979979497e-03
1.514587262606329442e-03
1.055222447632931347e-03
2.778482999959037535e-03
2.121459631942813201e-03
6.359144621080201542e-04
1.962644689852393893e-03
5.131916305348665011e-03
1.685319285216757990e-03
8.154021102844158332e-05
8.117951018352066720e-06
8.696715441039361299e-06
2.153452028009118999e-05
1.506796373346276988e-04
1.700278841137542376e-03
2.230281316330273364e-03
1.773087300168014373e-03
2.163336884077078984e-03
2.626313973409206883e-03
1.836426044958648510e-03
6.091733176866018142e-04
1.363085551099850858e-03
3.889433151389578257e-03
2.856896065462856318e-04
5.520091548477650152e-05
3.346653549250822122e-04
1.130310510766953293e-03
5.730085692091206742e-05
3.730667879255201468e-06
5.821290986797963250e-06
2.087210486269197476e-05
1.018159042346270080e-04
2.642674117771189306e-03
4.468072906364432308e-03
3.144615221585082224e-03
2.717847439840694913e-03
1.039273764645996974e-03
2.590505875698926024e-03
2.700269986120257867e-03
1.481267860880122484e-03
8.219166753222431230e-04
3.036924002879798378e-04
3.603665362320024714e-05
1.046036530310161722e-04
3.261672126932799523e-03
4.580412901539685747e-04
9.630030744627688524e-06
5.881375227001031002e-06
1.990015026621129435e-05
1.440172765281060846e-05
3.770461943342931456e-04
1.713818144256163637e-03
7.007816603670042818e-04
6.486420227143872841e-04
4.038242780397186915e-04
1.247368091945944783e-03
3.477317907067779129e-03
2.116639294053925327e-03
7.692786012070358453e-04
3.770691609342091601e-03
3.314023204877096767e-04
4.055406329436416006e-05
1.524051613280447050e-03
2.120358118818522000e-03
3.849205460727383185e-05
6.205059736189418325e-06
1.708128325120056868e-05
5.198624190265080184e-06
2.506115795805063736e-05
2.797030927536375768e-04
7.681531879586730831e-04
1.372459661733831278e-03
7.273829553407688917e-04
3.159498668674564996e-04
3.884577264419184850e-04
1.610174231102284251e-03
1.405886921926526078e-03
2.155953084565482604e-03
1.862656397418005700e-04
2.746924366091280074e-05
1.375939384586338538e-03
1.095113886510556793e-02
1.624662745502058385e-04
6.164229583676615475e-06
1.389180869026278996e-05
8.746157946738909961e-06
4.827347160135274704e-05
2.621565712412444321e-03
9.411062980891081453e-03
3.049193500656890467e-03
2.194111278857810866e-03
1.719093449249596822e-03
1.027489638561053780e-03
2.473889868840475209e-03
1.441499424206931683e-03
3.493421601087026533e-04
2.684600469717385524e-04
2.767831780875755661e-04
8.497669686872602428e-04
4.035777314147726870e-03
1.408192805121518450e-04
4.216409065372631966e-06
1.051342149438722984e-05
7.531789916695815424e-06
8.778656162657699400e-05
7.358591103792599779e-03
3.497000372426599217e-03
1.767631211496507784e-04
4.465747608083986322e-04
3.104235160155643415e-03
1.265950872814374005e-03
5.026834903714643256e-04
7.144330281400551683e-04
3.839858509322215401e-04
1.748066393099779450e-03
4.357692354302866375e-03
3.925080084843268649e-04
7.059782217850630887e-04
1.137414080054708471e-04
3.763198429122729509e-06
7.864119120828934946e-06
3.777316260952485939e-06
1.505826866262664667e-04
2.958562259652229229e-02
1.206578283800445461e-02
6.862800205374118816e-04
1.088984343136139817e-03
3.622678877590937690e-03
2.207286292983289466e-04
1.024667355979624433e-04
1.943084826040226542e-03
1.682198559655035839e-03
2.168968815005873838e-03
4.410749059680352940e-03
7.368385918867654790e-04
6.320595907788275139e-03
3.162917522755455575e-03
2.763773080023600669e-05
1.034662378740721804e-05
2.465420537326190693e-06
2.962474013928254697e-04
7.418778801830071268e-02
3.824337202858502094e-02
6.211656860333102798e-03
5.362833814440722338e-03
1.050095963954908625e-02
6.608780196277923898e-04
6.742047550336136182e-04
5.038450218105967188e-03
5.627359197045479940e-03
7.091808792359367147e-03
4.664699174300882337e-03
1.206984243129882034e-03
5.261960255580968270e-03
4.494382245346148670e-03
7.842573186707700117e-05
1.252343747144325351e-05
2.455227370331103682e-06
3.051987830425293780e-04
4.805900286899740526e-02
1.910007233095173396e-02
4.515900550808034375e-03
2.325767228072284001e-03
2.899587255691566789e-03
1.197996892642356733e-03
2.487978449744957920e-03
3.766168975848670827e-03
1.104363405501830597e-02
4.501455470609914446e-03
9.248329855297673843e-04
8.536527879408561080e-04
7.165345241168985437e-04
7.780902824787551755e-04
8.623853921336178312e-05
1.328246667742494756e-05
4.514471313798088157e-06
2.137490350543233791e-04
1.634074401162075030e-02
7.733633541165823265e-03
2.481797993333314037e-03
1.240686547466046197e-03
1.048745774617872465e-03
9.848794872314330703e-04
6.766140406862151090e-04
7.377223644243905212e-04
7.711473773828348560e-03
1.889885390636856632e-03
2.356564219119118152e-04
1.779588971444248907e-04
2.312323189552701252e-04
9.843560891954756913e-04
1.689050734698724213e-04
1.684580209492681573e-05
5.525828289780481691e-06
4.415133722190037196e-05
1.440427380417234372e-03
3.501320151548685967e-03
7.694466476321112393e-03
4.621627670473720494e-03
1.030889802008901892e-03
1.456065951425065562e-03
1.787333162020735477e-03
8.470641644693203444e-04
1.046731878626357614e-03
1.849645165649340620e-03
1.403090953170467968e-03
2.471806823934102264e-04
4.582491197451859719e-04
9.751463668196451657e-04
6.109726264886806936e-05
1.174667426204331614e-05
6.995384453862111202e-06
9.805467996375653102e-05
6.857610537385455673e-03
9.445130243962186756e-03
5.329958400430814466e-03
4.724195841150425831e-03
5.936771067203532861e-04
1.377355074040273724e-04
1.017479489812346235e-03
5.825515198773939009e-03
6.457335776153445579e-04
1.303499438022638352e-04
2.990896258978521511e-04
9.501860395898680586e-04
8.981622842898301373e-03
2.132074627786603813e-03
3.184795667132686906e-05
1.176066050580958826e-05
5.051808128060895220e-06
1.036636820557879470e-04
5.056149719187229101e-03
1.312604671856552581e-03
1.024623527537889029e-04
5.260322205308731389e-04
1.675948737651658743e-03
1.450984195357524914e-04
1.862120044033115627e-04
3.404323421370601069e-03
2.093700987754159269e-03
5.843509010222738820e-05
8.938051126279216764e-05
1.712343822266107051e-03
6.235168787452925916e-03
3.570059134255651944e-04
1.186605225357861340e-05
1.276704303723366850e-05
2.558528016556406762e-05
5.030527862236376614e-04
3.012478525111769029e-03
1.165281039459674676e-03
2.188873524469175100e-04
2.802493715987141947e-04
1.769407481781622377e-03
1.513811325239082517e-03
4.339636460526912084e-04
1.242031186137133045e-03
1.202869933145991714e-02
1.407199925880423799e-03
1.670404406757302002e-03
6.471854886999496397e-03
1.628105478619077664e-03
6.684511172880635665e-05
7.462086673446528168e-06
1.403955455088245406e-05
2.113214219155952803e-04
4.185933976253488828e-03
6.983481218614271367e-03
7.498377084441378015e-03
6.280166906076785870e-03
8.437627251013117471e-04
3.268882884230177332e-04
1.682705959271321066e-03
1.185147660296598975e-03
5.236880991406920932e-04
3.983474969900170463e-03
2.662216154054431773e-03
7.548282220087651137e-03
4.787273626270762555e-03
2.373912200518962378e-04
2.801258129125349674e-05
1.080171780299585351e-05
1.895840041967064381e-05
3.632596415481065223e-05
3.391178044129884218e-04
4.328341429656162517e-03
8.100738460270980740e-03
3.892166399805646344e-03
1.565280739637442712e-03
1.538545880918574735e-04
4.981695342561550700e-04
1.214194448404476781e-03
2.445146407952349457e-04
4.456098000671866234e-04
9.811671896576021432e-04
5.089313198363080125e-03
4.546407910505341292e-04
8.341096844115021620e-06
5.142623010304157608e-06
1.004811481753160068e-05
2.147078929022393118e-05
5.373938089514083685e-06
3.817024074964684387e-05
3.640002749694784372e-03
3.706053342192836518e-03
6.894640234854023005e-04
2.275203471658152152e-03
3.802765010339319296e-04
2.697012461117499153e-04
1.875208357233657485e-04
2.039146954522971767e-04
4.619387440248925829e-03
1.027136256255828557e-02
7.041007266578350708e-03
1.764719202383899233e-04
3.717400679295533822e-06
4.021184478376160083e-06
1.073820057952761813e-05
2.194200229294847912e-05
4.065798530019790567e-06
2.336620671182207713e-05
1.408638364713136895e-03
1.139961412943789722e-03
3.497919656209157592e-04
1.405350154484150387e-03
8.422651780584692553e-04
1.273461500970544599e-03
3.769115623240843339e-04
1.022217756969819036e-03
1.205176657256016789e-02
8.004299475512735183e-04
1.008281800629293878e-04
2.922352631594444139e-05
7.167357646420713717e-06
8.001183508452764141e-06
1.230092973804603658e-05
2.093222571370069920e-05
1.858714607704420205e-05
2.743014219173983323e-04
4.113102133937823063e-03
1.048028309503609701e-03
2.110694350298333724e-04
3.084951793589083067e-04
4.308599211163303619e-04
2.652832157133972867e-03
2.839675475232396242e-03
3.976102022202501578e-03
5.767200045201018163e-04
3.198904759022811434e-06
1.114619653955492468e-06
5.547941905759462164e-06
1.041420939362941647e-05
1.193159455381661374e-05
1.283908502953697848e-05
2.070473147981148943e-05
1.715917273343292029e-04
4.801696089736906536e-03
3.470359184202916752e-02
1.498520877531628673e-02
5.458740501974661610e-03
4.617502634768585676e-03
2.866222746663476574e-03
2.060985348475303288e-03
4.565260514666694266e-04
1.845572140064485368e-04
2.375517550203591025e-05
1.823999111230435822e-06
2.980010163559598639e-06
1.357186694489009607e-05
2.232694322905554298e-05
2.124848328260604621e-05
2.071149118807853482e-05
3.142299079164227781e-05
