2.049692795683009524e-05
3.189608228196124350e-04
4.161019757806541652e-03
6.414195183802028424e-03
2.877059073426588547e-03
9.440140736963458651e-05
2.906711252940515783e-05
1.637270934469397610e-04
6.098782621412581270e-05
1.820355344402748259e-05
9.493505082628089588e-06
4.457243893344324135e-06
6.415951488761678555e-06
1.240706887091269253e-05
1.511579135129061006e-05
1.438822923670543732e-05
1.401367731586377133e-05
2.151993551032932032e-05
5.410604474645444622e-05
1.115720189441300487e-03
6.681059248549988359e-03
3.166467342815696036e-03
1.198195371657155561e-03
2.112027593213811776e-04
2.170119264410420726e-04
3.755466017970545897e-03
5.054418654666497854e-03
1.450256075389545546e-03
1.029963494936698184e-04
4.137208971183557545e-06
1.912836382997186239e-06
3.738647014399366880e-06
6.134462633398119636e-06
6.752540376368463641e-06
6.071892277324060497e-06
9.310520129134660145e-06
1.851436178476189047e-05
2.239210929894711575e-04
4.005174603572116132e-03
3.078597146785500612e-03
6.377019018245427351e-04
8.756608206467749291e-04
3.615742097280290833e-04
2.588761703173127226e-04
1.378184009806207241e-03
5.727926794241504534e-03
3.046691059560808785e-03
2.745374823594943516e-04
2.202210994452559760e-05
6.820826423198227534e-06
4.906633089687651654e-06
4.177951554868937939e-06
4.743290756471739649e-06
1.019886220449524025e-05
2.066975379275086925e-05
8.933980377877401410e-05
6.838860838163749335e-04
8.124446386027102656e-04
1.703944111561657632e-04
1.487666731378328895e-03
1.498471655821414453e-03
7.331284155460366454e-05
1.485173962957145614e-04
6.858365865228711758e-04
2.967356676715616256e-03
1.038687654547548050e-02
1.437946313620164620e-03
1.455996454428135078e-04
1.642406881122058057e-05
4.315236049641605859e-06
1.573059512395852619e-05
1.359071944533022812e-04
1.196911668070611953e-04
9.530303050823249640e-04
1.609147027029445964e-03
3.729717627783359817e-04
2.702076981865082721e-05
1.507989799493868297e-04
9.324758632364079118e-04
2.874935423793561562e-04
1.030133278020020984e-03
9.723265493620645477e-04
3.729160257206802975e-04
4.492445163398469526e-03
1.149584426691417985e-02
4.124533759804469013e-03
9.330041131104738683e-05
4.889906930068097973e-06
4.261395920466332972e-05
1.237282737025807494e-03
2.441692891068207583e-05
2.338564369803115600e-04
1.416705799352316851e-03
9.584434000400724775e-04
2.390740782742188479e-04
2.086850399926469285e-04
2.276736709108710351e-04
2.624514143842375611e-04
1.813772052018137147e-03
3.299219734311726378e-03
3.697967999486392659e-04
1.107692554005266540e-03
7.487317788848537117e-03
1.067741979321067819e-02
2.695438208137810026e-04
4.585722043934861380e-06
9.548969174881581472e-06
1.303898104219279586e-04
4.784415221454309865e-06
2.694306517865688433e-05
2.621445679369931322e-04
3.540158530354530972e-04
1.369919159997568404e-03
2.363358315970229447e-03
5.742797148018050080e-04
3.857674930891009848e-04
7.321924760658953630e-04
4.867506948222003263e-03
3.545555570552296528e-03
1.502561296477893582e-03
1.913757142384475392e-03
9.553926056146614179e-03
1.175900547402209187e-03
1.236945803205445503e-05
3.019982857609178322e-06
8.982981633199664282e-06
1.065620121052243010e-05
8.068115231134758466e-05
8.803837608759599925e-04
2.619458524409374722e-04
9.380443044235970546e-05
1.023439660020516713e-04
6.566424212374204932e-05
8.797657751945987966e-05
2.594352462064843166e-04
2.284315471688315446e-03
7.542992567675274942e-03
4.238703653077794883e-03
1.972108283740800581e-03
8.181683833328642561e-03
5.175283049289272456e-03
1.619624085753173289e-04
1.244056013291942013e-05
9.640350512664185752e-06
6.882619889873509939e-06
1.155309060646746096e-05
3.151998115177515459e-04
1.219447939130800058e-03
1.355643907381961035e-04
5.613834497692340791e-05
1.404864107175128932e-04
2.595845569475831453e-04
1.001616022301891114e-03
2.439907675164971514e-03
1.837331330332243754e-03
1.477224754307635739e-03
1.372749069226296068e-03
2.458815243240114728e-03
7.463361251067925084e-03
1.046434538182857603e-03
3.014487177142191832e-05
1.232658857435638754e-05
2.546329324982900573e-06
1.256137955293499739e-06
4.883261222031756927e-05
3.006254533972946893e-03
2.983896047637024738e-03
1.899753854478130298e-03
3.388442650690491262e-03
2.094154138991082947e-03
1.418461236949946410e-03
2.444079299649138878e-03
1.213384981956146897e-03
5.183225571635030398e-04
1.213239337630366444e-03
1.246282194212245927e-03
4.257853059066117260e-03
7.634044341836174153e-04
1.370944209881626745e-05
8.086012915984520485e-06
7.517081634782980813e-06
4.586510034630184702e-05
1.925173286310954837e-03
6.149439557261890746e-03
2.836983186583418807e-03
2.861184789386240525e-03
1.506246593409531513e-03
6.533383911777655793e-04
2.715269921255597280e-04
1.005877280171405463e-03
9.308900880018841813e-04
3.046522290291981501e-04
1.008879436465613720e-03
8.191019281464415698e-04
3.235288991771737444e-03
9.040407389949012404e-04
1.543995645297944493e-05
8.552138290747402833e-06
4.264637403983671273e-05
1.686861446074947816e-03
4.657238725796313678e-02
2.182776288999485614e-02
4.271705401567449205e-03
3.781290018973300013e-03
8.721822560271739544e-04
3.709664310242416605e-04
1.283956192577008157e-04
3.326628821474272163e-04
4.554577833658981774e-04
3.711407781630245780e-04
1.407148210403672993e-03
1.550966268296971422e-03
3.910799647411447762e-03
6.351244735025594673e-04
1.214280867798332992e-05
7.076068025480435660e-06
9.342855141142860319e-05
4.160083129540941525e-03
6.257754538450677195e-02
3.923528913421453490e-02
1.435513179302500171e-02
6.979625231011031203e-03
8.113328375243925071e-04
7.196789265710810003e-04
3.671608151111631379e-04
9.163359024321198094e-04
4.525101115205183190e-03
2.721418512937315640e-03
1.171223718442033178e-03
1.773296659864349086e-03
5.115204611851196376e-03
1.251906927319180107e-03
3.330978332887445104e-05
8.458770442623569081e-06
3.359383635264462582e-05
3.229992562498958976e-03
1.198242037382875602e-01
2.844806001822928684e-02
8.059219387422694031e-03
8.797311643928263508e-03
2.129156960381559972e-03
1.460532496259852068e-03
1.623354315264435356e-04
9.894605996826026780e-05
1.585068801066889495e-03
2.990379103374421477e-03
1.298229738131884744e-03
2.411540334466610435e-03
5.956758248056945142e-03
2.922124441904839012e-03
8.909316351401691081e-05
8.544424689221430478e-06
3.594260753367161973e-06
1.323342334363751126e-04
1.106545944837401471e-02
1.336655085414110294e-02
1.083341137914140863e-02
4.724935175390681565e-03
1.028424743530219169e-03
1.257838344928744693e-03
1.658647930641803222e-04
4.657328974178878510e-05
5.685194598470280462e-04
2.610197121973160603e-03
3.766930488042524294e-03
2.998238570481649625e-03
4.011610413900677276e-03
1.355510908865510938e-03
4.401711510513630791e-05
5.543375980662138202e-06
3.882504918378035824e-06
7.992420845441651825e-05
2.854235169065154776e-03
3.864233120573682886e-03
8.408480837182737491e-03
2.261034924905569107e-03
1.642501283805123649e-04
6.146794615689690549e-04
9.191943296691072480e-04
3.826554632301086513e-04
1.388550429553365214e-03
1.673202559056163495e-03
1.257607264477950603e-03
9.529325811062304939e-04
4.793899761607870423e-03
1.740586134103602267e-03
1.739384115354622841e-04
2.840221561428224052e-05
6.584230118454531202e-06
4.989669984395793655e-05
8.467447656348101861e-04
1.620789062186555251e-03
2.340075165385595898e-03
1.788802138208484948e-03
3.212490392177203393e-04
1.023153106512400632e-03
1.671040411476434244e-03
4.752358883706347720e-04
9.994610312236619932e-04
2.021624035302503185e-03
2.807789408321062063e-03
1.734467414702882664e-03
3.136324570860705291e-03
7.527641696019784622e-04
6.909272905070944345e-04
2.042637352971989615e-04
3.764396445977811903e-05
1.452316309808649212e-04
1.118294932255942294e-03
2.585837771111325952e-03
7.362603067079238981e-04
1.625351365163209272e-03
9.035862634271026733e-04
6.033391346646130565e-04
9.388210561216121883e-04
1.576386909067052687e-03
3.092058106358216030e-03
1.884116818488054592e-03
2.019659147204828226e-03
5.306005082141772473e-03
5.473452767076864879e-03
1.853975392966109904e-04
7.283822860203868928e-05
5.285091269425537498e-05
1.403746167074257085e-04
7.437617423351965780e-04
2.572346747550942683e-03
2.543973709456923485e-03
5.258597089685180560e-04
3.425409774656489915e-03
2.932609577266802586e-03
7.691460704871574093e-04
9.512941924978979280e-04
3.008366557723378930e-03
5.647731432708076420e-03
1.817520155002578250e-03
9.282952304477446424e-04
7.494410209737093105e-03
4.650468479740901134e-03
3.446638292193480020e-05
4.354529000399018311e-06
8.498497251359448079e-06
2.531234155633014577e-05
3.041018519686830828e-04
3.065242428946385062e-03
2.546133341085101906e-03
7.198454943220273117e-04
1.588540593976510385e-03
2.419161759534659960e-03
3.059987717994670786e-03
2.683018059424067351e-03
2.430293761165649210e-03
1.819794130257831009e-03
1.017761388306394257e-03
3.451939477036676009e-03
1.025526266661933722e-02
2.573993790436885330e-04
3.037391466951606881e-06
2.030472387308569205e-06
8.916826252894924034e-06
6.869041798986706148e-06
7.457230438833925817e-05
8.972350051205190509e-04
8.523866217702313376e-04
4.701940580786064363e-04
2.532721663709897627e-04
6.196344539281801837e-04
1.632320302050562768e-03
4.960830246165729134e-04
4.209910134835595464e-04
1.019689166540544865e-03
1.370249688096787481e-03
8.534101921748490568e-03
1.846087732928420591e-03
8.764734905988140172e-06
1.046410890203958715e-06
3.436977608563761374e-06
1.418910230842367289e-05
3.228297425685815419e-06
7.951578056302461322e-06
1.007561164859116916e-04
2.476665488685122281e-04
1.275356061448292802e-04
2.315800114474832357e-04
2.435488439217510428e-03
1.525247914567578762e-03
3.878116837004993772e-04
1.069851105788155714e-03
5.285659257771808950e-03
8.834699488060116304e-03
4.615291242141386467e-03
8.356432036396662549e-05
1.917969291604143057e-06
2.013976568315791489e-06
6.589281576272434422e-06
1.565429143741178374e-05
3.294995269328899818e-06
1.024980264592430846e-05
4.359502655903340664e-04
6.245344322407769648e-04
5.958503887764931585e-05
3.370640043084846505e-04
1.200062100273099506e-03
3.084026925438067453e-04
1.593748858735017856e-03
7.227998292383528214e-03
4.810552376014817430e-03
1.352502839270901041e-03
1.024611911391021929e-04
5.761964280391526661e-06
2.430508143130992650e-06
5.053769583895795885e-06
8.303840657390607982e-06
1.406236080203836735e-05
5.764849197943568008e-05
2.504913993627592094e-04
3.710938596846964210e-03
1.030401438223353889e-03
8.117752327203527941e-05
1.071039369899340300e-03
3.301274703762494445e-04
1.990969105621016909e-04
4.378240672924771718e-03
1.872810144817669284e-03
1.544282722302571607e-03
2.801449835987084697e-04
6.235422464686515768e-06
2.225444899993792243e-06
4.965527290702960939e-06
8.053668257621975462e-06
8.351449058151110750e-06
1.346886086667004884e-05
1.544357133535827469e-03
1.062415987156406028e-03
2.728374118510760223e-03
4.610811396072649754e-03
1.114199746149516917e-03
5.383931451247255494e-03
3.092654956735138723e-04
6.114021173299834960e-05
1.748173755857772315e-04
2.326339193710741371e-05
9.997284020579667201e-05
9.068978526466794584e-05
6.069813782843238361e-06
5.638188257635315939e-06
1.320315062270150156e-05
1.488551704440199213e-05
1.373096551748809138e-05
2.125522880090158407e-05
