8.407707796115785432e-04
2.086559020594075040e-03
5.190982301653831272e-04
1.685371954786250241e-03
2.984369376275655770e-03
1.787488590048843173e-03
1.810949889504337494e-04
1.332234740348774810e-04
6.189934202370994329e-04
1.488555851740853595e-04
6.298964658411285991e-05
5.468720978781467816e-04
7.753151218065694960e-05
3.201839914688130137e-06
3.610641402410791333e-06
7.457287889064324695e-06
8.864338220371059015e-06
1.458874718746962973e-05
6.062334056494215860e-05
2.848536289491231371e-03
3.888047849370275880e-03
2.457381624267286537e-03
1.166618313650480280e-03
1.910558549336766748e-04
2.285350852348822827e-04
1.081252111527615479e-03
4.926696523963149284e-03
2.779731258069445283e-03
1.223588620186618920e-04
1.275769609827928121e-04
1.702893848764271852e-05
1.666650745329522300e-06
2.110685273815808151e-06
2.702061761072556868e-06
3.778053177147373319e-06
8.680610846641043969e-06
4.144026175189448473e-06
4.819347818533263280e-04
3.276176295417190278e-03
3.566278649891857760e-03
8.053417709110169886e-04
5.214856349814631336e-05
4.409385796727592144e-04
1.103775600215699390e-03
8.949526235830257848e-04
6.565672601168173229e-03
2.139433740818056252e-03
9.682205965498897780e-04
1.330929970413827700e-04
8.040140893408428600e-05
3.158271626327944489e-05
3.011364249638930817e-06
2.630021077664972457e-06
8.694812106449032320e-06
1.901006137235328089e-05
1.088461640678956488e-03
2.904774242349523854e-03
8.909738265370928736e-03
4.102943186652176742e-03
6.093990905947773914e-04
2.328965879336184711e-03
1.124812381392533648e-03
2.851843653385953805e-04
2.282555598086278767e-03
5.966637986738043166e-03
6.984709724539817435e-03
1.276530643448909718e-03
8.876053899435601587e-04
1.036318443531165023e-04
2.672010888438390055e-06
1.777946963690013742e-06
7.761873458526144921e-06
2.570839185784980067e-04
3.739840045555488119e-03
6.966969016118812821e-03
7.690429042763310616e-03
3.153934583495649965e-03
5.225491876839872922e-03
4.832321407010002623e-03
1.696495338101066579e-03
1.544009415142580518e-03
1.406073297622294736e-03
1.103892173587950852e-03
7.562534720359189930e-03
4.325760109850885875e-03
4.847411625225166165e-04
5.015391508102516805e-05
5.587287960008205430e-06
2.647133510269781517e-06
6.111904269490281315e-06
5.301590165187826430e-04
8.713327450441416683e-04
7.025924725678546999e-03
1.045744287951953788e-02
3.737356549223407477e-03
7.325973435037184608e-03
4.814351389803098354e-03
3.757314379325125010e-03
5.990753993400418920e-03
3.123955180609768768e-03
8.595731898152900912e-04
2.196553591295325163e-03
7.884422458112208196e-03
4.554787761849677340e-03
4.778702150644163933e-04
9.976848569093477441e-05
1.620105672420653535e-05
6.152036156250831022e-06
4.590872133916105248e-05
1.076984055368916633e-04
2.995371747419984989e-03
4.207747840861899603e-03
4.582784216441353892e-03
7.458253215581734513e-03
4.498157803003290621e-03
5.892710256216687412e-03
6.946898602496154491e-03
4.993552780657727758e-03
3.049827077186823953e-03
9.093784673024935417e-04
2.396120429638833472e-03
1.272218088602812720e-02
1.369810888562062639e-03
4.282500207940572595e-04
5.746691240057496213e-05
6.173072397597998438e-06
4.687850518730955459e-06
7.638242788946084409e-05
5.118720500118608199e-03
4.718956449995757516e-03
3.865548113659756854e-03
3.261007067559258329e-03
1.818097861477659680e-03
2.667542615791974013e-03
7.484424535165303503e-03
6.072801462979646875e-03
6.923402705464792861e-03
2.109177622275001333e-03
9.804773558121984960e-04
6.227955793931960402e-03
3.024888121910020156e-03
8.658984886578056624e-04
5.833987628326898789e-05
5.859613260961841498e-06
3.107395761254958049e-06
1.878679830952155881e-05
7.767313462925058611e-04
2.483618914032447323e-03
1.850648623947660559e-03
1.824750719144194698e-03
3.156646740308234785e-03
1.662610336198506230e-03
3.608983206916356514e-03
5.161281661347699896e-03
2.112895857151063719e-03
1.605960710285100077e-03
7.978949941472071030e-04
2.813274464200903567e-03
5.495658933758867590e-03
4.798953664313598496e-04
1.301786553586565193e-05
4.678515130188722975e-06
2.819882646101581523e-06
5.030040790830981741e-06
1.092335838069985015e-04
5.445645022324073405e-04
5.373931955430482754e-04
6.138920269374575781e-04
1.971285529069190939e-03
2.298534605638962672e-03
2.926977748399377070e-03
3.548270648436905369e-03
7.298257996281160270e-04
1.247911872202796518e-03
9.463504680128568668e-04
9.608111920806730903e-04
6.241803908600392602e-03
3.843152896447195950e-04
3.945159316185251351e-06
3.305541288989711205e-06
1.757208241059835699e-06
1.929009043961340931e-05
1.465735768804955590e-03
2.511227305172616768e-03
2.568424140613486274e-03
1.658290784086745599e-03
6.369721832051259552e-04
4.079691078569963342e-04
2.859273084298390708e-04
1.645590776563663577e-03
2.686062562404887329e-03
1.616024791764219051e-03
4.161867199844081146e-04
1.749953247273465485e-04
4.041985691023259122e-03
2.087823058217776456e-03
1.529118142074390263e-05
4.387588217735080669e-06
1.146029624481379635e-06
1.199207732353885095e-04
2.454469851263190242e-02
6.916450856828081778e-03
2.870954722437006265e-03
1.843370793931701189e-03
4.649087407938378813e-04
1.282455374642319770e-04
6.160989326070985170e-05
6.856024987698894303e-04
1.561054741359540901e-03
2.948344341176870596e-04
1.145893925467830667e-04
6.186177275524181764e-05
6.218802198089818907e-04
1.695939759845851644e-03
3.504639045153102082e-05
4.577257764202173095e-06
5.446002156905219685e-06
9.133394544514807784e-04
7.479772348806132398e-02
1.282063486746444318e-02
2.984164652634263993e-03
1.683602256480475935e-03
1.512718694534815429e-03
9.261353421115972118e-04
4.654147694910287163e-04
9.926347240998634539e-04
6.551334775757745171e-04
7.478555526198945756e-04
2.030084462097184444e-03
2.329028708978043288e-03
4.884668041734906326e-03
3.577704589085588163e-03
4.500785658338259164e-05
3.356630706081036040e-06
3.188600908927789328e-05
2.128215410795214393e-03
6.199536365130747795e-02
1.828157550309176746e-02
2.993118655467829660e-03
1.473907603763654735e-03
8.110425212822446831e-04
3.208027665024451428e-04
5.642209304232276550e-04
1.138407332591158090e-03
2.933523017196715786e-04
1.214265049938341185e-03
2.847491133003436127e-03
1.210611586154821187e-03
2.138288553526120246e-03
2.489720966030416205e-03
4.699569327469320715e-05
3.204940744705355255e-06
9.513967476000986855e-06
1.075836479223170387e-04
4.591141580433578777e-03
3.122368614859579849e-03
3.653380691845717451e-04
1.260415050441674248e-03
1.936934641904096031e-03
3.256844249538444328e-04
5.938589363811455331e-04
1.244732892855814370e-03
5.077397392623636714e-04
2.182432442185756969e-03
1.359681018489202094e-03
2.549591992424831040e-04
1.202689226444847957e-03
2.745005241564003190e-03
6.063665427757235378e-05
4.877696083390326534e-06
1.320782300454869905e-06
4.500358831444549560e-06
7.258759016900202419e-04
1.685968122139130118e-03
2.849698788570721752e-04
3.007105667133900574e-03
2.898783546091751075e-03
5.294055655751129380e-04
1.722098628524167856e-03
1.915589214852544053e-03
1.679862022328610597e-03
4.782937800464783992e-03
8.462174396442663244e-04
3.829465445823337661e-04
4.424724291253250355e-03
8.238543724683747771e-04
6.866762303117670872e-06
2.863230004774472675e-06
1.002606844718526603e-06
4.943597383704395054e-06
9.626579229692883545e-04
3.176546195107555690e-03
1.162731308381896155e-03
3.173595689385765462e-03
7.467313943626969477e-04
3.648297646411859259e-04
4.090546521009859847e-03
3.890113829229870264e-03
1.133225507870684818e-03
2.313321137639617279e-03
6.700962491721251151e-04
7.850813269496247906e-04
7.375479570750053879e-03
3.501971454124218580e-04
3.164104334437129738e-06
2.835897058236479686e-06
7.708932347454210116e-06
1.630981367168461531e-04
4.391609980357963523e-03
2.304185156718252352e-03
1.154609109182424187e-03
1.475133307017262524e-03
2.224836806988204126e-03
2.040643967021120702e-03
2.823067474182403263e-03
6.667223236728178626e-03
3.124291845736169859e-03
2.182897708529018925e-03
1.384957034015675071e-03
4.120499335587555698e-03
4.855169773324191466e-03
3.987210665480894062e-04
2.384876858170962102e-05
9.737374698346636855e-06
2.004473514444742919e-05
6.046949532218875122e-04
8.286888435033352290e-03
4.492384507902111301e-03
2.835775366775038307e-03
2.149381698260272641e-03
3.127935138166121429e-03
3.618504220427547994e-03
2.707238546437723027e-03
4.963400626116297454e-03
3.560417730869301026e-03
1.075886176175134450e-03
9.676022807895561266e-04
7.451428805762950677e-03
1.904540533305192681e-03
8.591349035224059858e-05
1.599015086358591045e-05
1.045063747011725575e-05
4.228128884981868282e-06
1.195495186390997016e-04
2.846487878537199128e-03
4.345271918042027323e-03
4.604047061550287437e-03
4.283046906304713124e-03
3.302940048961059902e-03
5.003912642213683391e-03
6.921871378615431121e-03
2.363183418083981101e-03
8.755273558509341905e-04
2.034057884087507335e-03
4.615918440958715827e-03
4.023673086220944627e-03
3.297482034396879893e-04
1.226953712209201466e-05
3.189428865213674971e-06
6.258656480846201582e-06
1.009743320519108316e-05
8.115681581213590300e-04
1.084031724229829637e-02
9.017318669278458904e-03
8.311625842559110591e-03
4.587541510972621521e-03
3.247232141227500250e-03
5.424247548947497798e-03
2.886143282945245227e-03
8.223550123808816758e-04
5.982393613846034245e-04
4.418817847764074450e-03
4.901390671487932359e-03
1.712477782024759195e-03
4.237704099421938687e-04
2.142580542383525389e-05
3.712253537003000539e-06
7.335002549767905569e-06
1.914423478899020270e-04
1.272627915757395829e-03
4.514791684414073795e-03
5.932980947573324518e-03
2.993292864365091482e-03
2.334885675884011604e-03
2.578646836623692609e-03
3.176227144106227602e-03
8.790613278696241288e-04
8.898443840418516918e-04
3.062129183126131252e-03
7.406184867673426715e-03
1.004326993303047717e-03
4.543804445239692257e-04
1.978242114267564280e-04
1.141076948322401017e-05
3.461848567066359244e-06
8.443199044031902894e-06
5.499885993668205591e-04
1.325704827074226033e-04
6.056207864902824790e-04
1.915313991778592496e-03
1.243168131788930579e-04
4.289860969216281961e-05
9.388299397601844313e-05
4.466238316273924889e-04
8.366085319114140812e-04
4.396508897587828209e-03
1.031329242283156485e-02
1.488452935626542089e-03
5.513948309224444568e-05
2.200032880754534869e-05
9.055530689805016509e-06
1.969999915141479484e-06
2.378937654950943355e-06
8.115386088263015359e-06
6.769438909689015757e-05
4.232479540736935382e-05
1.687457106942189000e-04
1.073416304975281164e-04
1.627691799082077090e-05
1.806105587680434862e-05
7.662101731299139672e-05
1.769999532886720175e-03
4.062266123913381433e-03
4.576991700263989028e-03
2.146069108368398471e-03
6.642944722958139554e-05
3.520794477387750088e-06
2.709662673152356756e-06
2.874783775279402817e-06
2.343814048843945554e-06
3.433664347233398866e-06
8.572799030195949615e-06
4.492820675294974280e-05
7.198876371701163658e-04
1.360874224930530129e-03
6.701617638885237348e-05
8.360188842691095186e-05
4.844412591965435201e-04
2.311369385713664913e-04
8.391190145556190125e-04
7.041075738986959671e-04
1.042232218046538892e-04
4.012638426927990422e-05
9.804393483434113561e-06
3.988551609327525966e-06
5.809145193268199358e-06
8.350630061671562266e-06
8.369426561382359111e-06
8.625327410098073219e-06
1.468771351561463930e-05
