1.127845916135935296e-05
7.695469004275662698e-06
7.741285249245992835e-06
8.213060765286175224e-06
8.562449511442795042e-06
8.522115994466519809e-06
7.732858071360388118e-06
7.099292165370303538e-06
7.236363515871908373e-06
8.147158898035044595e-06
8.927421119879520387e-06
8.970198376941591615e-06
8.764451391262509134e-06
8.653061212354338139e-06
8.584631407145504212e-06
8.409290628427355642e-06
8.747971381621684261e-06
1.207304307214927922e-05
3.921397889388511693e-06
3.096254726161098248e-06
5.186815898526935712e-06
4.937548272709927467e-06
3.566982057553245849e-06
3.628176891301256981e-06
5.217810707762875379e-06
6.785486824023632366e-06
4.969633803548185049e-06
4.052400272389041893e-06
4.892574825857428598e-06
5.738345766945741902e-06
6.012825984735684193e-06
6.024683455840668248e-06
5.896979944477255337e-06
5.674861779970689622e-06
5.910340148240395075e-06
8.751060954286283986e-06
2.933105615757687554e-06
8.312078368751332508e-06
3.365953080154570650e-05
1.136117382872344416e-05
1.449174540776385109e-06
1.119924750409341865e-06
1.033260394458312785e-05
7.127362224496133368e-05
1.733823741507630598e-05
2.710271462978656936e-06
2.568821881284343392e-06
3.799641207558498042e-06
4.857097381728758533e-06
5.699660978330233945e-06
5.829636434107349438e-06
5.516274299702388591e-06
5.669097173881726864e-06
8.417241489920097698e-06
2.366331369890241240e-05
3.437812755200543428e-04
1.341103883405759091e-03
1.584509463363258195e-04
3.117941783273415342e-06
1.001766748407946061e-06
4.640538496408143934e-05
1.366678960556591159e-03
9.219165172553069195e-05
3.886818324292787712e-06
4.327103740100115962e-06
4.523444270879945726e-06
3.537827268762405943e-06
4.800412441684619829e-06
5.979046658682303999e-06
5.792070007447932340e-06
5.848883286644284344e-06
8.590178661723171243e-06
7.898334410506421192e-05
8.778390386474919406e-04
1.794605287793084834e-03
1.427063499570919904e-03
1.698965858092976104e-04
4.452845171878279249e-05
4.264882425506586893e-04
1.308050511963975392e-03
7.758295557082747946e-05
2.695808668681325715e-05
1.367813247735273434e-04
3.321088943605769159e-05
3.316218359186367903e-06
3.222087163973884761e-06
5.441490156109096772e-06
5.880515348387863213e-06
5.914049244390510940e-06
8.618460679334456813e-06
3.721218046613183406e-05
4.762610661313405424e-04
9.831332926910696986e-04
2.567770583405875294e-03
3.538584263389947006e-03
1.251316801178094500e-03
1.101372216277442988e-03
2.823481880404827356e-04
8.232547225079484780e-05
1.903414153352268087e-04
8.874217478045621967e-04
1.428415178364525885e-04
5.717695655620207187e-06
2.857344771980267879e-06
4.806975893448927038e-06
5.791466132834982119e-06
5.934309904935783803e-06
8.607243348453952545e-06
3.728629524360260522e-05
1.245878940042408674e-03
3.139098310370077183e-03
3.312313292340520170e-03
3.900403943951604151e-03
1.200037759268920024e-03
1.428722270302452187e-03
7.908870910676204504e-04
7.245437817627506903e-04
4.320480784020253040e-04
2.180216068637733367e-04
1.998140752686736535e-04
3.112790506998860203e-05
5.539324309073400104e-06
4.814771320496950191e-06
5.673745396887673080e-06
5.951137696326122109e-06
8.609548887910039807e-06
2.917404060866431485e-05
3.980484264440957692e-04
1.446662217887001662e-03
4.054122581895074941e-03
4.828423301657468192e-03
1.614377318641908388e-03
2.643769788374779328e-03
1.126644893786300176e-03
5.989036116603763419e-04
9.440624105188713533e-04
8.274531965191444030e-04
6.469669153873436286e-04
6.385978486015606015e-05
5.868384056705813264e-06
4.368739999412438268e-06
5.561724918578455331e-06
5.973124153838755196e-06
8.613988730676986439e-06
4.465298642401487045e-05
1.074975835932755891e-03
6.020805597744809980e-03
9.677162837279826638e-03
6.143083609928243899e-03
9.256283210797589802e-04
9.268121098322817811e-04
3.092902329540357697e-04
3.570012969686741587e-05
1.692230456645816292e-04
2.175966586513361414e-03
1.156129840495254656e-03
3.358847801150627701e-05
3.455616595430301796e-06
3.869544219933096118e-06
5.574811961533341126e-06
5.999718810378206740e-06
8.609338584687329209e-06
8.661579668312530323e-06
4.006938146568802379e-04
8.130364163212189590e-03
1.271522937061751561e-02
7.790343835920685890e-03
1.206400964405429264e-03
2.488539286596275473e-03
1.206589339456489492e-03
1.890784323322029979e-05
2.368713930751377899e-05
1.222158542328189617e-03
2.049157421078323486e-03
5.224413615836271156e-05
4.224899894914460819e-06
4.272485303632742836e-06
5.773957157994557737e-06
6.031905176789434644e-06
8.601512125563888023e-06
1.992386686771466132e-06
9.598403007192007333e-05
4.607470633816640460e-03
7.797133732097873138e-03
6.080142750775005718e-03
3.151695372359237558e-03
1.669241820322653683e-03
1.911708617023904870e-04
1.479263019264686793e-05
9.759553372446749787e-05
2.063617105246788076e-03
8.177458448808119437e-04
1.853581133293157496e-05
2.548994036355679762e-06
3.772538613710901282e-06
5.742669296348104804e-06
6.057622926704249214e-06
8.605525187669823506e-06
1.428297608783881890e-05
1.496708561178565662e-03
3.358197702373584559e-02
1.302784091506710602e-02
1.790261717322179022e-02
2.419582411213214504e-02
1.983254943020465802e-03
2.137265294422050225e-04
1.713489792634327808e-04
1.442597612193007766e-03
4.246662089528794974e-03
1.404669416790130503e-03
4.287748921026266185e-05
3.004720704470346319e-06
3.362048790921957582e-06
5.519220160361551669e-06
6.055725442941979477e-06
8.617943301117724403e-06
3.889389347520283533e-04
1.287293070642860256e-02
2.689563659743050561e-01
4.672665100017941997e-02
3.820929522492353542e-02
4.632035483959765637e-02
8.627244269874439694e-03
1.033884006274760244e-02
1.040728769434617375e-02
6.077576517818002351e-03
3.054067152856364438e-03
2.621266247109906890e-03
1.525661231713923590e-04
5.291461649996370973e-06
3.580627064625760405e-06
5.440947942491580996e-06
6.028617176649545330e-06
8.620385723518909817e-06
9.098000575227836251e-04
9.213670248798510850e-04
5.075841791779726886e-02
3.301307818479441714e-02
1.771115737631441533e-02
1.825941326431775730e-02
2.995205280358348866e-03
4.190699130115774045e-03
3.173365778138396640e-03
1.553851484344897929e-03
1.088328528349101834e-03
2.311242655465281580e-04
1.327291567115119644e-05
2.770488459966997955e-06
3.911192972321919371e-06
5.659846988342897771e-06
5.997635544161746182e-06
8.604393075144672930e-06
8.725642821416030388e-05
6.512031080643763416e-05
4.847107692245927052e-03
7.101033676051006494e-03
5.179427524157109546e-03
1.462309205991728020e-02
2.400902607041610452e-03
5.629711213835070878e-04
1.408223107766757437e-04
2.516867804050374022e-04
1.677000123327309624e-03
1.006502199028299342e-04
2.429747802014509439e-06
1.963957038179404934e-06
4.796742944914852429e-06
6.010884907366426355e-06
5.956946364263627709e-06
8.577488386669640156e-06
4.046609510421632670e-05
2.072550715854990509e-04
2.933045454294869094e-03
7.334045365600954866e-03
6.108158266159753776e-03
5.139287897899653262e-03
1.909037890236758590e-03
3.702910631328940635e-04
9.629232674471019230e-05
2.260320887712338603e-04
1.091003522240721483e-03
4.520455921692972397e-05
1.409959041673209315e-06
2.013268076824444362e-06
5.412347680386690019e-06
6.162081607812305158e-06
5.931330192906789119e-06
8.563006250374965837e-06
6.762339256694008195e-05
9.011293434438293363e-04
2.641487543574716143e-03
7.770954325883638707e-03
1.062195440263696659e-02
3.484588145884038191e-03
1.501886501373171515e-03
8.185796377994035119e-04
8.531234424532085220e-04
1.621052501242133299e-03
2.221125892158198022e-03
7.654347855810682722e-05
1.994867154731240388e-06
1.854694122572558979e-06
4.782107879938736777e-06
6.007697162772663208e-06
5.955385193033873429e-06
8.579445938340624937e-06
3.255364086643851502e-05
6.827213573727974362e-04
3.636272420319480898e-03
5.688086830012281311e-03
7.419831523511413902e-03
7.913462115044733736e-03
1.779142410735551306e-03
7.315509509419501578e-04
7.006126428930189651e-04
1.982704129639098240e-04
2.996603530049717578e-04
2.842258271004132614e-04
1.600834573285101229e-05
2.876534386247790931e-06
3.995508604280579227e-06
5.656026752805118568e-06
5.988574896856251341e-06
8.611591963896079988e-06
4.824348853210360413e-05
9.955031999653090810e-04
3.305794343849980527e-03
3.282044980878240197e-03
2.404273043566516888e-03
1.913513474896604612e-03
1.072356159768745112e-03
5.337662179997819346e-04
8.435647557317356438e-04
2.202172197954013711e-04
1.526254121920807706e-04
9.404602388945396260e-04
1.301892810772512735e-04
5.914536216595391270e-06
3.854564628213267994e-06
5.421438160819723574e-06
5.993571263308779227e-06
8.630850984925593445e-06
5.256698759978417677e-05
1.849925708335535286e-03
5.241517865719047889e-03
2.027244003423130363e-03
1.161300875729212112e-03
1.575398430272575371e-03
2.538738705454728507e-03
2.579938925678508283e-04
3.489164752316918942e-04
1.085220782440966857e-03
2.122736974164861801e-04
1.215682867931558323e-04
3.150793143854901311e-05
4.963211712576276643e-06
4.187038027773557796e-06
5.515342374432942391e-06
5.983269553939944780e-06
8.630789234551678628e-06
6.016873485362062751e-06
4.517678558120374882e-05
3.838592719622805618e-04
4.386341739051264938e-04
1.372830627700908626e-04
1.143610186213686597e-04
1.422527484269346502e-04
1.042684331624259941e-05
9.180161267899579483e-06
6.470540347364934553e-05
1.771462359025098010e-05
4.167045187064827447e-06
3.506425155996869145e-06
3.784473360740112685e-06
5.025341671081374507e-06
5.754299433832648704e-06
5.957723166339472287e-06
8.630248781233077000e-06
2.261333108048949278e-06
2.570638881012415292e-06
7.076669293532601441e-05
8.873418889683810451e-04
8.054876910683059275e-05
4.318444247083556534e-06
2.700833348664402367e-06
1.572625191215188925e-06
2.043142359972622096e-06
5.571204532893360614e-06
4.029022963133157242e-06
2.570929179301936216e-06
3.449813951957133133e-06
4.972465769782054569e-06
5.841208071456494248e-06
5.783181863617606367e-06
5.876571884699630432e-06
8.593311516170041241e-06
4.594668259033220188e-06
2.908367127258037837e-06
2.471701360430342463e-05
1.867495530164428846e-04
3.003369920933951124e-05
2.663950828899217550e-06
2.067568692784137202e-06
2.968933109318313498e-06
3.824887776334229168e-06
4.702232845657572942e-06
4.691334323345096866e-06
4.780167689578540010e-06
5.431929426024841198e-06
5.855009678257661930e-06
5.813721801767090524e-06
5.525979919428501062e-06
5.680505719335171960e-06
8.419103981880735049e-06
8.075348395061543620e-06
4.019798918236793701e-06
4.364508304136009714e-06
6.016620579353374021e-06
4.433880820975817007e-06
3.586938216941294212e-06
4.702604217814388331e-06
5.866839503477658112e-06
6.079661159487212321e-06
5.975850904833256409e-06
5.950541047397849217e-06
6.043623400621708003e-06
6.084519531419911241e-06
6.007675793838565852e-06
5.880968550829033232e-06
5.677939977887571047e-06
5.915535424054375399e-06
8.755074967058253604e-06
1.261637154329833753e-05
7.775767145705024365e-06
5.656569279308649726e-06
4.976273223029371783e-06
5.707428338266953307e-06
7.537422344283080725e-06
8.969632359708337043e-06
9.149091130081869129e-06
8.887040046928280769e-06
8.729429899132403056e-06
8.699502141590592376e-06
8.694307078946306451e-06
8.657482166337792940e-06
8.626861251889140315e-06
8.584402793801889262e-06
8.415585483309523957e-06
8.754872188336295096e-06
1.208089892377512095e-05
