1.687758943682300520e-04
5.836965656904065380e-03
1.195151229024054955e-02
5.777684970399659878e-03
1.821959593652594262e-03
3.842361039046900129e-03
4.874874111278127732e-04
5.692218574469484760e-05
9.185584542995997397e-05
7.345437250173574744e-05
8.687044005621663177e-06
1.964335280504511514e-06
4.488398256484179819e-06
1.116069434402393583e-05
1.068320274026304676e-05
1.029353582673621811e-05
1.268106926160238845e-05
2.164856826003950496e-05
1.309544419080865330e-04
5.222067363933656156e-03
1.292955490458922059e-02
6.314320379580803423e-03
9.238388121544376282e-04
1.170648798829562222e-03
1.468660886115214078e-03
2.471923126587762844e-03
7.532594967496870041e-03
5.570209150189117664e-03
2.997496698702396063e-04
1.556805713398273642e-05
3.965957480363153242e-05
1.231980910363742214e-04
2.599793141050662560e-05
6.805718504034134697e-06
6.880909985611942933e-06
1.376440095056698367e-05
1.051740558613378126e-05
3.391658491449674444e-04
2.400436079214498825e-03
2.033337994393925787e-03
1.026031677482871617e-03
1.775149427956908364e-04
4.580802045306702782e-05
3.004957652484121795e-04
4.525446348194061066e-03
1.812478272202442883e-02
1.134828404080046212e-02
1.706254668359364528e-03
1.451681721997558983e-03
1.030618175824641811e-03
4.644592281640329615e-05
5.113846443258505221e-06
5.671057577938416327e-06
1.391143109909724929e-05
1.252523526350664478e-05
2.883099188070416198e-04
1.145520428507458598e-03
5.701493733324983172e-04
8.498881125276286320e-04
2.560834315800463259e-04
4.981267251530901573e-05
1.120696630946842236e-04
7.980070988366456735e-04
3.430716696707654563e-03
1.019071168556809348e-02
1.677571760303735518e-02
3.914698706687956727e-03
7.281981953213968566e-04
2.851960345228066087e-05
2.488621460816313717e-06
3.559815507311989998e-06
1.194529201691642067e-05
7.029220064133408360e-05
9.119424798801268510e-04
1.867108446834550399e-03
9.245473046857970558e-04
9.005038349573958470e-04
1.069891885284253571e-03
1.546991767597086101e-03
9.213909598471042633e-04
1.265174778392951426e-03
1.833206726103871892e-03
1.166258356542913561e-03
8.834827561059990092e-03
1.202261525692190948e-02
3.246547518540095646e-03
5.962633305732613169e-05
3.679619501849666591e-06
4.513708193032673501e-06
9.476247358676387209e-06
2.043219273375625178e-05
2.555026786198369274e-04
1.642509230991499695e-03
1.483501268053541303e-03
7.574274656776540686e-04
3.363154858555614658e-04
1.271392601014400235e-03
3.488500717394230673e-03
5.329388029230499972e-03
3.005743959136660676e-03
1.248272207461568572e-04
2.547867698575116257e-04
8.266103452075230021e-03
1.518713748056122435e-02
3.717373133970225483e-04
1.056900675329595977e-04
5.453449367256181762e-05
1.274961910127318974e-05
7.833954444784666971e-06
1.083999059810325489e-04
7.924284889937141963e-04
5.232304530331480675e-04
3.662435585703987932e-04
5.495850404473002441e-05
1.592043987770683895e-04
8.741478614877379490e-04
5.303426502068969489e-04
1.183240659922899646e-03
2.084775258455626938e-04
1.905869948298423934e-05
4.387756409831465240e-04
1.572598184678301175e-02
5.023800246959765278e-03
1.902036407582042947e-03
1.364086140163072532e-04
9.345182506216630978e-06
8.846609291182687285e-06
2.204809501098934737e-05
7.260213863639891759e-05
1.927933887195341770e-04
4.845912672220942610e-04
1.173038602703142791e-04
1.488168095535635012e-04
7.758750519372759123e-05
1.650025441553251324e-05
2.939337834397773189e-04
7.784466506765326402e-04
5.271257972018329545e-05
1.749727880529316582e-04
4.432418965806845558e-03
5.475212394825015698e-03
1.052751960012062457e-03
3.083869662724347176e-05
4.777573754520999044e-06
6.638082206091687143e-06
3.738263254927736727e-06
2.546490445238817950e-05
1.994790373229384601e-04
3.078806288575978447e-04
6.628472600750366390e-04
7.545278580299228906e-04
7.954631722200148844e-05
1.519029960460158862e-04
1.428810118295100471e-03
3.812184788031297480e-04
2.531191621627649330e-04
1.014820703694683298e-03
1.765650410319981886e-03
3.430578279143624114e-03
1.900973613243134254e-03
5.434532350928046959e-05
7.059019626480764389e-06
5.465830205586989198e-06
7.529186515954661348e-06
2.224062351240059293e-04
5.974175650192664437e-04
3.018533882018362212e-04
3.492269266133463026e-03
2.195289442145077936e-03
1.365519356761421175e-04
1.295279398940125601e-03
3.773775707063929587e-03
3.348656378411990204e-04
1.062746884982304499e-03
1.810609289313622455e-03
1.202573900432073704e-03
5.735572932674494473e-03
2.117577549383371956e-03
4.670829373962079632e-05
6.389249955641656902e-06
3.705688104147704747e-06
4.706598951663130314e-05
2.916862559300222122e-03
1.901668524603854736e-03
7.097080049316774374e-04
1.517706791338283923e-03
8.795820390157334159e-04
1.634162082901952811e-04
9.805721914829787001e-05
2.049611253412350631e-04
5.368741371768612431e-04
9.970706604889726168e-04
1.309014137159511993e-04
1.694270840230456445e-04
5.959171131762753572e-03
2.517554549923772724e-03
1.072670132666052366e-04
1.532779087592181416e-05
1.586950136551640553e-06
1.178860050868128095e-04
1.289208312402099869e-02
7.596058652300747421e-03
4.404062467432042112e-03
6.533737477960234073e-04
5.995308984316246974e-04
1.039904063735686566e-03
1.025546318026054394e-04
3.147594568717237886e-04
1.988089514344701988e-03
5.180624031567931205e-04
7.146760907903072649e-05
1.073279395219518524e-04
3.982330105066574436e-03
5.294258546378789905e-03
9.584783176326402629e-04
1.827552758830023368e-04
4.902701560893692844e-06
4.806530449135334982e-04
2.928389020764268769e-02
1.443345210657580487e-02
8.057954326961548966e-03
1.193266102509291755e-03
9.992729976981765128e-04
1.416600888287868456e-03
2.698165436690600004e-04
1.019888435481078109e-03
1.759828874425116473e-03
7.671893380700703542e-04
1.420714514290578228e-03
1.307635325118501916e-03
3.791047046353063828e-03
4.425476726051214178e-03
1.526664444795695344e-03
1.521110866276718107e-03
4.442761633173164304e-05
2.435585488467119711e-03
6.580847273019817256e-02
2.874764414638563553e-02
8.131981620165347827e-03
2.064886759975564836e-03
2.180694957420127231e-04
2.719817673363231951e-05
1.272243563764007140e-05
4.636383755577196022e-05
1.512074208262736128e-04
5.551863134212077630e-04
2.974014392974885790e-03
4.359918194025478796e-03
4.122446579867247198e-03
2.437110252837286842e-03
4.134554517136792835e-04
1.135102280487775613e-03
1.779783923780922395e-05
2.979757675431888566e-04
8.796380305181811590e-03
5.217994059803426204e-03
2.411136659152421369e-03
3.654078050805588309e-03
1.135426201634687606e-04
2.065964690809176316e-06
1.547906782423894748e-06
4.216381423888203871e-06
1.378421099141909480e-05
1.595684116299491350e-04
1.172869112506344080e-03
2.059927202404481655e-03
4.031496041171324894e-03
2.976083911004159723e-03
1.149177417203845316e-04
7.759966571121057650e-05
5.061674789931209482e-06
2.470868990784969536e-05
1.325259320226182883e-03
5.141572217483260203e-03
2.839829337669512021e-03
1.422096032289396064e-03
4.348496883394184335e-05
1.700416637506449846e-06
8.322877202315464358e-06
9.603206942752985143e-05
1.071808973849390636e-04
2.999921684652337981e-04
1.059952499542789368e-03
1.405975591055395012e-03
3.290068291246214804e-03
1.155249709965728037e-03
2.530877481060944925e-05
8.886201109437770598e-06
6.190225813328281147e-06
5.539386111246419647e-06
1.005994003423328425e-04
2.288284965025945677e-03
2.593246866076524305e-03
5.118215516955077230e-04
6.096821266099795888e-05
7.352544757852433581e-06
5.985534227290786706e-05
2.578004655717031079e-03
2.913604574647408411e-03
8.846360080604111220e-04
6.699090822696144058e-04
2.863742457698807958e-03
7.444445372277244677e-03
2.199975328584684645e-04
3.481862969509346635e-06
3.639621223382107857e-06
7.869285258650873539e-06
3.587030348852315996e-06
2.610263692099160015e-05
7.020958478023563328e-04
1.901640150092936792e-03
1.172955382401296874e-03
9.139667365692941614e-04
3.416061308335015798e-04
2.914586339179546146e-04
1.208667330151285725e-03
5.067250049516095790e-03
2.007823207410916293e-03
7.903900506391527830e-04
3.461805216246601011e-03
7.839388218077801562e-03
4.346321173720337589e-04
1.051685542675592178e-05
6.404952028055718384e-06
1.063321758951471086e-05
1.630596027399067239e-05
1.409937936626354867e-04
6.600489192551613508e-04
8.979514964909754166e-04
4.970996060182229954e-04
2.933379184021976216e-04
1.194043105118146710e-03
2.147988145701363715e-03
1.263058902209822105e-03
4.533419328193172629e-03
2.604598714554303383e-03
2.216260282492023542e-03
5.247093424551283435e-03
6.242939319864100785e-03
2.072358241850422774e-03
8.886820442146191215e-05
1.541825540039645656e-05
1.287474736292371168e-05
6.894353578809625646e-05
1.089115005304822211e-03
9.405701083331554366e-04
6.751365056507660587e-04
8.369812798981077174e-04
1.572598916906770049e-04
4.361982848038750910e-04
3.252939615152000783e-03
2.177897168887498423e-03
1.015159411819841970e-03
5.903184443469030717e-04
5.283514617335392446e-03
1.522384738073156996e-02
7.399370132273692599e-03
5.117436128916997900e-04
1.359959849057234738e-05
7.632164905158680211e-06
8.125830072275432259e-06
3.536527799985314974e-05
1.691151757094505039e-03
2.205331278328543851e-03
8.520060074169408552e-04
3.356687365017115617e-03
1.172194695037204323e-03
1.202425760681967524e-03
4.212743428301082664e-03
2.397018082379407007e-03
1.411965825538282968e-03
3.482107617574288928e-03
1.747149985409139281e-02
3.509994331774339560e-03
6.444663013897926861e-04
2.768974789330506503e-05
1.507907723956652093e-06
4.566462573591776073e-06
3.739100303782467283e-06
1.038851626888317656e-05
1.359743385672123207e-03
4.874850600250954860e-03
1.071112473621612347e-03
3.737082523627427086e-03
2.211995528988121990e-03
1.618828640576540053e-03
2.828130225412195733e-03
2.501003563806696983e-03
7.147271748555227532e-03
2.799822148280900827e-02
1.611438273068484250e-02
1.554496728115592388e-03
7.820056262856578877e-04
6.544582070217212322e-05
4.166720761349725172e-06
8.486957404079238532e-06
2.652521372988862723e-06
1.169211657416469669e-05
5.188459527798745113e-04
1.457063781032354871e-03
1.679310399925171586e-03
2.669876680919760960e-03
1.168676717491025580e-03
1.244227109070556066e-03
3.283100462121639300e-03
1.374518681765862956e-02
3.627344711525414683e-02
4.601899392265833971e-03
1.606278660403930372e-04
5.715689773705109943e-05
1.514675946189455449e-04
4.523980777778662747e-05
7.414916795854117512e-06
1.178182824766656335e-05
8.647675376869627396e-06
2.437439309512199627e-04
3.478507184013332389e-03
2.494262472790693443e-03
3.431868023541372655e-03
6.822370746318316736e-04
2.965426672861723977e-04
1.502361376853829627e-03
8.765687441865363180e-03
1.164819513177670594e-02
1.754087770734851252e-03
3.893705849255430266e-05
1.956621095924386969e-06
1.764909703008775871e-06
5.312723010790021921e-06
6.051027725038249308e-06
5.481485571844523419e-06
1.237702575628028244e-05
4.242728302329485583e-05
1.423793401095228015e-03
1.354143913789317491e-02
8.790625400004806883e-03
5.921696399962626985e-03
1.740178270546518993e-03
2.254024364572169200e-03
3.427337472861012417e-03
2.688761984282654529e-03
2.445978891199320740e-04
9.079052219183769332e-06
2.419638118608557262e-06
2.858611676107575769e-06
5.343983275985699435e-06
8.419030523270033323e-06
9.876131855730178207e-06
1.188227281130805687e-05
2.178322618480741656e-05
