1.015341672804592503e-05
6.941383251051041845e-06
5.790988352625178296e-06
4.338782946111540307e-06
1.003693611273316558e-05
2.252725451533149539e-05
1.007280084405017784e-05
6.251217303696777084e-06
1.168265920425968485e-05
1.881474406311461531e-05
1.972095353637496175e-05
1.887430332845684391e-05
1.855676515779345522e-05
1.852344123664181682e-05
1.846170396435035588e-05
1.813207614961663680e-05
1.888251382764785264e-05
2.568414449082939994e-05
3.447342194611408933e-05
3.147504780073680426e-04
4.995706618372482708e-04
3.751362958919126505e-05
3.429351306470475379e-05
1.971089854630087056e-04
2.730675535822630441e-05
1.918345418654885347e-06
2.732971292997588787e-06
8.771676951686860021e-06
1.298737345553558773e-05
1.344019168329325984e-05
1.329034641204875845e-05
1.305009315345842762e-05
1.280133050689431863e-05
1.241943731298942584e-05
1.297583283794966362e-05
1.889200331145130717e-05
8.624762049237612424e-05
3.290010135294342466e-03
1.316206362172500817e-02
7.303569652948214367e-04
1.832351279288735931e-04
2.102164126042249670e-03
1.073965022871437892e-03
1.545272022733179475e-05
4.219993270410614237e-06
8.670083318286160820e-06
1.005942612198065407e-05
1.072339183922329847e-05
1.221582929296163561e-05
1.280841571546703998e-05
1.256620020341815058e-05
1.200405569271623388e-05
1.242935870900807645e-05
1.815992064385902355e-05
4.731632902892908110e-05
4.807545158147662374e-04
2.006047457645991367e-03
2.556634779076651619e-03
8.376787068651688406e-04
1.692016991868083072e-03
5.361015938023007583e-03
5.804936282855589552e-04
1.287792756333307567e-04
2.989624692736694720e-05
5.269951970689186230e-06
4.661986902239898077e-06
7.939023995770156701e-06
1.148305912386213752e-05
1.286643924025259560e-05
1.246426240385322510e-05
1.277381421664360898e-05
1.850099192546081199e-05
1.672166301252871060e-04
2.918469732910977492e-03
3.428811122816319973e-03
3.872670241995492587e-03
2.000080646870208440e-03
2.060645634414587975e-04
1.290059880171624037e-04
6.237580440202204930e-04
2.702324022466274372e-03
1.155300342146299764e-04
5.500579744175803921e-06
5.092530744702048521e-06
6.636528137202505892e-06
9.219086396382502878e-06
1.219011412526424534e-05
1.260342355006871342e-05
1.287926693918087130e-05
1.854181501554792700e-05
1.598260857570001450e-04
3.808154484837293803e-03
3.074054524686244214e-03
1.193222002413611054e-03
7.793766831302526964e-04
4.403139299087882477e-05
7.168577271207352493e-06
2.090055415322474930e-04
7.393956143932543974e-03
7.200969429854293643e-04
2.869903804898023595e-04
2.934913852013489532e-04
3.298202487480304709e-05
1.047547875803806496e-05
1.154870169289084304e-05
1.267871995137968114e-05
1.299973498400339076e-05
1.851968931556859395e-05
1.466726289152375130e-05
5.532098749343345183e-05
4.522049720311599854e-04
3.643997058004207722e-03
2.526383183623380057e-03
3.016217113718811784e-04
1.351235493548309536e-04
5.396399689160533619e-04
2.138362064860587809e-03
9.976070548940280894e-04
5.535157949788228719e-03
3.388741068230706911e-03
6.187208994083926101e-05
9.134633025505575768e-06
9.854291429794785381e-06
1.230694873564768304e-05
1.322216890450611073e-05
1.863789061419243565e-05
5.504818684700067456e-06
7.155032884999599211e-06
1.517950645774252276e-04
2.468571552207043246e-03
8.563919621835459125e-04
3.855918487396637435e-04
1.871369930056523447e-03
1.065091433516268237e-03
1.120026305672091547e-04
1.420823127950194046e-04
1.729530700745554421e-03
3.146295247178619602e-04
1.572678657593413847e-05
7.129942147407545473e-06
7.365102998134981560e-06
1.024504349417096150e-05
1.305744152273316141e-05
1.887342588822242100e-05
8.954946880071837107e-06
3.763753591446385356e-05
4.127809895406164549e-04
7.074861322993678675e-04
2.449827949026630951e-04
1.007221201127620917e-04
1.007785284291901843e-03
3.177996187365700418e-03
1.483407944982893215e-04
3.208401492666489792e-04
4.951490491234736280e-03
5.282832400396235374e-04
1.587778007175953113e-04
5.836241452352696873e-05
8.644116320334802346e-06
7.556571981875611522e-06
1.218649074860313830e-05
1.903457955504573332e-05
8.875074325207730477e-06
2.214304842433263991e-04
5.670673374905853097e-03
5.128493574699683269e-03
1.621397023492499945e-03
9.062220529822170140e-05
1.943518613928228711e-04
2.781516897375850214e-03
2.155681178033039974e-04
3.192530790185557242e-04
4.334202950069361397e-03
1.136903128272550006e-03
2.036203104261814778e-03
4.521489173350034586e-04
1.251378377140104558e-05
6.597013074923838822e-06
1.164452331740377028e-05
1.904318774544698687e-05
1.300804113787466173e-05
4.568765169348918591e-04
8.670545728512054490e-03
6.201237985501429663e-03
1.888907064280753246e-03
4.206122835702505100e-05
1.541386921335661522e-05
1.178005781582418937e-04
3.484902710768587197e-05
1.420916315139337356e-04
2.660173888805063887e-03
3.023817345408827124e-04
1.108552649661209249e-04
5.467100870446644741e-05
9.263193137853459045e-06
7.980592370327347255e-06
1.236209847058644447e-05
1.899722551838546819e-05
6.702362921839639248e-05
3.490374199067407170e-03
3.248903725365752393e-02
1.374622649229399057e-02
8.819710634265062049e-03
7.960946642702538319e-04
1.118243326271061078e-04
3.003303963008093543e-04
2.459033085361490021e-04
6.016671575806053140e-04
1.068148235644991555e-02
7.761976793390318145e-04
8.886574726471271109e-06
2.848036236258153443e-06
5.110588163294197603e-06
1.020421624297965110e-05
1.348313268532678913e-05
1.893193005335851137e-05
4.249228173778722635e-05
3.710378603928597523e-03
2.241510776621013501e-01
6.004701797370233518e-02
1.109464819055585617e-02
1.155666213859190584e-02
3.023426001422537934e-03
3.443987078396579509e-03
2.309783752823627804e-03
5.157237962135536886e-04
7.446101403446161136e-03
1.084821313213758798e-02
6.087068374811548419e-05
2.176604218059531907e-06
3.570783269405685956e-06
9.956023900880278920e-06
1.358788825974689315e-05
1.887404310950626613e-05
7.203735060376367097e-06
4.354693157443582994e-04
9.830117993885190142e-02
3.937807454463290724e-02
4.457403282810978168e-03
5.029107401531974879e-03
1.245811892975320304e-03
1.253203553918740346e-03
3.334262029991072723e-04
2.438137201219663759e-05
2.763186146301283745e-04
6.331128897230085470e-03
9.630172726014817920e-04
2.236077987334630731e-05
5.800942509811553019e-06
8.884229544289980055e-06
1.288905810172373409e-05
1.884852894842617999e-05
4.674366895741833533e-06
8.987906121313610675e-05
6.384276206363522985e-03
1.079128292259124051e-02
6.489149818172670718e-03
1.078114533741118168e-03
3.111500298070219231e-04
1.400161521748601598e-03
3.702742289599982310e-04
1.523952919026108545e-04
6.657854274154581791e-04
1.475759477320573573e-03
2.171021431615628629e-03
2.417641936409216006e-04
1.553080258556140071e-05
9.244517102737328371e-06
1.250119073725076454e-05
1.896045804462291294e-05
8.254154163764576359e-06
1.372543054109985855e-04
4.821961131466859576e-03
5.651527313395386838e-03
2.883865542819915532e-03
5.986244971623820837e-04
2.792655277874957860e-04
3.764057921956196623e-04
2.386696231308767333e-04
3.758052412645360597e-03
8.383720617457115706e-03
3.535002110628110818e-04
1.237824517878231237e-04
5.493758282660387942e-05
1.171038125488015587e-05
8.701671842962908936e-06
1.225018866309928084e-05
1.925008156845162927e-05
1.166904964066860130e-05
1.931528450805117367e-04
5.834947040453003844e-03
4.955632319111708158e-03
2.024738383193118180e-03
2.241238144183246503e-03
3.232863213049617327e-03
7.606429005973882902e-04
2.649616652520661348e-04
3.630972739923818068e-03
2.743915115712598340e-03
1.540505737274194722e-04
1.657726712576901163e-05
8.647005924698786367e-06
8.244308906911719059e-06
7.438998789224667021e-06
1.060749052291425074e-05
1.908361642022606417e-05
9.657985518402415918e-06
3.529085763921069660e-05
6.118535498640207283e-04
4.197608098429103651e-03
1.323502102164044207e-03
5.436524520597069881e-04
5.563365354896670882e-03
4.515920563834817034e-03
1.304761305555700518e-03
5.802001143219271719e-03
6.542190793966521679e-03
6.440240010329654520e-03
4.988186753795572324e-04
1.445830778984165800e-04
6.455152894600186598e-05
9.349593693472308233e-06
8.043252095798099965e-06
1.797456695254165407e-05
6.097985821080538623e-05
1.805015697415924040e-04
6.689572426494277578e-04
9.028934391042214846e-03
6.206730079994787416e-03
1.543829241282410102e-03
5.057531219495171697e-03
2.282725888419974078e-03
9.515555741584043933e-04
2.541691163629196133e-03
4.093419869081118753e-03
1.238334835648594381e-02
2.059819604993406560e-03
1.883025342957165031e-03
4.406842850996926038e-04
1.234915021504895321e-05
6.752950814227391140e-06
1.715903092957099361e-05
2.814862012697550483e-04
2.443449062723750988e-03
3.470215827397933172e-03
6.708378772188547563e-03
4.381200196010801365e-03
1.835917014357457125e-03
1.757622859671589908e-03
2.142425029193890246e-03
3.253696212120396267e-03
3.810540722022119457e-03
2.137306522347412561e-03
5.614619025356448224e-04
6.289623319643440071e-05
1.450027749595197654e-04
9.282137633743771908e-05
9.301447256621169816e-06
7.590116204519693135e-06
1.779366687178256124e-05
3.102147886093928434e-05
4.136705077946280034e-04
5.038101504520412985e-03
1.073154239962556544e-02
1.607547122851915892e-03
1.029732139199681160e-04
4.610990030984292800e-05
1.605861788947616044e-04
2.740533234692832192e-04
2.630319498482429699e-04
2.267153177732383331e-04
3.457170020683029369e-05
4.856360285465104553e-06
8.464151590844620746e-06
1.245305968004601475e-05
8.207430435693789384e-06
1.025761688566378923e-05
1.890473275488674994e-05
6.363496023709315354e-06
1.374976435208683087e-04
2.839749127687322874e-03
3.118710384017218430e-03
2.032672936195276808e-03
5.350613641504567289e-04
2.081341521923055346e-04
5.284941117706905208e-05
5.909384367941150436e-06
4.000342014812912547e-06
9.036891054681260748e-06
8.213169421213084183e-06
5.564213589346871932e-06
7.588005229800251570e-06
1.008585724570983149e-05
1.071813110588317541e-05
1.253711731174557747e-05
1.903349654373130180e-05
8.844143612325147119e-06
3.549615842543963739e-04
1.005277613513749432e-02
4.583302162198344201e-03
2.915063943289478935e-03
4.452145126179031000e-03
6.098439106345817338e-03
3.021158444302197489e-04
5.975440006090619885e-06
2.906855506787632460e-06
6.149318689202334220e-06
9.294152696137724406e-06
1.068086636213214841e-05
1.192582866112451460e-05
1.238883070103576783e-05
1.214925100622030334e-05
1.269094587828540234e-05
1.833609226341423646e-05
8.273461651008509694e-06
8.330137280164492237e-05
4.217771946590449621e-03
6.532337972710204090e-03
4.780483958918193958e-04
1.222236104302440029e-04
2.730932801467195930e-04
7.504661183970337210e-05
9.151635397225478630e-06
7.658352919705517688e-06
1.156854321278804464e-05
1.319790760467885407e-05
1.339001982777565914e-05
1.335084484460598916e-05
1.309110881489943200e-05
1.259781053805476980e-05
1.304966209215722106e-05
1.888209514165149462e-05
1.069157446308189078e-05
1.113128987086286351e-05
8.114923314612178501e-05
1.955619817714348944e-04
2.369109433155697068e-05
4.596118194921398693e-06
8.229833571039357683e-06
1.227410232018639795e-05
1.222150856346643525e-05
1.641951283112816598e-05
1.960670241587554388e-05
1.934930419176966076e-05
1.878605012726715381e-05
1.862820988126581118e-05
1.850655309832376891e-05
1.813967219468422970e-05
1.887125395143601062e-05
2.566273434337140925e-05
