1.771161592250435806e-05
2.887631812735121377e-04
4.708218805098167078e-03
5.043322312637345088e-03
2.166535764434853774e-03
2.415703501633953074e-03
2.561902053198621739e-03
2.281824497982415725e-03
3.076164159614461994e-04
4.372995644522542939e-05
5.078450931382505407e-06
2.620634756244855019e-06
3.686917384785751142e-06
7.380292739265185167e-06
1.030827145998021698e-05
7.896775540241573091e-06
9.695774333918782091e-06
1.967162061061865662e-05
1.076883037115318383e-04
1.862438928134026780e-03
7.389327104923362755e-03
4.282839132480359239e-03
1.023715563779901581e-03
5.347010073466670595e-04
4.600997131112583038e-04
2.923692725685482063e-03
9.907590290319396101e-03
5.471779981260498603e-03
3.393503342378999255e-04
8.009759496162161137e-05
2.174298610696861290e-05
2.026181384492175348e-05
1.849702260851127412e-05
4.670263397720898822e-06
4.011574832222924698e-06
1.135961400631542557e-05
2.328081591277633117e-05
1.307513179102516945e-04
6.953207279953210664e-04
1.079896886294372639e-03
5.674885045650178038e-04
2.518656792493119499e-04
8.484460834220433221e-05
3.733379886842132277e-04
1.693971745433798734e-03
6.673001049818640985e-03
1.204127260461402595e-02
6.785068436617218944e-03
1.125246780153654237e-03
5.889786440404367425e-04
2.573873296036884527e-04
1.659630338241866257e-05
4.101208600893599086e-06
9.905854916933353900e-06
4.987219176207836026e-06
3.818751412790797017e-05
1.376581930329866732e-03
1.841374139692137637e-03
4.012543585725194184e-04
9.240476770506442792e-04
1.389161781037034612e-03
1.810450719920549513e-03
7.578121656429847490e-04
1.016973286049647303e-03
6.556286720585790401e-03
1.465594045584972006e-02
6.816310539512604634e-03
2.057063657305914159e-03
6.452449712229616505e-04
3.610151054038020723e-05
3.458283144552944634e-06
6.170559201149631302e-06
1.308004778455663091e-05
8.722465564906451742e-05
1.087541396026745280e-03
3.332092896217625760e-03
2.048806573121270298e-03
4.129771286632228332e-03
4.099484533510659723e-03
1.201618923756077057e-03
1.791372449157638226e-03
1.859022500482658243e-03
1.416276198840546192e-03
1.247473802017208186e-02
1.699234125588304153e-02
4.465328475634821638e-03
1.690003207091435615e-03
1.379232182624316478e-04
7.771155537787502826e-06
5.033252140765316479e-06
9.235131126855019809e-05
8.565135884364442551e-04
6.323524034658044735e-04
1.430253757310632643e-03
3.750918138522601596e-03
2.148514899667869522e-03
1.751599016009558430e-03
3.406737106245188063e-04
2.108362843650883438e-03
5.390381792993395420e-03
1.312022401812107820e-03
4.502476756842706609e-03
7.897848345652007732e-03
1.222217693213078701e-02
4.244691904284369696e-03
9.262418653210776611e-04
1.419417381230724039e-04
1.828606979283251802e-05
2.871561530269907980e-05
1.353223755156607517e-04
1.267399094513577357e-04
6.451911716030948353e-04
1.244148196248367642e-03
2.044110099132473522e-04
7.033958961980295212e-04
5.110000540950023016e-04
9.695382981899730796e-04
2.307042974462618270e-03
3.310829046895984000e-03
1.649480840720833705e-03
6.891846771706625551e-04
6.944637282714849827e-03
2.166543315411720988e-03
1.461015974991781291e-03
9.578836406952599518e-04
4.664718726944967861e-05
5.035630099314652976e-06
3.293291315844272708e-06
5.400872439923647826e-06
2.129087590528367681e-04
1.272229599006752775e-03
1.043951842925049957e-04
2.779053003297305433e-04
8.243465798624297720e-04
1.342208285210937449e-03
1.481582729932103427e-03
2.709458019537375716e-03
1.394384686000538524e-03
4.768008697805404942e-04
7.558520017442778120e-03
8.438174896683093770e-03
2.970262865073554012e-03
2.447146589521329734e-04
9.811037137146363159e-06
9.444588176704657353e-06
9.814588587870240184e-06
5.091695253475090287e-05
1.676492340320958393e-03
6.367778752010987489e-03
5.123056896547082415e-04
4.388504658741557824e-04
8.377883155012719272e-04
7.242664995901487582e-04
8.744472158731506116e-04
1.377442006816823354e-03
2.869392883083301052e-03
1.452014763850704429e-03
1.478871831229731622e-03
6.498585307608827598e-03
1.448954439189855401e-03
1.953623467106191760e-05
2.492930591852519176e-06
1.030455057156856572e-05
2.060291878623168372e-05
6.775120660728079381e-04
5.852573708234116122e-03
2.736658627213754778e-03
1.407449348037478898e-03
1.482207006045297652e-03
1.826533926391165795e-03
5.467323169692888925e-04
1.518998737867238800e-03
2.319107391249594294e-03
2.113570196480652873e-03
1.437124022501376107e-03
5.822366563453540162e-04
1.498811994355836105e-02
4.790635628596139235e-03
8.420087064127478700e-05
1.346706782919301368e-05
1.464840536420609390e-05
5.078475103367002179e-05
2.324328974228071117e-03
4.235654078989939744e-03
9.911621151357499684e-04
3.188445644172319474e-03
2.306495158029326590e-03
1.708191317011389541e-03
3.033787525524295875e-04
4.965674171148956335e-04
7.910545758447148131e-04
1.284144138629613515e-03
1.408409325713882738e-03
3.382227253271521288e-04
8.024310869183187006e-03
5.572525252827942657e-03
7.243140301280170425e-04
8.784252910073440696e-05
2.957361949404182887e-05
9.103308322783048613e-04
4.897368655967995060e-02
2.043021025904746130e-02
3.665843147767868047e-03
6.699542745111745912e-03
3.404612402932238359e-03
2.685834167638388205e-03
1.203664878913082844e-03
9.011668362234115989e-04
3.847897528463432274e-04
1.318401695139794112e-03
2.564182513644763795e-03
7.191133710333459314e-04
4.721979844762657676e-03
2.405171800349705565e-03
1.106052313170440915e-03
2.297053874158166010e-04
1.261688284277028464e-05
5.036033210817618009e-04
3.284841286376381092e-02
2.770975887074620184e-02
1.135337620719940703e-02
1.199137144581658571e-02
4.834356606016170128e-03
2.014089135346469432e-03
1.426668791320680500e-03
2.125654886287409607e-03
1.197530823915265693e-03
2.429557154568356102e-03
2.087993390716521864e-03
2.015725960109871276e-03
1.160122544832186374e-02
6.415845251096004981e-03
4.940341367608828797e-03
9.741323731489910393e-04
2.436002030900643364e-05
8.011037374898767344e-04
4.144390747632076960e-02
3.503932356677024601e-02
9.601296305069367820e-03
5.885809777908720605e-03
1.477477370141792043e-03
2.466327688721447640e-04
4.392296915826461774e-05
4.604061184273198267e-05
1.970734706562095101e-04
2.014762743706632539e-03
1.928925168953178441e-03
1.438866036045990645e-03
5.464300177083777389e-03
5.844568263611635631e-03
3.287309970219472448e-03
2.467896379256141054e-04
1.317010860196626605e-05
2.208162827628362115e-04
9.328130717490211790e-03
9.692296309882405744e-03
4.009273449992515302e-03
2.379056314640542406e-03
1.028454714680813488e-03
9.191018574210927522e-04
1.258909550463277233e-04
1.919875367991133217e-05
1.152788777748779633e-05
5.368727891010115357e-05
4.129625056926451016e-04
1.230761739816153139e-03
6.421816018687825922e-03
1.616891952753982120e-03
5.835421986848787480e-05
5.190550543108293763e-06
3.519159770056483632e-06
3.575334904631293187e-05
3.900508381533312769e-03
6.570280885992879280e-03
1.691059031849451210e-03
1.168553449696552692e-03
6.888181248301927361e-04
2.015836284782731701e-03
1.534087429964660181e-03
6.749001417295476734e-04
3.717135161042359236e-04
2.829888152878389982e-04
8.486039554013248597e-04
1.016345821465874152e-03
1.295296857940067894e-02
2.155075708163985138e-03
1.109430007973820932e-05
1.314671530977398462e-06
6.141958181840681518e-06
4.277468720417875565e-05
2.115730287397161319e-03
2.487711343599054679e-03
1.364890016257523219e-03
3.382163644102271181e-03
7.015990312265946768e-04
4.089599259077059470e-04
6.604776201485219704e-04
1.150901222591583150e-03
4.478636180682524746e-03
3.113934818129345580e-03
2.562894849559013005e-03
1.700700613472744043e-03
1.406668166727096519e-02
3.909143242824376398e-03
1.948239362014770747e-04
1.687757789311134264e-05
7.292758228356102353e-06
1.200915097668406908e-05
8.745368403235803635e-05
2.854619727821228496e-04
1.056388880957915893e-03
1.220316551397916194e-03
1.960949346936352719e-04
3.454505687545928686e-04
9.310024497537292693e-04
9.872638482293892310e-04
9.950153895955521355e-04
8.054942515785057996e-05
1.649606476783834657e-04
3.973218794344172619e-03
5.674248601829248555e-03
6.104674096975677092e-04
1.568454464719913101e-03
2.292377896587898824e-04
8.032329965450682845e-06
1.623607672970105533e-05
1.322354386522422661e-04
8.027261163840036969e-04
1.314510527492989897e-03
1.030168501891872036e-04
4.078437546228723870e-05
6.122596204227782370e-04
1.483166213767992845e-03
2.602623087329438041e-03
2.396122506425138465e-03
8.085493661786508914e-05
2.166498890865961396e-04
1.401317831692967114e-02
5.002825253194426169e-03
7.903550119672560616e-05
9.859498636492259899e-05
4.677618884392557131e-05
1.299189714268894619e-05
6.891090121820663147e-05
8.176847823138578457e-04
1.894562816075095329e-03
7.499614125116324352e-04
3.209522999819359654e-05
2.654472492461583481e-05
4.414765834152299174e-04
9.356647050478285018e-04
1.579149910522311372e-03
1.733011263418859221e-03
1.632960484116994463e-03
5.542318796082198497e-03
9.101154367236826206e-03
2.035247171105083238e-03
3.160685217650294264e-05
3.597685771580704648e-06
4.861106039643776719e-06
8.805729666971273269e-06
1.498192409805045229e-05
1.262124169988605488e-04
7.019134533391129666e-04
4.376540254201983300e-04
2.765515615019643319e-05
3.808808762261180832e-05
6.495491806444744472e-04
1.836240619428618909e-03
1.445609754959969583e-03
1.131997104618562983e-03
8.180540267412330160e-03
6.009976827843959389e-03
1.099356061473997018e-03
1.445964466423702716e-03
9.039618917827021006e-05
3.982917111679856108e-06
5.702635876738031194e-06
3.314828104816733197e-06
1.965051241051810556e-06
1.778654429117017117e-05
4.645008844634273713e-04
6.905655215458860949e-04
2.941694605981019108e-05
2.969218177552515337e-05
3.540754801453930363e-04
6.095027935243417690e-04
8.515790780124862141e-04
1.661869881038217055e-03
5.831389733113553561e-03
1.498368321679302909e-03
5.026221922727182410e-04
3.999424424650226020e-04
2.628562403506415555e-05
4.101468209015491188e-06
9.615060730342370844e-06
2.292644421954084747e-06
8.150093611767365178e-06
1.355159513327460115e-04
6.930298837778581418e-04
3.820213048552643714e-04
2.230215926844804713e-05
4.664700178163668962e-05
8.549950106674989976e-04
8.671686399800921166e-04
2.533709100463385749e-03
4.779786508578649090e-03
1.097691106649298799e-03
1.230148342851107612e-04
5.601361926880899628e-05
1.405921297422380967e-05
2.198572604471389660e-06
2.616892354015485766e-06
1.056894209134761051e-05
9.943728213618776136e-06
2.828419028718222122e-04
1.782223810284825011e-03
8.701935313328247514e-04
6.097671154249218904e-04
2.025872535616895251e-04
2.097469260254753430e-04
3.166700134164808327e-03
2.431472503171399138e-03
3.752786195175807841e-04
9.965988090881299237e-05
2.362225746867106636e-05
6.890602316039201609e-06
5.276541175497383014e-06
3.502673035198115986e-06
2.553621972556282614e-06
4.403422565877062449e-06
1.190069165367204393e-05
1.535961338860691535e-04
3.147088535428734478e-03
3.099386074853204345e-03
1.638842341917040200e-03
4.332689358215342616e-03
4.231491459842080631e-03
2.087862594433001256e-04
2.934835334874141117e-04
9.319354433908122936e-04
4.182939541132181754e-05
2.944227022078147780e-06
3.436377591442561970e-06
6.353689847885495820e-06
8.764601185230508446e-06
1.018721439209525242e-05
1.069923825361889790e-05
1.196114447311935498e-05
1.963848017370207688e-05
