8.540091752942311452e-05
8.073509746490488762e-03
3.394313132516274534e-02
1.103263164157588724e-02
7.470793247008550644e-03
3.229817354230927204e-04
1.368860397284766021e-04
2.551975295581189029e-04
9.481541555804211209e-05
8.611988101383804834e-05
2.120659419987964137e-05
4.292408585651472405e-06
5.844986496239031088e-06
1.228800458983946931e-05
1.599246466244756259e-05
1.535772117028116229e-05
1.528727722417557946e-05
2.133663886039121818e-05
6.514864171667452970e-05
5.023930117011831883e-03
1.251226455087024389e-02
3.321250214704815542e-03
4.135787128290137338e-03
6.549760051257772289e-04
1.992372586262695575e-03
6.987658860733295292e-03
3.114426830168990842e-03
4.715002327199129158e-03
2.846891669275719962e-04
6.178120182101662510e-06
1.873146331394595532e-06
3.293325905391399669e-06
7.547540072869552842e-06
9.710771137205562260e-06
1.020256078322182701e-05
1.529045582879264733e-05
9.851503369035162326e-06
1.954816931643266176e-04
4.988046272136977986e-04
8.072671125382017607e-05
6.778600659398824519e-05
7.889220980821174127e-05
5.750183734473023273e-04
4.278677590338657234e-04
2.131734142272905300e-04
2.136130079545427510e-03
2.586972728198785442e-03
3.018755349523198606e-04
9.748803026637982162e-06
2.725171761232077418e-06
6.306141516012231050e-06
8.637239133251671747e-06
9.471827062689411772e-06
1.503389984402154601e-05
5.775689599940482379e-06
2.046190883900001400e-04
1.845119355266417295e-03
2.468762925567611916e-04
1.452722627128559465e-04
3.459756106388788650e-04
1.534682551477604571e-03
8.369574884960578301e-05
2.114966845509169698e-06
8.506914177531669767e-06
7.290636155871732050e-04
1.180591390957885962e-02
5.653055040812336729e-04
4.470898826060679175e-05
2.210961664464724483e-05
8.345754031777450463e-06
7.905583952253705403e-06
1.528331461610898216e-05
8.767695507848100885e-06
2.006928899941452305e-04
1.945672977361574555e-03
9.224223788225805083e-04
1.001097925151316938e-03
7.411386913997363097e-04
2.448666227489217518e-03
4.508897164998321204e-04
3.291894732084267640e-06
9.198207804978886772e-07
4.432755785040958104e-05
5.154474753042500787e-03
8.529278013597388353e-03
1.926838335631379188e-03
1.076303440602153745e-04
6.509970829897468984e-06
5.101368772863322018e-06
1.387628629467761880e-05
6.582410389109574048e-06
1.750080825147060280e-05
1.655368618360733546e-04
5.008597208010764695e-04
2.328915104608472741e-04
3.818215433438611981e-05
1.973873955739266820e-04
1.701944457593318862e-03
4.560767920892072418e-04
6.458296158254313659e-05
3.374860345217545963e-05
2.123105377776923644e-04
1.998832636297513243e-03
2.723003464164070776e-03
3.161109131238280497e-04
1.342457881958183594e-05
4.534428118814726987e-06
1.160750754620915815e-05
4.738776072567760121e-06
5.307651585331911604e-06
1.392785217036996131e-04
1.352023229224744378e-03
3.951674005658314601e-04
7.602839920745707396e-05
5.518514080446951182e-05
2.606843527283732699e-04
2.449175066402922273e-03
2.023266989167678016e-03
1.065520375350062233e-04
2.840724249884177488e-05
5.468611644796482116e-05
4.125526800903477564e-04
2.079176932031193397e-03
1.311720777876953224e-04
6.942621537690319904e-06
9.821966627687875778e-06
6.872198625793229861e-06
1.986776878024734591e-05
3.153927894895174402e-04
3.301176056683565569e-04
2.397551519244887745e-04
1.652263662188513177e-03
5.316649508444330806e-04
4.222807510137283678e-05
6.889880840616849377e-05
1.576394798469125296e-04
1.663033002446709190e-04
1.912082982436820325e-04
4.698950389594807285e-05
1.333118621855191308e-04
2.197809739672257259e-03
2.034997846014228106e-04
7.335181991542783885e-06
9.279536032508231729e-06
1.337795931133271874e-05
1.867826357329965749e-04
2.031106170744961976e-03
9.044125889455261640e-05
1.170261193245924270e-05
4.267780693180243013e-04
1.966817238223267979e-03
8.270177412196514526e-05
5.793416489332310799e-06
5.529462942702120639e-06
1.119866735527585115e-04
1.497240734888362779e-03
1.249657190841813265e-04
2.213236714859997197e-05
6.802445006096165465e-05
2.134715226428514855e-05
4.889315199428694073e-06
1.002488465395950077e-05
5.514858005688628833e-06
4.604232714289171227e-05
1.901302162382006175e-03
7.133290186779510725e-04
2.031482491003818152e-05
1.785878592765909783e-05
7.716100425082033309e-05
3.193439308429420279e-05
3.699419882275458943e-06
2.361597862044119879e-06
6.278512442586518956e-05
1.064927103779721163e-03
6.085639007311488275e-05
3.183114301039842905e-06
5.860656764142431904e-06
8.336861509231155917e-06
6.168494058524714615e-06
1.143947564836615973e-05
2.161850941700533329e-06
1.402602988440947058e-05
1.872337468275369395e-03
5.876357629015910126e-03
2.999552530044110655e-04
1.855926750287988975e-05
4.727210358823769099e-06
5.080827971036763401e-06
3.572647767782646220e-06
4.536706208772952908e-06
1.134038684258706418e-04
1.160948262789683215e-03
8.432637085169869355e-05
8.789774165068166975e-06
6.347033582141702111e-05
1.555198865576610915e-04
2.886913097208004502e-05
1.431510776917029436e-05
6.437853576986644267e-06
2.929292042687462730e-04
5.010169407296012622e-02
2.144322012370258185e-02
1.404981663838818576e-03
5.805312895566216427e-04
6.371956150443682323e-05
3.019400200808149533e-05
1.902783079442388648e-05
3.267377379777702416e-05
3.066327491337256348e-04
6.699501778463352007e-04
3.113354982482326432e-04
2.237396008176841856e-04
2.535926780393534495e-03
2.099563948807704316e-03
5.414918179309433088e-05
1.168178593818100515e-05
3.958224170765873163e-05
2.736793044535064823e-03
1.996160564321820818e-01
1.021608075870311383e-01
1.129168039020237921e-02
9.961342743706405253e-03
4.236617464530054861e-03
1.776355202214735703e-03
2.168543966883610817e-04
2.748139262589713782e-04
1.357990262941828792e-03
9.012139990234339579e-04
1.094907814198237041e-03
6.160835865269868265e-04
1.617300612057368664e-03
8.281592291981866583e-04
2.480454756175944837e-05
7.914864871985773095e-06
1.272832879331954690e-04
7.173506479385353962e-03
7.910925732416748679e-02
3.843311539534711302e-02
7.624094603185407534e-03
2.899421509296178263e-03
4.107588663127618479e-03
2.657052519083289398e-03
1.018638893777940914e-04
4.647017908905957527e-05
1.075945747216887919e-04
8.582913656048016271e-05
1.418685343107977455e-04
1.308973584852446263e-04
1.236577147073454315e-03
1.930841698455528638e-03
5.983658927629721317e-05
1.167209730182525221e-05
1.638041216107711078e-05
5.134161684730040396e-04
1.178083431884142246e-02
1.125265771630733214e-02
4.022954627292395571e-03
1.201788760060158116e-03
3.980997193240816477e-04
7.170258073364121465e-05
6.436189817753194516e-06
4.728330722507993995e-06
6.272150931122087776e-06
1.276326047862609144e-05
7.697519387481428831e-05
1.873184803889026324e-04
3.554311764548596844e-03
2.847836053144501677e-03
4.610588868233129616e-05
1.066473982249000811e-05
2.290447598675865582e-06
2.043040440975342256e-05
1.581373375943152760e-03
6.114381053458383015e-03
2.084153109045820164e-03
3.354934086752166277e-04
2.579226088285941628e-05
2.512524521562190580e-06
1.801349214234539851e-06
3.478705791110855712e-05
2.396372317375096710e-04
4.483033868314241456e-04
1.750982769283901223e-03
6.078380730758434214e-04
1.012789158299985367e-03
2.167382203204179807e-04
6.542346523229618260e-06
6.144683968962933402e-06
7.518525967864216659e-06
8.795950090775829478e-05
3.670317982512607061e-03
2.110069813515232182e-03
9.529479413920102662e-05
1.154449020846482396e-05
2.535713672678168213e-06
5.865189491300074205e-07
1.365812047200853204e-06
2.305380593653496527e-04
3.508383888309631049e-03
1.132326250770640920e-03
1.497037442199316551e-03
7.643214673749229322e-04
9.872801640952630874e-04
1.560324408296630424e-04
6.946249313314819418e-06
8.037548997277928754e-06
1.207633683188477947e-05
7.931008438590962130e-05
3.207671653426733775e-03
3.800018117148321051e-03
8.569041381980176391e-05
3.996837075108724645e-06
1.220974402525477999e-06
8.762278431296224735e-07
1.112305960538124208e-05
8.712479785030028149e-04
4.777571248098045134e-04
2.292178422187031016e-05
6.724138846963180363e-05
4.770969870192552143e-04
3.793966275908293461e-04
3.461403372377734898e-05
6.505773915608938725e-06
1.177951724970874448e-05
6.705177981047623839e-06
4.288600560015394216e-06
3.344251816293974326e-05
2.894654166113149255e-04
8.188333948919450291e-05
4.477308401243330309e-06
1.278291341723902032e-06
5.085977739983986233e-06
4.253032529877505169e-04
5.688236405079432831e-03
3.610350644578014571e-04
4.638492230652451051e-05
3.346693361400483084e-04
4.326396695154985372e-03
2.717177017827178626e-04
4.381396705595147693e-06
3.263048501138953215e-06
1.277652738749652724e-05
6.253815247161539443e-06
1.240915038631061539e-06
1.638788178399290677e-06
3.451267099737221895e-05
1.228750332215651118e-04
1.361176779730280986e-05
8.711952500299416661e-06
1.238740906471524905e-04
2.490963926999456048e-03
1.569876129592255327e-03
3.453562286750981223e-04
1.405104376117290643e-03
3.451455546723885322e-03
4.642821408622901241e-03
1.805490412356623004e-04
4.064288227865815010e-06
4.069620445380365559e-06
1.422452721319629000e-05
1.201863912172287691e-05
4.805898293593963712e-06
9.050475180345512536e-06
4.542943040954997556e-04
1.683961813599666900e-03
1.825485427076646572e-04
4.312337273674428026e-04
2.202876561686072966e-03
2.607622392287804649e-03
9.418491785619907426e-04
8.779772759271150867e-04
7.657107599599743790e-03
2.976877331368560364e-03
2.009572313711974634e-04
1.741351564201811889e-05
4.502157344814313887e-06
6.758448168801408983e-06
1.564076791685695711e-05
7.980711560003933721e-05
1.499139296703750517e-04
1.440068899028941485e-04
1.709685509007446069e-03
3.458031740178686003e-03
5.386415779482903220e-04
1.347417450696159489e-03
4.570131802600928056e-04
1.279764446815165129e-04
1.071213529023545136e-03
4.742459767639025346e-03
7.973858001823687369e-03
2.056199979345813087e-03
7.334399051298676859e-05
7.334777983551185436e-06
5.596766448308807653e-06
9.003199131901767332e-06
1.578971119975090346e-05
9.241493711804651934e-05
1.499044633094940779e-03
8.398334810967409032e-04
4.952815411739276957e-04
1.457881284494012830e-03
2.649589457453384138e-04
2.407248157987981925e-04
2.718275067505943250e-04
3.399411961190463671e-04
4.385877398830852723e-03
2.700747624236408094e-03
2.387600731264963652e-04
9.462866136934285262e-05
2.811738659689122394e-05
8.627859915309850982e-06
7.698448356299195255e-06
9.723525381988417792e-06
1.504516759658390655e-05
1.232672890019515584e-05
1.376010608065209940e-03
6.050469333657610381e-03
1.096950195923830293e-03
2.575736315955213292e-03
1.869427456366975679e-04
8.224250954350872153e-05
1.843307160512651973e-03
5.185846986668682553e-03
2.659066425113753088e-03
1.248594836603092906e-04
5.824954251223229908e-06
4.880427251702936299e-06
8.420851622778331987e-06
8.964370161938142097e-06
9.319305701865212926e-06
1.020907909953984533e-05
1.527686548117956997e-05
3.229839917037232854e-05
2.219232258605763775e-03
1.591138827102201586e-02
1.097455965604705874e-02
2.792834208334366713e-02
4.433556974426941868e-04
2.192627414037369424e-05
1.529434799506289115e-04
1.876524358186116529e-04
4.514818025332302558e-05
1.012823017284286093e-05
4.631324452751412455e-06
7.142964466116268513e-06
1.253062689547378849e-05
1.484830859839535840e-05
1.485320220561743683e-05
1.531120693521172298e-05
2.136776594074826923e-05
