1.253846843091294399e-04
2.838698292460070226e-03
1.554617418813738182e-02
8.772696039253872688e-03
4.622903650650289002e-04
1.741662444736476374e-04
9.993696402601837982e-04
5.378974471250430080e-04
8.568179164944605161e-05
2.974826703625941456e-05
1.585729830898856537e-05
3.725890209922600203e-05
6.083001120736654252e-05
1.241135797349693902e-04
4.823003687194270478e-05
9.133071459506852420e-06
1.000760304078481301e-05
2.328230700330213235e-05
3.561228235787566415e-05
1.455644398995425103e-03
1.414675193214394444e-02
7.915133568986302062e-03
3.847405565305675023e-03
1.696859472837342411e-03
2.041280032052948754e-03
1.283478809826530537e-02
1.405094454043597473e-02
2.490455821366406239e-03
7.281252162621031001e-04
9.132383553776125644e-04
4.696001458178288707e-04
8.545640045171010342e-04
1.185143800309847059e-04
4.623062955421583781e-06
4.237364016054242498e-06
1.413475137800128514e-05
7.670050664855124887e-06
2.173248381738745940e-04
5.341258765805268795e-03
1.660866396531171822e-03
8.680576627393334511e-04
6.175656798184264197e-04
2.592845014470018480e-04
2.079523039291487387e-03
7.788316393621274453e-03
1.241339235393217576e-02
1.534364307159322496e-02
2.704118159594916856e-03
1.451423109318675340e-04
2.708916056948757574e-04
6.169736693317434489e-05
2.584289241376804527e-06
3.013319785909038830e-06
1.338531146431103776e-05
4.674323707646645278e-06
7.654706419118276556e-06
3.630212205176497060e-04
1.702002603132813209e-03
8.623111056386988972e-04
7.249519398550773822e-04
2.666635637987117553e-04
3.593810940823771228e-04
4.705286416858783750e-04
9.845806124172868951e-04
6.264838366230052365e-03
6.419951022455272147e-03
6.391148250182170261e-04
7.520725398219623098e-04
2.464472030874172788e-04
9.242656268138728547e-06
4.226947762949040665e-06
1.397703777296134214e-05
9.123461415943098134e-05
5.909662496552953108e-06
9.769900020894077574e-05
2.268220659595469868e-03
9.166199342339452234e-04
3.464375846974638868e-03
1.886852314968487767e-03
4.087886994810935879e-04
3.692047354535483604e-04
6.165191888498658369e-05
2.280482539402485585e-04
8.328426383546564185e-03
8.784709999325924015e-03
3.522202040065537578e-03
1.339761735226206599e-03
4.529947047665077602e-05
4.679569364122416050e-06
1.078673784097637619e-05
1.232589106630608937e-03
2.518495511112782295e-05
1.597378392430858797e-04
1.734543596891216207e-03
9.124765585050587796e-05
3.792197670402052529e-04
8.348384263160698671e-04
6.055947485165741242e-04
3.113493589507808617e-03
4.297140624999224324e-04
3.957177923878393367e-04
2.095718978061571289e-03
6.475060292509915959e-03
4.840842477496088390e-03
1.171767382650866713e-03
3.766811355046016468e-05
2.309928323853482723e-06
5.490097093676701083e-06
1.100194796581776565e-04
6.607849102032395726e-06
1.701520807947204893e-04
3.861277889193835081e-03
1.716098659320529265e-04
1.892040986930030970e-04
1.363302451122149937e-04
1.380662849222398568e-04
1.840551343826636816e-03
2.462089752244945359e-03
3.802787820891077083e-03
8.767946078827616729e-04
3.476949345484644811e-03
1.069998836251995905e-02
3.303127044070025727e-03
4.219452358973952181e-04
1.638022815554158445e-05
7.015352614859062558e-06
4.941315189430494712e-06
1.008113978957941770e-06
5.955533385528970832e-05
1.641183055076459504e-03
3.665303730548415779e-04
6.231160038462737246e-04
1.162709568529868011e-04
1.224137861859977408e-04
2.493024898984460159e-03
2.961924305690869213e-03
1.507609505087638413e-03
6.989850265156624448e-05
2.567756217932285531e-04
5.198711477854548423e-03
7.252461412486371425e-03
3.763158325215012426e-03
1.361995258362557924e-04
1.353561833336891584e-05
3.847249525962493875e-06
3.447127789349490351e-06
2.893483226425247121e-04
2.649461354113389309e-03
4.328462188267049888e-04
3.142135138642611824e-04
4.345741716853570560e-05
9.095108653801688213e-05
1.276378089408608659e-03
2.035916846586408643e-03
2.837656768520397960e-03
9.249414481729796372e-05
7.504678362792043293e-05
5.082476510994984008e-03
7.406855767841409761e-03
2.672559025013744030e-04
1.012419581665205745e-05
6.594767264405014514e-06
6.076144414218114064e-06
2.759426788825961369e-05
1.337580796127087537e-03
2.741980628156251171e-03
1.441017768596606448e-03
1.078371184264374652e-03
1.743367518457677784e-04
2.136583745553983951e-04
8.840713281213551187e-05
6.301930285404593317e-05
1.015300770405853275e-03
1.914140969291454764e-04
1.936622939904652222e-05
5.973098200275251280e-04
1.073377636286047127e-02
2.734588000109589240e-04
3.661232044545519683e-06
4.824602653140568220e-06
6.989540737498723283e-06
1.209866215474642503e-04
1.512783748719097971e-03
7.079961598168237448e-04
1.933032359449527327e-03
1.288531288993638793e-03
3.324211233401154183e-04
5.956906483388242071e-04
5.033076897533691238e-05
2.339586827112556639e-05
6.145159857974563005e-04
1.270511310183650025e-03
9.361482376827604728e-05
7.683277753604157289e-05
2.596809270157543308e-03
1.258961266056559444e-03
1.869355684026423550e-05
7.503156382784817497e-06
1.613300267231459217e-05
1.637946874050792614e-03
1.801705991372180155e-02
2.781614836311126649e-03
2.205198045517839725e-03
3.108313933002499179e-04
1.236481168421179504e-04
5.374099316205582354e-04
3.504678438335268476e-04
2.793135178905473961e-04
4.097302803134438660e-04
2.078052885068319786e-03
2.338969006077866713e-03
5.469619221968487210e-04
1.603102429379432096e-03
1.923649627633242836e-03
6.119618436510671964e-05
9.289916190900393751e-06
4.129436652122504028e-05
7.675772930003035496e-03
1.229766273271514498e-01
1.051499683310507666e-02
1.232867139677151476e-03
7.421811145874020275e-04
9.377996087396745645e-04
1.049685766290766155e-03
1.524231320883401688e-03
1.661552762303172143e-03
4.747067159644204862e-04
9.367130853025352599e-04
6.274273080014998016e-04
4.944193952691169815e-04
2.123057098448108415e-03
2.256625643592856476e-03
8.372932503626424503e-05
9.066738148588974032e-06
7.438115462731071639e-05
3.098680284224425169e-03
5.204384588675953910e-02
1.856838396140129965e-02
9.566114499852660692e-04
1.629205306434165909e-03
8.680336213650957037e-04
4.975666543452528809e-05
1.177114061019562063e-04
1.459458951596113389e-03
1.601210861142524089e-03
2.552298503254324651e-03
5.600139702229642996e-04
7.521852511920772795e-04
5.626196684650988655e-03
2.100895573426520002e-03
4.563670256630861206e-05
6.810649552405917490e-06
8.186057503305293169e-05
9.868186506611662055e-04
4.705135864052952498e-03
1.326016739458625799e-03
1.216743857769049693e-04
7.346124759692771681e-04
1.104211018611948045e-03
1.216644586397490422e-04
5.628513656833317690e-04
5.334274404253777982e-03
5.876225481031523753e-04
1.311114532994387934e-03
3.032976758456556836e-03
1.732773518106054322e-03
5.267292073465015996e-03
2.578103728867366627e-03
6.129716513008131370e-05
9.229491030549140108e-06
2.012445674747336531e-05
3.036299846885105562e-04
2.747061900978165199e-03
5.451789571324758190e-04
8.821283318131864460e-05
6.750890463320839219e-04
2.038433251583027933e-03
7.090630295977595841e-04
1.442999184844582497e-03
1.471195339278990113e-03
3.598454050112205599e-05
2.818633951338998648e-04
2.819581002645012505e-03
1.554868474834935959e-03
8.886221411864863098e-03
3.116337634326473999e-03
4.536217793533087487e-05
1.030539208404666402e-05
1.352156195205518282e-05
1.209588008615330990e-04
1.496934964961315609e-03
9.624568944854460959e-04
1.414099221142680273e-04
1.521680861721028165e-04
3.534975737208971591e-04
2.024809996624475736e-04
7.737144895087852848e-04
4.318234840750772609e-03
6.812182615531974308e-04
2.611871094455029286e-03
2.906519373293303590e-03
2.250937148885191232e-03
7.203467858085480131e-03
1.743049056727908762e-04
3.294575459113563609e-06
5.715668533682222636e-06
5.319411867055843916e-05
1.095558921547058881e-03
5.330115786025777305e-03
1.448989176477867612e-03
2.195417386731041468e-04
7.512822674075771005e-05
6.516975500516107231e-04
1.784553879965013537e-03
1.193969338085936870e-03
3.454289607668933112e-03
1.846717713135510169e-03
2.178924832077821193e-03
1.296424339122840717e-03
4.685108392459603338e-03
1.157102240765498641e-02
8.376335932002388024e-05
2.156880642645408534e-06
6.892142502840904515e-06
8.988247865898364909e-06
3.855725100438236238e-04
6.359181990718737292e-03
2.420435452127217037e-03
2.132811878535450199e-03
5.400875205629338720e-04
8.887507794542443126e-04
2.104151852442398205e-03
5.190386144048597661e-04
1.609124671667562685e-03
1.405825776324608634e-03
9.724281589981988378e-04
3.168719366658497363e-03
1.431793409305839523e-02
4.583236680611141312e-03
4.753770653368729146e-05
4.162646614554718986e-06
1.177730389970290240e-05
2.948048721216991210e-06
5.285384006634489385e-05
5.376196296010055629e-03
2.959776438097697342e-03
3.215669407159062968e-03
2.629489224691220536e-03
9.333782097784703181e-04
6.189494257659231002e-04
2.606706115804961082e-04
2.133804350460583293e-03
3.053573401581594765e-03
2.489517542090874912e-03
8.691372705753343947e-03
7.126355920450593365e-03
2.027849850421672886e-04
3.903266052555695604e-06
2.401212995249354011e-06
1.230710662748689051e-05
9.319518369628717659e-05
1.482254563175152253e-04
6.669470435880943578e-03
1.417463518683660141e-03
4.682257858766072358e-04
1.391202376506743338e-03
2.562980459772508119e-03
3.590466827538580687e-03
3.547106669713637694e-04
2.870958009098065352e-04
8.543277995866542605e-04
5.853231332915170664e-03
1.229541759272058735e-02
2.910717451191991920e-03
2.460835315993862237e-04
1.032724147575365327e-05
3.373513861926932891e-06
1.142766669859342618e-05
1.002091576049619556e-03
3.815774214102472697e-04
6.591663860396471293e-03
3.592112212443094102e-03
1.234644122370112326e-03
1.202370621946383198e-03
1.419135569614425694e-03
1.315573515827384932e-03
2.449784302215208685e-04
9.202628700465799536e-04
5.809993755140031510e-03
9.351647635954781282e-03
2.651019288232435867e-03
5.900696242493528709e-04
8.921220468320124105e-04
1.197628209309558461e-04
8.398258396149388641e-06
1.119753104469783943e-05
1.649186339783752860e-04
3.350992822670677360e-04
3.444197900333830029e-03
4.490580049829379430e-03
1.427532503162634624e-03
3.167762155660939507e-04
1.586563222190576087e-04
9.675994676792627790e-05
3.055313476010796466e-04
6.523332215829269129e-03
4.465305733849301781e-03
2.051802449644693472e-04
2.167629793584280638e-05
1.553374534268630461e-05
8.193392056533635166e-05
4.362490392952346452e-05
7.190573566416335604e-06
1.084166010391009593e-05
1.057412632607982687e-04
4.076511928062570914e-03
1.523410525914854763e-02
4.902159004974144911e-03
1.160097134514579938e-03
6.540604138126865190e-04
5.848831824988321446e-04
6.829892862224109552e-04
3.819443502514359608e-03
4.409594491500390921e-03
1.197982927712396050e-04
3.808084300637333660e-06
1.738471530817471517e-06
3.006561707491889233e-06
7.447231004285332212e-06
7.472870154560597747e-06
5.677168082550517719e-06
1.242044801835946642e-05
9.874275679053057665e-05
4.605863883451927036e-03
2.025881339848688636e-02
8.717897419861325020e-03
5.275339065539786688e-03
8.282791374344176602e-03
2.436692766165331550e-03
8.981325374670189694e-04
4.985827381827228656e-04
7.305393734403375114e-05
8.801347935114370459e-06
4.193274766954587806e-06
6.923341541170155452e-06
1.090254402908174605e-05
1.216222032025784637e-05
1.163385019989396195e-05
1.258845755216090409e-05
2.287335545435145156e-05
