1.804860461310368359e-05
2.487267006881893313e-04
2.386977466837601758e-03
5.060431138594256514e-04
1.229838308211633161e-04
4.744712565127099220e-05
1.666166682183239272e-05
1.517375938782018417e-05
1.830910205938920965e-05
1.869629446356505819e-05
1.828056806717835744e-05
1.806062438462152723e-05
1.788902135978380218e-05
1.780185510243479784e-05
1.772197663652997778e-05
1.732166193748657638e-05
1.796388372277910186e-05
2.528339577113727276e-05
6.452294989286970072e-06
7.433474301830607193e-05
3.146173019041573812e-03
6.607507854861650529e-03
2.312811612224502985e-03
1.488116001411432380e-04
1.266281908328034757e-05
8.999296298084444402e-06
1.141392393111659725e-05
1.159171045773477868e-05
1.150965405336551524e-05
1.190236171867405527e-05
1.210254991109313303e-05
1.200866477044448287e-05
1.181804810064954612e-05
1.141719062108396331e-05
1.186970702854887621e-05
1.796648461829704742e-05
4.979030252141385196e-06
7.828157674776798432e-05
3.239760131684339163e-03
2.319502318807222570e-03
3.225643618918193649e-04
2.194770905998644090e-05
3.517648172392037595e-06
4.169914597329689782e-06
5.981433105467791038e-06
6.094004700258263857e-06
6.913962105691412949e-06
8.940343788931195623e-06
1.089882530237126157e-05
1.173804138980625530e-05
1.161446400136184284e-05
1.106054640347574294e-05
1.140796959082164895e-05
1.732357564522332542e-05
7.615358602724698875e-06
3.062884455434023486e-04
8.613201551225538322e-03
1.433877752441514112e-03
1.903481148962597844e-04
1.812855517377631869e-05
2.927883640010460757e-06
3.631074954257458887e-06
5.556925580064527967e-06
6.719115096606862143e-06
7.941955250833446990e-06
8.368950638719876916e-06
9.472681022221078921e-06
1.157031337899110312e-05
1.233046438884742844e-05
1.163651741547638029e-05
1.178513329052268232e-05
1.770979780557607793e-05
7.522122051707234390e-06
1.675554286675787598e-04
5.481587648862053068e-03
6.344949694341486118e-03
4.398959373326381123e-03
6.324352658618162711e-04
1.239213818737202623e-04
9.980541666270978439e-05
1.115053915556726751e-04
2.061855027107448364e-04
1.493270144947612011e-04
2.679694920440736801e-05
8.505647436033427365e-06
9.116206861469165903e-06
1.192952209380914969e-05
1.205071381146222408e-05
1.199600461946333033e-05
1.776042110980701789e-05
5.506744860111715000e-06
3.072526248786444663e-05
6.938752695910812771e-04
3.109143282305628503e-03
4.693568961400595811e-03
2.770877385780225188e-03
5.751197476991145793e-03
6.253949653431891895e-03
2.767519817917176231e-03
5.906669978065739318e-03
2.670962445553586896e-03
9.638232807590347998e-05
7.447526647904095067e-06
5.065281360008259162e-06
8.761577348487870322e-06
1.159512330387085373e-05
1.219704342309713259e-05
1.781576046252431647e-05
1.002423660860317927e-05
1.161323267409926661e-04
2.616672821844527770e-03
3.264478301899074227e-03
1.492187010462316197e-03
6.381438695849319265e-04
2.941594452144864584e-03
9.677397848278684184e-03
3.559015571878470369e-03
6.794889139619330123e-03
3.110699870891570854e-03
2.188950875549911272e-04
2.139627010144890405e-05
5.609312022677913935e-06
6.111909252218254113e-06
9.861831279099398290e-06
1.209644656767781945e-05
1.794303428911344668e-05
1.467767853985257113e-05
2.161861547845487239e-04
2.407401325089565929e-03
5.625988624229299280e-04
3.343627148880843800e-04
3.997577874762946637e-04
5.769847891729783804e-04
1.473667770647020276e-03
8.477549047439600230e-04
4.360769182887145982e-03
7.662545319725344063e-03
1.921882096739829663e-03
5.499733489549975349e-04
4.923637226152487005e-05
9.160338818812633439e-06
8.876575969926847408e-06
1.170748957432452438e-05
1.800010128505454229e-05
8.038976483848827762e-06
2.505725533758267892e-05
2.544095991301851168e-04
2.437518398767003639e-04
4.142252523473563346e-04
1.170181397502650326e-03
7.984017553925037720e-04
7.983549239661281429e-04
1.350710097351027876e-04
7.329340213474833240e-04
1.772756442715293923e-02
7.633396436863201621e-03
1.843960975708407472e-03
1.665035181822455677e-04
1.442212275826866035e-05
9.028875837129288125e-06
1.159048137794959077e-05
1.801742335180271128e-05
3.349930899506677175e-06
4.325368258072919339e-06
1.298146420470771124e-04
1.559731767836796930e-03
9.397184982059047847e-04
2.178220949775562043e-04
4.283561941941497098e-04
4.140348160142624280e-03
8.057287655101989798e-04
4.140627387508738228e-04
1.154418915842425966e-02
6.648991366721917519e-03
3.090101809938137112e-04
2.905108971651480625e-05
8.297409968012260073e-06
8.847215326331086207e-06
1.191087729206020452e-05
1.814501110340722555e-05
3.216334536500567188e-06
1.183742875647052010e-05
3.746477864708312017e-04
4.265828240165468396e-03
2.206617179889884799e-03
2.009747805202763177e-04
3.291199551073840284e-04
1.380089901897095343e-03
1.174951714010438047e-03
3.996327965449098093e-04
3.932648859364062943e-03
1.143468619066271424e-02
5.399715931441130198e-04
2.207436449202133876e-05
6.730619590237877876e-06
8.526957862373439552e-06
1.197614534845091816e-05
1.835541825938207444e-05
2.225788417289765474e-05
7.824071234359310104e-04
1.073093905264319373e-02
9.994370718660890163e-03
8.070210771986250503e-03
5.141275238511168119e-03
6.332892753482219882e-03
1.530283857098475864e-03
7.617982355533210433e-04
2.730337965776726927e-04
1.832287616188161194e-03
1.733851261467627206e-02
1.768207025866224899e-03
5.468550367305831421e-05
8.675382582230187670e-06
7.235715792122548441e-06
1.068631641718089428e-05
1.827859149856798056e-05
5.421851515543841686e-05
8.354782476882460437e-03
1.360506424316739460e-01
1.626970164292081827e-02
8.973735102155324175e-03
1.298333694986224425e-02
1.234920945954304933e-02
1.017405582965918640e-02
6.532746344032170673e-03
1.259718196322214944e-03
3.968940366844119112e-03
1.046982501148031007e-02
1.546533324409867568e-03
2.517335139324995545e-04
3.262389479776072365e-05
8.190720301848199356e-06
9.110481404712862235e-06
1.773774476455357985e-05
5.856976990892828379e-06
1.083940951875075323e-03
1.237501614475111367e-01
1.797200458060274619e-02
7.445484266730630248e-03
1.363597410924136805e-02
5.611061663958309860e-03
4.274165843799537963e-03
2.602641680914165485e-03
1.925243617237383043e-03
1.176039584624287253e-02
8.010133364101610851e-03
2.256539938294963542e-03
2.241964870120621758e-03
1.918946336149847962e-04
1.239765340246672538e-05
8.718108249528390348e-06
1.738226685022532456e-05
1.716583436886110236e-06
5.235608616470405912e-05
9.075256935408641465e-03
8.848066239850457121e-03
4.018792306571141067e-03
8.480426659714723064e-03
6.641115451527749604e-03
4.568540010213196015e-03
2.058117760877519343e-03
9.207691053261703043e-04
6.147577784227931282e-03
5.226154527159050135e-03
4.844918261619288332e-04
1.827962956722654149e-04
3.945642787980421600e-05
9.167076192661557195e-06
9.224203732660191148e-06
1.771690049558524168e-05
3.906296309845432304e-06
7.584677687774002236e-06
3.738144771494259096e-04
6.405999411775860700e-03
5.629456746434259584e-03
1.714321729091647503e-03
1.125088184313217249e-03
3.949200469435375054e-03
4.128166996434518184e-03
8.926911937100278716e-04
3.015265744858204242e-03
6.666961304549156621e-03
4.723582636099273773e-04
2.601920504605817903e-05
7.213133147596924961e-06
7.004804990216582023e-06
1.048883615129077097e-05
1.820373100941989204e-05
6.524721117444327039e-06
2.037914270740277461e-06
2.979132511120706635e-05
2.301507366744805043e-03
4.071670404663552123e-03
4.062710009961544261e-04
2.067485322252370875e-04
1.310100762225102503e-03
2.903643410511874950e-03
2.435305773045722943e-03
2.968686886315199513e-03
5.830415546309886468e-03
2.140029312787573076e-03
8.991197201304622420e-05
1.117893087819451287e-05
9.148969810557408194e-06
1.178147006340397385e-05
1.822175429774342418e-05
5.782070539292760894e-06
2.601193162826582339e-06
1.015429337633378759e-04
4.738504032901558367e-03
1.315934731865011677e-03
2.000506487434147935e-04
1.383180055887868790e-04
3.324385890023274929e-04
1.799835294954375440e-03
2.108793871599056683e-03
5.306200815297972212e-04
8.755686238407511552e-04
4.304050683561699777e-04
2.671238245349724817e-05
8.244907029668003658e-06
9.999490121509516354e-06
1.219536977367122924e-05
1.800754249582605496e-05
6.064827035686721655e-06
9.181138055068474720e-06
5.802303623234101454e-04
8.336048511038739520e-03
1.272937065507475556e-03
1.089497296123601586e-03
7.046705746640702503e-04
1.368076503107246698e-04
7.153599158079978430e-04
1.138370484493468658e-03
3.899973467473881808e-04
1.443126088854045520e-03
2.378746750229470232e-04
7.887775324348992773e-06
5.322997044084776540e-06
9.990359452239863606e-06
1.226691523269100483e-05
1.788462574116094042e-05
2.503726476004434053e-05
1.715655639800898037e-04
2.665591513147138204e-03
4.611315845652466834e-03
1.208398420590760637e-03
5.954279295644561605e-03
4.466438663936022138e-03
3.429122694826983219e-04
2.503085419443068331e-03
4.723553843835791299e-03
3.811067092398234260e-04
2.885382632954479115e-04
6.791411496132045242e-05
7.711605028525502650e-06
7.203422356029766990e-06
1.109008491016329739e-05
1.226609422453196928e-05
1.781168956357472754e-05
1.499779984098649054e-04
2.832671033032328756e-03
1.864262738445353340e-02
8.412946391118426848e-03
1.358111917463748807e-03
7.303053890947421196e-03
3.818178882430699889e-03
7.779875513812560322e-04
3.330985370191950727e-03
6.449361057563425190e-04
1.285002632096722647e-05
5.279680225893690256e-06
7.391572011403264652e-06
7.713004184246494664e-06
1.023891910516532863e-05
1.186581590732218609e-05
1.210636974837155925e-05
1.777452280871194768e-05
1.526369019487479144e-04
2.404430954322992527e-03
1.143896878804310548e-02
7.524944116023074385e-03
1.968012802701781666e-03
2.338545673064100581e-03
8.596338542407453613e-04
1.936224121373881493e-03
2.737733115000945839e-03
4.835490979641418862e-05
2.060515880124643454e-06
2.484341739633793652e-06
6.504079854422757629e-06
1.030594020690666600e-05
1.200077388174788939e-05
1.176960302564445591e-05
1.185970135711902325e-05
1.769992834693234849e-05
3.334638728596979609e-05
3.604774917590928087e-04
1.445709430148850666e-03
1.315505780234465160e-03
1.425451931737111615e-03
3.635252207859443908e-04
4.646035449417718934e-05
1.752132548201143817e-04
2.329770037219598222e-04
1.587515406057056803e-05
4.375560457145433125e-06
7.060569145529666631e-06
1.106804137140199590e-05
1.209011086451486061e-05
1.178861336188231755e-05
1.113828402276339649e-05
1.141711737942003429e-05
1.730653624647514885e-05
8.921131156024847669e-06
5.335683161105093215e-05
4.581203199629838539e-04
4.918942929741553427e-04
2.176976408461680557e-04
2.689084128564750485e-05
4.316645575919571300e-06
7.002453023695526527e-06
1.050717251274736617e-05
7.531167473539912410e-06
8.666934214884006570e-06
1.188779226110233229e-05
1.273345327427413273e-05
1.221869478101775130e-05
1.183810736926048311e-05
1.140799571364939633e-05
1.186109900751826402e-05
1.796276444343268991e-05
1.392615872301134944e-05
1.047433186571320769e-04
6.057209892307006092e-03
1.170753398029511505e-02
2.873396746879478794e-04
1.048444422831039678e-05
5.366229842242298022e-06
8.622711937840452391e-06
1.143856860496504760e-05
1.380246554632991483e-05
1.723466814221593938e-05
1.864455599952192171e-05
1.813105716576705385e-05
1.773553640870835735e-05
1.765297346793491664e-05
1.730072754957069617e-05
1.796424124212058889e-05
2.529062100683113321e-05
