3.462436306203428631e-05
2.331836486098185033e-05
2.040540580704012724e-05
2.137821218786835784e-05
2.476735588176943263e-05
2.786803517216671465e-05
2.865441196296063237e-05
2.927483631372114053e-05
3.049212760697635901e-05
3.150630285892924617e-05
3.177975163992963371e-05
3.148075686316017488e-05
3.122774116462820353e-05
3.119139173884924492e-05
3.111231408049223507e-05
3.086671921101985354e-05
3.217680049906369453e-05
3.995826421870514851e-05
2.159868514351649823e-05
2.224612969593858975e-05
2.863261111358432744e-05
1.666285848004822953e-05
1.049969150543260728e-05
1.060905213686111212e-05
1.069607438609866580e-05
1.283458878954201871e-05
1.659356439137924200e-05
2.014032634295999681e-05
2.322453652154847159e-05
2.420484258497787434e-05
2.392452911174263323e-05
2.373741387954892901e-05
2.363550063647088117e-05
2.337737093012373394e-05
2.455125400907273665e-05
3.216987000371493373e-05
1.766995355060097715e-05
1.269803117725800366e-04
7.505386411885847870e-04
1.200043328003987011e-04
2.011490321667919773e-05
1.617433459599934272e-05
1.209186742056195150e-05
1.687153332498256026e-05
1.871203659312103320e-05
1.526311250102308753e-05
1.877890817153502666e-05
2.283730197445830881e-05
2.319598171150650089e-05
2.276754740953896669e-05
2.255984412673293820e-05
2.227687211536534550e-05
2.337668537635680463e-05
3.086159259125453104e-05
1.616649030050655545e-05
5.078519428947935203e-04
6.376052512574410976e-03
6.935561017934596326e-04
2.942588225464432710e-04
6.315687086138349225e-04
3.615133276910924612e-04
5.736039187592169297e-04
1.691605451662047007e-04
1.852014948981848898e-05
1.409856195668497993e-05
2.128333289602409376e-05
2.386617311221454684e-05
2.343668650627492018e-05
2.298884162779003392e-05
2.259908279522003600e-05
2.365646288960662462e-05
3.112126319723624500e-05
7.280377038235259725e-05
1.472989337058252472e-03
1.268609100965406144e-03
1.023243940100966083e-04
5.456450019328308327e-04
4.855861067847550873e-03
2.740617766563495719e-03
6.025622788222420936e-03
7.918513522753348709e-04
1.942238914437388475e-05
9.400641612484250437e-06
1.716591994108783103e-05
2.301019329189251338e-05
2.388071575742645419e-05
2.344111933262347570e-05
2.286540377257573696e-05
2.380384138736858993e-05
3.122514852429944700e-05
6.254615548755417887e-04
6.454359797893430804e-03
3.024262580208693808e-04
1.175150237562524234e-05
2.287863345363988011e-04
3.726656804114393626e-03
6.260407870698488737e-04
3.444946228091749860e-04
1.681025741097154130e-04
2.938946798655888771e-05
1.446500479125488970e-05
1.468756403667844224e-05
1.844768934215604134e-05
2.162628570169979200e-05
2.288513521282230456e-05
2.296670296556056165e-05
2.394213964053079624e-05
3.126286523405194008e-05
1.589270633973474895e-04
7.037829723838805738e-04
9.998395578394090580e-05
1.721230221633178104e-05
5.655011695606212323e-04
1.463991932232187702e-02
5.528020909729774394e-04
3.026372326410335764e-05
1.537149175020739895e-04
7.884963276278032177e-04
1.538128144203201072e-04
1.848497280752950590e-05
1.275155251175451346e-05
1.610694757758874635e-05
1.934731237272128987e-05
2.189028243910515979e-05
2.397680119780773626e-05
3.137079308138302256e-05
2.211886157805203012e-05
1.433705456646107771e-04
8.327338526124325848e-04
3.217105106164358064e-04
2.945096971448180924e-04
1.469390461035179757e-03
1.138923540675485413e-04
1.112683653310707364e-05
3.484197639970769054e-04
6.333379032922336824e-03
3.929508006812855794e-04
2.460298897070207360e-05
2.627135034512370019e-05
2.513071533842128132e-05
1.806516053922956156e-05
1.971179082930833479e-05
2.359835559427577248e-05
3.149309322532326542e-05
1.923319031315795708e-05
2.883217701719669661e-04
1.779130540694843360e-02
8.907381643754687384e-03
3.957561800452262155e-04
2.967885464467945843e-04
6.572204798387225203e-05
2.254347497663178080e-05
5.436774378657978791e-04
2.451516969894388265e-03
1.177161310965588431e-04
8.914198116510190298e-05
6.504326821484870524e-04
1.918088718327068756e-04
2.583357688410603824e-05
1.827205453956014827e-05
2.309070867250966646e-05
3.160672955544809894e-05
1.566124780864679676e-05
6.146965215835266112e-05
1.197605449018059086e-03
6.872603708627344002e-03
6.388766955672705618e-03
3.570880500624549862e-03
1.530328674333583834e-03
1.537393987812974826e-03
8.116047377773832547e-03
8.399746211327082171e-03
4.812457881574087404e-04
1.142667596553471757e-03
6.008028137646435375e-03
3.454491624567021220e-04
2.155942935794277253e-05
1.623029152264115970e-05
2.284789717059200226e-05
3.174932481758933330e-05
5.386638363592343261e-05
2.493044890198070130e-04
1.065848851701293358e-03
5.748694525784881285e-03
1.754628516737138932e-02
1.006464349997753145e-02
7.665046154227811957e-03
6.129539996259286694e-03
3.950995409439374446e-03
5.852408966393482515e-03
2.897240890515640974e-03
6.740970166819411358e-03
4.923659093135772900e-03
1.187957690494477171e-04
1.282239410817094359e-05
1.511752718084772880e-05
2.312749962167604946e-05
3.189973846209931852e-05
3.711736302011931833e-04
9.452803893555364323e-03
6.530419580574006733e-02
3.716665318985621497e-02
9.629091340066960047e-03
1.206609505317162399e-02
2.999282586825513779e-03
2.236922652382345594e-04
2.582042726874669500e-04
3.799900187805950198e-03
8.282512371544996713e-03
1.162862003971848641e-02
4.970760159626716641e-03
1.425809760447798911e-04
1.544810713298066043e-05
1.612405937555708006e-05
2.341661830247549728e-05
3.195371549897947888e-05
2.542991271056576361e-04
7.940476566523045621e-03
1.496717995358576025e-01
9.398439368793062854e-02
1.154163310891873247e-02
8.075237353770964646e-03
2.502020609508454323e-04
9.072577283947162445e-06
1.377121429370635648e-04
1.347157145011693494e-02
2.198439023066170797e-02
8.950008344950464642e-03
3.854974037440521764e-03
1.844616053626814997e-04
1.716433814292514274e-05
1.539469621437884416e-05
2.279302294051493581e-05
3.183967788912886844e-05
4.850335122184677169e-05
1.555215103476558034e-03
6.114394509194558125e-02
3.518083118930450531e-02
6.265719102897004608e-03
3.587438875589238785e-03
7.903603475342001097e-05
4.738437403088515440e-06
6.977954948485305567e-05
5.057878518848653304e-03
1.919742277820157134e-02
1.073961902821945515e-02
6.196852662683978094e-03
4.166281236934556479e-04
2.615972699685195136e-05
1.627638032106761928e-05
2.245646259405515338e-05
3.167624606122630535e-05
8.286295214729965769e-06
5.130152689673580499e-05
3.422394579346525658e-03
9.044254446895440627e-03
3.393917390404799835e-03
5.203918110618344431e-03
5.553770393917237345e-04
1.452863746854705343e-04
1.187815585644679288e-03
6.886841888958799250e-03
7.340257322352807846e-03
1.288137434752116214e-03
4.654399331997730450e-04
1.348554575255724638e-04
2.714393883167254013e-05
1.872819949064498865e-05
2.298840093896680490e-05
3.155639698174246918e-05
4.101826792819706864e-06
2.902418359878267865e-06
2.020724220274512065e-04
5.433323828890774913e-03
1.182670634367516882e-03
3.989392426351297716e-04
1.931149939363984715e-04
7.120094983045726191e-04
5.054379688908790594e-03
3.072112990340819007e-03
2.236961880030741839e-03
1.823803499481656861e-04
1.568159799251011145e-05
1.403401153983037715e-05
1.785070526660342572e-05
2.061559235845062242e-05
2.371906033062969396e-05
3.145025571076352300e-05
5.708730569863343737e-06
2.699374312856455694e-06
9.508815033391294284e-05
2.387897679874109204e-03
2.048244438782683048e-04
1.033183126046438435e-05
9.731829098808732694e-06
3.056401153841725748e-04
3.018136378741524944e-03
1.489444222994622041e-03
4.788508749145013732e-03
7.282164829261164769e-04
1.798365809790967041e-05
1.002639371416136752e-05
1.809546800468081479e-05
2.252827358036959629e-05
2.409310972919615230e-05
3.132426962343187808e-05
1.408630971131086818e-05
5.231575577830783303e-05
2.414382608821791232e-03
6.670007414315660271e-03
1.656204205200702121e-04
5.917465232384105483e-06
8.182909822484211770e-06
8.420082933617497071e-04
1.455987203536179657e-02
1.619004804923697633e-03
7.311428170510587011e-04
2.185011000590967103e-04
2.238700025288990360e-05
1.502018560602315055e-05
2.141860100266986948e-05
2.332716253119694169e-05
2.401022375686452364e-05
3.121774088407092016e-05
2.269768935827768208e-05
5.037604736889121117e-04
1.505046313201831819e-02
2.040501215287555698e-03
5.341718275173061223e-05
1.521516613530961522e-05
1.650186085861512933e-05
1.941287408633786567e-04
1.057358562699591996e-03
9.075943453405888462e-05
1.571198095932922788e-05
1.514807319311761595e-05
1.506880657965441075e-05
1.905718530771291079e-05
2.305358718748678562e-05
2.314450614808066965e-05
2.382285075662768942e-05
3.118058138270986073e-05
1.606092464303670656e-05
3.260027228099664351e-04
3.228418442457129788e-03
1.818754964469612744e-04
6.656832158581939252e-05
4.164243077604858068e-04
1.079928201794424071e-04
1.766783584277653509e-05
1.549328673454567886e-05
8.893916461903524098e-06
7.062368649421602622e-06
1.183675107318841632e-05
1.834679999701706023e-05
2.246225916955145368e-05
2.344511446744999416e-05
2.286513460791615476e-05
2.374616201027620623e-05
3.119949896087537432e-05
2.250061717065264863e-05
5.431505611859828312e-04
5.850340770983068067e-03
5.125972799189620855e-04
5.770181689326654879e-04
7.153429487883705869e-03
6.290422378541795072e-04
1.622352592113337135e-05
7.813276399327355207e-06
1.151285098017376455e-05
1.622745431146332620e-05
2.084517623893284872e-05
2.327162780986390464e-05
2.365478012137496060e-05
2.325762460827272450e-05
2.272769286662423390e-05
2.375386940307025523e-05
3.123099910438427153e-05
2.533221540072285312e-05
1.775980707367309558e-04
8.439532785559621933e-04
1.660149242759467671e-04
1.385654516813506051e-04
5.815171872662872575e-04
1.332031087974887913e-04
1.721575912285720596e-05
1.430794833389546009e-05
2.055649299158268087e-05
2.369486255365827327e-05
2.403163730499305065e-05
2.361115352554937462e-05
2.322572973027909766e-05
2.293968759837234896e-05
2.259141850651007755e-05
2.366921976858949261e-05
3.114013750575660139e-05
2.032178269701649702e-05
2.023050567220421449e-05
2.406569038180942001e-05
1.377900786038923774e-05
1.313455376471072077e-05
2.222306765361986566e-05
1.890931181287131444e-05
1.548885759247102439e-05
1.956804786598588365e-05
2.328652280078033870e-05
2.354733530328334152e-05
2.302234232358517959e-05
2.274834609688439714e-05
2.268267347546629346e-05
2.258475705763541842e-05
2.229823302484069774e-05
2.339651993081778112e-05
3.088403532868821478e-05
2.636733260181530134e-05
1.627648991265766409e-05
1.353537971305587583e-05
1.296853875072542842e-05
1.375754252164995842e-05
1.547670040496743505e-05
1.734757830388084852e-05
2.042185761831663053e-05
2.345362741410648213e-05
2.425528407308101428e-05
2.392480120661476928e-05
2.371222176343172085e-05
2.370446178170485674e-05
2.374914814628083899e-05
2.366969393704238729e-05
2.339470811063832552e-05
2.456945688230391972e-05
3.219639715647886163e-05
4.025065822048117436e-05
3.077553366046512534e-05
2.856404171592696686e-05
2.930563599295747795e-05
2.991864547039954557e-05
2.989196016172561846e-05
3.043489186865926132e-05
3.141854396679609620e-05
3.173153124577713063e-05
3.142426967109754831e-05
3.118099651935468816e-05
3.115535748207776232e-05
3.120230656338590018e-05
3.123682501741862326e-05
3.113826478336847493e-05
3.087784064319729467e-05
3.219241251149750104e-05
3.998356766553554955e-05
