8.170670638593781080e-06
5.655707922672608507e-04
1.956167544046026260e-02
5.836269536896643295e-03
8.562727095006392522e-03
8.489305837667640922e-03
2.317684704032853694e-03
7.910114712979418551e-04
1.543611012095445377e-04
7.194910662556667786e-06
1.222568295850430215e-06
7.761249954032114470e-06
2.087970613302840724e-05
1.299443623169096573e-05
1.549150719700117610e-05
2.029583318318781889e-05
2.206183945028122341e-05
3.112536150371720395e-05
5.247502969125871023e-06
1.626767400843265310e-04
9.970701553980663642e-03
9.062040712547082474e-03
4.257202507139019008e-03
2.300644016962386049e-03
1.020017132290450962e-03
2.589974515345827739e-03
9.669057746268626755e-03
7.655174351209119129e-04
3.275268078069405286e-05
2.409726795087460606e-04
1.787914954000193769e-04
9.042882468097879521e-06
5.499701230377582362e-06
8.748683458817693113e-06
1.155429472102281936e-05
2.113450016556368127e-05
2.473303103095504944e-05
1.378436839382837624e-04
8.494021891779965881e-04
1.156915659719195619e-03
1.845423860841176886e-04
2.828926358608419272e-05
1.146118645666847041e-05
3.498067130062560245e-05
1.528713847440195395e-03
1.422417872937416748e-02
6.614631207354661376e-03
7.615382101965252615e-03
2.974283786508203600e-04
5.519672592016504819e-06
7.123957978390166806e-06
1.050509313435020777e-05
8.170117754046046145e-06
1.692135035853939738e-05
2.381965758656692041e-04
2.584079522532427026e-03
3.659647853165993395e-03
4.490350934416562946e-03
8.486369784354573812e-04
2.412186968678682475e-05
3.639519946065908253e-06
1.117833527643630227e-05
1.620911386341615003e-04
1.641632171665688249e-03
7.522154594334196087e-03
6.171682281817108227e-03
1.433471368422669235e-04
2.196529227066668408e-05
2.445866979829866539e-04
1.193963729322382387e-04
1.090581985903127244e-05
1.409282573662818945e-05
1.137897547609369815e-04
3.365614089687004196e-03
4.241564457725501350e-03
1.828162564243887003e-03
2.145693922167946337e-03
1.967303697223637493e-04
2.214077527624466922e-05
1.696388269694065591e-04
1.792641094623490666e-03
9.288612169807655044e-04
1.072778233889837762e-03
5.576353105554677884e-03
2.517039373321394626e-03
1.396456723477174566e-03
5.033853352518071617e-03
3.533864775153163721e-04
1.127523816531027274e-05
1.325889640245765919e-05
1.178751903223099670e-05
4.041095109223746557e-04
1.464203271889156447e-03
1.535313281577074872e-04
1.144364622550619328e-04
5.600980735438168458e-05
9.456052768948714762e-06
3.168365590197176152e-05
1.027542820336137122e-03
2.017131674482005969e-03
2.232934390020739287e-04
2.819169621513841211e-04
3.456656461316712919e-03
1.027400216265202636e-02
9.382455616136648477e-04
1.601128411823877573e-05
4.014320620614256106e-06
1.407999709815831568e-05
1.677399474178681242e-05
3.710557553498890454e-04
1.105660330881078676e-03
4.944343068223031089e-05
7.440952081952116404e-06
4.947638088964480800e-06
1.864382759590229206e-06
1.698768435908034035e-06
2.232245140114062223e-05
1.787778405868428613e-04
2.883746535811769729e-05
1.909464517091282904e-05
1.356788172613684462e-03
1.247209421379996859e-02
1.606684402993356609e-04
2.127471016170455068e-06
2.637337340276206502e-06
1.658054128534929315e-05
1.325733261671783688e-04
2.770117606571929295e-03
2.733395080512537618e-03
6.811216723079139028e-05
6.463754762959101192e-06
5.649719524253054881e-06
4.339203091430428461e-06
2.511847967706919583e-06
4.863095041704763792e-06
1.469705025369644926e-05
1.714122013800817841e-05
9.123027612723189810e-05
2.195930673798603301e-03
4.136757912504891548e-03
2.575270734758130695e-04
1.008727617892651317e-05
5.018107809642156138e-06
1.727148827731989075e-05
5.013690874076119814e-05
2.576129874003615602e-04
2.246353998054627095e-04
3.189690166267268118e-05
3.802099401048893531e-05
2.774157301608019778e-04
2.538495030173838784e-04
2.976610793783845569e-05
8.431207766191776160e-06
8.077707401442388185e-06
1.325946285298385692e-05
4.898885515147769859e-05
1.195756261503550687e-04
5.329781429809735561e-04
2.868350742660834285e-03
1.802393013771827653e-04
8.253279797491416874e-06
1.355197623560192394e-05
4.458714180100603330e-06
6.291419373421339063e-06
1.203625229651936929e-05
9.729302380434942015e-06
8.104991674157597831e-05
2.728620270504840926e-03
2.843720382067837973e-03
8.136562368238619029e-05
7.004899226234511232e-06
5.985374315161445760e-06
1.131463217926977407e-05
1.339182930810823668e-05
7.868928039619751052e-06
1.780061749199796269e-04
9.556903521743225285e-03
3.223624220190213197e-04
4.552410366865923837e-06
8.378376605994992509e-06
2.894944037148289198e-06
2.267264674057328897e-05
2.124473902415102971e-04
8.727958330396384855e-05
9.929964268519229529e-05
4.023447097529811683e-04
6.857400459463059003e-04
4.366745584395054539e-05
2.732338572893480239e-06
4.585132487523920529e-06
7.030877981060331653e-05
2.768447693848735680e-04
4.598534953347558274e-05
1.916012172311914064e-04
3.951970439746285355e-03
1.297452728691045754e-04
2.388970977299847103e-06
4.776917652906116071e-06
1.737753693918933846e-05
1.016529113762401583e-03
1.189232817243295916e-02
4.435726736989831220e-03
2.905941078242252947e-03
7.366513822395144052e-04
2.083700817564144384e-03
5.378491818974981149e-04
7.542230291057994073e-06
4.270651393354533905e-06
1.909936776853584381e-04
2.100046763281959716e-03
1.188946856023075961e-04
9.984282810372208008e-05
2.173266455275994075e-03
3.825341910139590110e-04
1.131412268511476009e-05
5.958139046842339691e-06
6.067569327996080118e-05
5.853486457857440955e-03
4.334585100228344895e-02
2.189549063763439329e-02
1.851114443019045291e-02
1.216051108469844329e-03
6.712025227013829545e-03
1.035493377125861099e-02
5.737468589065929488e-05
5.020733156984211256e-06
1.201212306140601535e-04
1.281341598561411450e-03
5.367570309510116621e-05
3.356958402733060986e-05
1.458654826063024391e-03
2.624025895938715460e-03
4.815088161665492328e-04
5.370552333873500008e-05
9.534587800940395408e-06
1.085748227243071243e-03
6.418130858926088256e-02
3.590488524712476953e-02
1.078107900775431525e-02
1.152795430954628615e-03
3.041514683195831008e-03
3.181439175049801359e-03
3.103118006533120459e-05
4.340099664222813510e-06
1.540732954379097459e-04
4.750502464243279432e-03
8.959205149299476678e-04
2.454816560837453049e-04
1.227863821453363926e-03
1.540413755594202249e-03
2.034902012279096468e-03
3.351265570255728462e-04
1.993996657673088734e-06
6.725852011854724279e-05
7.446472035611981233e-03
9.825585342568679548e-03
9.880876872422656929e-03
6.030060722707334363e-03
3.353391211663804810e-03
7.776669484283507119e-04
1.584529644853113664e-05
1.093302648292853986e-05
2.420779704562666095e-04
1.897117587608014144e-03
1.637878818874949132e-03
7.678438322603921545e-04
7.896464868481750232e-04
1.326856945246135009e-04
8.640081533352690277e-05
7.065767645671052301e-05
6.106124540782358962e-06
9.045840680520714900e-05
3.253418310008959150e-03
4.641295849706103364e-03
4.636906173453186376e-03
2.728049386414328672e-03
5.069521231840076227e-03
5.421557227762294727e-03
3.112798145142287140e-04
6.892241186342570403e-04
1.957113129415515972e-03
1.350368387232720401e-04
4.504763712111782391e-05
4.099546639238166659e-04
5.631842027019470613e-03
4.598360721508585095e-04
1.434413758486746802e-05
9.908345111584096471e-06
1.628108236875994044e-05
1.975728963725051639e-04
6.112935635258240873e-03
9.998643432602828326e-03
4.520283669304539682e-03
2.391993230047512534e-03
5.258493990403069820e-03
3.616855192167514089e-03
6.506047416899364035e-04
2.365488561254838404e-03
7.631859665517507375e-04
1.244509487162091348e-05
1.489956563468521757e-05
8.218370835495151377e-04
1.694110716759619772e-02
3.418350233380787039e-03
4.953067024645455750e-05
9.026697916337374038e-06
8.295976836515905851e-06
2.094078792379555772e-05
4.131005304586676178e-04
1.188870524283019200e-03
1.398473948769242544e-03
5.223735038143665493e-03
1.089655117191226479e-03
3.291460641446246528e-05
1.589295486597292172e-05
5.996952632676168915e-05
2.359150444408947105e-05
1.152150467154383183e-05
2.942246432575116493e-04
5.381596767862879827e-03
4.853161829163889392e-03
3.081267093796512171e-03
1.942992626172513411e-04
1.447172749144585586e-05
8.070754664591576024e-06
9.199423900970065592e-06
1.204927580906721169e-04
9.326810431094782099e-04
1.503978908332992371e-03
2.555578176483323805e-03
7.001263041038866561e-05
1.168076932236697484e-06
1.285661968909665877e-06
6.789820614784066435e-06
4.130188411661137276e-05
3.298820774167210749e-04
3.341775766314942445e-03
1.052040434385136287e-02
4.022386698090318381e-03
2.571192060313706208e-03
2.240114303118687729e-04
1.668526077420543212e-05
6.950787280111740110e-05
2.146325777204871458e-04
4.779703619712687471e-04
1.398429875612132575e-03
1.947182335461538098e-03
1.081540494234472334e-03
2.948268165171710344e-05
1.051511034472458900e-06
1.373001261076112099e-06
1.945978579110507468e-05
7.536015032428301222e-04
4.944543273505261002e-03
8.292218121948809195e-03
1.363674821860832824e-02
3.122876937599813017e-03
3.365463450113551102e-04
3.530702406154616433e-05
1.302422754762270627e-05
2.054283008169610885e-04
2.241904027403852050e-03
3.134301129302106276e-03
3.022737891197866539e-03
1.283656765785869602e-03
2.020143380366938753e-03
6.230312924799898990e-04
1.277997149244834043e-05
3.504919368738566201e-06
6.215943390771233113e-05
2.190106958909639016e-03
9.221787943365150272e-03
2.363258357708235280e-02
1.018273996532042917e-02
2.544310592914881186e-04
1.360576736059464212e-05
6.697935802869011679e-06
1.331348890220363971e-05
9.623383935604788036e-05
8.132573277055178424e-04
1.167674381352403054e-03
2.015519419501809063e-03
3.385991633674588041e-04
6.513294411475447883e-04
2.380749374628367970e-03
1.654142642581463022e-04
4.856964846664191059e-05
5.128985831630740585e-04
7.494788453139132611e-03
1.643967461020456183e-02
1.008092219557650722e-02
4.449804281151313297e-04
1.018791481326986952e-05
3.500449086473710747e-06
6.955667560557288615e-06
1.887574923447255041e-05
3.142990265202013798e-04
2.110470091129591861e-03
2.157996268280627881e-04
6.256133411358792446e-05
1.960676027621359921e-05
2.784590300314408333e-05
9.902823391840974920e-05
3.337325298105952936e-04
3.590972035811782793e-03
1.305824608149283930e-02
2.431511798986511069e-02
4.018472036769814119e-03
1.429121442419602846e-04
9.386666933436131827e-06
3.149268931475452427e-06
5.497694484221365924e-06
1.154828261743858178e-05
2.187889117299007439e-05
1.886877949094797023e-04
2.983059542304754199e-03
9.166686552404641405e-04
1.045287851844163725e-04
4.694261301845516980e-05
5.982666322879868278e-05
3.002512455809981461e-05
4.346211751678552625e-04
1.941806911693945772e-02
5.446628309402521198e-03
2.276121275512701936e-03
2.554960852361191285e-04
8.081674936092288246e-06
3.433627195428673751e-06
6.459300545405835404e-06
1.153224743519084892e-05
1.464132750749355662e-05
2.200367386998469433e-05
1.464443582612390575e-05
6.349271831478386658e-04
3.408617350667025175e-02
2.391939112221202340e-02
4.176877572313886233e-03
2.580616377646986585e-03
2.093470411789771931e-04
3.680811529713119159e-04
3.034504707260422037e-03
2.161962152186633541e-04
7.044556554216770995e-05
4.744493925017447802e-05
1.165288194599024409e-05
1.166062195687668188e-05
1.966359218743904747e-05
2.227141916806208411e-05
2.198917813752050438e-05
3.007999355869376458e-05
