9.695370648442124895e-05
1.186272542839566634e-03
3.563962758506233029e-03
1.034442410824369099e-03
7.265916763783110356e-05
4.157623741732892304e-05
1.046919647424059618e-04
1.262674258660420048e-04
1.443928310068425718e-04
1.789036199618680682e-05
3.507965828556037999e-06
3.567544684334182906e-06
5.235640121251869123e-06
1.030618123086590695e-05
1.413792409031753542e-05
1.287777053461384205e-05
1.218802625662676836e-05
1.887954127067657459e-05
1.004698727959646517e-05
2.101848755153110798e-04
2.118341783280257209e-03
5.194084378723564949e-04
7.869879080309610017e-05
1.433790731489960942e-04
7.651140302651839205e-04
1.891678786636434963e-03
2.074860853992476547e-03
3.532642209871675819e-04
1.284655802890213676e-04
1.144288889494658463e-05
9.908805235969503680e-07
1.749966566709494096e-06
5.716300739804317123e-06
7.866909954903853947e-06
7.647955453481025310e-06
1.220629535704738590e-05
2.100130865826359057e-06
2.396969025665287822e-05
6.559491430887584703e-04
1.371096890563981534e-03
1.057380154851499587e-03
3.347383610718448468e-04
1.579991742248203646e-04
3.160760844327300547e-04
1.973252518481058589e-04
2.477912543247659722e-04
3.634564649310033542e-03
3.610979188876895190e-04
2.977645905507924637e-06
8.850843931911230675e-07
2.292120261660349169e-06
5.653934958045558677e-06
7.797874273435809119e-06
1.271083940576214672e-05
1.072452586300684730e-05
2.146351926819935370e-04
3.557029024671233986e-03
4.914174007271953325e-03
2.898021318458578275e-03
1.147853822566513929e-03
3.444177986042737676e-04
6.613532279344060995e-04
2.551590380393017714e-04
4.104023358326664095e-05
2.580904432525765605e-04
1.234099586408746651e-03
2.511477882889987597e-04
9.513187150570255620e-06
1.493113571058870634e-06
2.487473161420687652e-06
6.196186085548306758e-06
1.352180179033915602e-05
8.825309000307950320e-05
2.594778583493719329e-03
9.958741626384059326e-03
6.764457482440471014e-03
3.847740352869352329e-03
8.846058425357142263e-03
3.031152920971182628e-03
2.006681220352062728e-03
3.997114939356536528e-03
1.954285223700956788e-04
1.618865420374679983e-05
1.962129394384408551e-04
2.172882454844208416e-03
3.033198264733529448e-04
6.615388616315270330e-06
1.657369608709129715e-06
3.476533838385488309e-06
1.073012684194564223e-05
1.234668714418422713e-04
4.388137583396431278e-03
1.177466263717162794e-02
9.030393524187128873e-03
5.502495212457986576e-03
1.022127456461926175e-02
4.192506618681084152e-03
1.720750811947963132e-03
4.604408192184280581e-03
1.003503790346971019e-03
1.138748775588836618e-04
1.877798536852954203e-04
6.521224461017891775e-04
2.589460843235606800e-03
1.980870107083240142e-04
8.857202899583929389e-06
4.979170711541330990e-06
8.152731681868448412e-06
3.671283027226957327e-05
1.326831442715888359e-03
6.407507802730054089e-03
4.086870029439733029e-03
2.418936932650727050e-03
1.595707034217501690e-03
2.094602521195477497e-03
3.763613520120845119e-03
3.434566482636314602e-03
1.559267753652632304e-03
2.188844224017644398e-03
1.513937707400079408e-03
5.543051357080029402e-04
5.755012863538275063e-03
1.201617243293537536e-03
1.336748246958068106e-04
4.497123040132705243e-05
1.180054076581806558e-05
6.368627269505027327e-06
2.022648731268309678e-04
3.828515729286907990e-03
3.819036648132259279e-03
3.181655195618918880e-03
1.485113678296600239e-03
2.500413040788762066e-03
3.598132609464380852e-03
3.830774616220924446e-03
3.197849015847588437e-03
2.151315384914288375e-03
9.833376310414178312e-04
3.974952490006794926e-04
3.412348503253775402e-03
1.576028304951210051e-03
5.713946256224541496e-04
1.345811514796559040e-04
1.450919224994387600e-05
3.714580013411384633e-06
1.188438398398730070e-04
6.295053675166863497e-03
4.118590424786351158e-03
7.066495321947093662e-04
4.745362591325568953e-04
3.225795223077909495e-03
2.361197274523830960e-03
2.747329457018974058e-03
3.321895830918983415e-03
1.797528850988148932e-03
1.529753072606112761e-03
2.898979203108215347e-04
1.758027306403951587e-03
6.772291571558711545e-03
4.138343363822120924e-04
1.251788291124465148e-05
5.197425715041775448e-06
2.329173702390557760e-06
3.685876933863498561e-05
3.470777158039131671e-03
3.999678254567519409e-03
3.379977875889040705e-04
2.269349708023866193e-04
3.358982787174597147e-03
4.317123703369591704e-03
2.863755494907118705e-03
2.654479568007362018e-03
1.674090548792019030e-03
4.219772661419251506e-04
2.753713894448828737e-05
9.447835806196687555e-05
1.157440032773129944e-03
5.888731433079334162e-05
1.237225106601920886e-06
1.950352404532885080e-06
9.222720793256064366e-07
1.808200950269237892e-05
2.913811859808197822e-03
3.185707487582505482e-03
8.110904299502076946e-04
6.210384119721718433e-04
1.734916541136699228e-03
2.515819889097123917e-03
7.105246834670209642e-04
1.004718946634634760e-03
8.053494472583495141e-04
7.339419754528538249e-05
3.289712091722011173e-05
7.683252102752284227e-05
4.139364275971747927e-04
1.660954454197982144e-04
7.068164580143516380e-06
3.057787781350163219e-06
2.769170045989895395e-06
3.936274537473083532e-04
5.631677036172252210e-02
1.076599018277268546e-02
5.507640008388683256e-03
5.824934374145177875e-03
2.649255015087355510e-03
1.933669468294596516e-03
7.566077037586449623e-04
1.374133062350638363e-03
1.975202555922007334e-03
5.626522830273527134e-04
7.519016993384505625e-04
1.559495900592722945e-03
7.259450137538318165e-03
5.234324109464351914e-03
2.960933258341882294e-04
2.326104087061867028e-05
1.301231155567072262e-05
2.821435009208807070e-03
1.439203719734102604e-01
2.267427180631014297e-02
1.066681726503457273e-02
7.639311394898431855e-03
4.905231569688992509e-03
2.656159944490258957e-03
3.230181180564549361e-03
2.088783403680482577e-03
2.012324062686102633e-03
1.399274258267718240e-03
1.962191421320414603e-04
4.165537516645845327e-04
1.024199720198873051e-02
5.686806216488649035e-03
8.558935461020003577e-04
1.099749061128525571e-04
9.493948337630075799e-06
1.678970416088807621e-03
6.887555853333153510e-02
1.383272297880715727e-02
7.637108599057326405e-03
6.170387070199708293e-03
6.548553885370257503e-03
5.125433668017809023e-03
6.217024300494001024e-03
1.350059689073690710e-03
2.576063890195960313e-03
2.796842150363089939e-03
3.048768192262054204e-05
3.265163376671307633e-05
2.347592615764245490e-03
1.116770772321504495e-03
1.249542874701081664e-04
3.954854894772520234e-05
2.549657745789334599e-06
1.377704665245920465e-04
7.978688057184097140e-03
5.191294148198972135e-03
2.254987490333056673e-03
1.264053260818762212e-03
9.921076370196083884e-04
2.283171320536030516e-03
2.490056144525813666e-03
2.490956081370012732e-04
1.878200731747479892e-03
2.980400240942422067e-03
2.138458734776136334e-05
1.653462896216245062e-05
7.059198286671770342e-04
1.398565625942794013e-04
6.046582438505410035e-06
6.058198128499573107e-06
1.598155743133579929e-05
2.628573792740187881e-04
2.496176696596261700e-03
3.628117696133626585e-03
2.279780097850761696e-03
2.011618619029835377e-03
6.631152552159169048e-04
6.126526892237992234e-04
1.938593988646446350e-03
3.183860787891560642e-04
2.326765916240181552e-03
3.021211020409114278e-03
7.884758131302165767e-05
1.551867848906419024e-04
3.584151651872736176e-03
1.726386370045403663e-04
2.626651357513167954e-06
4.367111717398646867e-06
1.186775335504127430e-04
2.122128945309245413e-03
3.926328251721790744e-03
3.630872715097709612e-03
2.285824956358252676e-03
2.448204356793237581e-03
1.242283071028913062e-03
1.147272925125433470e-03
6.542219741895576382e-03
1.252533828400465964e-03
2.238586256674918173e-03
4.013146081384509796e-03
6.456016372277765007e-04
6.450041096088334229e-04
1.405746174325184965e-03
5.980115821201507524e-05
3.007595285284328163e-06
7.124988502546961761e-06
3.654658739298262773e-05
6.950468184275550559e-04
2.138691096314349147e-03
2.246898557781435400e-03
2.115321383894429134e-03
1.141849635976057310e-03
1.234814413468743712e-03
2.513289191754326541e-03
3.232108957715761326e-03
8.320633752230701362e-04
4.853943184941694007e-04
5.922063972663462990e-04
5.492676260193586233e-04
9.516257830169354672e-04
3.478497261935398275e-04
1.384968725773756196e-05
3.179063158879770937e-06
9.782852881115258775e-06
2.083926079538707445e-05
8.986026983961400462e-04
5.408639507228642576e-03
2.322926479810812073e-03
5.217497953231588909e-03
3.191755610514540945e-03
2.192642775401805987e-03
4.058503866944842935e-03
3.709044539798394234e-03
2.839955652262722910e-03
3.799851083007744373e-04
6.592410217093516548e-05
2.397869348193511034e-04
3.087396738651119500e-03
1.159424634832906123e-03
3.126926801365572430e-05
6.045244412915372317e-06
1.182749609874970873e-05
4.289075470213488197e-06
5.004392586745455259e-04
1.671068593290221671e-02
3.974252208785943562e-03
3.817239134430600814e-03
2.351982124863634914e-03
2.778965393697837346e-03
4.653127765442989332e-03
4.064825079057565391e-03
2.810356118877926565e-03
8.929417502728226709e-04
5.202451651357720445e-04
1.053189138553477016e-03
1.413009625668900163e-03
1.820442972483730178e-04
1.362022750937871203e-05
6.176548190511151106e-06
1.217695336487524112e-05
7.596749438600428007e-07
4.543202009962281389e-05
6.183166650716145386e-03
4.897776018694028483e-03
2.074211606362606243e-03
2.229132322468330672e-03
5.115542156399608374e-03
6.394342611619729597e-03
3.175934047546074331e-03
3.664204201875698565e-04
6.294501659335203277e-04
2.258019512544884571e-03
3.065885305379511356e-04
2.555326195257709608e-05
5.695760672438935245e-06
3.574285395726266256e-06
5.335255421396419410e-06
1.234588737004347604e-05
9.408955563450832325e-06
2.578310419233358747e-04
5.786865914162564635e-03
3.869977155197734144e-03
1.091336409417121124e-03
7.960285822778511008e-04
3.008001565251852759e-04
2.164105539523444681e-04
3.449646597078691833e-04
1.838884655885339252e-04
9.653317896841560018e-04
3.943526554440742273e-04
5.477566719302398335e-06
1.210685798294284499e-06
2.444864377939135008e-06
4.665282040716073294e-06
6.905265420989262599e-06
1.289742594373896440e-05
1.076500058703303459e-04
9.270526355751831276e-04
1.658120830446707617e-03
1.922219655344811371e-03
9.563883006248239359e-04
1.478845028889536604e-04
5.562794439692653409e-05
2.214549829311424284e-04
8.115106912507699362e-04
2.122459885855816370e-03
2.607807561106479169e-03
4.776856634992249949e-05
1.143958414168049535e-06
1.503787535778680670e-06
5.127216329703770089e-06
7.392419221425141821e-06
7.566612067818717004e-06
1.227910410113886453e-05
2.025759670989498226e-05
1.027926097556790822e-04
4.995585394312922678e-04
9.195432864029340174e-04
1.726648147571175664e-04
2.248024002097365531e-05
1.437769637355333261e-04
2.229816295671185368e-03
2.336306724679938253e-03
3.607729089804822924e-03
4.078753376978541982e-04
5.119656168166908380e-06
1.588835674323471886e-06
4.615801992867290110e-06
8.253904501291025269e-06
7.798432557150085763e-06
7.336242964554432779e-06
1.218410961120884124e-05
9.106030154557767433e-06
1.816731477271422122e-04
3.855347368505724487e-03
4.161845826105143556e-04
6.792415947726345899e-06
2.693398544656800071e-06
3.319294720680089232e-05
1.124572352323995424e-04
4.549489310866354399e-05
8.304191180182250135e-05
2.110690499428206663e-05
2.779690266924311035e-06
4.927573919000498049e-06
1.254472262303757348e-05
1.403338223399753842e-05
1.216535121140524912e-05
1.205084057685437641e-05
1.902614347267071539e-05
