1.822531780722050983e-04
9.100854577300285936e-03
3.168498514674097932e-02
9.180470869642949269e-03
1.049422044986472041e-02
1.164435914548195630e-02
9.251186537063867121e-04
3.682698103724516589e-04
4.129590367816065298e-04
1.930750455146763281e-04
3.318293173037095223e-05
6.711335739916048090e-06
7.804619797115938819e-06
1.539243149485283290e-05
1.915162180154582331e-05
1.940065628871321811e-05
2.021584769033476145e-05
2.684803163635579137e-05
2.458365115571370732e-04
8.186802384403927060e-03
2.749112798842775346e-02
2.594035858092326799e-02
8.181168183402157124e-03
6.404550146765821675e-04
4.539305263380635867e-04
6.867235070382522039e-03
8.998228344125029296e-03
3.442098105095520166e-03
5.116300778757984806e-04
1.565655876650283166e-05
5.238778906589945807e-06
7.945965738160960657e-06
7.706078947252706959e-06
8.001861544361151809e-06
9.790854261006721768e-06
1.484379671112339291e-05
4.318946169119628343e-05
1.206446252381035791e-04
3.748135338989855053e-04
1.570081266558027251e-03
2.594438033770090041e-04
1.042353833977101563e-05
5.902829243092867946e-05
1.535917939153928378e-03
4.548731995673490356e-04
1.016204313894267502e-03
8.061312006802878738e-03
5.894061327791184305e-04
6.851064794050510266e-05
2.939958338579277275e-05
7.372316363752560693e-06
6.595469283956493596e-06
1.268685357112626959e-05
1.397463635485809726e-05
1.234710532269557790e-05
1.322661028484891861e-05
1.793567425604294951e-04
2.529258172542105110e-03
2.106713211370002143e-04
1.087601963093950352e-05
1.850932650148859023e-04
2.578122012431088243e-03
1.284771039945245498e-04
1.572843739563295734e-04
1.235127912760141701e-02
1.463374899290737635e-02
3.073874255612820284e-03
7.047635704454163416e-04
5.506172637081356135e-05
5.982133428930031758e-05
2.705426066415942982e-04
7.533323353897683158e-05
1.361878169202863059e-05
1.092893373020806586e-05
7.829806331859220578e-05
4.787803992785316176e-04
7.689912431121664492e-05
1.249682301608391046e-05
9.267917310651918876e-05
4.744782856015237332e-04
3.638043838587970858e-05
1.491677050042871068e-05
9.637364474934988299e-04
2.148918065447412429e-02
1.581619540017102643e-02
2.667499336886196715e-03
1.688074161788267102e-04
3.287390097273423968e-04
3.198842177023392391e-03
3.434176091751885867e-04
1.646626220594095134e-05
7.367629176436977885e-06
7.267080563349483423e-06
1.014165464963138932e-05
7.092974478549875641e-06
5.195074369753119140e-06
8.914134706002355837e-06
1.258808626030862275e-05
4.550351005932046810e-06
3.282342535906928480e-06
8.552765962016855433e-05
4.216959650556564507e-03
7.828842090543047805e-03
1.297494023232641453e-03
6.076357854143311124e-05
4.480345588122609774e-05
2.424501132363161685e-04
8.159585309905871488e-05
1.459742992627716498e-05
7.033927571910009706e-06
7.089681358206186874e-06
7.938225333952559664e-06
5.680157829993654002e-06
4.739475405540743015e-06
4.556847551157678096e-06
4.349356670626039478e-06
3.906934963291420530e-06
3.987421421609872854e-06
1.299885976525761133e-05
8.966653388174411661e-05
8.425810826269928286e-04
3.460937770920629718e-03
2.819951983872919996e-04
1.315559076237420564e-05
9.237719249000874488e-06
1.302348695050999536e-05
1.453259233070461401e-05
2.425463609687527166e-05
1.645838157437988101e-04
1.848617156177433443e-04
2.802918319310150207e-05
1.151148196002048932e-05
6.790034187602893305e-06
6.377126599936940340e-06
1.109956888463574713e-05
7.917425447620208832e-06
3.903106838255117409e-06
5.107213932034644627e-06
1.509725806842217668e-04
1.341915659910555142e-02
4.381561997461667912e-03
3.764304882619768153e-05
4.407988228344578136e-06
8.448198045363214783e-06
1.840337596299794679e-05
1.255778331176152674e-04
4.598578498335613093e-03
3.401384122290835362e-03
2.825005914933523266e-04
2.730783282068321039e-04
8.100794460464280178e-05
6.286296400623958948e-05
2.990743346910927419e-04
6.898170111157413424e-05
5.909831510399169251e-06
4.255041515353975764e-06
6.168844413975499918e-05
4.371938025428923416e-03
9.049507721459333284e-03
2.694510400871498327e-04
1.177296164306188472e-05
9.020072354143637014e-06
1.127458625472189476e-05
5.460082434411541515e-05
3.411588461640713190e-03
5.692370105949189074e-03
1.080904613196122938e-03
2.538673127495246536e-03
4.496319141150784235e-04
3.229493995898761625e-04
3.089967910740260004e-03
3.403893545947968540e-04
1.151507937172343634e-05
5.695291144967969327e-06
1.409216211533563961e-05
1.772241092516643789e-04
4.158965359878832174e-03
4.599400147360296724e-03
1.465786446413107011e-04
1.614788809717226229e-05
6.321043125813239477e-06
2.327260835714118630e-05
2.386816745163741413e-03
6.256773313159685879e-03
4.050558246560671512e-04
2.235259995180313014e-04
5.641745901421876363e-05
6.401438690875975153e-05
2.856040832658431798e-04
5.560026744673738042e-05
8.644045735716121619e-06
5.853329943654162085e-06
3.855901853624286631e-06
1.064103120477866168e-05
4.579896109373665148e-04
3.250363966626458167e-03
2.118092245381517210e-04
1.873382742280891038e-05
6.961850556855499887e-06
1.054282249017749861e-04
1.556492863449788697e-02
6.678622306888385741e-03
1.924223971897848955e-04
1.936752063775247479e-04
1.701655381984493837e-04
2.387181621393140061e-04
1.082732922657569637e-04
1.121928638225435916e-05
6.338238712682261715e-06
6.885256014357811983e-06
6.074813305270722037e-06
4.290510488300739318e-05
7.979851874881459641e-04
3.101005778540271091e-04
1.353451115409232933e-05
7.056014210530879127e-06
6.525304072495003903e-06
3.124315687647471096e-04
5.217255120527089507e-02
6.617254446764621323e-03
7.176516453222573592e-04
7.520597949109023538e-03
5.611099579320735081e-03
2.768448128458898642e-03
3.191614607928913000e-04
1.403244817343958876e-05
7.749782838731843779e-06
8.172275300676416223e-06
1.177979958953401907e-05
3.963987492166942813e-04
1.551542837368017659e-02
1.417480261698676660e-03
1.668158111911441583e-05
7.417980050613435036e-06
8.864723731748195022e-06
2.436425166870535440e-04
2.374210959525489828e-02
7.269217934462491454e-03
8.743176817795864520e-04
3.134672777850391109e-03
7.836663152621906221e-04
2.005009206136871929e-04
5.632551621743790964e-05
1.028325660584362396e-05
9.327426290731911977e-06
8.419678984010846296e-06
4.885294031722016493e-06
2.890523944324106459e-05
1.459610049277413170e-03
2.692347768180369891e-03
1.145891039380261242e-04
1.811405798336285502e-05
4.232670344332342162e-05
2.391754188273263358e-04
3.099021827507431048e-03
5.531165711447687434e-03
4.857459611392261423e-04
2.419962937859472215e-04
3.769812860050859079e-04
2.913643004732961576e-04
4.560750269771421048e-05
9.187325199968833468e-06
1.005716329721001016e-05
8.820993440592894940e-06
3.555337303934549214e-06
7.475282080529068247e-06
2.088215711993237733e-04
8.928469678571005451e-04
8.703079043625387007e-05
1.569398392946975054e-05
2.538783111380726876e-04
2.888580034171462068e-03
4.627606919488195907e-03
9.182770214421201102e-04
5.489325473302958950e-05
9.623791284288782052e-05
3.851738281781796631e-03
8.000179330372883188e-03
2.264665995618155697e-04
1.378927523277240447e-05
9.734273249274019360e-06
7.076555072671214964e-06
5.228320064309569712e-06
5.720916620390458261e-05
3.440598320673600528e-03
4.077245931046793656e-03
1.055356813314485201e-04
1.442466462423691992e-05
4.220815430233275839e-05
9.207349582703072731e-04
3.092938635669705612e-03
1.470560391419189095e-04
6.222452211900576974e-06
1.449702441360993975e-05
2.654314387569182759e-04
4.186059017324669155e-04
4.519642890274875154e-05
1.033787466450564833e-05
7.799268416919869954e-06
5.002800213033147379e-06
1.235565631875524281e-05
6.220974557922299714e-04
1.891016511167019701e-02
4.330262591871800355e-03
8.465017849754038158e-05
1.619825451790327727e-05
3.639436972412082069e-06
2.830716422580692248e-05
7.016577196419888571e-04
3.448369774190959127e-04
1.848371856223396484e-05
5.902741132824649213e-06
7.289311968910767128e-06
7.517195432218120460e-06
6.944496276942545869e-06
7.796615412613062572e-06
5.576991456720580729e-06
4.968349440345052553e-06
8.817761222297452550e-05
8.306286907207756365e-03
1.279362110600918735e-02
3.088079684525671365e-04
1.694905567154410251e-05
1.349558752094851814e-05
6.509724504086343641e-06
7.002081794002582005e-05
4.320562365062441228e-03
3.617929239330853943e-03
1.023769290953246253e-04
1.092524432815940556e-05
6.544222567084396854e-06
6.820446953049311210e-06
8.670819848426772528e-06
7.493068075590788342e-06
3.847811461575064004e-06
1.167220176741740088e-05
7.667554874736956733e-04
8.645298198125631398e-03
5.054341037420219439e-04
1.230322248911052335e-05
5.416119841976850051e-06
1.385749086280346579e-05
1.810435194771788510e-05
2.239250493683168431e-04
3.807643474573030491e-03
7.058225433107210038e-04
2.584108477319018213e-05
9.346566781704833160e-06
1.163248389277810101e-05
1.281595130679516061e-05
1.025635438390406958e-05
5.565742134163862421e-06
4.106096213908504757e-06
7.730073006004153620e-05
1.253363674636299649e-02
9.781475177536001070e-03
5.848882609781795930e-05
3.464502627679736245e-06
5.659615891975129034e-06
1.763060063548840692e-05
1.694947944372127244e-05
4.282263193423018182e-05
9.708943929309635690e-05
1.872268714347219288e-05
4.197071346368098543e-06
6.198335286150023836e-06
1.042053076563636581e-05
8.087633891695018154e-06
4.213034059175197046e-06
8.404397722233120777e-06
6.542461086959570037e-05
1.049341966082541081e-03
2.228166978009810811e-02
8.396117899042120081e-03
9.616052185931503959e-05
8.348755489521225335e-06
9.891797203729784966e-06
2.035797866148833073e-05
9.720118832448867356e-06
5.652913451477842095e-06
8.546540296785668685e-06
8.026279302177525624e-06
5.220146345344290184e-06
8.299003938182475637e-06
1.044964574864670988e-05
5.806354061773127751e-06
2.397734948390409840e-06
5.566126627305070860e-05
8.877114841288911984e-03
7.985115772468390563e-03
6.185414456920121720e-04
1.443415265989820369e-04
3.414066613787228831e-05
1.304952953936169224e-05
1.308070135740924113e-05
2.045725456665906398e-05
6.479093783609982666e-06
3.886196283947891193e-06
1.722399620069590062e-05
8.500316451677976924e-05
4.953042156196590630e-05
5.529502383265775585e-05
7.759334365603757393e-05
7.494835213411439004e-05
4.758563217421252033e-05
1.391757904957331054e-03
3.038311123444984233e-02
6.773077275823407694e-04
6.561272149486706669e-06
3.688593746772642815e-06
8.449237310521778605e-06
1.168374201226039315e-05
1.352329616360335378e-05
1.977091575271949970e-05
3.144891531481165068e-05
1.631047422941476327e-04
1.128879080111247664e-03
6.867389091849877315e-03
2.606222621956857163e-03
1.779509653737808977e-03
2.581263984995002970e-03
2.081772871209920574e-03
1.416160956176966889e-03
6.673882934825351582e-03
1.179019239534360997e-03
7.023710781763729183e-06
1.040007514053484137e-06
3.281238968012069301e-06
9.868382553959035224e-06
1.343616108881822332e-05
1.455559245293156616e-05
2.045252375633787429e-05
6.287016145894541545e-04
3.474639825129750142e-02
6.865268620196764149e-02
8.190648256269360272e-02
2.619283907239496403e-02
1.036757014816389044e-02
7.597287985216980358e-03
8.735213101445883296e-04
1.511957159035618467e-04
2.557706705058092399e-04
3.324962817884598309e-05
2.204407202426759014e-06
3.406799037263233210e-06
1.276509065833024774e-05
2.076233590635312280e-05
2.064926936341694917e-05
2.061727932895939306e-05
2.700802522855658540e-05
