4.815490559575471966e-04
2.304327415561117313e-03
1.128520504985758982e-03
3.304801017665332744e-03
4.396365031637904271e-03
2.633987127087569161e-03
3.048635035875341928e-04
1.190156561653681863e-04
2.492986280534774542e-04
5.132683759935143919e-05
1.295515055085017506e-05
9.961473669758472613e-06
1.153284199260197256e-05
1.837887359410105278e-05
2.320224113715220674e-05
2.376671370097959779e-05
2.443648783530052112e-05
3.461791848061908654e-05
4.261375011558484041e-05
9.440985380319446933e-05
4.999681658596684961e-04
5.125210322454992230e-03
6.502165133454583827e-04
6.012193065249371105e-05
3.784199266923297212e-05
3.002858371823981286e-04
2.275886001623181158e-03
5.559012816742336634e-04
1.362117627475554246e-04
2.381725774715456144e-05
8.199490188868625932e-06
1.047637118734681760e-05
1.121884385579281903e-05
1.225307958109994225e-05
1.549098350541445765e-05
2.539829990460807147e-05
1.477428949772478964e-05
3.206023918144804553e-05
4.895175786322385550e-04
1.447583896231696612e-03
4.290761438087245142e-05
3.159324842488584788e-06
4.381931513338796867e-06
3.100347512471570186e-05
1.898940616748545358e-04
5.711608994326610811e-04
2.128746072999043813e-03
7.440648995924649834e-04
1.294000772865528640e-04
4.291037723906736381e-05
1.054123496463415934e-05
6.114681975570936234e-06
1.007480682160967203e-05
2.306139752112928664e-05
1.417514000429217373e-05
6.962233575293396489e-05
2.274577650080473242e-03
2.482540600290164025e-03
5.291206405547579879e-05
4.980331235513140502e-06
5.256784527885523497e-06
9.107592229606568262e-06
4.193549689331246355e-05
4.369042137135815572e-04
3.592055861181277579e-03
8.009844759245161872e-03
2.127624863718138078e-03
3.730707658738016924e-04
3.898508443320246824e-05
4.783180913723028075e-06
4.406371838006531875e-06
1.378451934029036392e-05
9.374920766744791796e-06
7.089839699902065085e-05
1.752097597206118962e-03
4.542954626584816348e-04
1.426670378779954870e-05
1.524316943671058748e-05
1.256307712508998977e-04
1.665246456581724957e-04
3.292000934386157644e-04
1.520164718445547042e-03
2.841857713498741576e-03
7.225215397540365320e-03
3.879316406382152162e-03
1.971369353213102155e-03
7.296597046737772442e-04
3.445522292885816825e-05
7.911840695185003985e-06
1.193230644057515035e-05
1.576476714473134906e-05
3.306141883725675066e-04
5.110383720072420553e-03
2.100020029342926874e-04
7.724835157709726875e-06
8.420058482661024876e-05
3.638565191619810586e-03
2.589015687643772285e-03
8.283143390932545857e-04
8.072489295416330037e-04
1.253401999680028986e-03
3.686170543485516038e-03
3.453251110054002433e-03
1.890012678489483072e-03
1.677216668007696938e-03
4.544498813103882732e-04
2.641396367510553522e-04
8.498129897359024752e-05
1.649414258662633203e-05
7.779700511505407870e-05
4.769955449863151598e-04
2.660181586892231931e-04
1.710016227056424464e-04
6.617035910978604678e-04
2.233118406130691225e-03
1.995150153009393572e-03
2.085035951328777313e-03
6.788080662337885648e-04
1.040041112939688430e-03
1.861492846318934602e-03
9.246700789122439760e-04
8.025468651605916154e-04
6.253300049279351264e-04
5.853023367996537055e-04
2.054318488419302688e-03
3.598195984722028849e-04
1.056107904183750730e-05
4.727130899993888538e-06
2.053896107831201204e-05
5.390527989310205581e-04
1.922897024787585197e-03
2.754956474904096003e-04
6.007097891403465046e-05
2.921334990155729800e-04
2.579940149269568245e-03
8.540352520217609411e-04
1.695031110635354015e-03
1.542269899982024210e-03
4.142229578984855812e-04
1.971489486533647886e-03
2.693470197274207712e-03
7.536332564779017144e-04
4.160813011641573632e-04
6.558844918690296072e-05
1.136296921631534149e-05
5.498666944842636762e-06
6.642976715432297424e-05
3.012942192653802424e-03
1.562644048651767696e-03
1.962309520401211529e-05
2.743223679511085573e-06
1.983693391615918753e-05
1.275949836157715947e-04
1.526043424519826558e-04
1.662030428270098959e-03
1.779611249709728976e-03
1.381350456472411458e-04
5.067350542503856704e-04
5.224345308834262014e-03
2.261685372999853484e-03
1.186599773239738962e-04
1.544041351036071289e-05
1.326959345123769019e-05
2.652598948956573765e-05
5.286610884166123960e-04
6.609827034918449619e-03
2.890577028120940115e-03
3.950474305085856089e-05
1.619254736211871341e-06
1.934048823680530625e-06
5.437886356193523431e-06
3.862490506792972875e-05
1.713060275911255622e-03
1.765187960922173305e-03
6.198764405631775997e-05
1.236315754308144033e-04
2.245396316105664845e-03
7.094423634636138221e-04
2.595479691719810726e-05
1.069991710259237866e-05
1.036554572304925079e-05
1.582269537204872951e-04
6.224621178418100233e-03
9.404558730494803898e-03
6.525959645990319843e-03
5.950318852849976418e-04
1.053426959157500366e-05
1.931496388769928045e-06
2.774174037733795440e-06
3.062789646516723274e-05
1.883910887361993488e-03
1.596085493262007536e-03
4.198891483721118559e-05
3.298613837687581373e-05
1.943118288779460874e-04
6.838621547909092902e-05
8.598211846676021326e-06
1.030349135701774915e-05
4.397605802410246559e-06
3.223368533438071819e-04
6.959728762526962154e-02
4.602486843226906432e-02
1.568602710745807885e-02
6.024314807945785159e-03
6.070813204167089909e-04
1.778962170994184179e-04
1.328038356915025393e-04
3.819713489732608170e-04
8.959729178961753013e-03
2.121599805038934874e-03
1.658695214999571235e-05
6.310973372912251712e-06
5.870824450438960916e-05
2.247547861545480595e-04
5.112325755648648528e-05
1.685548289029875890e-05
2.999567169477689590e-06
3.068925886758504316e-04
9.808816155664067116e-02
7.117860102168813152e-02
1.740852462492641431e-02
4.952617963445106117e-03
2.260541467546404396e-03
4.025439223542861752e-03
2.393905145879644727e-03
7.072258968261846239e-04
4.091987953432323598e-03
2.078827714442167424e-03
9.536687063896986244e-05
9.724827146980361491e-05
5.428256219412297802e-04
2.191857893608732330e-03
1.836103266100196953e-04
1.271269684818089898e-05
5.225116941947968464e-06
3.533734020898603558e-04
6.149272685572570313e-02
3.014339223473790769e-02
5.161158496563528035e-03
1.106123393761701502e-03
2.096916241730890776e-04
2.287315909636578406e-04
1.362789357768892846e-04
1.502126626883417467e-05
2.375634460150678171e-05
1.395089816670354408e-04
1.260339317165414235e-03
6.202990095675681159e-03
3.508685882551100879e-03
4.980788108447893776e-03
2.471491573451847887e-04
8.315942617822258274e-06
8.634238184371005386e-06
9.899745887331831814e-05
7.188499803972871020e-03
1.001404147617112467e-02
3.164647075282965658e-03
1.575365657233258714e-03
3.227313282061104933e-04
2.595805137304977358e-04
1.132192130569656396e-04
6.353716280028681825e-06
2.396198119608558533e-06
3.952309503008531001e-05
3.391973064305230795e-03
5.854396114379080418e-03
2.480085962954669057e-03
7.837129573186557216e-03
3.738497942596026320e-04
1.117621987382220071e-05
9.406368405044361557e-06
9.635312661295295138e-06
2.983629771873330997e-04
7.559098344635951927e-03
5.319145104863047015e-03
6.538150382546887782e-04
3.985467036305041246e-04
2.729751888962319000e-03
3.267872791453845828e-03
4.859631641513317509e-04
9.472847159242487908e-05
3.171793539351303428e-04
3.410563857633532037e-03
1.423666991800595725e-03
2.676309975105066550e-03
1.638548845135464303e-03
2.600814440266000467e-05
6.019631392413781826e-06
1.117453212864753550e-05
5.299549494399941014e-06
1.541513811237618583e-04
7.321881715854415378e-03
8.395959925821349203e-04
1.991001712771069530e-05
2.486269550170690964e-05
1.398768467575909789e-04
4.677683421944445717e-04
3.088829286000695749e-03
2.795200557691303149e-03
8.163703144776894051e-04
1.268370560530568576e-03
1.931300896398958694e-03
4.840005249083633582e-03
1.671335313967451568e-04
2.472248509884589028e-06
4.988712606252765191e-06
1.015027737579368408e-05
5.420226963683023524e-06
1.412682037644394340e-04
2.399852139885930592e-03
9.948129273354469864e-05
1.802028516006316878e-05
6.050459754059265118e-05
1.563147285193112644e-05
1.277120607750919865e-05
2.726772014341723800e-04
3.477789581602528952e-03
1.524238499792149532e-03
6.187958397546646774e-04
3.110636814557079730e-03
1.405504649262504131e-03
1.279682202396503817e-05
1.669564219281840030e-06
1.016531007525577189e-05
1.216293061051029322e-05
7.089249408141579340e-06
7.314325075485585874e-05
9.853449180507668943e-04
1.110104942509441094e-04
2.733220421238971944e-04
2.803481840252657845e-03
3.559739028027517072e-04
3.125979466388654018e-04
5.992515335010820425e-04
3.408324095258632048e-03
8.036724955510235469e-03
1.539108810991762864e-03
1.282830714728189561e-02
7.766580103775725351e-03
3.672504846748356482e-05
4.174962930717969523e-06
1.618428190439556163e-05
1.053620005441388563e-04
2.114627884335601004e-04
5.823069923560097484e-04
5.620342755807670315e-03
3.640035356311636678e-04
2.026969875484026034e-04
2.523250477250782615e-03
2.128528435196883062e-03
7.828760248179826228e-03
6.756504146181822705e-03
2.558933645547053961e-03
3.363114059054244515e-03
1.057711706083359774e-03
4.103035453165982706e-03
9.702297663068328026e-03
2.294348198095491978e-04
1.325629083519939699e-05
1.934708979056706763e-05
3.624355156380750257e-04
1.662273258764799871e-03
1.005302041736061240e-03
6.941955013283604772e-03
4.086739297503144122e-04
2.509223974499826416e-05
3.433968719915575637e-04
2.519339180774826312e-03
3.111985404946219624e-03
4.260137837461325759e-03
3.821349399947172529e-03
5.585905575373527852e-03
4.795399161693268686e-03
1.428777623704168172e-03
3.273473181369656866e-04
3.674531868429625227e-05
1.088461214692786674e-05
2.004409645823769496e-05
2.081918936231316416e-04
9.682091927472749951e-04
5.338716907739432527e-04
7.156021990574260028e-03
3.491163012141365422e-03
3.208353275022393582e-04
7.806368382867627303e-04
6.042555554308646527e-03
2.810192252928617272e-03
1.714138930926884224e-03
3.894284666253742741e-03
5.393956602129311786e-03
5.244894449717882670e-03
2.173797872948527582e-03
1.440760243271577818e-04
1.203405953315149540e-05
8.754477465580964322e-06
2.148479223140102858e-05
3.110030099714971154e-04
1.672048586705300426e-03
1.016393257724103978e-03
5.195418629866149079e-03
9.051064949942089558e-03
5.034045275052055797e-03
6.828463085577926800e-04
2.654767163118237710e-04
3.284724526239394225e-04
2.154056987429235279e-03
8.026872351840104794e-03
6.249782099989215642e-04
7.180991758124132495e-05
1.444611391681750560e-04
7.487928684863663967e-05
1.378444261518383051e-05
1.105234295642141881e-05
2.284177431335554026e-05
7.337623635848918751e-05
3.566433365342919367e-04
6.305244253791104448e-04
5.399922621912500373e-04
1.732970685001409346e-04
1.894981642293748036e-04
1.665093090223669550e-04
1.348688250544456452e-04
2.129567520153039634e-04
1.859055467733344760e-03
1.250969678331515953e-03
1.934597991932032461e-05
2.638296567346205389e-06
9.272122832086858514e-06
1.816192284258448257e-05
1.308435748636321512e-05
1.372448236746476586e-05
2.411312866626803004e-05
2.037046255942237156e-05
2.380271387550543516e-04
6.539850390819234444e-03
3.312973346450929016e-03
5.806076836837514778e-05
1.723849906582982345e-05
4.648013217433374141e-04
5.925677203328769474e-03
8.373266797948160324e-04
1.365060835714691865e-04
2.142787409337717044e-05
3.015263597189573743e-06
4.145301389987158241e-06
1.367960341836088408e-05
2.171731634305970745e-05
2.174666880986699362e-05
2.343131556280770260e-05
3.484301088524991406e-05
