4.477964730508303122e-04
7.213244993786665539e-03
1.196590186649085057e-02
1.520822222876121003e-02
2.755519187224679447e-03
3.435892467966996603e-03
2.542532754886102104e-03
1.462553532184906720e-03
2.124373535615804568e-04
9.323184055253950028e-06
4.326746886817142473e-06
7.886674581344394524e-06
1.223304713323040673e-05
1.624245632890556197e-05
1.936175393135672001e-05
1.953606594905860628e-05
2.027112588177799632e-05
2.956101134675769113e-05
5.409650024364821364e-05
1.567188030543700339e-03
4.294504129181131273e-03
4.990303609264294150e-03
2.343134457546257581e-03
4.220598925709992920e-03
4.327219324766053664e-03
1.013852919539076159e-03
4.469553289063127950e-04
2.770592380219173527e-04
2.347712995073658409e-04
1.114011290362070390e-04
1.667489313955282113e-05
5.943735466211439814e-06
7.464227948442364430e-06
9.007202134953251130e-06
1.068866991166178986e-05
1.991909018227383958e-05
1.562638113702051446e-04
1.643130003004199344e-03
1.135530142765682786e-03
2.235946925103231373e-03
2.434085571937026713e-03
3.365480974833368771e-04
1.357338898394417649e-04
2.247442080725392348e-04
2.017075883444574991e-03
8.470516477982834719e-03
1.495696237357226933e-02
6.043536481778619997e-03
7.017724906271870732e-05
4.325943925072718143e-06
9.314880961327469958e-06
1.042819290540783826e-05
7.535715195154120897e-06
1.611519029722174745e-05
5.925911924363954237e-05
1.793427135318309562e-04
6.757295378227617705e-05
9.740363654131954803e-05
1.592222117400868232e-04
1.430334364707938854e-05
5.615538730664936483e-06
1.746695320432489461e-05
2.821207694007467977e-04
1.580681069729318253e-03
3.500883698852177289e-03
8.703996785629492319e-03
2.873328212089721408e-04
2.420259604433008598e-05
1.951114732612955322e-04
9.425903554962270056e-05
9.708567231723564265e-06
1.335501679875976249e-05
6.394489169031864880e-06
6.897985601482158546e-05
1.521752245290937215e-04
1.072185854776018678e-04
3.065949337058758396e-04
1.064810993474440889e-04
6.646697442883092906e-05
4.126036510389522474e-05
1.658266134861146322e-04
8.835027230127825504e-04
5.101014092176835027e-04
2.692758503746744796e-03
3.249199404024344286e-03
5.831468033408701611e-04
1.662303057536050751e-03
3.058920231573250613e-04
1.261673112571303401e-05
1.305782836586748797e-05
2.026749559075376596e-05
9.256066607061961757e-04
3.731631038553737036e-03
2.191769599737514087e-03
6.353522361139726966e-03
1.783575924657200768e-03
1.383338799119709656e-03
6.207313225599360267e-04
3.665306790355553801e-04
5.168626181402924099e-04
2.865584761736669197e-04
1.057002180313702799e-03
1.338639513615470442e-02
4.272622572211588234e-03
2.754097670127919357e-04
2.123025963042065957e-05
6.071381746294513854e-06
1.451073429086754758e-05
1.036569540684886392e-04
2.010607061511645362e-03
4.873108682123415171e-03
2.552381362823513255e-03
6.886342383339432187e-04
4.559922942550101904e-05
7.350804205183324928e-05
4.846935925748277647e-04
1.329858590801741682e-03
1.891417896098935561e-03
1.179991546884357487e-03
1.934309334748289251e-04
1.118642161050656956e-03
7.921963080180186023e-03
2.110136445341342557e-04
4.148025696559855709e-06
3.570534342032044750e-06
1.624712874753955156e-05
2.624630578465169485e-05
3.811875346238860224e-04
5.320178116955835701e-03
2.571577290718536288e-03
5.403627467977061683e-05
9.793402790949420036e-07
8.855666262910750352e-07
2.085297770439320761e-05
5.047698480966389964e-04
1.747082407816879504e-03
5.434360660553610566e-04
1.429895490156192717e-05
4.852179091773216443e-05
9.262763860368790347e-03
3.559596645577911816e-03
2.916861288926713829e-05
5.999945012946839846e-06
1.721040630771641762e-05
6.483044772054556342e-06
2.330716133219712589e-04
9.750962120010663037e-03
3.271992494218898921e-03
2.471304504740174366e-04
5.422418491382680391e-06
6.656401028617415912e-07
1.231182086560469618e-05
3.890988584780441257e-04
8.121354499254263047e-04
3.509606607522670701e-04
2.122646722686715367e-05
2.193306849930574701e-05
2.974512981739190279e-03
1.129663791912615539e-02
1.226590578429475600e-04
6.573799768497650135e-06
1.386480249725075464e-05
5.159836334942842547e-06
2.049924009096469298e-04
7.189638593941627583e-03
4.574701240168807179e-03
7.805456809693920098e-03
7.381493039579543024e-04
1.575664309058317909e-05
7.750305894655001317e-05
1.786107161045072346e-03
2.955073837721989768e-03
1.901056808182514110e-03
1.114873345249371413e-04
1.161768570022934515e-05
2.686961280984228369e-04
3.959373105350882070e-03
9.816557692698396208e-05
3.563024831557480233e-06
9.110905790179794095e-06
3.145472068888455081e-06
6.799526395034256898e-05
4.325799662536970562e-03
6.299750584933609156e-03
8.900906857476562073e-03
5.389392146802562955e-03
5.037731479354604341e-04
1.214629930921771474e-04
3.756501818607387044e-04
1.161681989082846787e-03
3.416419146501181270e-04
3.086303212169555455e-05
8.260791005295612006e-06
9.499388485709165482e-05
4.456244573353865951e-03
4.190354955421858466e-04
8.082649259333866913e-06
1.009065076643794497e-05
1.249855402662069892e-05
5.156100073916480625e-04
2.376635354978620662e-02
1.944048510428758939e-02
6.211518960189109720e-03
2.644461073600292821e-03
2.226893535880629122e-03
2.374972416443377383e-04
2.050162701350229154e-04
1.356224201183110810e-03
1.480774403434700600e-04
7.407802080378457586e-05
2.600391195296389486e-04
3.013120052356522754e-04
7.213122747842201990e-03
3.003112959998257593e-03
3.553022918860999197e-05
1.513340019087297235e-05
3.563707122864882463e-05
2.574574228573173456e-03
7.016681179548145408e-02
4.854695148521297882e-02
3.269556663451556738e-02
7.263055594850722531e-03
1.903548014649184992e-03
1.224771226232677273e-04
4.732087445103428210e-05
4.709247489126920671e-04
2.787408621061346673e-04
6.152544171998316222e-04
3.671797594917548466e-03
1.484641984785209845e-03
1.684012727968763404e-02
2.773970236767899725e-03
1.476491575172785196e-05
8.593964289447696467e-06
9.002632627222213887e-06
6.275787718628912572e-04
5.330294516370360364e-02
2.869316933280346288e-02
1.328654238377290076e-02
1.084369707787737926e-02
4.317637141709298847e-03
2.944140536733037068e-04
2.698480648114683281e-05
1.971684583029993990e-04
1.978896598745019664e-03
1.155540267090533540e-03
2.451333746804532478e-04
4.501368741108288185e-04
2.141627436836657239e-02
1.494535746339337298e-03
6.627264907625022143e-06
6.069678418416381860e-06
4.572583058380146920e-06
9.395128284293224419e-05
4.213175103311988731e-03
1.045953294240404771e-02
1.404952006712586327e-02
5.705314838339741769e-03
1.219998212917631185e-02
5.156598307642776789e-03
8.965360706511001738e-05
1.055221541596942030e-04
3.217033201521846304e-03
2.023475269040237844e-03
1.434866806937714105e-04
6.212731919660678106e-04
1.728532738093908547e-02
2.034415502491201348e-03
3.356348277349099435e-05
1.656005442885151918e-05
8.336748579536051878e-06
6.962559220773265284e-05
1.258145374010946355e-03
8.214406425449804344e-03
8.781897719656065956e-03
6.541747363354468141e-04
1.778046860271453172e-03
8.439052992387244484e-04
9.166620663274805154e-06
3.938163374036232851e-06
8.179162264946718611e-05
2.991211453694068989e-04
1.875626856867310317e-04
1.547747666000183096e-03
5.228308086723010804e-03
3.230380357445607870e-04
2.223568644656977931e-05
1.908686119388854720e-05
1.883608474824634101e-05
1.693275601975139332e-04
1.711138540516069255e-03
2.978764397370373216e-03
1.293528102013803390e-03
9.587204418278077209e-05
6.105192710275938550e-05
2.498390575057789383e-05
2.556841037486616107e-06
2.013447095133698556e-06
4.816243758062135904e-05
2.922949238624311815e-04
7.728593595354466429e-05
9.516631234434091936e-04
7.180976758623310377e-03
1.884895199810395264e-04
8.843935841352840079e-06
1.302447925574300228e-05
1.779578700137766966e-05
4.401653055902009150e-05
2.563406622122625937e-04
1.775993355505474684e-03
3.935836460793815279e-03
1.985581919558498888e-04
1.748451738893408509e-05
5.093461096151068933e-05
1.360484344327005026e-04
5.047701614859906430e-05
3.356029753643185033e-04
1.388193476580545666e-03
2.570045205631040375e-04
3.531189125912466333e-03
6.663448513137994536e-03
6.024654744234923662e-05
5.465433678490891796e-06
1.379961738041192644e-05
1.047609639317753249e-05
6.920665469168819244e-06
7.569298418602048823e-05
1.472913653920343829e-03
9.947556952163542649e-04
4.875830375218702785e-05
1.016394551013564081e-05
1.706999091794066060e-04
2.149321446416396948e-03
2.014045330582212869e-04
1.148841156172821529e-04
5.427292945487035029e-04
1.530093548987273991e-03
1.282937209660301239e-02
5.582433206653927187e-04
3.869448908734036766e-06
2.981990595560053391e-06
1.601639010412205425e-05
6.879220591329400076e-06
3.410631822473103933e-06
6.577534790391228927e-05
6.426459199464945897e-04
1.905213406432108511e-04
9.467191450003135413e-05
3.191151089209276395e-05
5.720151609606051056e-05
2.346099689854435223e-04
2.377231349890636492e-05
2.799583675552935592e-05
2.272117574779261660e-03
1.511939212396603768e-02
1.137560724704681165e-03
8.184649848005771619e-06
1.035690686547669671e-06
4.159840570656045614e-06
1.945172399110704965e-05
7.584320913098140954e-06
1.777478313422457603e-05
7.320683719184100215e-04
1.753975265980366920e-03
6.708317004108404254e-04
1.835699664797349863e-03
3.023153873629289457e-04
1.015566538206519852e-04
2.368236873731905312e-04
1.781062699056174808e-05
2.726245451049884546e-05
1.004633683363479087e-02
2.052408690371683789e-02
5.307667396475630256e-05
1.072192089077232757e-06
1.954911007452278245e-06
8.891006814862473115e-06
2.177485242427970033e-05
7.465012528781636305e-06
1.477841869407030772e-04
5.103826522058946095e-03
5.813127611420466955e-04
8.600459774068042380e-05
2.176952438747699965e-04
5.458310766805386403e-05
8.782449525513756432e-05
1.528174965586992506e-03
5.676834930265536438e-04
4.765841630500270961e-04
8.366062249580218102e-03
8.479776882378921082e-04
5.095718171695527692e-06
1.733433060043096468e-06
6.412852636495685978e-06
1.347762919218851348e-05
2.119306648112756429e-05
4.249500538289441085e-06
1.813040076847658257e-04
3.331329760023376326e-03
2.288253942865907549e-04
6.697361028637289408e-05
4.775146228443901135e-05
6.271232888915682494e-06
2.688775537842719260e-05
1.967772039628498844e-03
4.930128774234035158e-03
3.157747515315412114e-03
2.761374094072022341e-03
6.507092109616080934e-05
2.482776603757957388e-06
3.956806191335272660e-06
1.095206926413658409e-05
1.362648322381342238e-05
1.950830299088755426e-05
1.623551935688484634e-05
6.256599811262176852e-04
7.672930975758399108e-03
4.387358305701946452e-03
1.820463507480438343e-03
1.278238964953085164e-04
1.246769439519121702e-05
1.563872771298870372e-04
4.362691628755718636e-03
8.255896102490659604e-04
8.724928405419669962e-05
7.784482078227809008e-05
2.012572553524808266e-05
6.203602334916960162e-06
9.077386243474505184e-06
1.298862919686978686e-05
1.325365687841526839e-05
1.966899765449615063e-05
2.385413772670464793e-04
2.059258042006667250e-03
4.667321810610894697e-03
7.769783959368088168e-03
9.225947550516129178e-04
2.028342866666013689e-05
7.787992296671802816e-06
9.713078213413508643e-05
3.767287720855383546e-04
2.336664482422324231e-05
3.470132372913601412e-06
8.698565759467673166e-06
1.682104153674334116e-05
1.776167709758374202e-05
2.004262552753441863e-05
2.015304588721651021e-05
1.993896349514881887e-05
2.854384547145304539e-05
