2.019858894900839765e-04
7.178518937671750193e-03
2.827625882288932815e-02
1.771100245551480989e-02
3.552498014308799225e-03
3.174025927241327363e-04
1.219750730187348542e-04
6.318869692388361234e-04
2.836683434424952174e-03
1.521842942229037769e-04
7.264614314875458438e-06
1.394900230664422984e-05
1.848065440160647730e-05
1.047316126068729992e-05
1.354558452226716852e-05
1.859283631687299378e-05
2.296825134618855321e-05
4.071149148454272429e-05
1.796596549454966085e-04
6.302576911357641101e-03
2.259276685141396734e-02
1.462784755656320462e-02
6.791451832134503229e-03
3.455714181179987601e-03
3.040205685170783642e-03
3.232239383579367086e-03
3.689153731464651139e-03
5.697949306308393042e-04
9.841280380155821041e-05
2.169969145604876788e-04
5.518497067861140185e-05
5.943175305611522008e-06
9.386405593431143047e-06
1.173170856155162754e-05
9.320320252228392829e-06
2.181252114524733521e-05
3.094955338098172217e-05
4.967965713407214564e-04
6.004661297708294328e-03
3.095995928336013787e-03
2.925301821210253930e-04
1.251010597220712220e-04
1.586698740335379095e-04
1.261254894178560849e-04
4.079013793731190297e-04
4.850327084771049319e-03
1.298690801996285442e-02
8.123000454688188154e-03
8.781718736328484286e-04
9.029728614571906435e-05
2.867163396967778791e-04
1.195251157437362014e-04
1.122394418871599781e-05
1.647264928375089365e-05
5.614124747953206247e-06
2.532246228538788995e-05
6.645922504427351088e-04
3.998072557592004554e-04
8.843706088361910690e-06
2.514325520579957150e-06
7.803842420621553486e-06
2.264011958941424156e-05
1.426557577085115977e-04
2.721846652308727854e-03
1.352458436128278936e-02
1.183313788629868774e-02
8.526737632891835672e-03
9.989798761815052702e-04
1.592348509756663037e-03
4.270856541432183876e-04
1.617046856477833636e-05
1.663379377843852926e-05
7.069208632813348972e-06
4.287476912454553591e-05
3.090307333183557603e-03
3.575508041821326161e-03
3.365813756861831668e-05
1.239857828787312059e-05
1.050991906696031576e-04
4.265553243290821027e-04
2.057049553463098732e-03
2.918206963224844516e-03
2.222330710280088009e-03
5.465083974891872878e-03
2.710584939428781551e-02
2.455131268701829603e-03
2.036527095827439840e-04
3.393827991251994688e-05
8.286159288352547907e-06
1.905987025844992330e-05
5.069960317717756086e-05
4.926229652598117107e-04
7.109444189700906379e-03
6.024188561383161077e-03
3.924250468144952170e-04
8.639382868435789131e-04
2.054568287755817978e-03
7.777686093409403060e-04
3.717691359726830319e-03
4.654949515531375641e-03
1.450476540857316855e-03
1.501787968496927491e-03
8.462260629657969088e-03
1.498226513149779164e-02
5.744674907322463433e-04
9.981762138197124433e-06
4.097493907832952054e-06
1.830606610213714820e-05
2.429844502256449498e-04
2.175215738476551051e-03
1.342237595986468324e-03
2.105670148186705064e-04
2.323059605014443098e-04
2.369506203679591378e-03
7.486178794392480199e-04
2.018783848435576637e-04
3.390791772291418954e-03
2.777414240089661444e-03
1.029059256479192405e-03
2.935827598532122530e-03
3.228587738381555761e-03
1.237265489500203805e-02
3.091373164813906137e-03
3.263129583649808688e-05
5.157281193418822655e-06
1.556180212637458773e-05
5.621350246857798120e-05
6.184384876340131556e-04
2.333309632031139655e-03
5.678157439410225519e-04
1.223565773188857637e-04
1.107128284052041412e-04
2.496796700926589860e-05
6.591579529882894424e-05
6.321771582780671278e-03
4.329753959152233753e-03
9.480850786558976456e-04
5.181555951188875943e-03
1.429722198531751826e-03
2.019484403933299345e-03
7.131419231384227703e-03
7.191897825995337496e-04
4.352734192015572743e-05
2.436055912935609311e-05
6.883939667357502394e-06
1.871568543881107992e-05
5.861848982483784665e-04
2.301861078955730073e-03
1.856022074002128513e-04
1.099527120025385591e-05
2.096873722368022644e-06
6.898675127876554371e-06
9.266355083472012279e-04
5.506725665239597424e-03
4.929471491761728066e-04
2.027021002360985538e-04
5.855373012043882554e-05
2.632382503410714432e-04
1.176881285029616336e-02
5.411388466492049465e-03
1.135044591833677779e-04
2.368925266981853587e-05
6.949513429840629829e-06
4.065263507915785484e-06
2.561550161480136002e-05
3.604549157447803137e-04
5.947004413839822963e-04
3.944848561343612664e-05
2.254617491822299168e-06
1.424984985193102306e-06
2.221191969273783067e-05
1.795679608663774008e-04
3.430793271687508444e-05
2.580976891250304152e-05
6.147184327906403129e-05
2.557252645332783614e-04
5.636678474578923036e-03
1.588041521180552163e-03
2.191713834655313343e-05
8.875720715010897361e-06
1.893911909069214458e-05
4.827583782873179488e-05
2.020072209865442551e-04
6.259002327067429618e-04
1.733263115327057444e-03
1.701986229390448156e-04
1.030306800208071488e-05
3.140685213221499851e-06
2.669144682979149415e-06
6.621225990245635177e-06
7.840901676880447879e-06
9.442374441884106415e-05
2.719846766770344856e-03
1.290690866626262659e-03
3.013617021730630435e-03
3.755054899929877871e-03
9.470299291281224783e-05
1.462367860837020482e-05
1.677950220631619209e-05
2.632459948034054009e-04
5.568733864200973993e-03
3.868067998519317784e-03
1.066860337780488679e-03
2.404125777005986094e-04
2.737996271367824723e-04
1.176004520348785623e-04
1.570965609473532867e-05
9.496930218871357831e-05
4.363002674037104282e-04
6.856624299523601416e-04
6.596137223233745905e-03
1.988358063165038703e-03
2.560096505777343604e-03
4.285710158292778925e-03
1.575620087429385903e-04
1.886353975493059264e-05
8.112146110504923527e-06
1.559010495514411129e-04
1.540355322650279087e-02
2.182395186723747049e-02
2.132189170874052367e-03
6.101081443186072428e-04
2.585671227481754677e-03
2.889469792115583607e-03
6.786430766000050262e-04
3.881828499307647239e-03
1.153830931131543357e-02
1.503243384507913817e-03
2.422951950263231829e-03
3.436616413111364104e-03
1.035514605825404305e-02
4.257643443214309195e-03
1.873676671919303897e-04
3.663600108724848200e-05
1.258227780352100050e-05
2.424057812470130260e-04
2.368381951691137313e-02
1.779303505934860807e-02
4.713538047605087054e-04
4.411115787159050031e-05
7.428655635816952248e-05
1.285380069049170708e-03
5.898612175803468263e-03
9.252748237085112485e-04
4.386400649960278892e-04
9.356846432272586693e-04
2.498864429494717949e-03
2.419537463180894497e-03
8.210176801188275031e-03
1.484987023145632051e-02
2.616593019399858413e-03
1.826250640571378296e-04
1.306461614302779712e-05
4.144696799820967446e-05
3.636033689968251148e-04
1.454921391290591262e-04
1.060453545611368510e-05
2.080884646093699474e-06
2.389696374126920628e-06
1.170660168412596222e-04
2.466494922937996926e-03
1.924359308330844632e-04
2.236498201388655656e-04
2.618983743663744375e-03
7.661233486901319542e-04
2.033714435688466801e-04
1.118870477720026405e-03
2.232002526249684746e-03
3.456121627732815856e-04
5.842432621163530195e-05
9.589063846994119107e-06
6.712325009162419064e-06
8.635779296196454722e-06
4.838156771279757724e-06
2.731717385720627993e-06
2.135122133348558113e-06
1.480055033858530216e-06
9.661837835477729653e-06
2.898884911891570835e-04
9.255105961920121480e-04
3.295081194244111299e-03
6.290210582864232645e-03
7.135683156431205099e-04
4.846588471634372271e-04
4.390776336210921831e-03
2.092352068158891739e-03
1.804452785235489216e-04
2.329178338309956979e-04
4.063502392359312742e-05
2.083880898143268177e-04
3.050913155090289610e-04
2.666023624797684839e-05
3.994717180117819861e-06
4.753958941434184599e-06
5.681570645778991721e-06
1.934641240904253840e-05
8.832120315314368310e-04
5.405164846456311789e-03
3.140495211979376419e-03
2.171903375876578762e-03
2.028058756911152796e-03
3.156712147804931808e-03
3.048489822641059586e-03
4.357034179572259161e-04
2.387140125490264120e-04
2.771249709486487290e-03
1.215015686441288422e-04
3.211544037753914782e-03
6.191483653900252751e-03
1.697537479479432985e-04
1.178521260241975059e-05
3.851146778710621519e-05
2.523344650971160396e-04
4.673294621068156468e-04
1.621413395949813886e-03
1.334678960721091389e-03
1.751221284643929158e-03
1.020338667586947719e-03
8.169255993270128522e-04
7.694027984434301422e-03
4.493197694689290457e-03
8.898447544772349603e-05
2.499355747512279933e-05
2.543955066583661198e-04
3.157700515306428109e-05
1.804908001376771722e-04
2.768835662993434765e-04
1.675897649567740285e-04
2.937833782958427739e-04
6.454009517652092550e-04
1.359560432549441903e-03
1.110107441103768029e-03
5.951716180568622245e-04
3.350794727434720896e-04
4.163219802022392196e-03
1.868580430693113446e-03
1.241062764929832607e-03
1.342269867938471195e-02
1.288331237532108764e-03
1.128365734298615018e-05
3.355923142421276296e-06
2.222377753802132086e-05
3.044480175142106387e-05
2.536391221484016385e-04
4.414762751875213158e-04
5.214990553674399374e-04
4.539827089979409092e-03
1.731181505804176794e-03
2.075197059192208948e-04
7.227303797312172691e-04
4.679771888232423481e-03
2.449272011691920603e-03
7.665361968019659099e-03
3.593608840388484368e-03
8.493632693216558033e-03
2.128932604050500985e-02
4.813850633562749516e-04
1.124282820411280402e-05
1.595195231390695209e-05
2.414437701477216230e-04
5.019314381054630836e-05
3.036504566153180526e-03
8.934802374410863793e-03
8.048157888648546903e-04
1.872116496826921458e-03
1.500612685494562282e-03
2.593091840483204686e-04
4.407863868053628906e-04
3.201611298622462302e-03
3.342476887635425272e-03
4.099119405767811739e-03
2.295879860021871229e-03
3.928975338740078004e-03
8.641581941919988796e-03
2.100439404998606218e-03
1.577379394789926454e-04
1.766951552456533974e-04
2.846043578995807819e-03
2.829407594748277656e-05
1.495823200759641191e-03
3.863542752128959999e-03
4.320296404177549122e-04
1.260091826091014897e-03
2.633838681769187003e-03
2.515212418722381597e-03
2.817144060942492314e-04
1.000136603444249533e-04
4.820080007553339163e-04
3.140446938878659576e-03
4.768632106454319397e-03
3.495817480394203172e-03
2.661287711855608341e-03
6.126947567145007382e-04
4.973527239730124580e-05
3.526607359652786979e-05
2.770971201961646194e-04
2.647652417555024682e-05
1.861040091534864977e-03
3.379702025979335490e-03
5.908641366186536455e-04
3.475458089063492104e-03
3.821702892444539014e-03
2.040452007560599607e-03
4.936715736452026255e-04
6.343588945580922204e-04
6.193806041232386914e-03
1.217687666175760498e-02
1.284462822696459238e-03
1.762296055400044742e-04
1.121754670315995941e-04
2.874848203885861398e-05
5.926791046096393697e-06
5.639000827421997173e-06
1.917625020747882095e-05
2.400873644878643903e-05
2.393192181913016050e-03
8.341379121285316320e-03
2.733532138893929667e-03
4.608566340325121954e-03
1.361379828028183147e-03
2.595873463212116511e-04
9.828413106409065840e-04
5.175418514568382033e-03
1.412915775670025437e-03
1.908725102561377148e-04
1.361550283488471853e-05
3.445024992846155074e-06
7.565589652515634040e-06
9.805790074085200911e-06
7.956595719540320212e-06
9.368518713927333127e-06
1.812654990402440448e-05
5.270897703378505912e-04
1.901257866217608006e-02
2.800852136740203391e-02
1.439701396743003035e-02
3.151074293939621143e-03
1.388672040773466501e-03
9.468917949641513085e-04
2.536128839687382466e-03
7.051045045910030043e-04
7.242842695966657616e-06
1.587347555518292533e-06
3.193632904750577219e-06
6.555973894778625672e-06
1.605290651292921037e-05
2.443105723368595771e-05
2.549106380519290040e-05
2.710573239719189705e-05
3.998265274118575988e-05
