2.228091482588335148e-05
1.727503894220631500e-05
1.647711336693005887e-05
1.682245817036222429e-05
1.689392080266437115e-05
1.635843080847160412e-05
1.625801449135945640e-05
1.661389422168048634e-05
1.700306300459279425e-05
1.724170412135841060e-05
1.714474694944619778e-05
1.692850057984766513e-05
1.681912196694307875e-05
1.681531802921918824e-05
1.676477136018303732e-05
1.656902479704793968e-05
1.727864179086894677e-05
2.213727629404479066e-05
1.613840800578742688e-05
1.146858914919266538e-05
9.935999108889398968e-06
9.483702705900628433e-06
9.234476730996779405e-06
8.265692469821073939e-06
9.096620784206455257e-06
9.795841235104876292e-06
9.917091157223649196e-06
1.118245999831582474e-05
1.231073468128015324e-05
1.256828643404503519e-05
1.246328452352605281e-05
1.238222981660791254e-05
1.230889246436170317e-05
1.211321517874340706e-05
1.271488245916785993e-05
1.727708568272173865e-05
1.351467575498997092e-05
1.264564794469302876e-05
1.044955126866539321e-05
7.881443926494923825e-06
8.082293505003461978e-06
7.951849239206857552e-06
1.400890784406015279e-05
1.144292955356415370e-05
6.398564574194912080e-06
7.381452860663804544e-06
9.929774219840428593e-06
1.156407800324406989e-05
1.201571310212714503e-05
1.191871542008676704e-05
1.177275599291708659e-05
1.155427667359520586e-05
1.211099213507312829e-05
1.656550304160765165e-05
1.413792827728620371e-05
4.890175288699656679e-05
8.667255880654473781e-05
5.046742307277251742e-05
6.210021338808417171e-05
8.879936780074458753e-05
2.072053813083742449e-04
6.867167573849412517e-05
1.631661548157150194e-05
1.182897627609852144e-05
9.625189090123577659e-06
1.043695013530607815e-05
1.206844932166266100e-05
1.233759334764635300e-05
1.207261193096088700e-05
1.176355194781817176e-05
1.229818976116579894e-05
1.675737328126609860e-05
1.551884493547661572e-05
2.897732583927656856e-04
3.295252801206366693e-03
1.996290418828996181e-03
1.937462725483538300e-03
2.644962817533526387e-03
1.867038494994716774e-03
5.014022394814110148e-04
3.178846004430033092e-04
8.848081409354696236e-05
1.275890468248432727e-05
8.454118935074732714e-06
1.111818749458218128e-05
1.253787717112659261e-05
1.241047022142065720e-05
1.192263600792332421e-05
1.235784074768720734e-05
1.680202345413402346e-05
1.169126963689143669e-05
1.726576800508354656e-04
4.449608737515512932e-03
3.314353591205710173e-03
1.691008419438688563e-03
2.316601207449259757e-03
1.445951243732254438e-03
1.833232226998095194e-03
1.970115889615546307e-03
1.658551474668236003e-04
1.522662082167616784e-05
7.862542163576351133e-06
8.487870238118981354e-06
1.080911179350870966e-05
1.228371632993083168e-05
1.213389652740051592e-05
1.243597184904896346e-05
1.678977191044038738e-05
7.819327927622201621e-06
1.592622746309363131e-05
1.500038807936975873e-04
1.684597105651786445e-04
4.444858673582145319e-05
6.320619372264619173e-05
4.952783741583644851e-04
5.949168251174034167e-03
2.910192502443913112e-03
4.052569516584750568e-04
1.415666112962625847e-04
2.008076398404819182e-05
4.992036625076333761e-06
6.187519262616817271e-06
1.015496454753946131e-05
1.194824112731251536e-05
1.259278506579437829e-05
1.684787579034248563e-05
6.234516413798350062e-06
5.041732598283724939e-06
5.507447180023599304e-05
2.198287031543990559e-04
2.484398282854957915e-05
7.067133777477287485e-06
5.882461039952533593e-05
9.626156701752163185e-04
3.020802102329714963e-03
8.159438118990461342e-03
3.941987101702824209e-03
1.054840981749728392e-04
8.561054823035456156e-06
6.133428200530547795e-06
8.208806230054607387e-06
1.083084677693326851e-05
1.261595344403821568e-05
1.701838450097840826e-05
5.344361259572716451e-06
1.211234234975506999e-05
3.926832025450945280e-04
2.863792200219223132e-03
6.338792998736275100e-04
1.862744908095602565e-04
2.065414217748731381e-04
1.226016838598636624e-04
4.723214513490970874e-04
6.064169295049245782e-03
3.709845646560498093e-03
8.795488510044539333e-04
3.647764967970877669e-04
4.598024096662100261e-05
9.162508456675364903e-06
8.728609794466117480e-06
1.205295489716760307e-05
1.721562035822969789e-05
6.064479178333057360e-06
1.215503550098663392e-04
4.667459988878497855e-03
5.795368314758608461e-03
3.741677857115207478e-03
4.527710798728843376e-03
3.055169490920355089e-03
1.966163269043393893e-04
1.068208941585452039e-04
1.684761961401563509e-03
2.635994448145154243e-03
2.787502314485987894e-03
3.063792901677402092e-03
1.601988304435916462e-04
9.306919652641756547e-06
6.534294218463078255e-06
1.075745673649805251e-05
1.714269943274929705e-05
1.126534784730285492e-05
6.833451247675875620e-04
1.964383471443970075e-02
1.051674883333858328e-02
3.925782663334891412e-03
7.163023091944228189e-04
6.151849704632768616e-04
4.251840528542456116e-04
1.576291765965184193e-04
2.291807362715454766e-03
6.726426555191834973e-03
1.637459855352481081e-03
1.369831858725347297e-03
3.931514448416949508e-04
2.849969694424753520e-05
8.229470757315177841e-06
9.959278992383453202e-06
1.671600653951208968e-05
6.947324883687843388e-05
4.429106538176497652e-03
4.828101008472174271e-02
2.616496303503784010e-02
8.346756989223698062e-03
2.696426978277294707e-04
1.425921593080241626e-04
2.018300889655905584e-03
1.544314148505832604e-03
2.190160732713534401e-03
4.814329317618208648e-03
4.553297801463785516e-03
7.629650210281270668e-03
3.619522992214725329e-03
1.664710664284637081e-04
1.467844158759312394e-05
1.023821555278499134e-05
1.639993120950837850e-05
1.171851967514608508e-04
2.178106498670013755e-02
3.385949176319736353e-01
5.554893721318274885e-02
3.234580586728793422e-02
4.304846508447324367e-03
5.026887650562122251e-04
6.330421354415438975e-03
3.749447830897565531e-03
5.223655211965906641e-04
2.307783325510515994e-03
7.532654347404526760e-03
1.258412555789838183e-03
1.680758150449989730e-04
3.712197013770692953e-05
1.213631284427775456e-05
1.075560730730012275e-05
1.656120582123101615e-05
6.366340064191549722e-06
1.135924324558877131e-03
9.157197886228586603e-02
1.312912905606143134e-02
1.379806241452461064e-02
1.602655474274833694e-02
1.766692404380105618e-03
5.674830116483019909e-03
8.028943871627602534e-04
1.817851900209018813e-04
6.612304396509186000e-03
4.905002504630092373e-03
2.464824877194085091e-05
2.086954052686336256e-06
4.480415624116983134e-06
8.871572127071140719e-06
1.166684229157809325e-05
1.693437500178637212e-05
2.280505270677469523e-06
1.650521028018879922e-04
1.227526353935061085e-02
8.023698556175343308e-04
1.237640946159712836e-04
2.253056913935880777e-04
3.655306115436893644e-04
1.473611365406156826e-03
1.005350645827780349e-04
6.160018429144970172e-05
5.632792388538723945e-03
4.947582879716958849e-03
3.437035933135684269e-05
2.912629416993053223e-06
5.312230179064454162e-06
1.038659158615766542e-05
1.261490539296963016e-05
1.703945982408868099e-05
4.927849351078859237e-06
8.552541719640020736e-05
3.669635950774906806e-03
7.027429819092348168e-04
1.951617669530423250e-05
8.129783457607037269e-06
1.026978122960284646e-04
2.303813139244075513e-03
7.431503386672280893e-04
3.714621909352889845e-04
3.516841534813844403e-03
3.469131863151469434e-03
1.279076141121100892e-04
1.205994404811293157e-05
9.745379789120622746e-06
1.193287219453188953e-05
1.274302673704921316e-05
1.690164582173873150e-05
7.243968568501597587e-06
5.593765034575217581e-05
2.142679390639484066e-03
2.622475459093236930e-03
1.048139838311860889e-04
6.027561088838444866e-06
1.799684182136776666e-05
9.146226256037477600e-04
4.518035137859947523e-03
2.698993380113898916e-03
1.827754271679760947e-03
4.012647042316280625e-04
3.465251274961372304e-05
1.035086664416569149e-05
1.062608546989094686e-05
1.198850155233196342e-05
1.253496649002295421e-05
1.680056726675939233e-05
1.387582163875570683e-05
1.650196639142256251e-04
1.766457883915092085e-03
1.250262166096854401e-03
4.115855154203296911e-04
3.493584930254389135e-05
2.807618254411832373e-05
7.143554395232052257e-04
2.942973002880165494e-03
3.059533601698011859e-03
2.145199187297025523e-03
1.487554317436415243e-04
1.139708259850481415e-05
7.630866123594728199e-06
1.077918610277020266e-05
1.199469841421227755e-05
1.244113893869463371e-05
1.678464474196044364e-05
1.450434454267858963e-05
1.792703964646726793e-04
1.318199541586811789e-03
1.478026393159945261e-03
2.413381178979116283e-03
4.004160077475736428e-04
3.462748765137442747e-04
2.639445443361180046e-03
1.856745934809799371e-03
2.189899561134838173e-03
1.060948638212015930e-03
4.568016992186859818e-05
7.511780598943807249e-06
8.596659167698979213e-06
1.175490812307817503e-05
1.208037178000242348e-05
1.240112765610028881e-05
1.678858049318481406e-05
1.434656977399269248e-05
1.613000238083932899e-04
2.892396408648508898e-03
3.344888006786678712e-03
6.203236127737933939e-04
5.552703417498910422e-05
6.665805151525390666e-05
2.000603151013590733e-04
1.094269657673956265e-04
1.503454653392652200e-04
5.432265086119711763e-05
7.123640676966592103e-06
5.766508744526606453e-06
1.012668657896068802e-05
1.236028438717776285e-05
1.202415930090143466e-05
1.236686063901236432e-05
1.679984027929793089e-05
1.022528360686331482e-05
3.189790852806148824e-05
6.418302279550373596e-04
1.327889112819240344e-03
5.981444188711054148e-05
3.957357694288046749e-06
5.064603714123220736e-06
9.479710758406383021e-06
8.215168901360088403e-06
1.183822382499847358e-05
9.217897928601056674e-06
5.925164718213401224e-06
8.323021118471834122e-06
1.184080429549164948e-05
1.243326066564556020e-05
1.191797485921141141e-05
1.236159403032354466e-05
1.682284380273240098e-05
7.999412918780919986e-06
8.477229733861026023e-06
2.141254384993839530e-04
2.676003624841528060e-03
1.927629270505222807e-04
7.648472556487337538e-06
5.208881118235800969e-06
7.268655744100008273e-06
7.540971882852511296e-06
8.824374872132354896e-06
9.555461227411775213e-06
1.010175747860263399e-05
1.169667407884082034e-05
1.244882247383804574e-05
1.218358250335612766e-05
1.178940969054972983e-05
1.231103393382965322e-05
1.677236245807818083e-05
1.098250477261978104e-05
8.122691781717584190e-06
6.021233243624241895e-05
4.213463485991372553e-04
9.263245985719164959e-05
1.153268219841497895e-05
8.792242800624020720e-06
1.101513703820460303e-05
1.142750703804638498e-05
1.155013834338833965e-05
1.180380204166034568e-05
1.203967213696915545e-05
1.214722135808119669e-05
1.201480903299850815e-05
1.180860492649380261e-05
1.156175041863256793e-05
1.212025852904932489e-05
1.657838207217948346e-05
1.544973952061952314e-05
8.789027545712779405e-06
9.912649412748683803e-06
1.367839877238741887e-05
1.033024987069843845e-05
8.578024412023131526e-06
1.087134169599230476e-05
1.274144894479170410e-05
1.282183718337027420e-05
1.263223203753133361e-05
1.255997178797804127e-05
1.250808726665261338e-05
1.243667817552374504e-05
1.238263907449795956e-05
1.230925449549185999e-05
1.211813592973016216e-05
1.272545346649855929e-05
1.729000229141412076e-05
2.247640126617854163e-05
1.496951256922282108e-05
1.121612232902577528e-05
9.889853651028282923e-06
1.086681873208702380e-05
1.386931068475065556e-05
1.659382488096941300e-05
1.721201355717713710e-05
1.696068996641572071e-05
1.682723604136571684e-05
1.680863956164620581e-05
1.679976689125293413e-05
1.679556651662341863e-05
1.681177391712823047e-05
1.676579906570417147e-05
1.657694471201482905e-05
1.728972813661409658e-05
2.214848903778755571e-05
