2.499562199733102006e-04
7.289282429614954949e-03
2.126474601512315724e-02
9.157301816864298061e-03
4.925555712980019506e-03
2.414875499835658461e-03
4.861168352445391361e-03
6.335425434205576439e-04
2.055737144034504443e-05
1.227017389968366754e-05
2.131734663963482526e-05
2.379099225101552833e-05
2.410297447963889974e-05
2.549121929643339594e-05
2.812692392036207647e-05
3.082561352559609429e-05
3.314627781490019185e-05
4.304651802107881928e-05
4.510204534234054182e-05
1.847457923970917567e-04
2.236180325814808611e-04
1.273773017954440197e-04
9.939065291733782605e-05
7.304820520289293591e-05
5.773161527383291729e-04
9.572817913749416367e-04
5.573389940516295261e-05
8.741573029505146495e-06
6.961220166225099046e-06
1.258333761110060341e-05
3.000418630931516318e-05
2.803626141523120853e-05
1.877304810920841458e-05
1.928302009268694574e-05
2.308576877221974906e-05
3.321552405434326189e-05
1.318369621111996485e-05
1.415753454424138864e-05
1.417835660303873808e-05
1.049525639745788677e-05
1.156770657191508657e-05
1.605468824399702683e-05
3.654352547948294954e-04
5.192740896611679376e-03
4.038109492518291571e-04
1.158589977197937297e-05
5.755154573829132428e-06
5.346119480872006067e-05
4.544431712503296306e-04
1.317510040788830031e-04
1.991181205443759203e-05
1.434033287300647204e-05
1.899152028943154846e-05
3.101916954056558283e-05
1.745968815375279927e-05
1.148200345269288574e-04
6.986574709111949017e-04
4.349942307296563175e-04
2.577422960454121294e-04
7.935556809712315124e-05
1.081084686746846895e-04
4.515804867771457012e-04
9.218273866464784605e-05
1.110839118322302559e-05
3.673914027189527018e-05
1.608562620022447893e-03
4.573191185819685048e-03
1.858795139695816709e-04
2.456459299115629783e-05
1.875620788716264177e-05
1.724827585491710329e-05
2.813761051694917178e-05
2.743384283028934176e-05
7.283810803749614111e-04
1.181510836608944473e-02
8.006061253469620373e-03
5.738063582602983062e-03
3.670344904708147562e-04
1.662889569371486329e-05
1.671546144011312144e-05
1.998440748021236690e-05
1.540082874266074104e-05
1.726766625169618623e-04
1.246729930109452891e-02
1.085500374724034101e-02
4.406406949736808810e-04
3.153509009042935432e-04
1.344775901558277508e-04
2.239193644183580406e-05
2.415702820460358249e-05
1.841555486076838050e-05
8.512159335281906775e-05
6.762925817991046569e-04
2.821292353320953208e-03
7.195464825872484489e-03
3.366371750171831827e-04
1.336603360106193064e-05
7.370068582737751681e-05
6.276926069109945577e-04
1.019270258564957521e-04
4.410446543542687010e-05
1.868827292271295912e-03
2.598934128557208595e-02
1.752526225933103213e-02
1.202534965955623023e-02
5.232608460600059099e-04
1.870407005258995208e-05
1.913014019024352315e-05
1.717944597612006027e-05
1.939624810367576924e-05
1.964152328060856842e-04
5.051916825224289122e-03
7.081555936831357076e-03
1.443313867212354766e-04
1.493212062520769873e-05
4.791809174229861613e-04
1.252592787940613392e-02
4.696494119093670640e-04
6.819480638190190192e-06
2.363406461110964256e-05
1.199908258939800122e-03
1.366714068484742826e-02
9.156269257990606175e-03
1.647610017009204140e-04
8.456332920289697785e-06
1.498237700409005392e-05
2.472908383070450368e-05
1.776534334749702007e-05
7.592752991911694900e-05
6.136691273289797801e-04
3.263721905793420873e-04
1.761697498520520670e-05
8.475548115553146124e-06
1.255798471085718855e-04
6.490160474445783034e-04
6.362645978766763273e-05
3.589693162823689236e-06
2.218688130410635183e-06
1.563911932330664097e-05
7.204531457569574157e-04
6.413232901305395382e-03
4.227348720069638919e-04
1.754243266136849296e-05
1.665040942361123660e-05
2.523563113793446456e-05
1.062865999859092611e-05
8.947845631300297052e-06
2.227312090488394564e-05
2.710330742768323977e-05
9.567698332372077204e-06
4.980924043789183587e-05
7.007111290043560462e-04
1.406911625825663862e-04
8.089742083260837975e-06
3.798202584604074212e-06
3.036425543769082905e-06
5.119986816831468433e-06
2.470044533760351688e-04
2.221192217479535033e-02
7.530823526130515748e-03
1.114966791256550085e-04
2.257338338171691885e-05
2.181243445432316805e-05
1.530680468971676870e-05
1.554578117876220472e-05
7.831828102466037488e-05
4.967908551266241252e-04
1.394651548570017272e-04
5.567589894512043171e-04
1.214840680931526112e-02
6.172457698657882966e-04
1.477576066434714849e-05
1.222824798595511179e-05
9.190697113400698206e-06
6.490138437330862406e-06
1.284453868002224204e-04
1.481454596608108680e-02
1.448687228174981578e-02
2.043231566198760465e-04
2.191160281954071507e-05
1.895885638006800873e-05
1.374757818858114342e-04
6.468694887975524584e-04
7.034258028604733429e-04
3.497946505068059032e-03
1.379955586646176716e-03
2.959127175211336632e-04
5.304328144738420549e-04
1.382261964275173732e-04
1.034517718162404994e-04
4.183395815281500639e-04
8.778473222430947700e-05
1.279990470837275101e-05
1.544042127775638459e-04
1.618125695415237666e-02
1.544147183374818683e-02
1.935786521170360119e-04
1.920938154191665070e-05
8.447815622263101938e-06
5.148165009841948556e-04
2.582313000723419905e-02
3.454630355756902870e-03
2.300952308982217188e-03
6.344435838470685075e-03
3.258022801214127554e-04
1.687904209897615943e-05
1.565333042241315911e-05
3.791640293940641993e-04
5.535118301372573060e-03
4.159667370083489709e-04
2.038429284247678287e-05
2.070453887572691815e-04
1.999479740960406066e-02
1.436310128300493684e-02
1.660492102044516729e-04
1.833033832462674950e-05
1.377589060263593296e-05
1.257764114636731722e-03
1.169367545007260478e-01
2.512248194606396881e-02
8.947164893876490693e-03
1.299476958908267477e-02
3.642128209963423503e-04
9.856550861770364759e-06
8.887512779018156908e-06
9.440915091539764782e-05
4.902720656625100815e-04
8.257506565412861944e-05
1.413149073716355941e-05
1.590525266822050588e-04
1.082498885294795425e-02
8.083330691426160799e-03
1.216140956139581892e-04
1.612386742011944084e-05
1.279184691478530843e-04
6.358805739213413931e-03
2.675746043841043323e-02
4.384588888081505931e-03
5.985967597903462875e-03
1.277481312152252630e-03
2.258534352943703875e-05
5.303600847375660521e-06
9.383000723375321960e-06
1.818862550674296881e-05
2.361058698607132076e-05
1.335477896047975558e-05
1.067946994306357481e-05
1.355185762690479690e-04
1.047450826081687547e-02
1.458799928558217156e-02
2.133532039819182994e-04
1.792297481427574700e-05
6.891482068721605924e-05
6.269446768789677452e-04
4.873426751005386606e-04
2.906125658915096385e-04
5.674651747135065795e-03
1.366904617044299719e-03
1.623709006885131715e-05
6.557883643693342620e-06
1.415185976497344089e-05
1.717935385348738742e-05
1.470907966594123714e-05
1.001899264639832648e-05
7.873891324369523614e-06
6.339336268212549658e-05
5.234436232808485460e-03
1.463910392102310207e-02
3.068129063557594361e-04
2.214876316080324791e-05
1.233457305191410716e-05
1.117031870879813893e-04
5.131556715516347785e-04
5.765243272056743643e-04
7.390120355166480449e-03
6.189489137562518943e-03
1.422593571671309349e-04
2.022745686572795918e-05
1.929005384208027610e-05
1.959603012135445658e-05
1.615939152113339739e-05
9.455733993874611401e-06
8.868681437998660104e-06
1.621191179061014513e-04
1.017189732404046205e-02
7.086260184363066955e-03
1.415970028678494106e-04
2.175225819752980806e-05
1.142091626527844537e-05
3.564437021347418568e-04
4.496049192070515968e-03
6.011563277436504042e-04
2.388609211496572839e-04
3.061173438748343795e-04
6.967176385359076247e-05
1.908223110368430339e-05
1.527155622448007292e-05
1.728111036305338851e-05
2.432395097802932281e-05
1.562530814971672195e-05
1.629748896840934480e-05
6.861467291690229045e-04
1.078680472642744824e-02
6.045809560300639948e-04
1.887514521756642103e-05
1.541245174403292555e-05
6.697465240554899019e-05
1.283022768933060219e-03
1.089256187574366014e-03
3.022984401237667281e-05
5.788773686987949588e-06
1.455436961665607344e-05
2.548055655832458366e-05
1.573392938964114044e-05
1.068456866940790725e-05
2.202950557955383733e-05
1.871366437044647772e-04
2.759225262919499672e-04
1.521472948624694481e-04
6.494310590093577834e-03
3.507535764959815450e-02
3.314233254721675155e-04
1.036347548692202266e-05
1.616895798896186539e-05
5.237862483814301586e-04
4.547795794942153212e-03
3.225128279215317383e-04
7.934861454766189770e-06
4.916086618087377997e-06
6.017344218206294604e-05
4.411899611770454333e-04
9.883732841497779172e-05
1.169469518019725016e-05
1.730676606778272609e-05
4.675375868778470665e-04
4.427584583716911645e-03
3.420093781052251005e-03
1.455828294457236355e-02
8.161199236214174146e-03
1.175812454450904788e-04
1.244710593277088271e-05
2.282532904702768171e-05
1.128450449940650952e-04
7.181407648749265574e-04
5.442330675854795087e-04
1.077448474958285512e-04
4.462629882169238911e-05
4.570184841297965893e-04
5.486909141762075053e-03
4.754640345983709754e-04
1.069770976758286163e-05
3.197442098701361607e-06
2.668329298414669757e-05
1.434728041525357503e-03
1.945546278462765080e-02
1.580888627551142386e-02
4.221073721099248663e-04
1.392652316276211826e-05
9.964604568937728059e-06
2.728144503549816401e-05
1.651380669837981775e-05
1.990839962998027131e-04
7.467606460797477329e-03
6.736227735822149752e-03
2.364512039406646657e-04
1.224067668062480893e-04
4.316291164869832508e-04
8.954465299140866152e-05
5.549596831679905117e-06
1.946263044608122741e-06
1.803435251383135487e-05
9.778147836333403193e-04
9.127608798109679636e-03
5.922865961804221584e-03
2.160394093312742892e-04
1.393990282266857878e-05
1.322469132320662327e-05
3.046737310969285564e-05
2.022066514721852274e-05
2.752846625897976333e-04
1.393157286213328287e-02
7.621684135267618385e-03
1.112952945468497851e-04
1.298400747361087509e-05
1.555001131040534924e-05
1.153618597404771498e-05
6.353738075832142943e-06
2.559840292296607051e-05
1.608479736423623369e-03
1.122931228603256913e-02
9.601592458287798925e-04
1.629846256797722037e-04
6.143855470261621406e-05
2.118552195977305605e-05
1.939431194845852403e-05
3.208497315699087682e-05
2.216459196789818243e-05
5.227808300760761315e-05
3.407695633639421288e-04
2.366337925673648018e-04
2.087975029438065902e-05
5.998559369222083504e-06
1.018731093442832669e-05
1.642492867939666598e-05
1.974290991188881153e-05
2.085241820121969787e-04
5.748303562476083685e-03
1.767546911538115002e-03
2.703876755924854568e-05
7.724360765740856500e-06
1.575385656643670673e-05
1.978518732616618350e-05
2.163445181338197177e-05
3.162244606789455930e-05
1.893615020422004673e-05
1.389420616390918940e-05
7.614292938317330237e-05
2.695721322287813505e-04
4.574365184604737335e-05
1.068648039384630747e-05
5.815753798069688897e-05
2.775501252517141083e-04
9.561649230762058740e-05
8.991900967973606154e-05
1.959987647361132639e-04
3.024577329802461613e-05
4.126788822876604911e-06
6.168305765371856291e-06
1.620033538823002002e-05
2.180492034315496469e-05
2.343658875198150764e-05
3.265274294161306780e-05
2.762173036780230781e-05
2.829955322851885450e-05
5.161703375370942353e-04
5.947425192709362464e-03
4.900044666641813033e-04
4.134262036898639077e-05
5.019115940507336933e-04
5.970638706829711415e-03
5.337269134861050016e-04
3.678481302402455418e-05
2.338870193592479409e-05
1.435023146222814435e-05
1.235024692765930293e-05
2.186594338752898572e-05
3.199074356092455998e-05
3.262453238639864960e-05
3.284416586485503951e-05
4.265228511905058630e-05
