1.918198949268539507e-04
2.387244481890830796e-03
3.771837635447369743e-03
6.279720462039041495e-03
3.565110162312585488e-03
2.182790665414391113e-03
9.684883663002365499e-04
3.493670594849767361e-04
1.988238793812078435e-04
2.109723951737639634e-05
3.312285038901165310e-06
1.788039947650217465e-06
1.602298990944449820e-06
2.692858899966845510e-06
2.586818976720957350e-06
2.063905008078180089e-06
2.472205808395212570e-06
5.274401663873806446e-06
2.395800562901627572e-05
1.640676238063034330e-03
5.942664220847324215e-03
6.801938266818833949e-03
2.654523510049375777e-03
9.277290024686502511e-04
1.069781525441229706e-03
9.924158221459881881e-04
2.886168704036805571e-03
2.072402846516612981e-03
1.681133943882115228e-04
6.494773020010081405e-06
2.109859571296743064e-06
1.028360121803558308e-05
4.308220198100815871e-06
7.557408296956134258e-07
8.243463730277514117e-07
2.636692910855618899e-06
3.478867878073722361e-06
1.943121153628392687e-04
1.098916285661565495e-03
1.660913184336628616e-03
1.297720670260016362e-03
3.250340527663982712e-04
4.877199568115125720e-04
7.375518832751185461e-04
1.592284762343134817e-03
3.230725158736415335e-03
3.587923239136171609e-03
3.504697578420170137e-04
4.153127384798580452e-05
1.263396131340181912e-04
1.580989829077072414e-05
9.287071586570779969e-07
7.238254330623143019e-07
1.982793823481757222e-06
6.136748475256839683e-06
3.817725841931549004e-04
2.618309513911928725e-03
2.581263316306610552e-03
2.076078514195600459e-03
7.630471523986354738e-04
1.039235923568489163e-03
9.270802828427138166e-04
7.633854933774204040e-04
6.184130434752672803e-04
2.076495506662430143e-03
5.025871459660331830e-03
7.693174711585920068e-04
1.676864557018415845e-04
1.865958346503393604e-05
5.777436563766250267e-06
2.675011140316074132e-06
1.595635134939878760e-06
9.763526266250636181e-06
5.140220029694118724e-04
2.927771147043847170e-03
2.495379533779444516e-03
2.856541627354864873e-03
2.104611368649104888e-03
2.396960425612084701e-03
1.543396203200868072e-03
1.104954525529174220e-03
7.559206797040263388e-04
6.932714129411285267e-04
2.796686587068158460e-03
4.551438387293852902e-03
4.921662026322438195e-04
7.781089737450562515e-05
1.074289786621619323e-04
3.231945117732506047e-05
3.272007580174229745e-06
6.607442182885176071e-06
2.372956882551086370e-04
2.449865804120052084e-03
3.667328251435806718e-03
3.979957896830863158e-03
2.041821888959674189e-03
1.265310165762890569e-03
2.567846366466853755e-03
2.065852337833196713e-03
1.457291919948792156e-03
1.715693478359990630e-03
9.886231159997316276e-04
4.625814387511637156e-03
5.919142981720538696e-03
7.947485214950652990e-04
2.768756042546591614e-04
1.362279821616103643e-04
1.154508634632727662e-05
8.440160023254001919e-06
2.856860749807426996e-04
2.261844286964826735e-03
2.146913272042322990e-03
2.296601086659476147e-03
1.664721688530512635e-03
1.338178768569292824e-03
2.721074839010810022e-03
4.007526653025055875e-03
2.831814803069518643e-03
2.999425862017376758e-03
7.641674743563222922e-04
5.952336508447250360e-04
5.288525579249570702e-03
2.689800847222866952e-03
3.471582250368079534e-04
1.886038545296881363e-04
1.431144698996435547e-05
4.719097778654076768e-06
9.915682914035546514e-05
1.532574456337875562e-03
1.952779652301779622e-03
1.391711277253760868e-03
1.545025183043423518e-03
1.792709639668841519e-03
1.317179399712892478e-03
2.832643198926808759e-03
4.133041531592523965e-03
2.976513455362188570e-03
1.589069813809618030e-03
3.597714845935851978e-04
1.500515653336492337e-03
3.042304226615700179e-03
8.302553421904541528e-04
1.240773297125938681e-04
5.405798682340663168e-06
3.522913953065431473e-06
7.715123642609023340e-05
2.823355493553742629e-03
4.402619768780096851e-03
3.194611866002189642e-03
1.887601300565910521e-03
1.022755940293663653e-03
1.472585792205090153e-03
2.015092692157372228e-03
3.627232496905427161e-03
3.553587641163085710e-03
1.892521858763368450e-03
7.967513515006564373e-04
1.591289901729305012e-03
2.639357995672631744e-03
7.386660764182747217e-04
9.692635821378991579e-05
2.437225164679826812e-05
2.974073910694431966e-06
1.152872228683679757e-04
3.820684528315080458e-03
3.434826389443639862e-03
3.882680930807203348e-03
1.929011289350060412e-03
8.219450905874862209e-04
2.050633518607410978e-03
2.015573767188579262e-03
1.912337387526848349e-03
2.726788301779508455e-03
1.740791952458503123e-03
4.081576266987415962e-04
5.112492640008212824e-04
1.741910351810431858e-03
9.975337511868320219e-04
2.703993478675985481e-04
3.328341679121745128e-04
3.214686038361659216e-06
1.129116557348557682e-04
3.498152313342179059e-03
5.641327239890271510e-03
4.680374716798729913e-03
2.674105843939469495e-03
1.071701615244675942e-03
8.728867284437539023e-04
1.217696929195291339e-03
1.650870642615896939e-03
2.332800120025061829e-03
2.398378794099004056e-03
6.316767061947948765e-04
2.360092181159571226e-04
4.410201343884025084e-04
1.080594941483466317e-03
7.256132233670952803e-05
1.222705560039186464e-05
8.685840303214571341e-06
1.328827142052666811e-03
3.047454703240337279e-02
1.754226480210420783e-02
5.016017261413648759e-03
2.352655350981212781e-03
1.296938100455905614e-03
8.632909189579890874e-04
1.147922256738189740e-03
1.219416560710492002e-03
1.794777397251981531e-03
2.467052359217373255e-03
1.578386656387466714e-03
7.654114771516085016e-04
5.135559753403584572e-04
1.311672261547776981e-03
6.218952754279629563e-05
3.515683469692723585e-06
1.643337217033971243e-05
6.115114668688807938e-03
1.239464101476596553e-01
4.176387637700223338e-02
1.335910366123924109e-02
7.830228384393940130e-03
3.253912280005048525e-03
1.628777510537306314e-03
2.090591582396334001e-03
3.131496611487368225e-03
5.449125583750258177e-03
4.885389913323466733e-03
2.404801905761744501e-03
1.468850267474399894e-03
1.258601185854765639e-03
3.805494607930990248e-03
5.941696391833107410e-04
2.040842151160228337e-04
6.606355531818392771e-06
1.072203256475921535e-03
5.233156615503121306e-02
2.368195292890415068e-02
7.331225435221660168e-03
4.446088169665539380e-03
1.643947343588355236e-03
1.475738364064524280e-03
9.851920020349199444e-04
1.750291146322598959e-03
2.466113536732119065e-03
3.341888697027079608e-03
2.988076600005348023e-03
1.221125168171891331e-03
1.858870976193925271e-03
3.315933756924123281e-03
2.211790799631071038e-04
5.022901727736060404e-04
1.289356026563033212e-06
5.388961987769258396e-05
4.832805789875837393e-03
6.214966770930438998e-03
3.781032154595707039e-03
2.155097600386658274e-03
1.155504715482665208e-03
1.861555351715510863e-03
9.899762441252888279e-04
1.545219315662458215e-03
2.197814330513580671e-03
2.476010302531735617e-03
9.522427772777710721e-04
4.331634048721931442e-04
1.546053029814855586e-03
1.180448638112764192e-03
1.279099193171129387e-04
1.743172295447619467e-04
1.264287894454429614e-06
8.366842538706482254e-06
4.572514560123804614e-04
2.874416331597907850e-03
1.928304174170557576e-03
1.244411103393558210e-03
1.026154747677544702e-03
1.433147345349186814e-03
1.751467061463406021e-03
2.358315976515424229e-03
2.622310158234107333e-03
3.615502365421577151e-03
1.741446759083111915e-03
6.307059365552857575e-04
1.599666877317406678e-03
5.671264492630683071e-04
1.597473660841479274e-04
3.514447030095420782e-05
8.439609140217057450e-06
1.240200870837957089e-04
1.560531236763927892e-03
2.452487827120195842e-03
1.661605673081031692e-03
1.194121657576670660e-03
8.984469460383807818e-04
1.431369018512966811e-03
3.276106708743370399e-03
5.080958349499202151e-03
3.349873204828832888e-03
4.175418130646636923e-03
2.480632273933284452e-03
1.069496174028091275e-03
3.791642560306594106e-03
8.707189174329565701e-04
1.176434307846892501e-04
3.322175405472274835e-05
7.765209884558730525e-06
2.563088943799540624e-04
1.850036362439721679e-03
1.598120969692022175e-03
1.417743579865110310e-03
1.149629841588477829e-03
1.527973344712208392e-03
1.043299792713802071e-03
2.443151963426698405e-03
5.037107974678987563e-03
4.975232970764435422e-03
2.666195469381402346e-03
8.339523092674295916e-04
1.989637472000505350e-03
4.674147444762175030e-03
6.475794004751259493e-04
5.638535731685031215e-05
1.453553874218245544e-04
2.652603707581528587e-06
1.110721238956063493e-04
1.721340113016206009e-03
1.747514455304420827e-03
1.237347213103234464e-03
1.380026930100524069e-03
1.596759878751379718e-03
1.611564080380555302e-03
5.216750132248237568e-03
4.651360878064308112e-03
4.261310765256804030e-03
1.685682542016254774e-03
1.212554661585118739e-03
4.304301627444807009e-03
2.723268091004690371e-03
5.553834131585700783e-04
3.313346728049003435e-05
1.824786831128717940e-04
1.981813004180475167e-06
8.419142243917785719e-05
2.293700372970643164e-03
2.766648456695023402e-03
1.388359112626951853e-03
2.584708991742073244e-03
3.190357245894479693e-03
4.260035398799371688e-03
4.207677081837097807e-03
3.959647827039507358e-03
1.267134879218745173e-03
3.654008002949118744e-04
3.641011227835898138e-03
5.870573625701282910e-03
8.854391470722723471e-04
2.648663199511403919e-04
2.898906465930541955e-05
1.728358963681681209e-04
4.200711394733317659e-05
4.585181750460032356e-04
2.968941838687232625e-03
4.197880778337332273e-03
1.488684579820678550e-03
2.167005853271876392e-03
2.129115074714674552e-03
2.556694124034991026e-03
2.260826197477863991e-03
6.313955706520433956e-04
6.202485958301581087e-04
1.639379296119755072e-03
6.792895203386761609e-03
2.728491540801482144e-03
2.533394874601479249e-04
5.848571873951892381e-05
4.464579372216421029e-05
1.569986900451225405e-04
1.467607265937732777e-04
5.584328268983494714e-04
1.598559365527184957e-03
2.370394488304748692e-03
1.409502806015647865e-03
1.289881359872421893e-03
1.553242053599433953e-03
1.376936152800452891e-03
9.251905809414106424e-04
1.720921227320227514e-04
1.186135648285519721e-03
6.446641126057046228e-03
1.632118655708751946e-03
2.593311440374776520e-04
3.245417662660817366e-05
2.003772260786407692e-05
9.307942044633462980e-05
4.510083756187780948e-05
1.083384147961812880e-05
1.066941362414363780e-04
6.713189925761904684e-04
1.335927995652398193e-03
9.973387390841761957e-04
5.615468449102095118e-04
7.320231823101880451e-04
4.973576583134224670e-04
7.782955454023886450e-04
2.090330765770472693e-03
5.083045423322215400e-03
1.387400193501692322e-03
2.421810239885887348e-04
6.915893799696862167e-05
1.962428730786444381e-05
1.033182473566062594e-05
1.273447904616016061e-05
3.800100331901331866e-06
1.725622571756558514e-05
9.994828936129734366e-04
2.497543314046400936e-03
2.186886694734121658e-03
1.395339751694367339e-03
8.018161487889978413e-04
4.845134576613033869e-04
1.094332169750932872e-03
4.179411595209627309e-03
2.949253875343579509e-03
2.174143890204301838e-04
1.063400767787069731e-05
7.834008168044848556e-06
2.899156868870962248e-05
9.953386176443467090e-05
1.572796223571453278e-05
1.377955612366385057e-06
1.164824739619863061e-06
2.861946242219119441e-05
2.026489703035787814e-03
7.100060594082730110e-03
1.070335554702572453e-02
5.807255701420813675e-03
3.116190415020485879e-03
1.342507562337230762e-03
1.039181865267386085e-03
9.083406797659781195e-05
4.405942059117506157e-06
9.906241519371900047e-07
4.601731090342517085e-07
7.630106261970847101e-07
4.016620489992454850e-06
2.253955994389310414e-05
6.953020704810703597e-06
1.436256890542580102e-06
3.471780851856820883e-06
