4.042271117490552719e-04
3.956457960800032446e-03
4.873273257853578781e-03
2.471197874220615234e-03
2.434476892263439871e-03
1.336236834804521061e-03
5.705333939879917750e-04
5.239986036477875921e-04
2.705702271364998548e-04
1.054229289127208129e-04
9.200389750952836000e-05
3.004962871210212173e-04
2.004605239231444606e-05
5.957513470854456002e-07
1.048952368656324161e-06
1.630280907306841886e-06
8.810198553992056095e-07
3.112684105875480667e-06
1.686204631983669999e-03
5.347115879283104167e-03
6.703199573006977767e-03
3.060055228909993284e-03
3.296763664375279915e-03
1.739710621421598638e-03
6.703196078365185892e-04
1.825009361780481057e-03
6.362794052078182654e-03
2.328905451626245987e-03
2.860697236230709843e-04
2.481562255272010543e-04
2.203922372847431509e-05
1.236467898579008593e-06
8.853160110343206456e-06
2.136356760712012772e-05
4.493356360797693411e-06
2.051192345977670946e-05
1.343109076397615601e-04
6.091512990348200681e-04
2.571838831904298822e-03
1.411238355534492894e-03
7.333268995342316805e-04
4.200550651646054985e-04
5.668267352041853838e-04
1.464329505510619366e-03
2.987462873432914293e-03
8.325359113315167203e-03
4.739886341887997526e-03
1.363118277375097902e-03
3.298549176533138272e-04
6.774371976301636438e-05
1.320703883482267870e-04
1.282571408020872768e-04
3.289558412109102394e-05
1.278675439127163402e-04
8.749505669944897062e-05
1.272044958205273760e-03
3.038928868454204152e-03
3.482029596906603772e-03
2.462605974141193581e-03
1.491868204301455454e-03
1.870871852849151189e-03
1.324395508874301334e-03
4.161771087174043790e-04
1.929767160406478882e-03
9.147797594675032354e-03
6.371846125238025266e-03
1.626649673896904402e-03
5.202884380715581307e-04
8.274367482432398800e-05
1.921580337436832684e-05
2.788902476028370453e-05
3.400224814690159739e-05
1.258935279165895350e-04
2.381870824808145302e-03
3.503692012824918735e-03
4.129755230264885862e-03
2.688047377430333781e-03
3.087110888819226667e-03
3.147543355694572362e-03
2.127284356876711462e-03
1.770983314178237742e-03
1.544209321403654722e-03
1.152610135045320505e-03
6.993094447263814573e-03
5.494635121799271507e-03
1.243364843798521130e-03
1.475469083251296568e-04
3.422393798498634104e-05
8.647080691130593804e-05
1.915858858394750929e-05
7.792946055704571249e-05
1.383882668580089202e-03
3.616465212020671550e-03
3.566963906121168367e-03
1.483365248953431815e-03
2.395258977365654924e-03
2.453617817716084899e-03
2.777354006812049730e-03
4.490963267131568327e-03
3.515906369636410955e-03
1.197949519863927099e-03
1.632338372720319340e-03
5.680997720963712472e-03
3.513136786351508684e-03
3.055551577795024600e-04
5.476521897391248370e-05
2.558898817806378012e-05
4.114534653782772345e-06
1.417656783063905705e-04
1.382584650615528970e-03
2.127969241396189450e-03
2.352807809644437594e-03
1.999030378932251193e-03
2.373973078166444813e-03
1.966923913258974282e-03
2.273884537896327628e-03
2.970260100381180539e-03
3.108592790103966493e-03
3.511227919002215484e-03
1.384984400702699014e-03
2.145945758782893519e-03
8.411884477079648037e-03
1.236240638749002904e-03
1.037659637044220022e-04
7.157729872569539908e-06
8.755515479336849755e-07
3.365799412777816478e-05
6.792256602825475940e-04
2.366651559005148158e-03
2.544707525076981679e-03
1.782949794373325184e-03
9.788422659821334037e-04
1.284930953247546102e-03
1.224465581327697887e-03
3.679900531200489249e-03
3.933397304948823073e-03
3.451717572640911232e-03
2.871400301065370631e-03
9.331483255284423817e-04
4.776300914068882034e-03
3.168901613464615921e-03
3.862491947448810502e-04
3.959751737655790361e-05
2.986261258459432753e-06
8.710616716874275804e-07
4.296483471727018181e-05
1.428824286250807976e-03
1.801563544722085746e-03
1.490646641401895123e-03
7.087758730423137114e-04
9.470059005108883007e-04
8.395303111387742573e-04
1.713788126114793682e-03
2.204841615042268336e-03
2.121505941846061304e-03
3.204275807617357023e-03
1.245054711165069321e-03
1.911651474002626317e-03
2.893837548069571296e-03
5.800773248922237160e-04
9.934443940786505010e-05
1.200487681705754245e-05
2.570312857290356680e-07
1.290035280673749580e-05
2.023292477319501518e-03
2.450971925552065684e-03
1.657824213537788163e-03
9.735588759111507041e-04
1.907901722350001904e-03
2.371192992258964929e-03
1.182201976542211807e-03
2.520282052888840867e-03
3.121933788712094680e-03
2.831966659955935384e-03
6.607260448027176773e-04
4.474590102847586536e-04
4.569708619931387057e-03
7.716356380059476681e-04
5.152670462294103669e-05
3.232139738140220932e-05
7.469468249060635419e-07
2.255856754700328692e-05
2.275476239347403243e-03
3.395808236607898364e-03
3.566739918533135163e-03
1.530706579603957227e-03
1.073988663100788801e-03
1.121755655200605030e-03
4.941651301058076068e-04
1.584141998124238707e-03
2.112591738492960829e-03
2.698684119706757333e-03
8.611785099567696158e-04
2.362984985617288408e-04
2.227271629383713401e-03
1.190175520371728477e-03
1.586986830504085832e-04
1.176515671309469162e-04
4.122165890376766858e-06
5.436201974203123868e-04
3.516575134274540354e-02
1.372732880220337015e-02
8.509733194310553986e-03
2.339807924090531698e-03
7.096106571636568838e-04
8.942132557494273173e-04
4.863088473921756008e-04
8.383717819726921924e-04
1.702381875416381302e-03
1.810142191882537464e-03
8.195061745087777729e-04
2.708420714929624627e-04
1.630765789797404726e-03
2.338420235975409694e-03
3.829493840953945914e-04
9.150504778825838896e-05
5.632547142058385111e-06
1.549083926721521063e-03
1.011350691569948140e-01
2.945170430213345930e-02
1.153220670797050831e-02
4.285374058186441557e-03
2.126509256392401619e-03
1.342030817860450937e-03
1.357276415067738568e-03
2.081772722202717731e-03
2.473020684444550768e-03
2.803075530823317951e-03
1.936413594344824768e-03
7.933795111646864059e-04
3.500132297483677865e-03
3.762764404142164652e-03
3.359309517963497064e-04
1.284670369373050230e-04
5.980375529336664271e-06
1.278264122416853440e-03
6.764831933757291249e-02
2.059135658537800811e-02
7.449488655074195179e-03
2.195216261726237305e-03
9.132744214253088726e-04
6.560164713095334357e-04
1.618770185079233684e-03
1.092158401443597522e-03
7.469359236800448892e-04
2.327594085646580210e-03
2.096109668562303255e-03
9.552658347371249716e-04
3.253608394111774747e-03
3.002517875791420408e-03
5.998867289036299274e-05
1.489995166783399348e-05
1.072877803652411226e-06
4.447153806345990488e-05
4.122523795895898131e-03
4.712274910081960984e-03
3.003289865643643270e-03
1.399550617037771628e-03
6.324864619277154000e-04
4.912685349539580842e-04
9.464712286263475072e-04
8.252613048764248721e-04
1.369061043107434915e-03
2.631599095086613587e-03
6.909048383778550921e-04
4.102618965024309745e-04
2.900287307494210740e-03
1.397742775964925773e-03
5.266661057304356291e-06
6.981108765732815307e-07
2.319317055954642980e-07
2.560355713726835424e-06
7.331663102548793441e-04
1.974526996248686297e-03
8.134877937107458899e-04
1.946196665897807461e-03
1.675129984518290054e-03
8.685222326667655637e-04
1.145174039729457893e-03
1.047868786285301819e-03
1.606851802684218207e-03
2.666660509131788329e-03
1.345566082612630575e-03
7.719528341337089476e-04
3.821709582282400638e-03
6.767271462127692283e-04
2.688318554208540699e-06
6.925372182471862892e-07
1.054560257956402021e-06
1.974769690684467761e-05
1.170255430765280253e-03
1.602523885667894938e-03
1.150228848504338290e-03
1.385057659687940427e-03
7.284014631498217113e-04
7.959726884495492557e-04
2.571696043697172668e-03
3.143100394381713285e-03
3.059722217096762405e-03
3.800613628182058449e-03
1.944032697330788000e-03
2.116952432659037139e-03
7.242346182775264742e-03
6.654114324555358752e-04
4.856269989265860635e-06
1.576174608064624853e-06
8.691476849537754863e-06
5.475088804178679944e-04
1.985512453668859464e-03
6.147222453182371333e-04
1.094971732004187221e-03
8.295559969959208748e-04
8.883713294824346039e-04
1.134376432300598621e-03
1.891242173166505667e-03
3.497275361653151213e-03
3.628751236791279665e-03
2.283675165335341973e-03
6.216377686647476001e-04
3.793401175425425119e-03
5.109201263330441500e-03
2.674151576316056446e-04
8.233115336936791060e-06
2.514883801662061970e-06
9.716247732674707660e-06
7.600017457560922455e-04
2.645518368707815062e-03
1.551287817869051499e-03
1.819700673423791607e-03
1.368820477289021433e-03
1.451247562911632365e-03
1.498946303625195648e-03
2.180256703241152151e-03
4.014552223671811332e-03
3.604868013382450317e-03
1.748209835321782582e-03
9.988548816735616075e-04
7.436480412682689757e-03
1.443398292320010679e-03
5.502205561391015410e-05
5.688933609020968423e-06
2.380091653812469332e-06
9.805037855608372870e-06
5.370421759060127909e-04
1.758066759336378683e-03
3.019780905548082820e-03
2.868301184455199996e-03
1.957337893702519073e-03
2.922275336909474931e-03
2.698245557586935548e-03
2.916950177963036853e-03
3.153324788319231825e-03
1.447654755229949150e-03
1.228540771453469653e-03
3.956622755514173709e-03
5.453705002800408874e-03
8.610496160270139209e-04
1.236201519487345859e-04
8.974067340150421068e-06
2.602529101612512890e-06
3.440340816796218671e-05
1.810687118695791537e-03
4.172091873531806085e-03
2.579748506829878611e-03
3.465481804901411871e-03
2.007072975478033355e-03
2.290432172014307110e-03
2.731155140530720175e-03
2.085656709993153213e-03
1.060000933668550204e-03
6.771100492934483111e-04
3.132911254636995459e-03
7.300192503611593019e-03
2.051943867776685228e-03
2.095336008270265601e-04
2.579169355945072989e-05
2.670562106483132210e-06
1.784987271030072579e-06
1.710783143628886570e-04
1.230254498410974888e-03
3.989545887627800845e-03
1.880915993793852697e-03
2.664099055115002907e-03
1.722057711916257644e-03
9.923047603495245041e-04
1.541117011897949040e-03
7.589622204177440224e-04
7.398577958080712570e-04
2.301387135663530547e-03
7.023521866339423395e-03
1.663630049904830195e-03
1.058947393622266045e-03
1.956989460202821396e-04
1.899568962156321044e-05
2.743060449319503409e-06
1.624960802714667331e-06
1.551087948896865093e-04
3.296128939181990807e-04
2.005507807877374930e-03
1.507488772270157082e-03
3.618668227074655968e-04
3.015799698541314741e-04
3.919390142641287263e-04
6.139776664551334102e-04
6.478585562935682473e-04
5.814352394704988373e-03
9.217104632802010714e-03
2.469650464410280081e-03
1.989275344082314274e-04
1.074307403322490706e-04
8.025406094921256304e-05
1.013695413086336436e-04
1.877209598206176167e-05
2.558069535255092274e-06
5.134854670555292962e-05
3.921078240447765798e-04
1.818993196176197551e-03
1.019941321122011697e-03
2.891007057132296957e-04
6.243504120681833648e-04
5.706293720403370290e-04
1.947287843455415774e-03
4.807786152294778008e-03
5.413553377255910307e-03
7.435779985554886616e-04
4.087688505947436202e-04
2.696338297219871057e-04
2.108709620401369512e-05
3.647103873285154232e-06
1.113257811307716772e-05
6.463068670249072648e-06
2.173010352151798105e-06
5.596978851749905481e-04
4.268561196473658233e-03
6.488735018293933024e-03
4.773599140493803121e-03
1.546595032684181968e-03
2.496170442348068577e-03
1.209841281033309382e-03
1.424050483033147824e-03
8.850204267284103457e-04
4.238346729734981304e-05
2.778786497253800732e-06
6.684259980481926794e-06
2.770522700625524090e-05
5.269621837829122257e-06
1.034699026027507482e-06
1.827127688273862171e-06
2.456468262920906470e-06
3.941449601519974794e-06
