1.840227084195707749e-04
1.474934471581736779e-03
5.516500536959870367e-03
4.296317493607842118e-03
1.923388108116753231e-03
8.820275582357738672e-04
1.829759743728526548e-04
4.331239692353972839e-04
6.929776504527032307e-05
4.781837932288955614e-06
3.127403461687795485e-06
1.850550887205272875e-06
5.115630584208636044e-07
6.935324930073005052e-07
2.994631652108273819e-06
2.772597563255840888e-06
1.849482110147745991e-06
4.673377111979318839e-06
1.866668052768824193e-05
8.826577922859272021e-04
1.027948787229933728e-02
8.366801551125872469e-03
2.497517126539404268e-03
5.575434378530778759e-04
3.354620671760695787e-04
8.884134255515743457e-04
2.456026018409215601e-03
1.080501486767472671e-03
1.611308997373549299e-04
5.100599732413402780e-05
2.105173396497830308e-06
9.788029274360072249e-07
8.660191751530738925e-06
4.226166797629541170e-06
7.758920201636927336e-07
1.701418879439754421e-06
1.907209284648178429e-05
9.705233678995672743e-05
4.590445485583987155e-04
6.589610260217288341e-04
2.382438421944881285e-04
1.041774808515891801e-04
4.311820921659041466e-04
3.862544769378604536e-04
1.204156288899143170e-03
5.884432282659480228e-03
3.761639621785098451e-03
1.216808878414748270e-03
7.850844064687532617e-05
4.709633540866127834e-05
1.027784633439430856e-04
2.355685706039377145e-05
1.902335625423077854e-06
1.510906740489388215e-06
1.446801477466645703e-04
7.767715672906611631e-04
2.270749404496600569e-03
1.441354512123541867e-03
1.100058962607241425e-03
3.214734308621703405e-04
6.227252101611291391e-04
2.199907463284401967e-04
5.306862368038001957e-05
5.110956215027715951e-04
5.071049828314285433e-03
2.991035712926771398e-03
6.508476511070367468e-04
6.299281200994781907e-04
3.283763886400071813e-04
1.496042370277529069e-04
1.341431200284960598e-05
2.385141433670309362e-06
1.742852504078669230e-05
4.515099933711160538e-04
3.807463034366819800e-03
2.017227672527145861e-03
3.146692028685262477e-03
2.741743358323142903e-03
2.369757494007750185e-03
8.197449009697238120e-04
2.226910105869025428e-04
4.302078026342309389e-04
8.410315987073793600e-04
4.228676520517386794e-03
3.878682199982282953e-03
1.166948381340922498e-03
3.081761447804587384e-04
1.278346093312611844e-04
1.031404262700141751e-05
1.953088442072833598e-06
1.597914791850057911e-05
6.494955164180834682e-04
3.880588288036105303e-03
2.743041537633496632e-03
2.852314770339098391e-03
4.526281028416140155e-03
3.903901288633501200e-03
3.700703360527163744e-03
3.309893568262767954e-03
2.761424076020371158e-03
3.485711956500572384e-04
1.157032285375055947e-03
5.172247286306329815e-03
3.418258614488034648e-03
6.619143478486891894e-04
6.729061336888610590e-05
2.863830311385004379e-06
1.037917087411663399e-06
1.007368641876195385e-05
5.293461609795505280e-04
3.162811178379395637e-03
1.361332250501499138e-03
2.173828894327461524e-03
3.292418599577401263e-03
1.675285756781550502e-03
2.816927208779912081e-03
2.059968161609782109e-03
4.609712434745123766e-03
2.034154792514304439e-03
8.012753144168793069e-04
1.037462250238147974e-03
5.039781360080132500e-03
2.065625275215213219e-03
3.125078722231690244e-04
9.355390125616044417e-06
9.426248263329993988e-07
2.821619538411606504e-06
1.060863438011532505e-04
2.635180937837643036e-03
2.896303167375120519e-03
4.258371520210559903e-03
1.889986492785976271e-03
8.416394762559121319e-04
1.721123988900466690e-03
1.579879492678500823e-03
3.844456538388959285e-03
2.579659086910688921e-03
4.725362882737238653e-04
3.289071215431239544e-04
3.885990141371131138e-03
1.427418920788619140e-03
3.444370173482268682e-04
1.952185401177604265e-05
8.247766621533805862e-07
8.563488855046366540e-07
3.600952585399650314e-05
2.320954793214380970e-03
2.554439996758360240e-03
3.611850172663939786e-03
1.652203881655327179e-03
1.012952847129218676e-03
1.407387207841328527e-03
1.674340934495830617e-03
2.536726725905872303e-03
2.760868915735438956e-03
1.638870927253745311e-03
5.903286898702914164e-04
1.813660804309328699e-03
4.202155931321894557e-03
6.315907143405658820e-04
4.576607647235597643e-05
3.461732352878462817e-06
2.000277865082622134e-07
1.835671362643372155e-05
3.664142924158090339e-03
4.688221068493979814e-03
7.482792186498024752e-03
2.825906742049055006e-03
1.778766739000617195e-03
2.334354477995640754e-03
2.558290055108357504e-03
1.820972015316942938e-03
1.818834064540059787e-03
2.333754326270262493e-03
3.991040243097318052e-04
2.556449439619350606e-04
4.717196768645593244e-03
4.076097937058615261e-04
7.746648855742606192e-05
1.975160823273056689e-05
1.095820144830236675e-06
8.163800980841943718e-05
5.145555289509581680e-03
3.854106243360214297e-03
3.218228958891749050e-03
1.742835264837667725e-03
1.858690527123144694e-03
1.640152038088242385e-03
9.165069943466585970e-04
1.360575722832500604e-03
1.153258374142218179e-03
2.335466324647066626e-03
6.848533936936920374e-04
1.822367161540875650e-04
2.998540365999865891e-03
6.054464836468457069e-04
1.557900111748029967e-04
1.617643129287038421e-05
9.344838486048033478e-06
2.071364394866342766e-03
4.260444668935409879e-02
1.033019203592150555e-02
5.600623745063929709e-03
2.296840638773705451e-03
1.338807611376855193e-03
1.291198251841872788e-03
9.965171717710389482e-04
2.381228572029868342e-03
1.361751310843662896e-03
2.853840883815173673e-03
1.131040184172925215e-03
4.331784815106807661e-04
5.189053303340226964e-03
1.598584595242120467e-03
3.751611085292207073e-04
3.842951527459844866e-05
6.550900739617421443e-06
4.291218494406941891e-03
1.168372441260895761e-01
2.982032947583899973e-02
1.841139416649835089e-02
7.663304536456215510e-03
2.766538304340230344e-03
2.182469493471753726e-03
3.024149040873105529e-03
5.621667927095719101e-03
3.504538600493682307e-03
5.500497239654011938e-03
2.950876596600910881e-03
9.551656258563897238e-04
1.024682291543064887e-02
1.814360891853534271e-03
3.321930621468877293e-04
1.426229390833307011e-04
1.700374803186104181e-05
5.579630337209424799e-03
7.020767806016410539e-02
1.486224594037313489e-02
6.550401703792296110e-03
3.920623026880331111e-03
1.932825546646908723e-03
1.345473720595939063e-03
1.584208872411499306e-03
2.639488179412174083e-03
2.193814225185846192e-03
2.549450346022603345e-03
3.872879511859331041e-03
6.039479138538481409e-04
6.687168351888821312e-03
2.000547535369991484e-03
2.068101575780934573e-04
4.431338233887953111e-05
2.745496949491684055e-06
8.686194559538868690e-05
4.700837887241041298e-03
6.507784907986607741e-03
3.894323177897748497e-03
1.037192087413333014e-03
5.958709063740358011e-04
9.678928806625407581e-04
1.326687052623304591e-03
1.199882464729388858e-03
2.043421580460375205e-03
3.037113521783192747e-03
1.474134471092715176e-03
3.185271156787391924e-04
6.217382571166929321e-03
1.065761665893544654e-03
7.692769329368297844e-05
1.008313810829081842e-05
6.752221857583559433e-06
2.401235897823246471e-05
2.660954394329866166e-03
3.405678117324768914e-03
3.101818026894324551e-03
1.141209516477212577e-03
7.424939204467261022e-04
1.597597132511576878e-03
3.144135013122883581e-03
1.030974511361123841e-03
1.529981221388851615e-03
2.795424576989902817e-03
3.179823637218431366e-04
2.053988037935848608e-04
5.687521850489109763e-03
5.863362826249870173e-04
3.785464120999504004e-05
6.399103824412071114e-06
1.254814640794379781e-04
6.160044687535012583e-05
1.981138101966898810e-03
2.033330944616873297e-03
3.989897775353650269e-03
2.668681154068244712e-03
1.054154851636536537e-03
9.185873312173150826e-04
2.512491548818906930e-03
3.708727142109921257e-03
2.918305239364532046e-03
1.708834631592211044e-03
5.240622080957997586e-04
2.162908032485528868e-03
6.108330055463784096e-03
4.015391439856829336e-04
1.031140687572251762e-04
4.613857081322659886e-05
1.185063500898639827e-05
1.781374885565879522e-05
1.707442437567032942e-03
1.540209489926303368e-03
1.859058420030685818e-03
1.938706395305538413e-03
6.841640646607576688e-04
1.335372284321787503e-03
2.047538547829768317e-03
3.413621576914170445e-03
4.566400942094599354e-03
1.069957043256797953e-03
2.734590474724709805e-04
4.036711730106735604e-03
3.291853326788102621e-03
1.317834933510788026e-04
8.259378250003791052e-05
1.099195989366904885e-04
4.268509629558263714e-07
8.832045532609639142e-06
2.329771397162306527e-03
1.618481028067481672e-03
2.366203920230336693e-03
1.781340878717033779e-03
4.199050324444687007e-04
2.127033340059030810e-03
2.005948619292723459e-03
2.983447036364372633e-03
2.396718602361734216e-03
7.790722415844076546e-04
1.052557751793692159e-03
7.422851770617903099e-03
2.857847911655313905e-03
2.415250552106792113e-04
1.354039482032681047e-04
7.984974823785408204e-05
6.177287945240590522e-07
3.698713102902189168e-05
3.564600072583881847e-03
2.353162765116418795e-03
3.149599760284509282e-03
2.292821686034117543e-03
1.567681693733343580e-03
3.810950350621159291e-03
1.946454628867718990e-03
2.596822151762157461e-03
7.959801478138268851e-04
7.863268397633152614e-04
6.675062360030995304e-03
5.431832908190278343e-03
4.836236975551638328e-04
1.430635485659466778e-04
1.780068652870906256e-04
1.404628542835936517e-04
8.283064028773009789e-06
3.572594690714950955e-04
3.274261918551546989e-03
1.782727846177462093e-03
2.232051143149440305e-03
2.217269353248257913e-03
1.529637683360785417e-03
1.613675496068410270e-03
6.810141263413523873e-04
1.515527281696164299e-04
3.375742086799630570e-04
3.737093062882992141e-03
4.405788791733892748e-03
1.524297957393884852e-03
2.436302827795800493e-04
6.858325203919714741e-05
2.139704537873874946e-05
1.437538758538581737e-05
8.792922130921032857e-06
1.499347124938270174e-04
1.021950049417170428e-03
1.224773521423435426e-03
8.641509024077062302e-04
9.888330041747856770e-04
4.862589175529642639e-04
3.304923791864130015e-04
4.709669770132499968e-04
5.328606293726508014e-04
3.440095435384375473e-03
6.305638424433743922e-03
1.356440783948122336e-03
9.826717080070167948e-04
1.560119295156167738e-04
7.675513159446892991e-05
1.311006374206468117e-05
1.964738063533492390e-06
2.981036266469032184e-06
3.621115244470630914e-05
3.313973469990209733e-04
5.154410285002111432e-04
2.109330426038024656e-04
2.036392817789129805e-04
1.359329270838997058e-04
1.559085914812725557e-04
7.444548725866595830e-04
4.052409787187157345e-03
3.769662299893364928e-03
8.104401257464668952e-04
3.776139584484026796e-04
1.727672082350419156e-04
8.348446626498065456e-06
7.703109888795219378e-06
6.419462985456809097e-06
1.937200492011377711e-06
2.023787733100416048e-05
5.094284311173939836e-04
4.690721268154602816e-03
4.751206614889648752e-03
6.859550597561823440e-04
1.764703102244015020e-04
2.453478558039227713e-04
1.718760503405813295e-03
2.261429394459746681e-03
1.261293456062677776e-03
2.658205978534859009e-04
3.167559702082278430e-05
1.225853992697576059e-05
5.317524447867956961e-06
9.408791382831860784e-07
9.401468121038227216e-07
1.426460657800549821e-06
2.078686080344101638e-06
1.857824391041663892e-04
2.232140843653138314e-03
7.084322162598984292e-03
3.891477955845414061e-03
1.964430462234397975e-03
1.493927604503585789e-03
5.348813653290200370e-04
6.219288009401898213e-04
1.462995728316802187e-04
9.241119995762316574e-05
4.303033991512025450e-05
2.898175367012751820e-06
9.374560675600986357e-07
1.465270819682730893e-06
1.893165587747402534e-06
2.121921210926280959e-06
2.361843301862292499e-06
4.625067903819777246e-06
