1.137082418802947813e-04
7.910861764501795138e-03
7.632530245005660074e-03
3.858949318874824088e-03
2.388152720392652372e-03
1.658799785191716848e-03
7.206652101657964405e-04
5.627794809252466886e-04
2.499444120115860805e-04
1.601242931335082305e-04
2.905071007814987219e-05
1.865963070322129681e-06
7.140256113858308222e-07
1.961387625070319699e-06
3.351236063063339267e-06
2.549192476215933587e-06
2.612234640507518037e-06
5.212126357403000740e-06
2.825871584685241611e-04
2.513966045512566663e-03
4.160014821016345260e-03
2.742723851507828086e-03
2.695754284117622083e-03
1.332392501223607058e-03
7.566623863913086653e-04
2.316891551860817636e-03
4.512150795099510031e-03
2.207598179570361904e-03
3.763914852320710577e-04
2.186059818529643956e-05
2.491687675625176466e-06
5.302851599312798207e-06
3.143303968799715606e-06
6.838205885776102495e-07
8.447925717199083287e-07
2.843394245557686855e-06
6.092064693213556037e-05
7.119342900711653340e-04
8.517839860761343201e-04
1.041299015116339691e-03
2.077465268822408038e-03
4.820585997361550505e-04
7.965060373988235877e-05
1.034946247172907380e-04
1.730860402160179154e-03
6.207795970601178749e-03
5.398051426456658246e-03
1.033306990105692857e-03
1.282074897623301931e-04
1.360029233874137896e-04
1.062042274648310198e-05
4.307154571601966605e-07
4.985440260134485627e-07
2.685763450327681000e-06
1.772650808637007836e-05
1.117696321821717766e-03
1.355301459057266754e-03
1.339441194814150731e-03
1.878115161203538662e-03
6.856212533801952710e-04
3.243916274826108385e-04
1.491374146961657317e-04
2.899453623227833785e-04
1.230673659040228910e-03
5.131630538884835932e-03
5.937229642609765344e-03
1.064186168536188862e-03
3.764159208736575545e-04
7.308082056310492977e-05
2.747418870934713772e-06
6.769397292050366549e-07
2.159855107632246307e-06
3.371359466364919320e-06
4.738561016148237445e-04
4.504995529346860969e-03
2.636302930985040451e-03
2.027907016979703467e-03
1.463422253264966321e-03
2.170003466970646389e-03
1.941039383276052478e-03
6.272832157050145779e-04
5.003654071487539587e-04
8.124931019778271852e-04
3.460901302438965099e-03
3.403160710714164729e-03
5.152307225734361826e-04
2.348494269237507738e-04
1.267540973523030917e-05
1.246938499320574100e-06
2.151290132188297798e-06
8.039445727482052398e-06
4.027470525934965183e-04
1.866931620181006436e-03
1.046930149203132007e-03
1.824226132717482593e-03
1.278368283856096393e-03
1.585539215219756905e-03
2.774356025554613938e-03
2.749954599863948211e-03
1.376698493216409972e-03
5.152214165393367200e-04
7.235028564067374091e-04
6.856243780702616850e-03
3.965609700927828947e-03
3.444542504473602305e-04
1.604284893335677822e-05
7.938151212238130737e-06
8.545110178774078854e-06
2.739255270180211262e-06
9.979041291214210533e-05
1.828581794788479735e-03
1.651277524394885194e-03
2.216469718175254067e-03
1.811926136157275937e-03
1.167664408330723299e-03
1.128986789907733632e-03
2.582169054157226924e-03
2.179139812428218526e-03
1.726971543287237785e-03
9.129861198108996621e-04
1.481688210860227601e-03
6.144996880216441193e-03
1.498236557298138856e-03
1.302347661092069302e-04
9.728618642770914314e-05
1.740677070402742816e-05
1.020327172187607094e-06
2.469959739772446431e-05
1.243039812221859467e-03
1.632853955366619014e-03
1.446609216025312615e-03
1.549949831005330639e-03
1.270041720403853941e-03
1.132009758649581317e-03
1.646717807114575494e-03
2.047343909721552075e-03
2.017223137557605777e-03
1.655221299596791942e-03
6.014869973200420153e-04
2.757645873446590637e-03
3.650705940130504010e-03
4.310796564384395866e-04
9.330391358048721856e-05
5.275130200316853822e-06
8.729661819376034480e-06
1.451200618792108682e-04
1.667792938743867118e-03
1.733164119928137011e-03
1.624904607604056193e-03
1.623717451045406102e-03
2.101905478175951358e-03
1.856770508935839210e-03
1.433315968239264699e-03
1.890477430968248284e-03
1.078312177860674646e-03
9.724434566318615816e-04
5.721908794295422996e-04
7.324284619061316448e-04
3.886880853403904511e-03
7.489293871680428091e-04
1.288714834567182012e-04
1.005591364690414445e-05
1.870065643618653899e-06
2.375693077275701934e-05
1.063699694502007100e-03
4.047832106923114799e-03
3.309179946101700222e-03
3.316749906379811829e-03
3.414138297528790823e-03
1.152742788286499447e-03
5.972743867905925706e-04
1.377846053556072183e-03
2.480831801938481081e-03
2.588717738642404113e-03
6.680972844219707678e-04
2.382395064647743960e-04
2.714160916283142426e-03
6.229610234060145406e-04
1.664724883635483599e-04
2.496127030698290280e-05
7.301688602338499415e-07
3.272481581304294811e-05
3.874867140694518257e-03
6.708630559533064128e-03
2.819371705235834778e-03
3.125402407140939233e-03
3.030807548741781127e-03
1.266906175607515877e-03
8.043434015773128594e-04
1.052473017294106418e-03
7.287399252035498985e-04
1.591731424762801847e-03
6.006382795515864334e-04
1.706337285412869544e-04
3.019098705217309470e-03
1.345747349316794893e-03
1.497802359594588328e-04
1.195051081112327094e-05
1.116552233148899030e-05
2.609817429350486974e-03
5.550395889737275157e-02
1.303292464759064559e-02
5.198511261970523677e-03
6.344571226648193507e-03
2.886606217063611337e-03
8.785989925350289574e-04
6.898540137901086481e-04
1.084700027715054067e-03
5.460555957417813615e-04
2.127459568239128442e-03
1.649036259922759522e-03
4.201237264095805473e-04
3.351519022736903792e-03
3.703639486269575277e-03
2.430548656460186597e-04
7.293264730997492971e-06
1.614110171653166162e-05
2.974036881877527815e-03
6.389408482039068971e-02
3.533473289700034964e-02
1.276654159855122178e-02
1.104445119091927718e-02
6.129832037849117059e-03
4.225838275398493930e-03
3.343981292790988713e-03
5.138993564835526127e-03
3.152737574072118909e-03
4.187266307070731941e-03
3.924403420798795034e-03
2.115177889884697817e-03
6.759479271589522234e-03
5.596728916732098685e-03
3.477796935720178437e-04
8.425945767236075473e-06
7.988442751752587294e-06
2.047476179114383378e-03
7.724923217265462771e-02
2.249775514763076995e-02
4.938797966191171319e-03
3.703218773848073603e-03
2.975465483832983715e-03
2.386742847152730201e-03
1.488964531434541511e-03
1.350467416436017774e-03
1.387288154891346686e-03
2.031340554368476006e-03
2.377274144070232274e-03
6.584550386199863967e-04
3.972378988005406154e-03
4.883849572498197289e-03
2.352280347344066266e-04
7.817509559912705697e-06
2.347602564326139622e-06
1.888216364602623824e-04
7.832611160679844170e-03
7.853368978573751005e-03
5.327507417902276575e-03
2.383377122024725285e-03
2.394632958821736254e-03
1.199938144449268305e-03
9.499966818353962382e-04
9.250096137123583508e-04
1.177321046380539653e-03
2.075509024612832293e-03
9.529651442469772721e-04
2.058635468916714117e-04
4.355009165509501033e-03
3.037379679440250797e-03
1.634281648984092664e-04
1.425397450005083856e-05
9.305948070879072405e-07
3.615532166448733183e-05
3.056118902383094058e-03
3.386022774215300627e-03
4.457320764495784245e-03
4.852659098743958808e-03
3.122485185941555920e-03
1.443503328328054475e-03
1.135204478895034640e-03
1.511004202995795773e-03
1.671376037304065244e-03
1.922602655374918866e-03
6.702382124536693242e-04
2.868740917737779808e-04
4.358765618344629528e-03
1.768688999075870242e-03
1.290619163605866712e-04
1.373800745104174309e-05
3.116478138220107692e-07
7.329205126583367072e-06
2.872935361072045599e-03
4.317886524234275727e-03
2.334735311256459517e-03
3.390011469688435346e-03
2.528991546402595877e-03
2.285225002261322743e-03
1.527819046186843117e-03
1.978892241822230100e-03
2.241555479229352492e-03
2.298360473686730625e-03
7.283039487015272994e-04
1.293573466248507803e-03
4.838205962033042574e-03
8.746568706316028589e-04
6.740566527862230787e-05
4.873825154392943890e-06
2.406318687870810186e-07
5.140452863476497496e-06
1.444019965569637645e-03
3.634521780655468152e-03
2.606828245856899345e-03
1.577001635361085109e-03
1.422867096842640863e-03
1.373745528154200930e-03
2.048931089667818239e-03
3.133385794595283051e-03
1.916452446352893578e-03
1.785975611470153783e-03
4.451278748400730738e-04
3.632510063222993066e-03
4.699448099902545604e-03
5.274196084212813464e-04
1.398330314141026434e-04
1.134619344989473377e-05
1.282805440857311758e-06
6.176253763979105439e-05
2.633866309594235563e-03
1.823349392895975019e-03
3.010355208586774304e-03
2.078013004221081032e-03
1.208479605714253644e-03
1.171125645678166172e-03
2.449134503625911754e-03
3.909730929497651740e-03
2.657549813216661914e-03
1.100130961706013814e-03
1.062438981633410159e-03
8.657828266447077301e-03
1.476319588073009151e-03
4.861389060541995493e-05
1.550738487994675314e-05
6.305499509709551706e-06
5.630365673743516004e-06
3.477742715386351316e-04
2.994748090211035024e-03
1.003072521638877527e-03
1.682021661315950909e-03
1.259481305202660899e-03
1.684525145094850499e-03
2.683028093420344873e-03
1.817982341931780738e-03
2.193535990531530425e-03
1.510279065637465737e-03
5.031809340927628727e-04
7.088436234679008040e-03
7.401848819509148844e-03
3.059451424806794212e-05
4.906058851747295288e-07
2.662253728674696977e-07
9.732852902133930794e-07
4.093710125619151085e-06
4.357604372891835305e-04
4.074876492014944257e-03
2.070020198402035359e-03
1.855677571057193307e-03
6.774360459019046835e-04
1.259294238182955558e-03
1.549161271640613936e-03
1.282818487379438696e-03
8.355404703535387369e-04
5.697921684995237504e-04
1.580965249582674771e-03
9.432603272996073138e-03
1.334163900545061671e-03
4.132159475278126305e-06
1.811560037965928188e-07
1.772203066991577960e-07
1.111288143676654739e-06
1.012080116669622544e-05
1.047454879610454749e-03
2.863257436221394638e-03
1.865978658320763695e-03
1.899261011694790497e-03
7.842716985833496010e-04
9.243856562325795685e-04
3.322161057995845121e-04
4.428606289189487648e-04
7.484166988074801010e-04
2.225639682194221862e-03
7.467819126459981048e-03
1.037139307836834872e-03
1.966976486831341353e-04
1.927842388004658613e-05
6.885253198513333110e-06
5.097971785824194158e-06
1.806133977424135087e-05
1.777207768318748407e-05
1.069297068711483204e-03
1.457537299829292973e-03
1.169043858755731274e-03
1.041845168939155427e-03
5.674978525399740868e-04
5.133371452125120400e-04
2.072285959954233445e-04
3.178207693823946705e-04
2.901441984359925431e-03
5.291381635565926660e-03
1.059978471282085671e-03
3.583511015397419178e-04
4.754814866234514242e-04
1.017709555448706964e-04
9.159920424986687224e-05
5.838623807688519832e-05
1.483587812353740452e-04
1.805435626712966567e-05
1.107413200297503427e-03
2.863359200764910989e-03
1.329535043295866853e-03
8.986665441423210502e-04
5.287909722938174094e-04
4.174370847829929581e-04
2.279114486978458046e-03
5.298700111526332378e-03
3.831619478164606518e-03
3.682854323508879895e-04
1.265584724983435519e-05
1.478259757665801948e-05
2.900026263642697361e-05
6.711985002270754803e-06
8.272048630081667707e-06
6.455143391657730186e-06
1.694307717648191414e-05
6.083437512789466187e-04
1.041736601329965040e-02
8.368651579901088475e-03
5.187678985675286437e-03
3.980518827061859700e-03
2.165697579547363940e-03
9.823704131578119871e-04
6.080964441477199316e-04
3.262247885274342785e-04
4.717682263640530854e-05
5.218796711466594392e-06
1.103226782891496922e-06
1.006763392063498056e-06
1.086485982881256751e-06
8.594032908733951033e-07
1.510511539872692767e-06
1.475256670735770756e-06
3.267718780124094995e-06
