5.193551376596663576e-05
2.056706228003975234e-03
5.862762229211769885e-03
8.057101213122259964e-03
4.064174546382081331e-03
2.557134835895589695e-03
1.496421455655771744e-03
2.852374368646517469e-04
1.494545038509232596e-04
3.211659972889006643e-05
4.674095779676334527e-06
3.350614535636344563e-06
1.094404270403768837e-06
7.080237624105146746e-07
1.932695733393026062e-06
2.978092231444575619e-06
2.713798268143640091e-06
4.832365031045930772e-06
1.593677165450985860e-04
1.766625701019436910e-03
4.762324189311241233e-03
6.596101147785415897e-03
4.842262643256051678e-03
1.832293924459864375e-03
7.912948456814246313e-04
6.654655879550026767e-04
1.535730291053534913e-03
1.392960783657038078e-03
1.099120435093909150e-04
5.235968580203539100e-05
3.913583783207534335e-06
2.513872767139246793e-07
3.999294867238388840e-07
8.614949118814810301e-07
1.113994220853619945e-06
2.621961833421013901e-06
1.594094847711773473e-05
1.594238430987459363e-04
1.462016055811891577e-03
1.094595883077927045e-03
7.468890899659976889e-04
1.309651688416037067e-04
2.342628157999483750e-05
7.531629666377881070e-05
3.343928667852591615e-04
4.705982687504292258e-03
3.903521154053755937e-03
1.009065039145539419e-03
1.116385904795080532e-04
6.379559016467819118e-06
1.822965015893406301e-06
9.986660360012242823e-07
9.377761606081362684e-07
2.650670279668607744e-06
1.815738133352513284e-06
7.032095158110479767e-05
2.513176642553901358e-03
1.457211631864543033e-03
1.626820720891310581e-03
6.941781223041787680e-04
1.583309361336165716e-04
6.559759415077266471e-04
4.724068269908273028e-04
8.033486763492157356e-04
5.454573675759539358e-03
5.897097966521449262e-03
1.195755828159415562e-03
1.385834828027252734e-04
2.992207943680626328e-05
3.960931847061043615e-06
1.017872203214987225e-06
2.462999017621513072e-06
3.140525756564520442e-06
1.280351331139102514e-04
3.074254622841578015e-03
3.187300470495058827e-03
2.597234176659782203e-03
1.418342526712281816e-03
6.306755555430365156e-04
1.137872055365005824e-03
1.050163050472419004e-03
2.404882068960275375e-04
3.368645428289862207e-04
5.205228600693230512e-03
4.484978942778421011e-03
3.629615082162700353e-04
9.488987174413753456e-05
9.533760080173381846e-06
1.124212330436375295e-06
2.105411146621747785e-06
1.111741303640881021e-05
2.678934516715329164e-04
2.476530043244687136e-03
2.669475705628913086e-03
1.371552970943606172e-03
1.420959627624575209e-03
1.520833887796086293e-03
2.068528543759155791e-03
1.720090082636373079e-03
1.628216616803166957e-03
4.148685408233888797e-04
4.714799821950811979e-04
6.514732862749925829e-03
3.826886983831041204e-03
2.772426758510776576e-04
2.515794151877291521e-05
2.492835523417372824e-06
2.312826273665890741e-06
1.057321059865753681e-05
2.421831643822831576e-04
2.271196740631586507e-03
1.644215198825629007e-03
6.812198057150535384e-04
7.435014888329494155e-04
5.843497607495387342e-04
2.552814139488563099e-03
1.872009103317615096e-03
2.843524539468892786e-03
2.254805333750426518e-03
1.994653071121040195e-04
1.779427266324116715e-03
9.902970331302806892e-03
1.320920479597219744e-03
1.191770317930583399e-04
3.934205521188091687e-06
2.166857286044463106e-06
4.845444550826845026e-06
1.367853846609326355e-04
1.788808693202536626e-03
1.366819389418302963e-03
1.020137338036632493e-03
1.585970577983938619e-03
9.471328828321009868e-04
1.066623872354237725e-03
9.372771032487609184e-04
1.369285689912210727e-03
3.012653652045107263e-03
4.912897188102748709e-04
2.573045088875488282e-04
4.673003080250459282e-03
4.785475012937948427e-03
2.898101834813363985e-04
6.846620804899475607e-06
7.244063173674104341e-06
7.707607812810713524e-06
8.870134759182933266e-05
1.030042190917947794e-03
2.636705724238498638e-03
1.887864040930787570e-03
8.976504248445096694e-04
4.178812641666004250e-04
5.018866075694388773e-04
9.551772617345576175e-04
6.800234708096797396e-04
2.885769973977626683e-03
3.015530972237849897e-03
5.108992862190776156e-04
2.708004411790833170e-03
6.856650323063533115e-03
8.673687566842483345e-04
1.377200562160627864e-04
1.343920800033656911e-04
2.795549799278891608e-06
3.262216345741103193e-05
1.198004314070387011e-03
4.177315531497531771e-03
2.858448192919133771e-03
1.160369880274917916e-03
4.411676482978521552e-04
1.260463240719023352e-03
1.441319392271298060e-03
3.870949280534014794e-04
3.266605592239567400e-03
3.164463396863102882e-03
6.219471388234814376e-04
5.858583436376029385e-04
7.036899495728580686e-03
1.098360022579838871e-03
1.847614913779834433e-04
6.291650676645871743e-05
5.423135062201270839e-07
2.402563226515064357e-05
2.419581235401032510e-03
4.347407146986677351e-03
5.055501539459398598e-03
2.679730194487641229e-03
1.416490584535855767e-03
2.328700088711941393e-03
1.052835578359614336e-03
5.307842115754989477e-04
3.058330296962291726e-03
2.461668029018505670e-03
1.130485730392777593e-03
1.953454943115203531e-04
5.710218312953087468e-03
1.681969266558507644e-03
7.251283727555345420e-05
5.348686678807738546e-06
1.945727037454384464e-06
4.036032640737206184e-04
2.603677338677436170e-02
1.087790717725676919e-02
6.539274695459319775e-03
3.078425442980423261e-03
2.005509572026054066e-03
1.730585212287158751e-03
1.081977852655911180e-03
7.951395094429782994e-04
1.365359473725289265e-03
1.520787660446673269e-03
1.344488621734636884e-03
2.059098562283918411e-04
3.431034273494781850e-03
3.193272761415336634e-03
2.882790257118932357e-04
9.278200902852146110e-06
1.130233633908141594e-05
3.272724530191663869e-03
1.029300108038641998e-01
2.792115192553805761e-02
1.529105562677228990e-02
1.045521996006052758e-02
5.991735947310197069e-03
6.146460145274192273e-03
4.182186555460601189e-03
3.031790361913320846e-03
4.295866988204450308e-03
2.237317368517374120e-03
1.114223371745486080e-03
4.385908330036650021e-04
4.980928183380247537e-03
2.696930133927043661e-03
3.778782622745646452e-04
4.860907710341400072e-05
5.781120361375173836e-06
1.317459632895855723e-03
8.667042862748605692e-02
2.215546675967401680e-02
8.337617314428166088e-03
7.412853668097603779e-03
3.220926136298970632e-03
5.069750059602566410e-03
1.939462448207975379e-03
1.612920612552132607e-03
4.554798665238196653e-03
2.433747261443472334e-03
1.323965703253362960e-03
4.311791546975936155e-04
7.454020292919513735e-03
3.559273873146834733e-03
1.831722049811170417e-04
1.503801074782393145e-04
1.227991592726981199e-06
7.612006468400683140e-05
7.137689232740471873e-03
1.038819828422173942e-02
5.983256628449242463e-03
4.066540915371046755e-03
2.276264844504074809e-03
1.462521363341453325e-03
5.445941059170318968e-04
5.059597967200423147e-04
2.105682573493038862e-03
2.168074502433083289e-03
4.316150863162197360e-04
8.281811779424010664e-05
5.418176660413165369e-03
3.203039908958706019e-03
1.847870041386991333e-05
1.465455845931270808e-05
4.459142089122278423e-06
1.340647961474022455e-04
1.901539135809987655e-03
5.352387305362174032e-03
5.397152478599977904e-03
1.786362522201030137e-03
2.298454865396450802e-03
1.467678098788050911e-03
2.121319640463971336e-03
1.608608857752910236e-03
1.597519102489107197e-03
2.796789786590707979e-03
1.931086212852345439e-04
8.685572040963928612e-05
5.281737901467817818e-03
6.779697055376404094e-04
1.132107447498209898e-06
5.252240226135544223e-07
1.098523814067919437e-05
2.333978512057093674e-04
1.357974546093364395e-03
3.002801103154630492e-03
3.213441458296287245e-03
8.351616454029202980e-04
8.187592163225143301e-04
6.279909588626282234e-04
8.614667068829569762e-04
1.489923333921339783e-03
1.170245466618052236e-03
2.700540333029621647e-03
2.674719621917245990e-04
8.589463703935236579e-04
7.240375889749108007e-03
3.172921443077902155e-04
2.380444080727374220e-06
4.627286244471694449e-07
7.031040291586307567e-06
1.283062026336571557e-04
1.568893297716177256e-03
2.752343478999210932e-03
1.852663096479520606e-03
6.115920965442681262e-04
5.304987803401904839e-04
1.251821438574377303e-03
1.515101006174359669e-03
2.372461257074262239e-03
1.287710593767396215e-03
1.248004860697763535e-03
2.019642622451772404e-04
3.885917091698566726e-03
3.257356831035717552e-03
1.755554229993468759e-04
4.453962820123608812e-05
4.130245490754073114e-06
2.503480491846834215e-06
5.918098109874325485e-05
1.541386052748752473e-03
2.402206582285302053e-03
1.707205728777286182e-03
1.603319994752703355e-03
1.120297140796837213e-03
1.689714631093181983e-03
1.596185347807103395e-03
2.104255198605042322e-03
2.031877340004880662e-03
1.011194679940994115e-03
5.948888336393935326e-04
9.339189399497477978e-03
1.706993632717811703e-03
2.206924434398665395e-04
2.988899341076440902e-04
1.850717083185768712e-05
3.576465632654368349e-06
1.467187944690052860e-04
2.486768774969351590e-03
2.441792042640740252e-03
1.382040447975596466e-03
1.855295901084420915e-03
1.200978984317665902e-03
8.643490285747620645e-04
1.158632132000254411e-03
1.619639937069195217e-03
6.182390205777333388e-04
6.564726829373558224e-04
6.344327563494324418e-03
6.250229910455468336e-03
8.205047036539871858e-04
1.763006725930402934e-04
3.328690780224855407e-05
5.193206170123971567e-06
3.491724363466125122e-05
5.944996464736873685e-04
3.306889616634199787e-03
2.603570764750105185e-03
1.068012163873586487e-03
2.464191862779463015e-03
1.836114253200239873e-03
6.870428523973241787e-04
1.419094196999143645e-03
1.369758226464984569e-03
5.280525519041065008e-04
2.271503902011674791e-03
8.197816529311065595e-03
1.146739815239620304e-03
2.280798196654929054e-04
1.938337538169902934e-05
3.000765325678678828e-06
1.308420789392473865e-05
1.648624696965141534e-04
1.097798199042939989e-03
3.360942084223151032e-03
2.244272745067356183e-03
6.975418084629458762e-04
6.053430367787495823e-04
7.899830388508638935e-04
6.207038756686635668e-04
8.924515221686811755e-04
9.276863436415448477e-04
3.044846425922029341e-03
8.934320570254524960e-03
1.619464560271049753e-03
5.100888335050787715e-04
1.681906319218850999e-04
6.589185537118703092e-06
4.910896099912509652e-06
1.521112803932694695e-04
9.297025936000362687e-06
7.405189316016296203e-05
8.127752658854544513e-04
1.156933270033935063e-03
8.629310234993181009e-04
3.654925073577737710e-04
4.276422115284369608e-04
2.566317894029118566e-04
3.341433045397203890e-04
2.294990417533639832e-03
5.940798102932826064e-03
1.514413610237294117e-03
1.394361575256355457e-04
3.938379981819913717e-05
1.058912136662765795e-05
1.576831365093034546e-06
1.940714894439114940e-06
2.094470428346992028e-05
1.262850411122678679e-05
1.789265111890482997e-04
2.617653312152925637e-03
2.375432883142648659e-03
1.594624827776038901e-03
6.380047557764100550e-04
6.675383115940500050e-04
1.681445325665324730e-03
2.698902536133238918e-03
2.369749773340757305e-03
4.990674975396790095e-04
3.584951172306655122e-05
5.462901650448723841e-06
1.450426495453043608e-06
6.593169940972967739e-07
5.697341457484175679e-07
6.406474771511052936e-07
1.757049510078365473e-06
5.672943725187473826e-04
2.312178194895076876e-03
9.117952885556317860e-03
1.347480299311694212e-02
7.506189422839689394e-03
2.770097665398340604e-03
1.397426582560298836e-03
1.309539839005560312e-03
7.034211276672410092e-04
4.500531365538993684e-05
5.986114809220974796e-06
2.501880514622065621e-06
1.654516460035471402e-06
1.550979243284826941e-06
1.807204850351138832e-06
2.334822054692175662e-06
2.298927842701177804e-06
3.789099373249945464e-06
