1.950317714071824791e-05
2.473738893628104306e-03
5.915347208720167504e-03
2.565574841280014555e-03
1.438330965897792121e-03
5.814711584515614047e-04
3.990300451930760403e-04
3.362781768413520222e-04
4.268050407851251726e-05
3.016573384859363271e-06
6.640683187494515520e-06
1.706924808057285760e-05
3.307296336398391278e-06
9.657716776708812162e-07
1.808921900069009665e-06
2.384467998700418698e-06
1.985983466469974192e-06
4.460924209067805808e-06
2.052076575814553274e-05
1.923414862976348828e-03
4.194761528728014471e-03
3.682640387084658642e-03
1.623969299337314331e-03
7.135659731924448058e-04
7.187209181968876124e-04
6.485120360105092047e-04
7.838181730884602677e-04
4.958739464536261656e-04
3.078480115047658875e-04
1.533302951732150776e-04
2.037584184348851870e-05
4.364912253421999227e-06
8.968764549363436050e-06
4.745579767378123888e-06
1.070040328697559469e-06
2.088649318633110296e-06
4.827372211313606995e-06
6.769709566268572020e-04
2.624645490718366652e-03
7.762086352569420129e-04
6.880624681304104394e-04
4.299642569950186551e-04
3.355132855247217158e-04
5.400257124372179109e-04
9.393356398143752183e-04
2.214786146267105470e-03
1.819664311336033043e-03
4.329492463136883768e-04
9.643115169487635849e-05
6.958713786980501922e-05
1.192316861168152698e-04
1.406604617365228755e-05
1.213755516461586287e-06
2.086825616981085055e-06
3.039962622776176365e-06
4.779275427454666319e-04
3.649350492213820907e-03
1.267821213625698433e-03
1.243802311775797035e-03
7.238867152376266944e-04
4.823271773982030120e-04
1.083874993566123551e-03
5.561449304013400168e-04
5.156423211439377981e-04
1.992351162790150128e-03
2.883318988529167976e-03
5.907310293753882365e-04
1.605204748667890535e-04
3.460872611144177755e-05
2.418904227838985732e-06
7.856242372179208057e-07
2.436426249675919492e-06
1.473705928437599370e-05
8.523358564629928292e-04
2.183093109296498167e-03
1.505786637010633538e-03
8.684460680095538662e-04
1.509579507713645040e-03
1.608798417876778578e-03
1.686030651288744978e-03
1.216177502791184698e-03
1.059511452968523327e-03
1.213616548545003518e-03
2.484197981022764380e-03
4.141140916480519699e-03
2.784755483029929400e-04
2.210030198725981432e-06
2.166906868595507877e-07
4.970874128908738326e-07
2.810985679728462836e-06
2.631025664268526359e-05
8.956926490015299424e-04
1.904993728890197555e-03
2.333604446067455516e-03
9.209932882031778446e-04
1.610318641553773120e-03
1.416753422303355025e-03
1.884260806702726119e-03
2.932146669332528263e-03
3.613666866095752161e-03
1.939806676475007170e-03
6.887974654733997320e-04
2.811411078225491394e-03
2.450569232672896239e-03
2.140349369334037768e-05
4.798679363651175741e-07
4.887893887565123641e-07
2.549750195704674228e-06
4.102740002962279155e-06
1.823739464692015935e-04
2.142829397964484892e-03
3.344757884255012380e-03
1.293667224612848150e-03
1.456311534111025653e-03
1.523729454937814776e-03
1.464661861551626179e-03
2.052884896827314280e-03
3.363818923693336852e-03
3.244488699518893998e-03
1.584567266930050379e-03
4.874316001649386639e-04
6.196289941256523034e-03
1.460824195300405512e-03
5.083553071126495515e-06
6.207040299730705465e-07
1.939849709051515961e-06
6.162527801919291022e-06
2.319550394997969313e-04
2.099605180996604471e-03
3.115861871545816571e-03
2.062705269304563205e-03
1.162453105964489711e-03
1.324744155322975714e-03
8.609767094747389996e-04
1.566922155345241985e-03
3.414352024686810160e-03
2.325337912735663329e-03
2.579839686408143436e-03
4.986615451992089821e-04
2.073601027300282697e-03
1.375042755671053224e-03
3.239815962343907716e-05
2.956368611463840681e-06
2.532549393959792327e-06
9.565592332121447666e-06
2.770577866392479765e-04
3.033278971798481893e-03
5.350943772221673257e-03
2.566008809378524536e-03
6.255608376849696155e-04
4.868300092449491523e-04
6.730835760643086611e-04
1.088800618280628746e-03
1.786010432628367577e-03
2.758835353160861512e-03
1.613497900782996783e-03
9.562865391885945823e-04
1.630958818418737138e-03
2.509722972768311470e-03
4.478817468731558405e-04
1.017931644864591646e-05
2.293079299033635349e-06
4.071407638592649962e-06
1.173161770290270437e-04
3.700269682916353196e-03
9.105230889491083834e-03
7.821432990565582374e-03
2.546913516255571754e-03
1.555906869330879981e-03
2.839181606510815612e-03
1.676928952736507147e-03
1.554818006887818569e-03
2.972389503795593978e-03
1.562705350400090624e-03
6.558114343051499621e-04
3.145898478492430627e-04
2.296999547149601324e-03
6.974338981659858284e-04
3.693646468750098169e-06
1.013301081813929952e-06
8.524616231316264940e-07
4.324325497475767623e-05
4.791453837624097892e-03
7.266487670458784270e-03
6.056342078846358411e-03
2.894078137402222427e-03
1.870930154770648803e-03
2.677044930194639582e-03
1.310540326487307254e-03
1.445936623095650259e-03
1.448859976470567856e-03
2.220825908451532806e-03
1.292322640912935182e-03
2.141625582190067180e-04
1.375307728691709929e-03
8.408273471978591589e-04
5.413310109577355918e-06
1.125996328025573319e-06
1.973154789166727230e-06
4.236509199340676951e-04
4.829943843144143129e-02
1.688777616959084849e-02
8.364884141496204892e-03
5.430247224785146251e-03
2.262337475594362619e-03
1.834706029565073013e-03
1.128514470632775973e-03
1.411006283952202268e-03
1.373861167747582627e-03
3.010240188129095600e-03
1.943790023014632011e-03
4.788195026659544987e-04
2.237631577599019737e-03
1.751666710331827893e-03
1.046771862133710244e-05
8.794029895118817463e-07
9.555050805229720797e-06
3.481705824899138883e-03
1.297940975391066176e-01
3.647320899552711909e-02
2.556742632988805511e-02
1.476781268877115291e-02
6.995735739482844204e-03
3.807644068503610556e-03
1.682436964752015082e-03
4.186193340504499108e-03
3.573752453087661925e-03
3.318693752567869297e-03
3.553948119901377805e-03
1.587568217942728673e-03
4.547073438456539739e-03
2.167992256455412558e-03
1.063280640868143084e-05
5.052499739359428815e-07
7.709206572231222567e-06
2.168978233408465090e-03
6.440614901270398651e-02
1.796734036401903892e-02
1.073620727425312650e-02
6.799894835658866661e-03
3.527023293090964483e-03
2.262305514949137630e-03
9.394356625217022876e-04
1.334262420769812560e-03
1.888855090238320553e-03
2.567811071401005906e-03
2.390942701013226267e-03
1.233390652345830790e-03
2.996128006775382584e-03
1.152401808686900377e-03
4.314042159325551533e-05
2.712959354513558036e-06
5.031375692621114155e-06
2.741783214405671193e-04
5.696497307480060529e-03
5.880418706732398401e-03
7.258407874380611025e-03
4.199947441459917115e-03
1.706365877906951180e-03
1.663765990958123277e-03
1.288245555435410051e-03
1.292612445257415197e-03
1.422198213312184491e-03
1.945023448309753187e-03
1.184488905002212093e-03
5.206502995093429970e-04
2.004226848275419536e-03
1.007686795651024491e-03
2.606896373172829157e-04
2.543274312550127927e-05
3.869200944677662126e-06
9.740262110012730282e-05
2.420309787545223308e-03
6.736713353846271804e-03
8.824088291736312956e-03
3.149523555792565609e-03
2.153900534315625857e-03
2.458239967995517160e-03
1.391129411586607091e-03
1.128663252992618844e-03
1.674187491710213719e-03
2.584132449951199832e-03
1.179250048559218889e-03
5.018415216803487084e-04
3.148266194927388725e-03
5.982761025273095751e-04
2.824269460353789370e-05
5.412749633831022983e-06
2.595814194981964259e-06
9.761871100526995889e-05
3.157798575369372227e-03
3.105560623102578913e-03
1.642877265841774428e-03
1.270261400093561106e-03
1.273835267926686551e-03
9.186076764890775334e-04
1.193288332000834624e-03
1.206624490596813065e-03
1.875248718176015118e-03
3.204607555918066730e-03
7.663260998157573386e-04
7.435814304789552113e-04
3.755707106378157207e-03
1.491621521119564054e-04
1.424582339721998896e-06
7.228741319530486137e-07
2.661817884242929627e-06
1.162851779804217032e-04
1.734627695263839427e-03
2.463970295346372581e-03
3.541053457208427971e-03
1.477984371409230739e-03
8.149106092514734516e-04
1.151144550227333743e-03
1.687115520387588588e-03
1.484898727252110433e-03
3.116164227376947392e-03
2.766497993973187318e-03
5.321763874015835588e-04
2.506454144083625213e-03
2.737972619456108345e-03
8.177685405161527451e-05
2.301295772149997474e-06
1.181111616759147778e-06
9.449476895522453788e-06
2.600908639541637288e-04
1.938413602287416930e-03
2.271089766550817620e-03
2.372516251949863611e-03
2.271542861246790123e-03
1.421352928065501477e-03
1.955749094682154160e-03
2.919584929214124724e-03
2.552673666963900436e-03
4.585291390406050389e-03
1.083934928119554024e-03
5.477649224677670582e-04
2.471068558225819178e-03
1.021881875639014513e-03
2.257162151902316195e-04
1.361536317660823186e-05
2.194745028046603540e-06
3.976745171238363748e-05
2.150173813107399189e-04
1.974624345134764428e-03
2.520370546693342581e-03
2.110780372107058309e-03
2.952218154979848776e-03
2.192828110201220076e-03
1.913811260382101585e-03
3.279623408149091954e-03
4.263395296459799970e-03
3.222602139169876770e-03
1.247403881501547331e-03
3.598709235075243842e-03
3.255923724509875682e-03
6.678327556972308513e-04
2.846324162949092924e-04
8.978393659307067504e-06
1.113767571878856640e-06
1.098105913409705013e-04
4.090164682511104681e-04
2.289956926418900904e-03
1.539391851592928967e-03
3.746237361634964080e-03
2.796244640870696602e-03
2.475916225753461812e-03
3.310701281316846215e-03
2.270920017727145763e-03
1.078910430962329824e-03
1.147623457025759427e-03
2.735892116390428730e-03
3.437586355104309092e-03
1.159314389149944521e-03
1.981328885097503455e-04
1.251773729918379343e-04
8.593232212144379000e-06
1.177730760678767684e-06
4.048163229748219576e-05
6.546623010605498363e-04
3.490591531304803891e-03
1.544255600204805364e-03
1.681030846778018388e-03
1.112825016001408110e-03
1.187229210842618904e-03
1.076258661808697113e-03
6.532841580892820776e-04
6.521284032581276023e-04
2.138224461572902062e-03
3.473845783096762060e-03
5.466903356078530981e-04
3.278506667605107631e-04
1.772738993193757591e-04
1.463215995682833244e-04
1.657719146026871804e-05
2.080755453667838179e-06
8.217516711278349261e-06
3.709456982639608869e-04
1.372246346826067791e-03
6.921401727462539845e-04
5.536785529521940632e-04
4.685393663144948179e-04
3.844689476483582826e-04
3.666182790201970624e-04
7.552407844056554598e-04
1.921126839089273104e-03
2.559905702460710166e-03
8.472634498908631793e-04
3.587921606289769602e-05
1.127612425923108365e-05
1.252090932099850762e-05
1.172686394266718347e-05
3.209506149636308625e-06
1.757738066461569364e-06
2.184783640598402283e-06
3.602016860544172039e-04
4.259770988897387985e-03
2.022490434554593750e-03
1.246849425743327706e-03
7.339610581480553696e-04
4.825394091272754973e-04
1.401923811632623754e-03
1.643644711716243326e-03
6.802450121167932491e-04
1.376288340162749239e-04
1.920107766010052981e-05
1.532496824012785180e-06
4.524490310745315776e-07
5.909607124362014614e-07
8.077189942375131068e-07
8.048373801525718868e-07
1.820621565550970970e-06
2.690952408546728059e-05
1.566363786005236678e-03
5.240104929405116005e-03
3.818621122259488031e-03
2.916299060592029025e-03
2.000288625819673233e-03
9.704361129655885744e-04
7.118745278713584220e-04
2.890695157666837902e-04
2.721473426374076856e-04
4.031003413122264740e-05
2.271048277894089063e-06
9.220285131016985980e-07
1.215870535630773395e-06
1.794701779038185666e-06
2.014841778534358251e-06
2.184146547674456285e-06
4.673914421522544741e-06
