5.074614729110924600e-05
1.634443444519497347e-03
9.648756546718569374e-03
5.466506514069374191e-03
1.796417905396294635e-03
1.911090270436839860e-03
1.052709236884207759e-03
3.255068476247563914e-04
1.077807384444490364e-04
2.938910210844924509e-05
1.416119436438054430e-05
3.751736895829659576e-06
1.009421371891339063e-06
1.113901406691007632e-06
2.136912487378559258e-06
2.714593345894589316e-06
2.582595902032898563e-06
4.503491928450593259e-06
1.362304163991774153e-04
1.838076341649622124e-03
7.152603047797319487e-03
3.701787759598046575e-03
2.582399692109946156e-03
1.323661777198857636e-03
7.221120056123173743e-04
1.906625399455172615e-03
1.982004888752684178e-03
1.419169880089050321e-03
4.443323219578678373e-04
5.175411949244085747e-05
5.293124222594587663e-06
8.919932226991435061e-07
5.858938473389746374e-07
8.229428338325214090e-07
1.149591194539860898e-06
2.673148832152956339e-06
3.418164668229366248e-05
2.760578679804266992e-04
1.014660029200592809e-03
9.883928584870607832e-04
4.633490096208128795e-04
3.239733659162945755e-04
3.719552257092002302e-04
2.268866443469440557e-04
4.811724358547125988e-04
3.316245743495825019e-03
3.569543256478432351e-03
1.183623720322301122e-03
2.097743403745957786e-04
1.321901610067978666e-05
1.299605850003132813e-06
5.420715080550174902e-07
7.098878161958865645e-07
2.463741519525000512e-06
5.093868936243705378e-06
7.903256549360488954e-05
3.956070970407086075e-04
7.841626634306566885e-04
3.827670371440998649e-04
2.577294788402758599e-04
5.119399777168934414e-04
4.670463475118164832e-05
5.043539128085689800e-05
3.936926514484658207e-04
3.227454857106651538e-03
6.350880456372549714e-03
1.457257122903489899e-03
1.810663933866916476e-04
1.618934121260301985e-05
1.673438759203813101e-06
5.168458230643685362e-07
1.321609775681742903e-06
3.046770936600093851e-06
2.583287136685887952e-04
9.950261502848656986e-04
4.027365699122322082e-04
6.558341044169258395e-04
4.816850904221383440e-04
6.286692010229345123e-04
1.496956166182741637e-04
3.400845455350313658e-04
5.317925044328907554e-04
6.907109217217465404e-04
3.968342176860553683e-03
4.336279461968720397e-03
7.502760986419941200e-04
1.489698610880915534e-04
3.083541003358363690e-05
2.250758515347258182e-06
9.485264788939662154e-07
2.686729166633241583e-06
2.120853343278499773e-04
1.240823507686891281e-03
8.159403782756415209e-04
1.430450152188502246e-03
6.170571283182996278e-04
4.100273596228468380e-04
3.108028065303463034e-04
5.856178324602648658e-04
7.353448691672517063e-04
3.714978381067411640e-04
1.353355966231887132e-03
7.286109636462619402e-03
4.066317376653491231e-03
6.508044392518290812e-04
2.778246647677188198e-04
3.986183201493002562e-05
3.866054539780702300e-06
1.821360919533009974e-05
3.348210397414798671e-04
5.854986834902207440e-04
4.462741161799936075e-04
4.721899908332905524e-04
5.574768222346447371e-04
3.608585080374754578e-04
4.335028785801625043e-04
3.783236319851197979e-04
8.537964337918321897e-04
1.046156684321615342e-03
8.578017587449934247e-04
1.262674728779029183e-03
7.589096711760986123e-03
2.026522739097225047e-03
3.196199142384496925e-04
1.220796310346439532e-04
1.163979174413123298e-05
1.042212189285339324e-05
2.967297488837338047e-04
1.647909810376326509e-03
9.107415115450320960e-04
7.291930333353132928e-04
7.590523276509705602e-04
1.533097410360984968e-04
6.109255285025390510e-04
8.754000346239662654e-04
1.308092720049260083e-03
1.228143775354292823e-03
6.524848366088587372e-04
2.717013529445379142e-04
4.547058626420496727e-03
4.125339872888356650e-03
2.709722964098645014e-04
3.052793386882731488e-05
2.471517519882540666e-06
5.699446563338893268e-06
1.654212652850381188e-04
2.105867766251595576e-03
2.184113610030288550e-03
2.520874172235807852e-03
1.030955768336360313e-03
1.006734295522702352e-04
6.113227215990004685e-04
1.323270499849824814e-03
9.223837353910616663e-04
6.892180106004317875e-04
7.298224922047945882e-04
2.470775697085190277e-04
1.611794719326548140e-03
5.921425648612565693e-03
8.043275432770091802e-04
2.903672681785738913e-05
2.037138488262969647e-06
8.189439732195633717e-06
3.219478441211156162e-04
6.396477787860412566e-03
6.144492550779043563e-03
3.522228936150173084e-03
2.294937567835436589e-03
1.502750538704205555e-03
2.091650766990837181e-03
7.327175954984539588e-04
4.392816381260161913e-04
4.923885515574965774e-04
9.105791092370422741e-04
4.049463765223060047e-04
4.845999421635958926e-04
5.354088034588116128e-03
2.085086808980817115e-03
1.078784667533831898e-04
3.306148448767553112e-05
1.398336632681846618e-06
8.435825925145388994e-05
5.994512024601585110e-03
8.037600138822887860e-03
4.243991479781290994e-03
2.612081851722980810e-03
2.372975453344394834e-03
9.940613796302563438e-04
2.022983343099284614e-04
5.575401943603209469e-04
4.065854319537635540e-04
3.151356264607416504e-04
2.360897463581775003e-04
1.714543264774579987e-04
3.000193080962716089e-03
1.164541811362980548e-03
1.246553848931151738e-04
1.265013896815781846e-04
3.615113621119155602e-06
7.229684409868401915e-04
5.305171860063127853e-02
2.742615088227671333e-02
8.542260774548096972e-03
4.958914090145880374e-03
1.626848936082515287e-03
3.971530767347010828e-04
1.471170759588196863e-04
4.649443852025403963e-04
3.737083163021781280e-04
5.213505614088759449e-04
2.739477579801474771e-04
1.244150857854812108e-04
3.036545561898976002e-03
2.716493386283335559e-03
6.375822997821297116e-04
5.544755500435716907e-05
1.729450236596549154e-05
4.978606612711086732e-03
1.313631573166244570e-01
5.528554656361699127e-02
2.466280607052078605e-02
1.127333232038428730e-02
3.263677462110428033e-03
2.513805306653344243e-03
1.183786135969501973e-03
8.423907618467964134e-04
8.858199560456740890e-04
1.646846752297882613e-03
1.268026472947930390e-03
7.040059846862475315e-04
7.374958245135138785e-03
5.223828574567969396e-03
1.345483019980819699e-03
1.509021865930378073e-05
4.386621772973396132e-06
1.098649911625600465e-03
6.929856224452748958e-02
3.221940826147089848e-02
1.001976870278861037e-02
4.795050431999025448e-03
1.637858771889573808e-03
1.592724612997028577e-03
1.143235833219281806e-03
6.906233832840398329e-04
9.361276534144416170e-04
5.935485104247145965e-04
3.368085692318242928e-04
3.299998633166662931e-04
4.783976681492160127e-03
2.515686538832842111e-03
5.129672140460661599e-04
1.273075644561287113e-05
7.609042158348835643e-07
8.396624464227357720e-05
9.454136391516747978e-03
1.055216582179338211e-02
4.467559666905034955e-03
2.610019695311335732e-03
2.311160807766518208e-03
1.002089029067390483e-03
6.212786698491323898e-04
4.965161288505892841e-04
5.398873412938789713e-04
1.156147138243719587e-03
6.159101125504514926e-04
4.622125858830774441e-04
5.561041877965747920e-03
1.034449903153796977e-03
1.574538810896210206e-04
3.774220118530975025e-05
6.444331971114947776e-06
3.473960489217971476e-04
4.651692216804842114e-03
5.066265134126742183e-03
6.800253929750798947e-03
1.798273627249805887e-03
1.343463078292361562e-03
8.689216115917259772e-04
4.440136329458243799e-04
7.912229004437750521e-04
5.294836445648108941e-04
1.252055270867351517e-03
5.066727142893321127e-04
5.472141621739498021e-04
4.284848072993631060e-03
9.604611384839083872e-04
2.208768918266170627e-04
1.491714832371424386e-04
8.059173580947154086e-06
1.743118901496761291e-04
3.710247015380986266e-03
4.211610658771429080e-03
1.558469941222278329e-03
8.308005363061544621e-04
9.091202693401338785e-04
8.054100597396523543e-04
3.740830237453208031e-04
7.656981875957766812e-04
5.191670254893815048e-04
7.610895594136892579e-04
3.746102343453864593e-04
1.291076422487456854e-03
6.306295801805576751e-03
1.857175191725252182e-03
1.648424674344796100e-04
2.541917655890899803e-05
6.128545072205482444e-07
7.948194427811179513e-06
6.196608547049304878e-04
1.486152734267198608e-03
1.132928298472263675e-03
1.197300420861800805e-03
2.446272845021363958e-04
3.247306041032280155e-04
8.316696834382350913e-04
1.414770281864463934e-03
7.769523876732484539e-04
6.555563173863390627e-04
6.238498876747968370e-04
4.432497674299601051e-03
4.371572166171231941e-03
6.419917316234394168e-04
2.186447628115780592e-05
1.393384198372841174e-06
1.652516518677087061e-06
5.070801058111506842e-05
6.243050475199202025e-04
5.289766047718048045e-04
7.723715021527203335e-04
1.126073892960840692e-03
7.025343718008780552e-04
1.154777104677218559e-03
8.755039548493389430e-04
1.451392409187540538e-03
1.156109502373879909e-03
6.046454225678079024e-04
1.428399241843361428e-03
9.568066477971919059e-03
3.801343692212236745e-03
4.348579699848268082e-04
1.235014199923365247e-05
1.143620721473262759e-06
2.028767405597682737e-05
4.964331122072702853e-04
6.857918870968940372e-04
8.504577291377218720e-04
5.036545975987584281e-04
3.207092824367229031e-04
4.034221013833017250e-04
4.002051397541011896e-04
6.512579072926695176e-04
1.506631984163980158e-03
6.242257736633885154e-04
8.599557789677113274e-04
6.304947387336667930e-03
7.360221553082015207e-03
1.232782876155377174e-03
6.630362058034106759e-05
1.636598146935884985e-06
8.031434064093283518e-07
1.772644655877175112e-05
3.445858437268509264e-04
4.632580845723824380e-04
8.699727385579324743e-04
5.917630272481901738e-04
9.127651423066311664e-04
1.185078791256241951e-03
4.549283168970366664e-04
8.480701541438573224e-04
7.163831831278353940e-04
9.302094727026163998e-04
5.377774302358816032e-03
9.930471035240813482e-03
2.796551669520328052e-03
3.319607260834323784e-04
4.389922578996268261e-05
1.756188483217970437e-06
6.880359470782971587e-07
5.098341068444183509e-06
2.135296506704210614e-04
1.057740911636998469e-03
6.735888911629849072e-04
1.732922120808861580e-04
2.447662285481241591e-04
1.199604605412902050e-03
4.119067380207497883e-04
2.570655531219683725e-04
5.303293229921913262e-04
2.712926344645199585e-03
9.924148071588503178e-03
2.211487770559936433e-03
7.088100886597801858e-04
1.669556464354736891e-04
2.448925872715133466e-04
2.868683622144485782e-05
1.738260443985348049e-06
4.258129032011708758e-06
1.853231766039510685e-04
1.185806199000703038e-03
5.292960719065178043e-04
1.205072631475033029e-04
6.248607495432243668e-05
1.145195373575590088e-04
8.386800949536253526e-05
3.647970286670172029e-04
6.045729052542431897e-03
7.356397400278696236e-03
1.842800320643488447e-03
1.458701505972454871e-04
2.767996960143374635e-05
5.313736864470890544e-06
1.423060632047906978e-05
8.543841520931679591e-06
1.676360976180162694e-06
8.847617965563694974e-06
5.608440290440769435e-04
3.818512100980029928e-03
2.509098429246048832e-03
1.458064839236705322e-03
1.021938086746486092e-03
6.954219441972487020e-04
2.004654394076336044e-03
5.232960182714136398e-03
3.426033743756530959e-03
1.660853012221054142e-03
8.219363074218637621e-05
3.134837718220966609e-06
1.042097052316622869e-06
4.350746427967190263e-07
6.648725015564470355e-07
9.480323654365442133e-07
1.506528365043585539e-06
1.987183510515675935e-05
1.504660385274984987e-03
1.245463066836552217e-02
7.031623859258860978e-03
3.509887972689362812e-03
3.566006710432103374e-03
1.390403039575252055e-03
1.488623762231146373e-03
6.740620811540782610e-04
9.752277750100607446e-05
5.326525636593875112e-05
3.259887519572137354e-06
4.264095843426620348e-07
9.679072364657856100e-07
1.680037377494359731e-06
1.855125363219854419e-06
2.084778904810126510e-06
4.326491836675101804e-06
