4.025481157521852032e-04
6.216284617567588953e-03
2.207974448425017305e-02
2.658021861630972121e-02
1.927531360933001925e-03
4.114657471885353057e-05
1.658077596433751741e-05
1.147175253976342730e-04
3.528150302458070821e-04
5.312022435648396573e-05
8.612833782363389713e-06
1.203618071631716470e-05
2.638878669578518111e-05
3.458170949852920921e-05
3.574493158827392493e-05
3.457177395844192303e-05
3.536676259647738712e-05
4.795666749429299241e-05
1.861167766400705916e-04
6.399450929821840287e-03
2.941714227540949758e-02
2.889387736103937038e-02
1.108290555371632333e-02
2.697850901761846411e-04
2.352978825502707188e-05
2.284390462058749952e-04
5.202493742490605332e-03
1.281493725132075347e-03
3.446776297675903649e-05
1.318895881917866727e-05
1.876109820245779153e-05
2.009955491259972870e-05
2.296571418461415223e-05
2.435514123641749581e-05
2.481225838684779193e-05
3.528329077881855910e-05
3.019533015528864828e-05
9.121036815355189299e-04
4.103471975787447400e-03
1.324332656951504594e-03
1.778512598492568110e-03
1.662609031349972320e-04
6.890176926309215367e-06
2.457269643610251428e-05
1.423079792976477504e-03
4.634530680366461507e-03
6.082393658862389517e-04
2.510098092857299102e-04
6.454076650370070946e-05
1.362485176928376582e-05
1.476946034325067986e-05
2.223724565735163579e-05
2.461253166814950590e-05
3.430968251603407955e-05
9.535793795032990107e-06
1.627658641664959211e-04
9.334429384841750688e-04
6.638012862427577912e-04
4.650916396067615935e-03
5.166213424384329556e-04
5.415142524591399813e-06
3.046648744948745912e-06
3.042819881971229156e-05
2.093426715640577299e-04
1.069938270043492437e-03
5.375328678485540718e-03
3.083680288191609784e-04
7.029470360872440807e-06
6.032715737080361065e-06
1.656480886952725861e-05
2.482380883387007859e-05
3.565064628813572586e-05
1.550471211625651237e-05
5.277506989688799614e-04
5.495696437561148340e-03
2.038143386271034762e-03
5.565042244983613336e-03
6.365385926173445976e-04
9.414986705734758744e-06
3.027122409922740826e-06
4.280468188309375547e-06
9.016107684374588763e-06
1.714893884813108518e-04
6.307943739247642151e-03
1.224594700491132837e-03
1.880977667592249520e-05
5.408479209197883245e-06
1.147979926026192381e-05
2.202792635405973883e-05
3.594802641406728562e-05
1.409819947075360771e-05
3.795431290930025448e-04
4.393311952666015957e-03
4.009790784520272477e-04
1.015270563729053728e-04
3.454606856207641718e-05
7.675651042263021638e-06
7.779895033051572367e-06
1.024037605442665980e-05
8.079718706441994287e-06
2.331669392797126598e-05
6.382835075190406967e-04
5.068166388348260484e-03
9.976783878986228340e-04
5.189270673552587949e-05
1.489226926845373483e-05
1.935064469260060373e-05
3.537079197152305895e-05
9.529102202158142007e-06
1.682201986542450844e-04
3.504362371125757745e-03
4.536175489767646724e-04
3.173338004709993322e-05
8.519732316013594722e-06
7.965095921639903011e-06
6.622065320164210794e-05
5.376695946881683433e-04
2.663874950194741243e-04
2.967096784179033584e-05
3.771692062643072362e-05
1.107074765810459743e-03
5.264668614280557102e-03
3.162986828244456535e-04
2.173154063295418200e-05
1.734770360758649239e-05
3.456562723966641429e-05
1.854860165127151717e-05
5.615048932054450418e-04
1.603771726341773896e-02
5.632065530505282400e-03
1.019812816621142818e-03
6.748793734651630926e-05
1.213396316791788313e-05
1.911489807273506825e-04
5.747208963958253675e-03
6.048473625018710789e-03
4.708271637032162356e-04
2.792732148873720439e-05
3.741816811324818250e-05
2.583135151920802727e-04
1.164727206785266540e-04
1.820905061344997287e-05
1.471960495747539951e-05
3.255366551700875565e-05
2.160330970936181084e-05
2.333083253236436442e-04
2.920504665732550666e-03
4.782106586858458040e-03
9.823508315120157292e-03
9.536209744158446371e-04
2.723784526977266019e-05
2.890178225198340026e-05
1.669232517654656810e-04
1.597082642423015061e-03
6.064994336301145553e-03
2.419663846808154750e-04
1.264521980849400437e-05
5.941171775476694822e-05
2.404857693289684224e-04
5.132703051924613198e-05
1.530766943839760688e-05
2.805464056353218545e-05
1.320597142778411626e-05
7.880704352899780890e-05
3.244998313554616105e-03
1.184494346463244377e-02
9.353855275352396595e-03
6.857077859537708854e-03
7.504049966188908009e-04
2.804991233945990895e-05
7.648000828849440551e-06
1.653965836131523256e-04
5.754367933618255437e-03
4.557584850007090371e-04
2.049837052246678262e-05
3.528648012994618842e-04
6.271130910542359153e-03
3.471050498643950613e-04
1.488718442434393666e-05
2.030340585241593968e-05
8.062531207100700052e-06
6.771640448608712130e-05
4.874693960240833283e-03
5.215058097136308392e-03
8.746637942821693578e-04
5.433936057695934289e-03
5.643337125823310978e-03
1.545487775741016627e-04
1.788056636274676554e-05
5.186761478568858796e-05
2.421846913044483078e-04
4.559264955063163150e-05
1.000746782328110839e-05
2.564066893186406717e-04
5.368381580141935554e-03
3.148324738880010757e-04
1.095515836671991586e-05
1.460253870193305936e-05
2.734597950868451633e-05
7.899146874572688043e-04
1.564349638353543931e-02
2.470742035038783670e-03
3.513194261417444523e-04
1.162379117919421032e-03
5.975500364831546826e-04
2.748895023920806856e-04
5.416220495184233914e-04
1.140778208541216393e-04
2.018256685766701817e-05
1.079399462683545242e-05
8.100440119254033580e-06
7.383635098060890454e-05
1.660186832637368251e-03
8.833357859915012258e-04
5.266537625123925560e-05
2.241252296788712653e-05
2.385285602715342759e-04
1.368214059405424218e-02
1.027799865649353384e-01
2.045497538045667682e-02
5.410633269494356280e-03
6.581978721191252164e-03
4.589955754660425134e-04
3.526285396336167216e-04
4.466773038760750089e-03
4.210071717466795844e-04
3.928179012995625341e-05
1.464330272961833111e-04
2.912742140460195732e-04
6.732260227097509311e-04
4.742738198431831545e-03
5.026708713720738284e-03
3.033747201682435884e-04
4.084534927024363322e-05
4.121300567297115042e-04
1.272048215331391362e-02
8.425256347299871218e-02
3.377704044933668021e-02
3.668847105380589925e-03
3.826033726777605497e-03
4.354639763672218012e-04
7.363069154864694500e-05
6.931446116223876405e-04
6.637491693200156268e-04
5.989036880670317586e-04
5.724253318237197338e-03
7.313714451244902361e-03
5.109661644572143641e-03
3.933293421722341976e-03
6.591775099341642789e-04
6.104956902085061142e-05
2.699842199906504747e-05
6.153608248200877358e-05
2.677904991635075209e-04
1.354960540853182658e-03
4.646751630556380727e-03
1.879594860262271414e-03
9.966311569123867224e-04
5.253229473829298599e-04
1.672571468142087408e-04
1.100505040945087918e-03
4.573395999886558164e-03
8.583972263220994089e-03
6.464154364922908465e-03
6.380925164892682806e-04
9.996401036389004034e-04
2.984821738224806720e-03
1.970175970835044254e-04
1.426531401640258507e-05
1.839111943786201958e-05
2.604064926108292372e-05
1.133100793313691082e-04
6.245208108392673015e-04
3.718657685043643985e-03
8.032349562769602880e-03
2.995927988031570847e-03
3.049119855717357525e-03
2.554445415340384287e-03
3.379972887700880436e-03
3.180603694027103745e-03
4.298665193795177079e-03
4.281619437019129290e-04
1.196904977925381716e-05
9.577351849902655692e-05
2.402907697543787188e-03
2.590526760786231110e-04
1.549432561846153004e-05
2.104028104276693456e-05
2.773841786533291629e-05
4.324647287209269970e-04
9.240699324142164287e-03
8.062680580015121889e-03
1.335392745524659067e-03
3.056569438065178724e-04
2.773559638413960354e-04
2.022336466719513255e-04
1.722740213297006037e-04
3.973604415376886579e-04
1.497495606899176910e-03
1.169508981676499243e-04
1.491982675876501447e-05
4.248957446427133796e-04
4.109522563796456571e-03
2.644307463860626705e-04
2.029735898748676637e-05
2.625006336540583595e-05
1.370623591190121562e-05
1.213758607848946391e-04
5.124398422099019426e-03
4.508405956776290191e-03
5.754465546966611817e-04
3.339655024074705304e-04
7.358833395647698856e-05
7.887738502524011851e-06
1.158122828710946798e-05
3.373657698631418300e-04
3.758063960677383419e-03
5.322928641225817227e-04
5.589681895555064558e-04
6.833743820489220598e-03
1.532767999015736005e-03
4.337728158895017049e-05
1.343479832748358812e-05
2.895678061757374008e-05
1.674620276249292101e-05
1.590715816915472475e-04
2.668951380089078836e-03
1.024196762703261663e-03
6.619842406703123567e-04
3.929935984260655470e-03
1.235193146825181018e-03
2.655143658086165246e-05
6.437793706949004115e-06
6.856648678778265709e-05
1.130420691038250963e-03
2.054493049948049720e-03
5.190619842560172288e-03
5.744837319231815495e-03
1.619744121087707787e-04
8.896654515620157873e-06
1.067188400523151078e-05
3.155191769926125818e-05
1.536784614137989008e-05
2.655387072408375675e-04
2.245372144892402149e-03
4.023176468408576952e-04
3.349233779674999005e-04
1.868364700585567603e-03
5.621838054744551436e-03
3.691910640485233713e-04
9.739073355531932956e-06
8.742788811737490126e-06
1.631668756481343676e-04
2.916127637654567298e-03
3.409833877433414255e-03
4.219782349760578077e-04
3.014271027544854073e-05
1.020280615141431678e-05
1.665048884507362766e-05
3.554773685659223955e-05
1.153432825818234635e-05
5.995451761241079669e-04
1.102703048841270975e-02
2.237842953338258032e-03
2.330848640228208937e-03
3.861392005101270918e-03
4.951854604949483193e-03
4.316471454117576227e-04
1.015574331823959834e-05
4.686877207994603852e-06
7.776656111628136919e-05
3.588136284798518118e-03
3.850865556197769889e-03
1.702080892595732374e-04
2.005982137359817394e-05
1.606010551054555747e-05
2.304523637400414119e-05
3.656651925078042292e-05
1.009374154132625448e-05
6.340059842311414513e-04
1.334059848776897143e-02
1.062432433560474504e-03
1.185600686714106998e-03
4.561033532398753483e-03
9.772938955851747690e-04
7.142789483492339617e-05
1.426453956285297881e-05
1.357144249853883915e-05
1.884373035750991528e-04
4.385305318431675058e-03
1.494762223130184859e-03
5.942011771510741360e-05
1.628329083227984889e-05
1.939121478273405949e-05
2.460747244354618502e-05
3.551323565825076356e-05
9.309631309995659013e-06
2.446063931415433769e-04
6.553021840980316655e-03
5.171566990103712395e-04
1.000102854988908313e-04
2.282959537343083752e-04
7.742441117327162822e-05
9.018271897437459537e-05
3.623544134203503155e-04
1.385675189035266231e-04
1.353700776703255205e-04
3.722545438741013853e-04
6.967500481056630572e-05
1.091347493418001537e-05
1.226022722903710802e-05
2.033748094990798705e-05
2.406771693731451679e-05
3.426567153523995700e-05
1.427040740186373543e-05
2.434933049484576070e-04
1.418037789284759889e-02
5.790982365239013586e-03
5.639674052230529916e-04
2.610624916182881271e-04
7.254685485304572491e-05
3.804249590297055592e-04
5.007410480419953284e-03
4.727986755017564956e-04
2.897837612974540460e-05
2.121554530300768016e-05
1.405633695159835624e-05
1.136575539662953444e-05
1.784904092525898861e-05
2.346952490830346699e-05
2.495927700380256515e-05
3.541653943033051029e-05
3.241205897186003618e-05
2.819887368069555066e-04
6.349612700639687031e-03
7.908855868339521172e-03
6.992359074163333535e-03
5.853264659847161669e-03
3.792723819581445260e-04
1.572469217105112375e-04
4.867103877646778505e-04
1.139531692151665081e-04
1.879955389051912425e-05
1.850538758793047995e-05
2.566575229981220025e-05
3.088780579060668158e-05
3.537652017691321623e-05
3.540956985404418027e-05
3.573653066428674884e-05
4.801210037863055176e-05
