7.253168357842869861e-05
8.085278765347707298e-04
2.328551490979292263e-03
8.555413283307564901e-04
1.855351861979107053e-04
2.318186271007978123e-04
6.624323067571382621e-04
3.378377167854054015e-04
3.062385166011403559e-05
1.964770687119156835e-05
5.108905350849859457e-05
1.632739404651903844e-05
9.843671612403175213e-06
1.146559347741136401e-05
8.436770140756606198e-06
8.583572330250426635e-06
9.895910927222151249e-06
1.594963766530061737e-05
7.873074267080160647e-06
1.785787980305979131e-04
4.014814013396703248e-03
2.143899991558458496e-03
8.497053601838026752e-04
6.415626194140215200e-04
5.287647826309901065e-04
2.612746625885301911e-03
1.926941785041530854e-03
1.350826659042816263e-03
6.911387569335493636e-04
3.293379615296345266e-05
3.212529771983158435e-05
2.738423647568910850e-05
4.997353262281602746e-06
3.607168976307442114e-06
5.017299905147987867e-06
9.801660276328974896e-06
2.439109679512408487e-06
2.234180980963145673e-05
7.980891358117604738e-04
3.208550868434735916e-04
1.027967383406134443e-04
1.355382506334337821e-04
3.062836392497944506e-05
5.222263888245133958e-05
2.410711110577190206e-04
1.844670391688224900e-03
4.094472875748409596e-03
7.997761948174947995e-04
5.135279162156435604e-04
6.055712894545398788e-05
5.306877019832556867e-06
3.780501519272441962e-06
4.758411703259052150e-06
9.828537686642203989e-06
2.037016530679534059e-06
8.846223777676479755e-06
3.329239846174964737e-04
3.846864976301907126e-04
4.592682457060479908e-04
6.768926299307364896e-04
1.969471442700780584e-05
7.967198572703825974e-06
4.117474675500195340e-05
1.028522661099826252e-04
1.052520285445974080e-03
7.486442899406759409e-03
2.455246029040274430e-03
1.134342770789029109e-04
3.799061292872497338e-05
1.585732211103312242e-05
5.279510121850800332e-06
9.716328345959552226e-06
3.603013702915165740e-06
6.738608330921561356e-05
1.901013556324077959e-03
5.477712582814504372e-04
1.626326615292501181e-03
2.184324151763151600e-03
3.524754382622450737e-05
1.133569194876333890e-04
7.536686089606374310e-04
8.454262787566867122e-05
2.081153618948373485e-04
3.802936020475235473e-03
5.010497423022025436e-03
1.061368870617319807e-03
7.842500509011628498e-04
3.829454981174963880e-05
1.825639280452724833e-06
5.100371221537671116e-06
3.222184205906068204e-06
1.181733142464212787e-04
1.564870275375608273e-03
4.956518731124221800e-05
1.745464475063399871e-04
2.033959910563424688e-03
2.711483106255271175e-04
1.056825351361105310e-03
1.674421342706028425e-03
5.599914414744440504e-04
1.388246131740409912e-03
3.908866208698397529e-03
8.239590224306028374e-03
3.258435808370069731e-03
2.243865823682278902e-03
4.406309628654679817e-05
6.959835233012843623e-07
2.244786220981121305e-06
2.100711369015699873e-06
3.374160574177182678e-05
4.197325582755528743e-04
3.466604250443782522e-05
1.163292048147693963e-04
1.605155678925961277e-03
1.182298619309297234e-03
2.539058096396744173e-03
1.099274222839987693e-03
1.398767389612198819e-03
2.314387912128165747e-03
1.016862601190888626e-03
2.297730704047475699e-03
3.090691763355976531e-03
4.050734671830601846e-03
5.802155392521865518e-04
1.050033659556032071e-05
4.079200507379565719e-06
5.780408875466366883e-06
8.961888490427635508e-05
1.565063878091527442e-03
1.041688341742362089e-03
1.174056388897513729e-03
1.703195995701348533e-04
7.814461959347751986e-05
1.490350250707488501e-03
3.057273916837853142e-03
2.776958178391284327e-03
2.963402098421632352e-03
1.182791180417027332e-03
8.446918885893556954e-04
4.997898910606739936e-03
8.089759137004288309e-03
1.870664837756149789e-03
7.248346086316032793e-05
7.260654907760593878e-06
7.457465869023924370e-06
1.797951623496240963e-05
6.085644766368678151e-05
3.312368963754338917e-04
3.373299513614861755e-03
3.666949393477532100e-04
1.201732192409364706e-04
1.293121455654712253e-03
2.563555714987487966e-03
9.336614887154908371e-04
1.642428178766266794e-03
2.265207167435808258e-03
1.640829889253914110e-04
1.269288989532399090e-03
1.336483771352304888e-02
2.221707409272423526e-03
1.250372501579677614e-04
1.480870435156605644e-05
2.113042760672974063e-06
1.588851660530484376e-06
7.624810703722270716e-06
1.160512748705800907e-04
1.646771360928441213e-03
1.604641346274958977e-03
1.945211418833218834e-03
2.800027046879107872e-03
2.854566148369650988e-03
9.700406281665176385e-04
1.021528050587978314e-03
1.263413469418227285e-03
4.121203214942486403e-05
2.329542999642009995e-04
1.014734239736820795e-02
6.431315514383605103e-03
6.956844931548016248e-04
4.480918429147788182e-05
1.026275637669979613e-06
8.575741434006189338e-06
1.153182161502713972e-03
6.979468722228250252e-03
3.565690384302946936e-03
1.915691518169964367e-03
2.777556135660847608e-03
1.011089808877875008e-03
5.298411290919730846e-04
1.473829385177160851e-03
1.940951062249133370e-03
9.038814191933842567e-04
6.865289643084459984e-05
5.837927747165747158e-04
6.831607964065381303e-03
1.822690204092923191e-03
2.690798127210335686e-04
2.064227929978932385e-05
7.028717508079618260e-06
4.006920990316255836e-04
5.265310965326023412e-02
2.808676285245711307e-02
7.267384948346225330e-03
6.056257146528020406e-03
2.041974619050329013e-03
8.921475399421659918e-04
2.971886727099745727e-04
1.030929058683810939e-03
2.628487975462505573e-03
4.862095078726209017e-03
6.110020685019411282e-04
1.000219646927982212e-03
7.902919349056769169e-03
3.479525724320206050e-03
8.670023602957431822e-04
5.400667239187901636e-05
4.516355726077359207e-05
2.551513196638190584e-03
1.014318053290487048e-01
4.792739273557790336e-02
2.119669304044756800e-02
1.103545409176752423e-02
1.785018811275054275e-03
2.956683707115641529e-03
1.755531012099196273e-03
3.045738554290491635e-03
4.037055443563783257e-03
6.523200070754205278e-03
1.965137777423933436e-03
1.030633151775575598e-03
1.513212750827436399e-02
9.183525347199274214e-03
8.388695803547627358e-04
5.903530889418942182e-05
7.479673500906136946e-06
3.793817456274515242e-04
2.561593647941126997e-02
1.962669433706388383e-02
8.196317929475015890e-03
4.454228114252175609e-03
1.887110092151580206e-03
1.555553704109565892e-03
8.977000887303259033e-04
1.956565475253096379e-03
2.902251658121183207e-03
2.365532786421188638e-03
1.728107516183053543e-03
5.645182895888017959e-04
1.031937430564714570e-02
3.854220697310103971e-03
5.663548765161057554e-05
1.063919803015160236e-05
1.876058553040159550e-06
4.401827203878640616e-05
2.899973554944171913e-03
2.284024223866197231e-03
1.455806123662071062e-03
1.810171299991693988e-03
9.500471600009677492e-04
7.533321148565276125e-04
1.214154349762024956e-03
1.246058410080749714e-03
1.269947843967697814e-03
1.934476376054911680e-03
1.323691285692804587e-03
3.384281852475550813e-04
6.099828215940092044e-03
2.342108610265242717e-03
8.614204889663369322e-05
7.260160572787686516e-05
3.276197489639160228e-06
7.427834362424681338e-06
1.437428102389728458e-04
7.696944186307101959e-04
1.899012075535107518e-03
3.029101921677361791e-03
1.689585357854936831e-03
1.164872786805221626e-03
1.782608417974743120e-03
1.825121720442752626e-03
2.989854842888339543e-03
2.393703094423772684e-03
2.574123817801829829e-04
2.493403168170929812e-04
8.898809183472503395e-03
4.477857032853853336e-03
7.269752710524318403e-04
9.308100311203911089e-04
3.431964820911640593e-06
1.180878784808045615e-06
4.710143452972660306e-06
6.725029667006108430e-05
2.901127613473894061e-04
8.603676346164625816e-04
1.631248650879980411e-03
4.674299377357462584e-04
7.434833447332080949e-04
1.211446150527020456e-03
1.180095392867033105e-03
3.967722830214092484e-04
1.100570269330498457e-04
9.492277729876014147e-04
1.070066475323947636e-02
3.020912304276779717e-03
2.047472767946277692e-04
6.821148842297104157e-05
2.588926226103171528e-06
2.814265976372033945e-06
1.781263562382534772e-05
1.904847222314164513e-04
4.924032063594116363e-04
9.960848071056262014e-04
1.688135755986913374e-03
4.784374566103837402e-04
1.815270454147252261e-03
3.104764198015715244e-03
2.094483505165610580e-03
7.836099829231309068e-04
9.974148781856108890e-04
1.220395383495510681e-02
9.645453337298713278e-03
7.970095214447146630e-04
2.629418922461361824e-05
4.597799366215151319e-06
1.102635578486464754e-05
1.722961678416971430e-04
9.111560488789355013e-04
9.528946246678772405e-04
1.097864517725253772e-03
2.526377245773422670e-03
2.919898355994674909e-03
1.283995534059638541e-03
2.612993785461621612e-03
2.741738088098718065e-03
1.585760905788068977e-03
1.168970539644908265e-03
3.461434038577188965e-03
1.897511416442498877e-02
3.059167070944472308e-03
8.768892131255861080e-05
6.781975337662130986e-06
4.641954563585842093e-06
8.787381191922440213e-05
1.844541924072639911e-03
9.171959956166000037e-04
2.000852199366097157e-04
1.781383543412896485e-04
3.534601010390992816e-04
4.475100481513396623e-04
4.746752885366017612e-04
1.742414579701624666e-03
2.657370263177832870e-03
3.727124242660819885e-04
1.208261159856135894e-03
1.007795178444097044e-02
1.547766920299696244e-02
2.207679956602583756e-03
3.408475316365918031e-05
3.284667267210162456e-06
6.643993763035864827e-06
7.291501885890203192e-05
8.071490608823918538e-04
8.164361536065129540e-04
1.483122258339538910e-03
2.345396228216538575e-03
2.455480810843060566e-03
3.269020271691845756e-03
1.203463734158159715e-03
1.077229790877777841e-03
1.431357442485204148e-03
4.404963001470177191e-04
7.852096182701488736e-03
1.074119289973121324e-02
3.546517228735075918e-03
1.760102450050533666e-03
4.428597349888964147e-05
3.970032686128363063e-06
8.217988162345079496e-06
1.278070732641379082e-05
1.414350822854826847e-04
1.435842444527213324e-03
2.408749090550561800e-03
6.775939608700496395e-04
5.853405251177837320e-04
2.799503126457123913e-03
7.537453495487177711e-04
1.174313895369091251e-04
3.059415218579128980e-04
1.401310264290334204e-03
1.739651055573526034e-02
2.438716645271962226e-03
5.279089296467228852e-04
2.318554500713478073e-04
1.056815935273039887e-05
3.135847678278027189e-06
8.926177525758301881e-06
1.370113335379389874e-06
3.755056690956610708e-06
1.309088536149691294e-04
2.426119491084259105e-04
4.566825403335749778e-05
4.177637492148783880e-05
9.329881511762902013e-05
1.516132473777748266e-04
4.434675556962108496e-04
6.642170468901757892e-03
1.471845656950195383e-02
3.038510596715548410e-03
1.026099888511867992e-04
3.372500547258299857e-05
1.413046256155285469e-05
2.496188737554098075e-06
2.754127487767312637e-06
9.214156576528564484e-06
6.622589204983163142e-07
2.928020415377984859e-06
3.962286025185818360e-04
1.177340455009076234e-03
7.250667823112474800e-04
1.154068326154749540e-03
6.898613000976079514e-04
1.583845112946176241e-03
3.982278662290829503e-03
4.403914024493140247e-03
1.025321190287916328e-03
5.544016188146547170e-05
4.648214489278642673e-06
3.680466961979687692e-06
4.108982405161440649e-06
3.128986581208515743e-06
4.325451421586429910e-06
1.003447489768490842e-05
4.604774729049333384e-06
2.049035222635532455e-04
8.716985504187526809e-03
8.992912447677592087e-04
3.869243617821018595e-04
1.683033907148540108e-03
2.675270350573509884e-03
1.276411773900223935e-03
9.931421053089072644e-05
1.376210901772048952e-05
8.894505727029576115e-06
6.360278388142009166e-06
4.770160212097401763e-06
6.609139356965555727e-06
9.111636827285466203e-06
9.377758479471423036e-06
9.962324009015983145e-06
1.615472190512721740e-05
