3.894540121566873476e-03
1.287050636614002833e-02
9.350808660257189583e-03
3.731834247506318671e-03
3.221120771777274527e-03
4.834466977073087631e-04
3.184840185651260079e-04
1.089133064723118516e-03
4.728228059893020132e-04
6.895720416865680469e-05
2.515840661276852594e-05
1.106637977617471828e-05
6.967671822704329780e-06
9.958588498589364919e-06
1.444840137774757501e-05
1.230793365658616082e-05
9.943247821066429068e-06
1.862317437053056179e-05
8.637610183197063848e-03
1.837036873855872957e-02
1.891174890294914507e-02
6.722648395961389016e-03
4.890768399296535271e-03
3.738785256671838409e-03
8.254231119569688030e-04
1.334878194672982441e-03
6.567783598163299055e-03
5.391075597554000585e-03
1.923052007438787398e-03
1.238534599554786742e-04
1.319230392139521543e-05
7.170873236807081084e-06
5.246162374548794284e-06
5.343812411137799346e-06
1.988567882698866288e-05
2.012306435740965176e-04
1.934659220041533420e-04
5.272090676790358241e-04
1.335322292216129664e-03
1.937824954374054495e-03
1.035352387521391295e-03
1.671913197243782637e-03
6.343102668584716438e-04
1.387473218727712553e-03
3.458691978051121711e-03
6.054530427255442639e-03
1.416994147640609353e-02
1.479806020267544330e-03
2.821215990674766469e-04
5.184039877889434447e-05
5.009223885003879804e-06
4.747252755387819213e-06
6.653717211049228406e-05
1.311375982483888123e-03
5.676914397494835143e-04
2.241859548050436322e-03
1.742320032592186872e-03
2.104101786530368327e-03
7.969178149877795877e-04
1.798440907717377716e-03
1.487628291290434435e-03
6.976897317718068134e-04
4.404567947423468420e-04
2.417727579186599880e-03
8.299291530698228725e-03
3.748761191047501797e-03
2.267513193850962706e-03
1.067030693017686675e-04
4.721092679542219474e-06
1.586823022069165312e-05
2.291419322467408567e-04
2.931405654281044591e-04
1.304505182071946136e-03
5.438181908081047254e-04
4.695346767637539453e-04
3.148389933344659074e-03
1.146767956831798831e-03
1.724218232086400680e-03
2.176579113437783139e-03
5.353995479471650599e-04
1.080565056631380702e-03
3.379265640972656682e-03
1.377539824834206252e-03
5.107690217725269904e-03
6.998909822465315678e-03
1.432928737479320755e-04
1.073068815164991348e-05
1.055427199857085176e-04
1.175432356476692692e-03
1.283550459103679011e-04
2.055199396231853926e-04
1.110769990277355428e-04
1.207243673253317098e-04
1.246830116971738706e-03
1.434398700026109051e-03
1.963037901819997960e-03
2.905015496578850030e-03
2.113456962823122114e-03
3.727238731168918719e-03
1.701188699134329818e-03
2.288440972728852149e-04
8.369546023164446550e-04
4.565215974643223838e-03
1.358190465382473665e-03
1.534519698277620489e-04
8.438606351290912618e-05
1.284719322872975565e-04
3.667215515512123097e-05
1.862624807582825490e-04
1.058989531087221490e-03
2.225646416870651024e-04
2.945021362088268038e-04
9.530826775504997080e-04
7.867582845482478434e-04
1.473748206469017866e-03
2.853047268967782123e-03
1.866904140025793654e-03
2.336828342794095188e-03
8.644771149264997376e-04
9.727132476373135371e-05
2.006454882782777018e-04
2.605928081669494061e-03
1.473356408237035640e-03
5.229166389203123875e-05
6.418996661260551924e-06
6.735555050040750478e-06
4.834420929528620388e-05
1.607694711403129392e-04
2.626942698517396909e-05
2.254690790508685248e-05
5.950536956635296400e-05
1.755179786625209979e-05
3.835432188547068964e-05
3.557104503063619901e-04
7.004355270076351343e-04
1.019097053910157646e-03
4.506216898236900395e-04
6.119177926577949950e-05
1.242707013230229046e-04
3.050575402798932044e-03
3.464205123589137771e-03
2.865503905143292063e-04
2.008550120644365610e-05
8.606590178753371908e-06
8.504547559074603164e-06
7.401002560638736455e-06
3.564754283167787082e-06
4.910546227985884425e-06
8.819807824502112062e-06
1.812437443722782939e-06
6.152189354455500723e-06
1.626348000152218361e-04
4.426132352778181281e-04
9.135006504892830221e-04
2.320095435349659851e-03
1.293233068713185068e-03
3.891121985059171049e-04
1.339461987242333146e-03
4.913941334171547000e-03
2.810198994247075158e-03
1.379411700058703156e-04
1.516581089485692422e-05
7.700841647044825845e-06
1.475909504134205390e-05
2.362367270160765174e-05
3.039928116984914061e-05
7.818735793839687396e-05
1.275326009624760936e-05
5.223024974748266335e-05
1.356946935391311650e-03
2.507725659229301175e-04
2.393317645637474801e-04
3.152238967741539163e-03
1.727960784513094634e-03
7.125224105547554952e-05
3.198392279398666735e-04
1.021856381499661355e-02
2.050547955218074998e-03
3.440306669284252169e-05
8.067428592972522995e-06
7.092655721670251745e-06
1.340989749452383133e-04
1.476175677247194016e-03
7.107423646753466620e-04
2.511710653584370550e-03
7.362274236138973207e-04
3.032819548966533656e-04
1.261161326951407797e-03
2.176371184511634999e-04
1.298441027034734103e-04
3.740943819188278347e-04
2.031867773407252655e-04
2.208316900249637630e-05
7.033092351044275962e-05
1.532131761082394534e-03
4.362781887419180495e-04
3.393067147509780287e-05
1.505219301219374621e-05
2.773932383257425250e-06
2.059093024480600556e-04
2.513134465599572639e-02
5.562412289115820779e-03
4.596111773501831109e-03
2.411791233835625711e-03
1.034943241170372546e-04
1.058416529534638589e-04
5.077533371039566219e-04
2.473087151237588540e-03
2.538702365045980743e-03
1.062512117256486470e-03
2.373482977008882109e-04
3.700205877178035262e-05
1.360900425204753200e-04
1.814658310937800924e-03
1.518170124431048691e-03
1.042328475753579082e-04
1.415840592452307475e-06
1.135064556445479375e-04
7.538375665270302672e-02
2.395089941187646815e-02
2.888742829052190746e-03
1.027691547952895362e-03
7.166347528060628856e-05
2.299368204612543582e-04
1.308687551329293201e-03
1.048038359156792032e-03
6.647878928296075719e-04
8.628649232973307050e-04
1.210677377582282345e-03
1.204510075781394397e-04
2.168612824711250184e-04
5.086012507069583369e-03
1.887021353953360989e-03
5.808266464857164398e-05
2.754759491093052908e-06
1.769536067928604087e-04
7.114210326745690205e-02
2.170813208455324439e-02
4.626045764269785983e-03
4.307167170629235334e-03
4.285750286368949342e-04
1.040812635027417487e-03
1.792427833480588232e-03
2.081448706078239562e-04
1.028448933534600618e-04
7.491557810036362673e-04
1.454690868515619686e-03
3.199539227385524956e-04
1.492452460279843985e-03
2.243252706200656379e-03
7.489515892642827197e-05
9.413937109339726728e-06
6.475363426064928433e-06
9.432607880211872490e-05
5.265970829663514131e-03
4.266588166782100261e-03
3.197369861136705599e-03
1.826957181089935512e-03
2.474763980257611677e-04
6.177342326209974343e-04
2.273098963857539227e-03
1.089355778654538384e-03
4.559164788365933181e-04
2.125843217206305116e-03
3.252126768246477759e-04
1.141989786312418327e-04
5.406201859284615920e-03
1.514664371013042105e-03
1.486326147271508349e-05
7.131232022178479922e-06
7.445267178045630351e-06
1.105641655058264922e-05
1.311747318532827165e-04
1.426509529047742097e-03
2.165590880821143677e-03
1.634752485095773125e-04
7.502997513876058153e-05
6.831087756402365882e-04
1.970158762749613969e-03
1.553349999480102507e-03
5.641407110639697249e-04
9.167879913771640257e-04
2.914285866581972501e-05
3.521881622783720517e-05
5.245214127009900640e-03
3.621653561976461528e-04
3.877556528369680548e-06
7.176668382321920074e-06
1.193918745326705941e-05
4.830610589888545338e-06
9.117213345118304406e-06
1.768694484897999212e-04
1.077725641025343130e-03
1.884003853461983086e-04
6.822241671433114450e-05
3.586061631457505730e-04
8.079581579937409252e-04
1.424182748334584369e-03
1.906363454978277170e-03
4.079890671303439131e-03
1.990553076953175326e-04
5.066955453333191238e-04
1.249322577310907345e-02
1.168609914972246303e-04
1.806477052925282870e-06
7.311143767611972225e-06
6.337573470193497355e-05
6.674473612531071486e-05
5.908649216486880590e-05
2.137888510490833856e-04
8.714315489588375738e-04
1.254792611644155913e-03
5.076240333055514900e-04
1.252213838242218109e-03
1.517835852855079241e-03
2.999898760535802279e-03
3.172808806636271718e-03
1.538991509953486960e-03
8.009766095459007430e-04
6.360033506214791618e-03
9.121623146016114708e-03
4.573118089075169779e-05
2.126145811271498744e-06
9.841070892783498246e-06
1.018436527291016383e-04
9.988793033980755860e-04
2.747659060950475522e-03
1.922136501764277116e-03
6.683404647707687609e-04
7.316166037178468019e-04
8.077909994752471021e-04
2.722388853872563432e-03
1.439207149285214472e-03
3.694650038099014239e-03
4.505178976920719974e-03
3.724555443841407907e-04
1.234315976189034924e-03
1.172908947593838402e-02
4.054981124074848522e-03
5.221848058792594155e-05
3.934130424896183292e-06
1.179094847974757460e-05
6.557631831730739204e-05
2.619712558984378919e-03
6.777261218464294967e-03
1.062094638962185218e-03
1.561418651556760169e-04
1.182557389504589404e-04
4.726631312715813982e-04
2.016365935810049241e-03
5.845283480179137067e-04
4.594778646008531166e-04
1.237890342865885594e-03
1.143286151412513255e-03
1.062429126887795214e-02
1.258909758985344261e-02
2.758769493033347980e-03
1.383315321750815368e-04
8.063308070765379181e-06
1.200801158859462915e-05
8.229783239405201673e-05
2.870230019636779272e-03
7.107625015082928190e-03
3.760734364815828540e-03
2.581797623846991251e-03
1.333651148637247409e-03
1.686442732760111505e-03
2.576897363961829727e-03
6.677656587540625440e-04
1.055652975997309605e-04
4.300942985696178198e-04
4.915126830993960839e-03
1.754375610023414800e-02
1.383102131770994059e-03
1.179231891885372074e-04
3.044766535069958968e-05
6.814117100135580642e-06
1.002229715647541589e-05
1.695317677510376988e-05
3.099752884577624363e-04
2.759283687664118752e-03
3.179051338020684372e-03
2.312862007465011846e-03
2.521506394781006678e-03
1.702729662134653144e-03
1.770470611764488793e-03
1.799366307480993301e-03
1.141979327975375805e-03
4.002818091686452702e-03
1.417889831790200214e-02
5.778833891412781844e-03
6.724700260363833263e-04
1.672275836658353523e-04
1.174431938320624953e-04
2.629566027617571611e-05
1.147400726230858008e-05
1.613688947909128229e-05
2.313605275672328543e-04
2.108495654489196507e-03
6.947475963784284199e-04
1.269085121533455971e-04
6.441243166490570604e-04
2.309796129584635802e-03
1.877175625745657354e-03
1.749371600723152211e-03
8.027910097805124323e-03
1.076863160181237324e-02
9.129918822613280333e-03
6.588778309395825362e-04
7.536436827381318387e-05
2.767156423930752806e-04
1.234573426216034782e-03
1.409251059283772318e-04
1.461830744193527225e-05
3.031385648260581547e-04
9.508139861404486023e-04
2.187208875908060006e-03
2.001869946884030256e-03
1.034052450445569881e-03
2.085528609705666284e-03
4.102728614470076314e-03
7.411540134420476801e-03
8.107178196577595822e-03
1.152874665714141190e-02
5.433884696240142732e-04
1.117932920723845529e-04
1.859657181619451879e-05
2.657873695215274667e-06
1.499392782685932388e-05
1.193109738601581457e-04
3.890945100733419744e-05
1.210035402650441924e-05
5.208728077312196718e-03
1.156518006697906074e-02
1.895898464952877963e-02
1.001037778659668448e-02
6.877308256999422990e-03
7.773141717423015865e-03
4.822510403367049302e-03
4.112483491336934791e-03
1.725329729195458845e-03
3.274015866594151710e-04
8.394946132582422322e-06
2.962461018969393057e-06
5.361892135513497016e-06
4.338270356179396572e-06
7.568419452894862438e-06
1.475757135175847471e-05
1.314116250816044203e-05
1.843098102345817251e-05
