6.724235213577699841e-06
5.485210266889070543e-06
5.261970753874463977e-06
5.303351521682077222e-06
5.310259916165071129e-06
5.278687759642091762e-06
5.253890837381675068e-06
5.249678831330921244e-06
5.254529085475653673e-06
5.258746047279900347e-06
5.259420658119767249e-06
5.258346393708735507e-06
5.260461482606982651e-06
5.262201276027549072e-06
5.243774274316728644e-06
5.207570514055871454e-06
5.429816038700540326e-06
6.662609630175057096e-06
5.405103669803441880e-06
4.041651150773519619e-06
3.785640825034111272e-06
3.923145296215765295e-06
4.085939837583185264e-06
4.128732641032490587e-06
4.087731986986234806e-06
4.053183954888676930e-06
4.047229320702700683e-06
4.052447561459769054e-06
4.055838328333084169e-06
4.055952057399458881e-06
4.058308585798638438e-06
4.061336153675201876e-06
4.043399761544017487e-06
4.000647525694218670e-06
4.201855998531971632e-06
5.429072281109806775e-06
4.539758417490784829e-06
3.147254886154535613e-06
2.917087929327166194e-06
3.059838760886948856e-06
3.456107504875587640e-06
3.877799314540096379e-06
3.980005645720689566e-06
3.908459344447062133e-06
3.864764507338382816e-06
3.863310324778478018e-06
3.869662606328139366e-06
3.871209697557333505e-06
3.873590540887861258e-06
3.878029863016368472e-06
3.861497754698678839e-06
3.814266602972531708e-06
4.000516579227527624e-06
5.207933361225757929e-06
3.938512346932525003e-06
4.119271077327412647e-06
5.139509884169813534e-06
3.314979986961573035e-06
2.463374086140741949e-06
3.172986559218922862e-06
3.950617681808656426e-06
4.046390189075695743e-06
3.954671684711068703e-06
3.925840195243491453e-06
3.931306558165103051e-06
3.932644282232467938e-06
3.928806915277255238e-06
3.926796958151687944e-06
3.908291282343254865e-06
3.859949112905681878e-06
4.041740466497447868e-06
5.243742376250243032e-06
4.670967683667370929e-06
2.284453105059972830e-05
8.247757571991182429e-05
1.288041630020081944e-05
1.700689020172261364e-06
1.773337880784030857e-06
3.245452999473522719e-06
4.084283685957332746e-06
4.111303087075494991e-06
4.021983821339785001e-06
3.993787654143500183e-06
3.996013324384591915e-06
3.989188138357539196e-06
3.967359634108661007e-06
3.931144787513597881e-06
3.876660336269828050e-06
4.057924424850643230e-06
5.260188068541561070e-06
4.467768566887340204e-06
8.289762830670569763e-05
1.346169765308933989e-03
1.402800660388504731e-04
3.724302749977099287e-06
1.306958682409191858e-06
2.104489630896436780e-06
3.539287913958047021e-06
4.089204853204233498e-06
3.853604423511831829e-06
3.666067111130003629e-06
3.752689574967544307e-06
3.932792977864074508e-06
4.000717804807233703e-06
3.955251535739428542e-06
3.878699563105229470e-06
4.054226427129576893e-06
5.257790837378204008e-06
2.483376397406176068e-06
4.239830446677505735e-05
1.940279340077399016e-03
1.831868312343223068e-03
1.217482610594818396e-04
5.588498490717283775e-06
1.306625692115116791e-06
1.966617238242392881e-06
3.019426116432696748e-06
2.864857582649098668e-06
2.601217475398712114e-06
2.774360414768917281e-06
3.340153431406206892e-06
3.864892345946634404e-06
3.983214760204762174e-06
3.894132039560626102e-06
4.052779035856582236e-06
5.255135124948802923e-06
2.770596012213858170e-06
5.480451679619792335e-05
1.822072670972803895e-03
4.993682302791942716e-03
3.459829920643542073e-03
6.625608931565376062e-05
1.163575268060750084e-06
7.677621995045675445e-07
1.664830694164807084e-06
3.105328670921507651e-06
4.272100350600475988e-06
3.178362559891070354e-06
2.691183102651179942e-06
3.395366880512382784e-06
3.943125546985759701e-06
3.925139884406194819e-06
4.059224352345725245e-06
5.253662884049446211e-06
3.641597686752060511e-06
1.218973922471716892e-04
2.948685658763567936e-03
3.350594154782135167e-03
4.543588027798898914e-03
3.827539408968314754e-04
7.386271147914081915e-06
1.339318108044333569e-06
1.948020879109544926e-06
2.103430666558609542e-05
1.143839323978026356e-04
2.203307838894343542e-05
3.219122310006441319e-06
2.827528438864550502e-06
3.786825762465001991e-06
3.960004126973840690e-06
4.074816608077907165e-06
5.252665690377677135e-06
1.052835259141399872e-06
2.578659586805289762e-05
1.867931204396247732e-03
4.185236927918146999e-03
2.777659543999155649e-03
1.021591343817705505e-03
2.910477402457318521e-04
2.346696272265948126e-05
5.195446812943911740e-06
9.481210694870610277e-05
1.312138874971058734e-03
9.746096356882855995e-05
3.588836457067754860e-06
2.253033804415112299e-06
3.501430731222579756e-06
3.965074494582063643e-06
4.096463612817623337e-06
5.255106353287070004e-06
4.369726306790539119e-07
1.896658954875186923e-05
2.315528604657067762e-03
4.175018350189274238e-03
2.705637172000726915e-03
1.325723448684427508e-03
7.339156771332404523e-04
8.755739966974528565e-05
6.746170199572947370e-06
1.133672363997950648e-05
7.097142130017510724e-05
3.208630086680959930e-05
3.831978496692557679e-06
2.150859409281189162e-06
3.169366141598343215e-06
3.886420714553228702e-06
4.110476838206556518e-06
5.261047366104471546e-06
3.105613333207279915e-06
5.716095369628524867e-04
4.676942982159292689e-02
2.135454022206352553e-02
1.197486154041982852e-02
5.092977820217308403e-03
5.719136599245405348e-04
2.119826735009779062e-04
4.319490069375909173e-05
3.716704358282196499e-06
1.212438104885853754e-05
1.136288827683670625e-04
2.761597780979096681e-05
3.783398607744011069e-06
3.015457036808834487e-06
3.761216193042443405e-06
4.111999120204086618e-06
5.266183105869491699e-06
5.351534387628322095e-05
1.026507894635969587e-02
2.451185431401018688e-01
8.824007761182697807e-02
4.154797982662034039e-02
3.356710372542084930e-02
5.857252416117814109e-03
4.844564062150243273e-03
1.553215184799096099e-03
7.982675856742175850e-05
4.675909879738356502e-04
2.897088554866138199e-03
9.550047463045229477e-05
4.033934379598673484e-06
2.805245431262017783e-06
3.715543338867952671e-06
4.118261365780709798e-06
5.266883889407330338e-06
4.841241220663226820e-05
5.436571610828395094e-03
1.193248634724358298e-01
7.656229777434674089e-02
2.175448755352826780e-02
1.181479458360082044e-02
4.401686696201991163e-03
4.530517934678508600e-03
1.494811091918347035e-03
4.246698131398207450e-04
2.728648055146131336e-03
5.501626617590137797e-04
5.667022342402792182e-06
1.320113787087892380e-06
2.558410065999323458e-06
3.813110344948732600e-06
4.131561079584201505e-06
5.262307144839515608e-06
1.639334817148394355e-05
4.014163381130470346e-04
8.511508619700361433e-03
2.336602920379235102e-02
8.802744717007876182e-03
2.762064513825780807e-03
1.246872094731521453e-03
9.602953109014946602e-04
1.369626278466925173e-04
3.654034641811289703e-05
7.842003726204952298e-05
7.790934885490026813e-06
5.770249998227991130e-07
9.952979165967629639e-07
2.967196437000905729e-06
3.975419574462595340e-06
4.123874398038606180e-06
5.254910600823026964e-06
4.418789716595788059e-05
1.048998053298361589e-03
8.866593493344543039e-03
1.723509228196820620e-02
1.203944678306754362e-02
3.623765145025793170e-03
1.168616214603149196e-03
2.485953696090985906e-04
1.197756163556730980e-05
2.055188212417038625e-06
2.767510282742357040e-06
1.686317138271635389e-06
1.147533819890121714e-06
2.267723749426379419e-06
3.790419876204972924e-06
4.021477463146910709e-06
4.088381720612861661e-06
5.249415976236960451e-06
9.974885961676226417e-06
4.789368780032176665e-04
1.233307545966606279e-02
2.308814174649121559e-02
1.092537454490833011e-02
4.403428117649885957e-04
3.634726833892189311e-05
1.598865700737766776e-05
4.838079323010403214e-06
1.724662596002500474e-06
1.664251854661538600e-06
2.333046398907738852e-06
3.085403896359475573e-06
3.856886939938601896e-06
4.094207989286502737e-06
3.943368955467648108e-06
4.056155092508526774e-06
5.249290158655277347e-06
1.346367288988540244e-06
3.742644765941144949e-05
3.509676561745148429e-03
1.732404148673895999e-02
4.714824452260743884e-03
3.955935061352736581e-05
2.173205187238943839e-06
1.595950474507794566e-05
1.107660139643303732e-04
2.390170252698348006e-05
3.465293925450546539e-06
2.897858762677850761e-06
3.865710784903714112e-06
4.130389111128913624e-06
4.001907586497124435e-06
3.878014486309057126e-06
4.047620467129884697e-06
5.253785812729398056e-06
1.639680845092730014e-06
1.969235047432466205e-05
1.506913667187666792e-03
4.713547542556405408e-03
3.162331028273709325e-04
4.976967956126097127e-06
1.770645678091000914e-06
7.593510152299733573e-05
1.240260322337139376e-03
1.038805029355364127e-04
4.729071411962175976e-06
2.847424837106657369e-06
3.772514921394789041e-06
4.022955851532504524e-06
3.934925290195520885e-06
3.865275625151806156e-06
4.053265240192971809e-06
5.259045699950927290e-06
2.674264099417010691e-06
2.273733732092033755e-05
5.214658409332197965e-04
2.074254908247859122e-04
5.018339176200515256e-06
8.059599392015946247e-07
5.343476282379388493e-06
1.561385590040636345e-04
1.914662812704736813e-04
1.152591255467007300e-05
2.304311754015821069e-06
2.804301982833540746e-06
3.844506927289719602e-06
4.002926849065339827e-06
3.927533443020251248e-06
3.872051125108540712e-06
4.060085586847411899e-06
5.263601056114152416e-06
5.231649872839815046e-06
8.864128196125720626e-05
1.087770645057687660e-03
7.316758584211503964e-05
1.277666430653059913e-06
1.152355804522120799e-06
6.999910049159032831e-05
1.459378491423166157e-03
8.602034243363275272e-05
2.164555551540981953e-06
1.484649558242073263e-06
3.085762092712845018e-06
4.015232987392517210e-06
4.007162852369367212e-06
3.928342606730766571e-06
3.877468960111000906e-06
4.063794532552329033e-06
5.266298406777086895e-06
4.925598409341295363e-06
3.169920288931938848e-05
1.582187996651269308e-04
2.307663479663279784e-05
1.678139645114897266e-06
2.215185972124702651e-06
1.025393928342087677e-04
1.584849781762063441e-03
8.058573121520163046e-05
2.548738381376484593e-06
2.001880129285454412e-06
3.542124271193940890e-06
4.060311274441905488e-06
3.969353432487934295e-06
3.907740849392495725e-06
3.861793373061166386e-06
4.047044861685773503e-06
5.249323875944751087e-06
3.422044917131699864e-06
3.365523071467802479e-06
4.605299230369321338e-06
3.280716993902001901e-06
1.888745570748885909e-06
2.210962433266569823e-06
1.191658761890215462e-05
4.820881241754839243e-05
1.293805339258481121e-05
2.816890523485510085e-06
2.846189587908101464e-06
3.813447803157419871e-06
3.975443431813739239e-06
3.895753063440877818e-06
3.858984147109210510e-06
3.816979731708600977e-06
4.004906410038498217e-06
5.211681486260782363e-06
4.373509042552407053e-06
2.700907151011236367e-06
2.384902035043160668e-06
2.705095905173401638e-06
2.987982428711374075e-06
2.864072425819951244e-06
3.465503609264433487e-06
4.533475183087352136e-06
3.685941050548939799e-06
3.145545685595807016e-06
3.693931852467744126e-06
4.114625783182868055e-06
4.109088660275339197e-06
4.063569864117214424e-06
4.042524545127084840e-06
4.004130549341201900e-06
4.204467669470099550e-06
5.430486036499588176e-06
6.675838269823154568e-06
5.122901788116870041e-06
4.758100655163777808e-06
5.027900009825766594e-06
5.257721765979584858e-06
4.942417012013682741e-06
4.510811544135322433e-06
4.392558858188476405e-06
4.513154213267311819e-06
4.889379448363683046e-06
5.262645637265634271e-06
5.335662526497986147e-06
5.281600461474238762e-06
5.260196817896290289e-06
5.245779832532513023e-06
5.211129387160417820e-06
5.430214814764309027e-06
6.661939400029359324e-06
