8.780762167830796197e-05
4.521027373904553531e-03
1.040326533632984773e-02
2.711876655079290075e-03
2.887857881016978306e-03
1.101818248470740145e-03
2.236330409972513752e-04
2.264604378468044099e-04
1.431989063305048582e-05
6.586478682696403303e-06
6.268734935218592437e-05
3.398277170718912561e-05
6.693589813619830714e-06
6.149389157824954500e-06
8.535976809360294927e-06
1.028021490729050544e-05
1.286903909221612795e-05
2.217023670590126465e-05
1.103577439009844734e-04
5.368270850463409405e-03
6.995176571538766486e-03
6.174161555967123526e-04
2.365326179929300415e-04
1.841310312761319150e-04
4.182982692085576259e-04
4.515575546736138972e-03
5.264551842619821917e-04
1.969296857426273257e-04
1.038035057986379456e-03
1.420530945453000592e-04
5.505217753495836736e-06
3.718309524284482654e-06
4.991799970937564572e-06
4.031932180566794366e-06
5.392895928468232311e-06
1.298870096438345642e-05
9.106714689297291425e-06
1.631836975388850641e-04
2.531590804176284820e-03
3.133701739481246657e-03
1.669123324476553269e-03
6.793473396374858459e-04
2.651353477966304187e-04
7.494419655332964321e-04
1.419157025498465419e-03
2.321362853154055640e-03
5.008002272998059168e-03
1.264294618887785429e-03
5.241360528581741340e-05
8.930748645887119522e-05
1.301952435514437656e-04
1.393008862278754525e-05
5.507983413076424717e-06
1.217237268047870122e-05
1.289266877770209964e-05
3.043077156017124610e-04
5.951214515609791651e-03
8.480219745920057270e-03
6.177838203041594554e-03
3.218652082953081701e-03
1.599695642804218644e-03
7.256389273073273003e-04
1.595621563620785001e-03
1.894135641415105190e-03
2.561432074640138459e-03
8.606295598384376688e-03
5.270078722327569591e-04
8.421789139785601118e-04
1.321020915904356705e-03
3.896454374136610921e-05
6.587556773938464266e-06
1.285471021458196831e-05
4.110522775245363590e-05
9.929386469823624998e-04
6.889060410463699290e-03
7.055502905986750853e-03
4.595987750656265608e-03
2.002754198696836147e-03
6.555128758579001173e-03
2.384017404290370273e-03
2.854879973019819068e-03
3.589619210278500831e-03
1.510346471002030431e-03
4.753560013170697596e-03
4.060066301020842129e-04
2.716885613185096495e-04
1.478181058428475073e-04
7.156053123363322367e-06
4.132555120501477255e-06
1.328827826322148295e-05
9.749069590151840378e-06
3.805071087339229963e-04
5.277568883578664070e-03
3.037952643302459059e-03
1.045159886054315788e-03
1.649713650149674466e-04
1.346400724500249491e-03
2.803055817715616616e-03
2.990151994793385608e-03
5.906521964425524331e-03
9.059044771862085352e-04
1.984692736091968226e-04
1.524277619429046673e-04
9.972653821778744172e-04
7.588385481860436110e-05
1.453019633874936822e-06
2.317514614881189246e-06
1.342727214419691137e-05
2.658799961161715136e-06
8.575145125311316337e-05
9.243588485431337770e-04
7.975772206582931213e-04
2.778954171933728685e-03
2.760345229311189055e-04
3.565456166219672408e-04
2.190704535773396917e-03
3.739145238450152994e-03
2.642032639590673280e-03
4.162502975312970793e-04
5.445628143164215257e-05
1.795269833127351936e-04
5.685386254841265016e-03
1.663461647410172648e-04
1.222158229267700860e-06
1.881968291633287999e-06
1.284694886945071461e-05
3.046585076303192741e-06
6.479154219080177383e-05
3.030860037076803129e-04
1.953414266628530503e-04
1.787669553926984119e-03
5.309155228728101210e-04
5.030738486517523193e-04
1.503796252748138560e-03
2.993237286676297439e-03
1.840664661296228816e-03
1.431961832483140623e-03
8.298706032126061888e-04
5.626143743513216606e-04
2.424245047144139940e-03
2.879981190824029312e-04
6.177916285465222958e-06
3.405816888102881814e-06
1.258719384909458942e-05
4.770476439902180806e-06
1.954384677602047371e-04
2.021815760976537583e-03
4.706963837397725912e-04
4.419694583089725428e-04
2.797513584144879881e-04
1.592485774368881989e-03
8.493800077782506482e-04
3.284583275565833706e-04
6.300186563052944918e-04
2.230828802740579542e-03
3.908606193284455514e-03
6.348975461242211933e-04
7.182366249933487675e-04
9.663791385885000087e-04
5.528124074689488735e-05
6.781489827334005254e-06
1.210005557048059969e-05
1.863554167511800504e-06
5.482638713528179892e-05
3.059680672093805041e-03
3.405635946319029821e-03
1.767098711301952167e-03
6.768364164063393100e-04
2.033311285579714276e-03
6.946280763074951306e-04
3.054482952804181656e-04
4.092896463111569548e-04
8.401549054562646194e-04
3.512711450358212053e-03
5.972909629120810122e-04
1.295381634221395633e-03
3.112281496074195339e-03
6.685879336457427498e-05
4.870450211686701592e-06
1.073082520713799468e-05
1.092521417740936985e-06
3.730789962022315820e-05
7.422631010330396975e-03
8.448231445320390429e-03
3.180735028477398030e-03
3.085760937863056205e-03
1.741864642036401994e-03
1.248363787250748695e-03
1.048022195661542323e-03
2.100627928511588402e-04
5.117007182467024802e-04
4.023411436236561806e-03
4.292963104406016827e-04
8.155702438684104367e-04
1.346500732361337630e-03
2.305489687661332069e-05
2.861758908726979454e-06
1.023874982192933162e-05
1.375864887709625262e-05
5.861257766018863717e-04
3.699844943156715277e-02
8.596905153823006587e-03
1.366759326213972661e-03
5.342935301746083894e-03
1.601914515724832920e-03
1.512097823769293454e-03
1.680695164566818568e-03
3.852248210067456442e-04
8.837049580283165302e-04
2.592312078594506165e-03
4.748308866182035840e-04
2.546501429617368866e-04
4.255095044403711690e-04
3.004298903614085968e-05
3.316083924374906972e-06
9.241535451110793084e-06
1.042678303935268996e-04
6.159797501538662873e-03
1.130434953254377262e-01
5.428317163996367045e-02
1.836017326970794047e-02
9.034300262355554265e-03
9.481161639740237450e-04
8.626924290379546587e-04
1.503248545741275302e-03
2.469290422051775759e-03
1.724040308980799314e-03
1.106616251213629913e-03
1.582473578253491787e-03
3.941321292952358678e-04
4.396649113601782798e-04
9.121756889634115902e-05
5.126699535943427926e-06
7.183066846723720308e-06
5.329619567339925451e-06
8.668501385515077875e-04
4.903043644245876076e-02
2.102672782495546705e-02
1.485707756796579224e-02
4.440525093413342020e-03
9.212887470183022840e-04
1.900873574142043776e-04
1.055051650863642569e-04
1.822893354619594449e-03
4.005821456595991606e-03
1.015771700051289889e-03
1.812877547085808144e-03
6.313943979481516106e-04
4.668684403595822980e-04
2.758610160976720442e-04
1.887567508780153914e-05
8.802751692201401899e-06
3.542613205281297222e-07
1.729148410757093621e-05
5.088407046142111485e-03
1.189329333486025680e-02
1.024640019459609544e-02
5.619085767267426035e-03
2.391503933842332140e-03
2.724869101015509314e-04
1.444318810930635133e-04
1.272909468766637289e-03
2.838647097718683537e-03
6.597455757448541288e-04
1.187253567560658286e-03
2.090583808883706134e-03
1.237093731270028996e-03
8.380517502959409669e-04
6.730927690430398610e-05
1.109687800862033587e-05
2.260856242351702595e-06
2.181327911451005471e-05
1.434085540306073627e-03
4.872276489337221822e-03
4.713094754135455609e-03
3.189850776089661003e-03
1.814738820297853283e-03
1.530781891391960617e-03
2.446426235908301817e-03
1.571222421055855053e-03
3.234683803395632488e-03
1.007145169893959883e-03
2.277302022309966954e-04
5.078916583092101021e-04
5.474432972738941909e-04
4.307733267457348157e-04
5.060877787283651116e-05
8.662905712571040883e-06
9.960217420839419001e-06
5.293551544051318852e-05
9.041031226963621445e-04
3.130021587789287921e-03
4.051431875383505569e-03
2.647117318387684319e-03
2.593799676968758326e-03
3.395440448994911566e-03
2.429156784431716221e-03
9.650409923246763312e-04
4.957444125073462091e-03
1.693659716023810692e-03
1.206328716854102202e-04
9.064797891049518113e-04
2.618856599379674500e-03
9.018089916357153102e-04
7.264843846136373310e-05
1.177772026871965460e-05
4.563824121797204514e-06
1.532524002272013720e-05
4.297163352211512020e-04
3.160407018270606876e-03
2.438193553940457264e-03
1.098355592709112771e-03
9.818883520695939528e-04
1.398053274629860749e-03
1.741142111444278495e-03
2.438036685970845427e-03
4.904759563999273354e-03
1.472060542441593458e-03
2.928962298877040428e-04
4.333943120801475417e-03
3.562290984994447192e-03
1.477526227321120154e-04
1.920190171940603700e-05
1.178377791682167499e-05
1.731454221049043843e-05
1.778105936153456064e-04
1.300198965268949645e-03
7.384492424577622722e-04
7.291974550779415894e-04
2.025157492115740605e-03
5.955082652306811861e-04
1.235958235125002476e-03
3.460408516430348459e-03
4.912575661801006979e-03
5.610305257937606496e-03
1.370785999401853824e-03
6.371152778204381513e-04
6.867467027470946887e-03
1.171065822572366771e-03
1.378165815498053989e-05
3.994552950813625596e-06
1.008211821922316578e-05
1.182854455876401734e-04
2.491380007546016399e-03
1.585307980363421512e-03
2.521211431355464458e-04
9.829719161779659764e-04
7.207509046623946855e-03
3.052737426237016414e-03
7.654616151460119124e-03
4.687177427040510429e-03
7.768680932984327846e-04
1.545523597427844210e-03
1.610539481162118636e-03
2.800680428772270563e-03
6.026984393679031202e-03
1.991291965451520989e-04
5.225689633047438698e-06
3.880580300460514728e-06
1.254302638707772387e-05
5.697457577324022962e-05
1.470334840050500089e-03
1.880628946101761895e-03
1.274986046535182046e-03
2.851586661799450015e-03
3.720347467471274081e-03
2.438901676631214429e-03
1.232827137902657317e-03
5.812330733220443012e-04
1.260071021606842107e-04
6.032474300223467307e-04
6.436430715664537977e-03
1.132605712050825143e-02
1.413320452713442282e-03
2.273197386105507085e-05
3.180623864893611550e-06
5.137547447804473141e-06
1.431570325051788583e-05
2.543210894830400843e-05
1.575606030748819084e-03
6.762130945892394669e-03
3.238598270839302025e-03
4.059514044089862148e-03
6.071859265856380944e-03
2.310713416555506498e-03
7.398694701604904150e-05
8.546625023441126070e-05
1.754961184029279803e-04
9.494612137298352305e-04
3.704966604504141264e-03
3.397213463025539298e-04
1.998761155945159897e-05
5.178389371743468695e-06
4.757133671596189656e-06
7.238658988892628443e-06
1.440333167744606136e-05
2.527748370586384093e-05
1.432428170765599924e-03
4.474085249791954523e-03
1.824157030905000209e-03
1.494887037205257620e-03
2.721480708978138863e-03
4.673973270949149939e-03
4.162559450898453369e-04
1.116808286309583197e-03
1.667145165435494165e-03
1.653504453531558747e-03
2.214838146715215721e-03
4.873386445598246647e-05
2.511802749924688874e-06
3.446656129474739905e-06
6.814701805601650717e-06
8.022730333715430382e-06
1.337948835274307455e-05
4.622215914884950018e-05
1.549351844742113959e-03
2.748465428063927036e-03
1.632911200613833182e-03
3.123586905433413602e-04
2.726570083767860153e-04
1.345786844264088402e-03
4.848657185855885076e-04
2.512103349896432046e-03
1.402848887518790607e-03
1.259129828382462234e-04
1.409519602756096257e-04
2.972361501886811174e-05
5.098862959601353157e-06
5.794859465617640347e-06
7.870614049003477186e-06
7.862954078246503110e-06
1.314420808401327679e-05
1.883724495205350987e-04
3.921955378589470943e-03
6.477803693445873499e-03
1.263922876857988264e-02
4.616568743511326005e-03
4.151497324970732268e-03
2.788877832633104761e-03
9.572162902257644464e-05
8.102443049806313017e-05
5.552365423595390830e-05
6.715061099179629332e-06
6.602566268139088881e-06
1.048426235032314365e-05
1.110618590457953674e-05
1.338467106012602875e-05
1.375374223833922509e-05
1.329537609779131492e-05
2.111849492349890560e-05
