2.154103401725028500e-04
4.801335945488696341e-03
8.135232535072743978e-03
3.382232988053472580e-03
1.782369558132207779e-02
1.023067801862448910e-02
6.529194408933993322e-04
3.809117040510213124e-04
1.182462301347369566e-04
1.115175279449112682e-05
4.810016585429128094e-06
8.127427620566308574e-06
1.766453696389007870e-05
2.865835404207807343e-05
3.158438454214960929e-05
2.930999464651366790e-05
2.943348206798504233e-05
4.188898827372615632e-05
2.013898968878150868e-05
6.351109355716876221e-05
1.470111234743514848e-03
1.103947891036542901e-02
6.607361785165733609e-03
4.058059759783756021e-03
4.714081745602654444e-03
8.581906050315453449e-03
4.561085224671897718e-03
1.114711574224129835e-03
1.509765710348945941e-04
1.725457016704490273e-05
8.291933474961427558e-06
1.267982786199145998e-05
1.955333262255135621e-05
2.044787496665957647e-05
1.989744512413179416e-05
2.940577810170797452e-05
7.484266159723566274e-06
3.916396098712493970e-06
1.161150774710860466e-04
1.529937952690717858e-03
4.638566559917074728e-04
6.057976221652012355e-04
5.337261857914549126e-04
2.800709379689455083e-04
1.002143406709255728e-03
1.725168381135351939e-02
1.482133977939984089e-02
4.877217047575584520e-04
1.752163308643082048e-05
5.382536525774511643e-06
1.020233162115980120e-05
1.843234673920858264e-05
2.055219755053595685e-05
2.911849014914085027e-05
1.443130217707438301e-05
1.042370358182311952e-05
2.723040568092129467e-04
2.653913671845972017e-03
1.398092945184460948e-03
2.184633788595978510e-03
8.526589311112021995e-04
2.007530863605405116e-04
2.123338048778019552e-04
2.074011216521795889e-03
9.450659865358973857e-03
4.336072980914922048e-03
8.747745122820261903e-05
1.899937708436962488e-06
1.946923310479349083e-06
9.332385752795010499e-06
2.007845788128186389e-05
3.146744051561743466e-05
2.361744323007088875e-05
1.912113078704976801e-05
1.311281870761602495e-04
3.653940484807386888e-04
1.685721001763268131e-04
2.950857576530734158e-04
9.811686170797275213e-04
1.981716504312178943e-03
1.067588593490300265e-03
1.478065049620789443e-03
3.341989307273946375e-03
8.069053042100990739e-03
1.479238622952032964e-03
1.027861920656945405e-05
7.944795376275280307e-07
2.637372751711804016e-06
1.316395830831565577e-05
3.161891677611467351e-05
2.701895552405447355e-05
1.485008771375851136e-05
1.614717117877471371e-05
1.134242960524520815e-05
8.804955629272982054e-06
6.638180780182769444e-05
5.887165315042432656e-04
9.891931383155128793e-04
1.236116000956797136e-03
1.786903148176599305e-03
1.562606664623721530e-03
2.439641261763845180e-03
1.123500536834439074e-02
1.723683525148760574e-03
1.350353191720882753e-05
2.239931486722253994e-06
7.690509065467793061e-06
2.837713721231878048e-05
3.099320345743242656e-05
1.732124981459883952e-05
1.174933387665842238e-05
6.952745371635483810e-06
1.353155451443360223e-05
3.731588121492756811e-04
2.389909649738266185e-03
1.316206578609567046e-03
1.547559138399320433e-03
5.440185413204395989e-04
5.300382336065995962e-04
9.287202753254430662e-04
2.657809676622185924e-03
1.637317630789363390e-02
9.937866748718261495e-04
1.610213294592184876e-05
8.995693436140566411e-06
2.656222563450229393e-05
3.006271454975764166e-05
1.489519129770972065e-05
9.703902208898207212e-06
5.752472111431088664e-06
6.332039149736596928e-06
5.702340907683637613e-05
5.991973106912053910e-04
1.364812651003351023e-03
6.211094381163697947e-04
1.307054072180029733e-04
1.579970158165128332e-03
5.188863867369409091e-03
7.000387805671368004e-04
7.093426504005839565e-03
9.239673564188657928e-03
1.268422599257732636e-04
1.479637099410037164e-05
2.668340563475904664e-05
2.049574598107493950e-05
8.775463838453177441e-06
1.087428922097133977e-05
9.470549897711147953e-06
4.176347643939247166e-06
1.141389849760345936e-05
2.821597145355998304e-04
2.668741197596110563e-03
3.458428742278815606e-04
1.008986798218415023e-04
2.994981068611246317e-03
3.554309741768312426e-03
2.868037313763694860e-04
2.724827101525038788e-03
4.602696390830792947e-03
7.033399307448023928e-05
8.032943663448784615e-06
2.016421691001202843e-05
1.341617067482626508e-05
1.681811117982241220e-05
2.167424616938651522e-04
5.165849952594846889e-04
1.749464635225822843e-04
2.565583396717699785e-04
4.786814986996278240e-04
3.693814465962716345e-04
6.450841273334043786e-05
1.617395867019664601e-04
6.589091213711728047e-03
2.428837206319310691e-03
1.290527423222248451e-04
6.241332541892348961e-04
1.735203422790755363e-03
6.203092523977715603e-05
5.903304413409516397e-06
1.406734932883289870e-05
1.246559536406855995e-05
1.132158663476241257e-04
5.639465922261283591e-03
6.234745686678867284e-03
2.136346929738241595e-03
2.240632122060836912e-03
2.127413550814578772e-04
1.224579048171105051e-05
9.004700733341341107e-06
1.423142818922354586e-04
2.834236259289994817e-03
1.040893871243757677e-03
2.397058911461175882e-04
1.072095025608038165e-03
5.984540559570318032e-03
9.183521665142346845e-04
3.388401609242409484e-05
1.691088954851172388e-05
9.881987612418775585e-06
3.878646176121352336e-04
2.764534999663921869e-02
1.079457183401187972e-02
2.658190465341709555e-03
2.281369898089116201e-03
5.011160206804156228e-04
5.968113649878044541e-05
8.943831906655608731e-05
4.285992716140918347e-04
8.072274707501518468e-04
1.229128824312894323e-03
4.087342919111152523e-03
3.694520855707988157e-03
4.076001977226450038e-03
3.449840813579361024e-03
1.736185980426208542e-04
2.259097739214107708e-05
6.524002518118483553e-06
3.959023288520562684e-04
7.502561198298915435e-02
4.057725587795722733e-02
4.574968664638451483e-03
5.387409336926549282e-03
7.292165864860867576e-03
1.454876132470869256e-03
3.367431612685319736e-03
1.062204192673408057e-02
3.953494240792514505e-03
4.163561311011113215e-03
4.537356029587252121e-03
9.743184514602428381e-04
2.187696771379817919e-03
5.641438953396564308e-03
2.444420295179197808e-04
2.091543958955076034e-05
8.544034787414139757e-06
2.899825605996848269e-04
2.394130578162911860e-02
3.944348151350333606e-03
1.341584516009307218e-04
1.897743809190594272e-04
3.772148556823950137e-04
1.023631508123350143e-04
6.327569905474127003e-04
3.686644801158857777e-03
6.881708136711562696e-04
2.405371951337033083e-04
7.450759408618821283e-05
8.125466067418624907e-05
2.268226068413471859e-03
3.480370690105248112e-03
8.722794086687662009e-05
1.485884170354808804e-05
9.809759127178137956e-06
1.338496236026537128e-04
9.080929959180543756e-03
2.821216612729342179e-03
3.652852376686629044e-05
5.991833073208238785e-06
4.920251033313317346e-06
7.957205353870911718e-06
1.898635141376555399e-04
7.640628557560333409e-04
3.137669364641416827e-04
7.341070808123314464e-04
2.874352243647147970e-04
4.110783301152025316e-04
6.846806995029025740e-03
2.116694810703688336e-03
4.835581009673258840e-05
1.539730550043593821e-05
9.777294650329674796e-06
9.466243522736304274e-05
6.643249489669599515e-03
5.354760783308457235e-03
9.458585134398990999e-05
4.825390988706861193e-06
4.058574449462533720e-06
9.061481269777749321e-05
5.223480006679455563e-03
2.968863458008696044e-03
1.159497132511710157e-03
1.103341738704571688e-02
5.353708230866281378e-03
4.674528248742511674e-03
1.734226877755879609e-02
2.950025199638497790e-03
1.109747541792968927e-04
3.019178437514713904e-05
2.244229729710140941e-05
3.429561448385662716e-04
7.715208685507939784e-03
4.867007983750083581e-03
5.459359306541740559e-04
2.481586711109230170e-05
8.580430846731376869e-06
2.272091656060123825e-04
3.896031020377740180e-03
1.004719833020409868e-03
9.845557655643205099e-04
2.736910086798196619e-03
7.968625618883477682e-04
3.767128442778588330e-03
1.395512490774966294e-02
7.921873943372455523e-04
3.964460282410308301e-05
2.482343923607124714e-05
2.355472769503713748e-05
8.008977574432061240e-05
2.537726053970245396e-04
1.449779437349812830e-03
8.336891725555031774e-03
3.374813009368972448e-04
1.189431139942276615e-05
1.695819691240183278e-05
5.324907415847205853e-05
3.147523033408092968e-04
8.565689537234291370e-03
6.081925891651537505e-03
9.312654154236128497e-04
5.687199551733921124e-03
9.987806413088240812e-03
1.887726474967405790e-04
9.514731705373651496e-06
1.545791071556200282e-05
2.155587436607745198e-05
1.151541096429884706e-05
5.113303082332196777e-06
1.057561400737254951e-04
3.733867633894617007e-03
9.683333281392053019e-04
1.161803834628387280e-04
2.559101577303565480e-05
4.352061596051717374e-05
9.944651420308139086e-04
9.332886718634058817e-03
4.233300515435342581e-03
8.760445272291833563e-03
1.971272227061448418e-02
4.202236559866255605e-03
1.398012577872920811e-04
1.353548859583705285e-05
2.020306043503757555e-05
1.213289668876106132e-04
1.328758028456402470e-04
2.079326311896866929e-05
1.009394436192325795e-04
7.114364732614038853e-04
6.860179916927383733e-04
2.145319405996885549e-03
2.418972729943960447e-03
3.738530669673446796e-03
4.960733050869507547e-03
3.324503261384088339e-03
4.998270050945810908e-03
1.274517268299572327e-02
1.141952752773002684e-03
8.360364085944383295e-05
3.309846399924001138e-05
1.888777425010919970e-05
2.762682670238159936e-05
3.868272844095651413e-04
3.265831745865857214e-03
1.649669770809425928e-03
4.251482887442797204e-03
4.367209484539200798e-03
3.946601708548766528e-04
7.659303590347392833e-04
4.078117754336145658e-03
4.037970361892257581e-03
6.886752773903059583e-04
1.139619596852648603e-03
9.851278741281197654e-03
1.085277164953247836e-03
7.933713196254857776e-06
2.371710952627078832e-06
9.101527319189954459e-06
1.805835491338319686e-05
2.994136751257478899e-05
3.872067646070078410e-05
7.082089447928314194e-04
3.347380847036617122e-03
5.747631719958523795e-03
3.760918503349718924e-03
4.638557950230666905e-04
2.999526959903906225e-04
2.894416698747461500e-04
2.898502178852285479e-04
8.837107125129388483e-04
4.643253218713561115e-03
8.492218499794959921e-03
1.826916446028286776e-04
2.981834130156227511e-06
3.079430960980198149e-06
1.183316179480677491e-05
1.972843858612245203e-05
3.013947043401905837e-05
4.594011684026860270e-06
8.404059393241578317e-05
8.851546850087065261e-04
2.453037243546632115e-04
1.573542813786255165e-04
1.036624465396270879e-03
2.536792188755773551e-03
9.301204633456994740e-04
1.053443233244656272e-03
1.190768310160149682e-02
5.945849263377500811e-03
3.965357337146539719e-04
3.418214475705851188e-05
8.525343737755492485e-06
1.147648585410038513e-05
1.823985769878224946e-05
1.996197600654163950e-05
2.895802175482080744e-05
3.204918736566619939e-05
9.692680170426854229e-04
7.406507144360280348e-03
1.162923645884026335e-03
2.851955109817609418e-04
2.997607448727507198e-03
3.541424173411598930e-03
1.871296826227329332e-03
9.363508442155216724e-04
5.269022837401501815e-04
6.865949692477772866e-05
8.700642546478377248e-06
8.479495353565906377e-06
1.425676416658992060e-05
1.945172318826876470e-05
2.006010579449570661e-05
1.983529810207265145e-05
2.954498882673701771e-05
7.072941025754344961e-04
7.277333643782779235e-03
1.427753873411128152e-02
1.520717632417668136e-02
3.794980697843063164e-03
7.168526183175571651e-03
9.387066827448575920e-04
1.534807966198966495e-04
5.204160926823442069e-05
1.168765429917116191e-05
6.758182341393894188e-06
8.365893017460103423e-06
1.769150167726477740e-05
2.886750478404435038e-05
3.122706971135225508e-05
2.920745694803868948e-05
2.951099510230450606e-05
4.197966260454401289e-05
