5.430510314779878343e-06
4.539096959451054797e-04
1.561068164512539880e-02
8.345776172954361832e-03
8.959752425166051318e-03
2.393525175700496766e-03
2.572957518215147074e-04
5.440676151856553268e-05
2.057666271939546172e-04
1.677100237475481499e-04
1.243876422005955789e-05
1.050824992385301255e-05
1.919714825134359742e-05
1.753722322400475943e-05
1.838222937135034117e-05
1.973660606051369035e-05
1.993467667624579075e-05
2.981428474441202210e-05
2.059462382545530865e-05
4.350998181898191081e-04
4.531871181722078173e-03
1.789057792513177106e-02
8.387162704974263083e-03
1.743047799554716662e-03
2.878328247525113130e-03
1.394483068257036922e-03
3.400261458017991064e-03
2.308437216879909853e-03
1.883405614035625294e-04
1.307402615236460128e-04
5.282022098115602110e-05
1.133247166811852411e-05
8.125120411479463809e-06
9.975373421244853789e-06
1.194545640006640955e-05
2.006537109685969139e-05
2.468851917801834412e-04
3.405641301212914470e-03
4.291010869358999336e-03
7.131813604223499227e-03
3.517782948638338136e-03
2.015204870725902878e-03
2.996090670656110372e-03
1.623193962848597065e-03
1.676721132495814824e-03
1.775873595591822467e-03
3.177234067435420663e-03
1.323441423816508434e-03
6.051572729228030028e-05
1.075142081928668541e-05
5.861507611342725933e-06
5.208605436789490836e-06
8.875143897156288005e-06
2.009719192296589006e-05
6.923271931781766213e-05
2.824286968296771828e-03
4.143537065683516006e-03
1.185997141902737006e-03
3.398917441681358152e-03
3.378033749972645956e-03
3.887013898736984066e-04
3.050067683786452429e-04
6.803438854094305890e-04
1.260560171288038853e-03
1.550551969986540927e-02
3.802875860684478814e-03
1.702286140361603211e-04
1.451380581781238092e-04
2.772015757476626306e-05
3.792633154012711953e-06
5.421787868076307452e-06
1.895509102857666518e-05
5.562163611741989117e-06
2.419400962000403969e-04
1.449563959441357158e-03
5.814754308281872789e-04
2.364714932612218320e-03
1.373679528922611918e-03
3.045956539059376509e-04
1.062044142575765130e-04
1.173066232985990587e-04
4.285903300595600473e-04
6.940631057883206098e-03
1.608767865047532053e-02
7.495760858977116615e-03
6.081844698724129215e-03
5.318024411202076918e-04
1.655418765845729674e-05
5.908674622509047657e-06
1.586836795315029719e-05
4.745160385189025231e-06
9.741691737502828144e-05
5.586836385808639999e-04
3.326975898533964492e-04
1.005504907094921909e-03
9.174146401929472337e-04
2.436008628842412961e-03
7.683699369351474967e-04
6.088049556421027851e-04
1.272294258865828065e-03
1.481901722264860428e-03
7.089255702408479506e-03
1.702793458541314656e-02
5.683289056836738663e-03
1.797639013496670109e-03
1.240400492468051862e-04
9.591687794769687385e-06
1.127284622132943710e-05
1.080444123241876453e-05
1.779362391596357382e-04
9.255629340214031886e-04
8.396713352129241007e-04
2.606460101071684122e-03
5.886168504970101974e-04
3.612907986582120524e-04
5.577535131221477696e-04
3.171454063190349421e-03
3.602175352970238102e-03
6.287537119548265978e-04
8.753997824863506833e-04
8.031527475027793253e-03
8.336428456040568050e-03
1.859532556081124185e-03
7.918633009373043637e-05
6.779384090708215617e-06
1.360225210625944862e-05
1.128794946323876114e-05
1.061487235742793379e-04
7.306936693544785607e-04
4.839491761710163712e-04
3.067652232453521848e-04
1.010109348396950857e-04
1.027228287022853386e-04
7.242725536350959727e-05
1.713679575829966354e-04
3.978351639830673340e-04
3.277514019919848792e-04
4.507155324558696752e-04
6.023509218079661776e-03
2.743735730235238868e-02
3.191664391970591274e-03
3.988801794439633669e-05
1.354380774691563644e-05
1.900311535653839712e-04
1.106246743521631537e-05
8.075450741909260340e-05
1.473523821885506071e-03
2.009837127540750959e-03
4.009364997400463398e-04
2.626115699619608170e-04
1.074837892457695563e-03
3.011370839258328499e-04
4.588125116863528050e-04
1.865005146298741442e-03
2.289869807235988489e-03
1.709043637381820000e-03
1.344038200095279412e-03
3.693419181489685996e-03
6.431380194646150322e-03
1.828974850504038754e-04
6.344993428989540341e-05
1.916010461495572118e-03
7.935528072024158923e-06
4.935552656356213282e-05
7.036743138012566253e-04
2.647795065031407439e-03
5.800400656932667813e-03
3.692097453184299636e-03
2.455229465800424019e-03
9.575402031304283820e-04
3.189583688599436327e-03
3.247450940943097993e-03
1.957093402278907695e-03
1.316763732328342373e-03
9.274624682564502887e-05
1.612235967653119961e-04
4.349766387640182676e-03
2.269945442344656285e-04
1.451384733291631688e-05
1.716349945568368873e-04
6.109617173340387238e-06
1.071910223350932043e-04
1.450936111518996621e-03
1.122131308418945718e-03
2.513293696268189149e-03
1.824299722960231107e-03
1.103657441605179149e-03
5.019665823420577794e-04
2.206972458992794317e-04
7.877744919755931140e-05
2.430160944264504156e-04
1.101237795901112730e-03
7.797218798306744460e-05
8.384779496927405611e-05
2.455098546836969112e-03
9.160677935063237280e-05
1.712773232057575399e-06
7.479193761763317323e-06
1.131889952922337492e-05
5.629832290552900078e-04
2.112576659220697164e-02
1.189328771575941593e-02
2.327912011847592475e-03
4.019704008406145275e-04
2.114742903382988391e-03
1.388374680063235271e-03
1.060474188935723591e-04
6.484904937603424202e-05
9.083323512889437111e-05
3.725817371495586546e-04
2.047363701422626376e-04
2.043720218153685501e-04
4.196679632710570602e-03
3.005783724023705725e-04
3.642717701209722415e-06
5.819123608035148469e-06
2.096775001137759654e-05
1.790648471198811676e-03
6.136066573053409329e-02
2.907600164627241468e-02
5.946364778443079084e-03
1.290098539459382052e-03
8.704185955970472621e-03
3.049754324607147592e-03
9.391256513864124382e-04
1.462754696661712614e-03
1.193055709805035028e-04
3.198181456837891762e-04
1.668056487457137815e-03
5.923559175383724586e-04
7.067260510753911075e-03
2.457744815453059666e-03
2.828108791476268132e-05
1.395995723013105996e-05
5.326123959163624648e-06
8.029337943378223302e-04
6.068671415750030718e-02
2.318985796048059558e-02
9.898830973765005217e-03
2.296201595144512116e-03
1.986252251892093538e-03
6.134710873272365694e-04
8.685174325844744999e-04
5.123574355078703950e-04
2.304684953708057460e-05
1.797516258065740631e-04
1.614580692865306370e-03
5.788324719555334010e-04
6.891872083768632064e-03
2.266359364924585684e-03
2.523099167155317042e-05
1.349609997388743224e-05
1.624690793989809499e-06
7.921761326801540130e-05
7.717898105143192709e-03
9.566360980274928386e-03
1.277313278387552133e-02
5.894142653221544348e-03
4.608721759504891789e-03
2.820440511041668631e-03
8.062940881751960286e-04
3.510050376617437098e-05
3.532875011735568674e-06
2.049029384815304007e-05
8.327804111693492791e-05
5.001759127908589038e-04
9.271158111696545939e-03
3.826816936042488557e-04
3.998147447172364165e-06
6.149938523659044427e-06
4.740076382134706008e-06
1.008942611071461448e-04
2.126633560577769703e-03
4.752744033532745310e-04
5.535139909099274060e-04
2.784168718317707892e-03
3.750246071246013044e-03
4.348067153802286609e-03
1.708632155721906149e-03
6.397165234038116374e-05
2.703978816698722826e-05
1.399854503117483619e-04
2.372686571136184072e-04
2.173853688247727803e-03
1.134538452756771350e-02
4.578041356264937831e-04
1.067520951985916182e-05
8.828490832385097638e-06
9.301774219778890208e-06
1.104820647166787834e-04
1.444046229582789890e-03
2.587076364334351970e-04
1.507473548179194967e-04
2.991655528328414186e-03
2.701988610725159900e-03
2.964785442449496475e-04
1.159183413896878513e-04
4.084310777652890744e-05
1.177053793913557597e-04
1.395840244411554769e-03
2.806134233215713727e-03
6.755201130508980967e-03
6.255331513912402476e-03
1.441795440762634562e-03
1.177756236706918217e-04
2.375011445565996431e-05
3.055162200291874089e-05
1.894146022826505098e-04
1.313945913485917291e-03
1.572645446221536186e-03
4.994582350867243260e-04
1.506982622744923580e-03
1.284385925389935554e-03
7.045754681213796139e-05
3.304154489629180852e-05
1.347509558583731071e-04
3.876892559936975747e-04
7.377121709509363093e-04
2.159864763478248559e-03
1.459031124945517344e-02
4.089697120479955650e-03
2.838409986494492068e-04
4.302942272980059756e-05
1.958058644765153759e-05
2.006645762641971428e-04
1.596275410314007461e-03
1.987641571034987151e-03
2.237580131219994804e-03
1.915844327863146668e-03
1.826752487648552895e-03
6.888830760212961892e-04
2.539202327954738513e-04
3.166434183693439129e-04
1.495364360932800469e-03
2.251225706693476235e-03
1.168970279320210269e-03
3.623041832037627620e-03
1.857650301551029212e-02
5.391813348606201489e-04
7.141999709245397388e-06
4.121209699244979037e-06
1.298152161208946719e-05
4.579700113541894336e-05
1.261176401648439580e-04
2.122910462725284021e-04
6.267907725968901176e-04
9.385280063025116777e-04
1.312169191973908957e-03
8.049440122629427600e-04
9.245556791332013632e-04
3.546584806793415907e-04
2.002440192841750894e-04
8.321075808634907775e-04
3.074356982377121801e-03
1.139140986751018166e-02
7.151118167638961451e-03
4.781749391385227465e-05
1.329676104585954399e-06
2.931910344084463668e-06
1.658322974086631882e-05
3.312228152726952004e-05
1.150197345890306407e-04
8.815336439074186953e-04
2.905916406712702720e-03
2.400981284343262209e-04
1.512067747504399655e-04
2.647086911583181870e-04
3.439722696390403768e-04
3.060058215669073144e-04
1.244768107837575342e-04
1.209865341361431599e-03
1.197954792976115013e-02
9.716285276594452056e-03
2.762644363471352272e-03
5.401839626371865313e-05
3.255683701692141616e-06
5.725498645015092987e-06
2.084527484266772976e-05
1.847674371410563325e-04
1.713651053409842584e-03
6.758634375303799666e-03
3.308872055562380246e-03
1.244539571736604910e-04
4.370933868056102174e-04
1.332983843262778223e-03
7.842711827501297125e-04
3.648060264854818043e-03
4.551182774291679246e-04
7.014244104039112386e-04
9.342314215039173100e-03
3.046504635163464585e-03
1.498187036531906406e-03
1.698465795579619513e-04
1.055880783598784981e-05
8.279227185416593787e-06
2.037427763914082917e-05
3.507917242708380836e-05
8.748329348353878405e-05
5.828130093607488890e-04
1.748026445239511673e-03
2.718291110423294273e-04
1.637636100722442796e-03
7.421616931083295336e-03
3.210415316931406783e-03
4.189508267342594017e-03
1.373288683965345693e-04
1.034487894299522922e-04
1.686974009833551013e-03
3.180561202654934110e-04
9.904512575413811190e-05
4.733140374780099146e-05
1.077459010109622095e-05
8.952561783089309902e-06
1.894376075662628192e-05
1.251831648845041967e-05
3.233874159359188848e-05
5.757030808708276130e-04
6.155176224981415492e-03
8.873938155902721774e-04
3.050212554555219624e-04
2.126115111114082381e-03
4.392280070234291615e-03
3.942077048516800489e-04
1.022833673060745223e-05
1.733408895640748039e-05
1.237749501597896313e-04
2.456685032760551348e-05
7.458801760653192936e-06
9.225753526367658054e-06
9.018919485338089403e-06
1.037463333996010303e-05
1.946773062823797614e-05
1.313717751212341788e-04
2.246926831289051702e-03
9.003503846312443243e-03
1.076573535782827939e-02
3.709383530384701561e-03
2.233732606426590305e-04
3.462148850362955685e-04
2.082654876987573896e-03
1.370427808004978589e-04
5.915131007010735138e-06
8.792136780287474591e-06
2.254912055831288217e-05
1.368123741191419403e-05
1.077042897468515363e-05
1.539472805460042828e-05
1.822597197171104238e-05
1.957121405652942532e-05
3.027589552076861797e-05
