1.200165729644120648e-04
3.283303806838732547e-03
6.940158398395092181e-03
3.811939922874252144e-03
2.724227837695244840e-03
2.655589268590962271e-03
4.544204551721413819e-03
2.052184922506118236e-03
1.073801091306899095e-04
2.267448601381824431e-05
3.621659258822971410e-05
2.462213724357526816e-05
8.599668028304736697e-06
7.194383817704116626e-06
1.129616239032895508e-05
1.468711183407296924e-05
1.532300278048823064e-05
2.314761803397225975e-05
6.164927118290950770e-05
1.496698054422712513e-03
9.997688400573252754e-03
1.808706699034875673e-02
9.571695945555675281e-03
6.904065196015440019e-03
7.585396534759113185e-03
1.975045819114578521e-02
1.518224017220234229e-02
3.831891583420085710e-03
1.269275083264935792e-03
2.595872486401564036e-04
2.987506033697486860e-05
4.216947668540844866e-06
2.647173371801410805e-06
4.595332724563096899e-06
7.394313969934082352e-06
1.467747671630986022e-05
4.294795445554649288e-05
1.918132698415993297e-04
5.056772495613565555e-04
3.649943522924013663e-03
3.101806906777396580e-03
7.716255999007590183e-04
4.095046086124159317e-04
1.647291362581941414e-03
1.254423235681045683e-02
2.429805061368644006e-02
1.488779332085877691e-02
2.305625867958684908e-03
3.032738799261914349e-04
2.139975693730510173e-05
4.164279995695730468e-06
4.088279582066449884e-06
5.740005393083458655e-06
1.320344899502665998e-05
1.215999693431594504e-04
2.661790834629940063e-03
2.451435843024788504e-03
2.054806991373720262e-03
3.972303202058572076e-03
1.390063751334754153e-03
4.181531713363316710e-04
7.696436218788961199e-04
2.537903286986187626e-03
3.437165528298977753e-03
2.007394779272518581e-02
1.617578699135213682e-02
1.998638967536921305e-03
3.601854016038316870e-04
1.529839370542142882e-04
3.591878610478269263e-05
8.714880509789840973e-06
1.279967116595790272e-05
2.590110360791217500e-05
2.240201505220877978e-03
8.720948804066288446e-03
2.351532000726610974e-03
4.008775002530842735e-03
2.012657263528412361e-03
1.363416791220454930e-03
3.144745666715909483e-03
8.130802002389098809e-03
1.645730499055598909e-03
2.410082399027420070e-03
2.480378391188754056e-02
1.715068025127450962e-02
3.058838981355011498e-03
1.034662451763239443e-03
8.833471604728172831e-05
9.445906433200174633e-06
1.241241231834310759e-05
2.133279210082794660e-06
1.475761447486914786e-05
4.726441213620195380e-04
2.458096655365019090e-03
1.398245916593201079e-03
7.716423689529346196e-04
2.992720476884717842e-03
2.236270775581826464e-03
7.093220174827574200e-03
4.691722011942360028e-03
4.473904719227318337e-04
1.897104483305185954e-03
2.344976774695259683e-02
1.112398131228727050e-02
4.471163752080973457e-04
1.519620358312438282e-05
4.516907629593062341e-06
1.199551335643803327e-05
2.130871540518359914e-06
6.921228245405718807e-07
7.388784425932524859e-06
1.199092481458008164e-04
1.546663681459836410e-04
4.385917726231309492e-04
2.201621519000022606e-03
8.723839663139149655e-04
1.076648536132878689e-03
5.127508314957797929e-03
6.325905526311510589e-03
2.234993737636321171e-03
3.449550721878968940e-03
1.410785240945264425e-02
1.597442206023321799e-03
2.126473325905893860e-05
4.456234832504055687e-06
1.294047048947343553e-05
5.368515205344441213e-06
1.515051468908857494e-06
8.350845396342187419e-06
9.752574595304104859e-05
5.255143036614999541e-04
2.058308057891692754e-03
2.004983902485758113e-03
1.918032672262275648e-03
6.221746852830473996e-04
6.681672227750937295e-04
5.000078249155124298e-03
2.335458155291168271e-03
7.514541716409655790e-04
6.146598846878081196e-03
4.993029587347748086e-03
5.332306884933851358e-05
4.253764347435963822e-06
1.172415083788247766e-05
1.202742279460551561e-05
2.917244020401624200e-05
4.080019039671896352e-04
1.034317542926553850e-03
1.257332816189981597e-03
8.183161036403625984e-04
2.757854849730761461e-04
1.004112062858662216e-03
1.302004177242940862e-03
1.099118963862962374e-03
1.798346030675420900e-03
1.370620285342319345e-03
7.502958970924063263e-04
4.045994927971570052e-03
8.625884104666409549e-03
6.930766403852638765e-05
2.066361309392942785e-06
7.392523009638788078e-06
1.109483494437786370e-05
7.105900149952828321e-05
7.497725523381499387e-04
6.932900717942990735e-04
1.012160789165557351e-03
6.069281072936527632e-04
1.999386497864120234e-04
3.725668617194766012e-04
6.286983289249736470e-04
1.663741575569518743e-03
3.790637519425800895e-03
3.608246580327106098e-03
7.692868650779139186e-04
1.445443888185691476e-03
1.145331643114980841e-02
1.561545373138355241e-04
1.803850169684132603e-06
5.120076285647293853e-06
4.741990010747212288e-06
4.945231136780065646e-05
9.574482347226749568e-04
1.493105549944435690e-03
1.966251703609263757e-03
7.076471362700641849e-04
3.359768773973774458e-04
3.294703660334390204e-04
6.759617789182216854e-04
1.053011315760744339e-03
1.692333576996739742e-03
2.573170228598582829e-03
1.215997162354368142e-03
6.734777761147773883e-04
2.880331742401062364e-03
3.671690520602264446e-04
8.270438935873554331e-06
7.823937393968453610e-06
3.005210565162043901e-06
1.653074721126208968e-04
1.222073418699862191e-02
4.018632558391401974e-03
5.948584742956900462e-04
5.671148413446936397e-04
2.027611771170524050e-03
1.178874097871705643e-03
2.664195544200114937e-03
1.851758575846225311e-03
9.933613022119801642e-04
1.721641339627958235e-03
6.577917052100262438e-03
3.216025508949666659e-03
2.502867075268984387e-03
1.124622178701883187e-03
4.595102899403031541e-05
1.273015678857378949e-05
2.077621942521172168e-06
1.950334849951922286e-04
3.127974311405043450e-02
5.392850216251406786e-03
3.811648918866470813e-04
5.140434142956899289e-04
1.172452281539142086e-03
3.404721484623924200e-04
1.119228625090938536e-03
2.895007231200035034e-03
4.280744921082040889e-03
3.217352395117458429e-03
3.913770019769983836e-03
5.772509334132466807e-03
9.234094018251022204e-03
2.098590247053186073e-03
4.514223549520892753e-05
9.981810389192730674e-06
3.281812076945463089e-06
1.495094597877281897e-04
2.965062385001197842e-02
7.286165515303730938e-03
3.670359730105264649e-04
3.296309247566457982e-04
1.574300617012452030e-04
9.797479829917743466e-05
6.460922851379657765e-04
1.920311624993339700e-03
4.825962835644112547e-03
2.509461981624646742e-03
8.315570704729054186e-04
5.846460701813773917e-04
2.529044857825198719e-03
1.533972668476508722e-03
4.365478735457798532e-05
1.105597291230026185e-05
4.144693142960389038e-06
1.159421827198845843e-05
5.649960213672259235e-04
9.415554651856297697e-04
2.988297884680113348e-04
7.390215543691571040e-04
1.488329242165746101e-04
3.826506238209033850e-05
8.596052038615948081e-05
5.146931440253735366e-04
4.858340465775408748e-03
3.331077424037228504e-03
3.310897703672302864e-03
1.600451962117895683e-03
4.607593343563308984e-03
1.407442941652619229e-03
1.982246971569222909e-05
7.880117366609809350e-06
5.353611004065238877e-06
1.535054988061019102e-06
1.647554498442363482e-05
3.063715025315140667e-04
4.308711904981059391e-04
2.262125172558239971e-04
3.673325620943103999e-05
4.268970327866507839e-05
1.392912789401276879e-04
3.815852670205210776e-04
1.845442183246508768e-03
1.874842665444937046e-03
3.781759892902896575e-03
2.917120278803251362e-03
7.928856468379064451e-03
7.858399216130538666e-04
5.803321104134920797e-06
3.777996980083396037e-06
1.124663752694514731e-05
3.295595485882974544e-06
2.752090253435130553e-05
1.210984218744192049e-03
1.172616908147583632e-03
3.687142328656519531e-05
4.918348748289970086e-06
9.879906133240652058e-05
2.544841533857514129e-03
1.801512231860676397e-03
1.333861591241475688e-03
1.982002488373257702e-03
3.980273454458785158e-03
4.872522481255348731e-03
1.014209903152967288e-02
3.055587060316454322e-03
5.184818371384448667e-05
8.865186449520752175e-06
1.052106778512356800e-05
2.956535353322048075e-06
2.404547216459067402e-05
5.609809582952908708e-04
2.005548920410209701e-04
5.381211354014364551e-06
1.224849384350570951e-06
2.316654957979584462e-05
5.836258532424809520e-04
1.611077698050987278e-03
2.204759856191828519e-03
1.248036418529409374e-03
1.218330691765959510e-03
4.925534921368643348e-03
4.014648904801586086e-03
1.279863184558840874e-03
1.056649746078203340e-04
1.600713527118143039e-05
5.728749010918217177e-06
1.818316660838219887e-06
4.865692945837346263e-05
1.030215350259918632e-03
1.654312179628802839e-04
1.525531922441544821e-05
1.592621031688151462e-05
2.687995744931037634e-04
1.273023010215982220e-03
3.456801652602860871e-03
3.126727294348671457e-03
1.257093011178116084e-03
2.116591981770707398e-03
1.072556225885180556e-02
3.844569468893485609e-03
1.467853245067252002e-04
1.140785422973890872e-05
8.659644126699863768e-06
7.649166186194121653e-06
9.928499798450285475e-06
5.996904742466358310e-04
3.021048684946012804e-03
5.694434116036332190e-04
8.006379184066662403e-04
1.223872390236964902e-03
4.905329427591766621e-03
8.270156996575073194e-03
7.790040011788666209e-03
2.164634749574242435e-03
2.527197272388806946e-03
5.643018005616240625e-03
5.017798339086996726e-03
4.110836850704358177e-03
1.535435300938648437e-04
5.614663894995575741e-06
7.628681548541248859e-06
1.132751208117742594e-05
4.761064122149851938e-05
2.549167090894813564e-03
1.993679524170757084e-03
2.625073115907936255e-04
3.104136012225388198e-03
3.384660605748125110e-03
8.472274928446430105e-04
1.396869807732756350e-03
2.879969556508941812e-03
3.886858008972134647e-03
1.248087298182533854e-02
1.121183408916237058e-02
1.022569737628476394e-03
2.576319202005590623e-04
3.390236501224004633e-05
5.602424187735516504e-06
1.085966084568905085e-05
7.486971244425735633e-06
1.853174348780724850e-05
7.963372968274270471e-04
1.183794545890974517e-03
5.374999790643009980e-05
2.533556010297571891e-04
8.665085821292374925e-04
4.677562366379446981e-04
7.737663574891454413e-04
3.338652453780031459e-03
1.096644109276827261e-02
6.178389746336073081e-03
4.187123705945702129e-03
3.304912832387905800e-04
1.223106434179066610e-05
3.842825660716527392e-06
4.978546107343526416e-06
1.395253330908157970e-05
2.437194836893391531e-05
8.120518781932230246e-05
1.252249345346366722e-03
1.802547931648865089e-03
7.121241952753229714e-05
1.357129876525095720e-04
6.439241201321398416e-04
3.079353857579127888e-03
4.038128390614705715e-03
7.450601351985758521e-03
5.040087555690462781e-03
1.371286118796538568e-04
6.052900106171731293e-05
2.763849512280986645e-05
3.775083358114293601e-06
3.203072582574578603e-06
6.530114394102101217e-06
1.497059604840604847e-05
1.281815719932941717e-04
1.187066025872697507e-03
4.370072810638503391e-03
3.987648904364703671e-03
1.369450459590393441e-03
5.141883427253570067e-03
2.621874982392138290e-03
7.411381476269015417e-03
3.882634616019277948e-03
3.356599205338185298e-04
5.973105577418110542e-05
5.330529513822462905e-06
4.263840718439637470e-06
6.617042245511026156e-06
5.364921374221825125e-06
6.486479151957997582e-06
8.608997873175865516e-06
1.499945626331147474e-05
1.342927846980550364e-04
1.579429400945338595e-03
3.412401885020311179e-03
3.373884051842337885e-03
3.408422091611012106e-03
3.412086162762647482e-03
1.670747760273560295e-04
3.853835162699398775e-04
1.276476098530236834e-03
6.069103110078063427e-05
6.417293572572117744e-06
4.918928152549324670e-06
8.808275217974326969e-06
1.347931593418747491e-05
1.455979501271260970e-05
1.474981878796344097e-05
1.493484650761256996e-05
2.268437099614701300e-05
