2.618124242361925553e-04
3.982220719513048825e-03
2.221410585853024998e-03
2.131942975561159151e-03
1.032765087210049020e-03
9.792433057499701308e-04
1.758333943390383877e-04
5.717955396701453603e-05
2.564432280158660194e-05
5.549714815747137745e-06
8.027790042038930178e-06
1.171138584977141326e-05
9.832564034398805423e-06
1.205310447172485657e-05
1.413507863948420607e-05
1.363151606070077839e-05
1.378341635471892246e-05
2.177435599026349085e-05
5.484359276340231742e-05
2.904629910008599443e-03
3.679435451324772257e-03
1.306870098124671706e-03
1.312851955872636547e-03
2.500700580142880148e-03
9.430243895264819138e-04
7.109497525670176003e-04
3.002430155751791723e-04
2.157783468341980396e-05
2.383247203012820570e-05
1.856356780001055964e-05
4.067511991551764462e-06
3.688668391001509567e-06
5.607421282072455833e-06
6.370255694757154518e-06
7.290047168226910470e-06
1.339787979059534032e-05
1.953826652126332961e-05
3.304175694919842064e-03
6.608996798736321669e-03
4.738737125764689488e-04
3.406342852063038102e-04
5.710636154169186152e-04
1.860257905697900501e-03
2.741302427538613168e-03
2.203284071915074822e-03
5.848027693668449069e-04
1.018858975541691138e-03
2.765995771363297605e-04
7.830768564241279400e-06
3.976722117682041147e-06
7.115521484253153904e-06
5.323465205443302984e-06
4.350480977921056030e-06
8.890104733519276018e-06
5.069172822159649514e-05
4.794050754513059891e-03
4.857348675641832460e-03
2.264832489693929547e-03
3.216578171101323966e-03
4.902568645825642907e-04
1.720962982493324253e-03
1.349762466556102356e-03
1.405614709092809986e-03
3.032049045337348227e-03
8.102266367151101517e-03
1.044453281322247490e-03
3.423544970062122363e-05
4.633831609680790403e-05
1.003517510679970229e-04
1.431525288395419558e-05
3.459239544601959354e-06
9.925042034006120303e-06
7.633682600732469552e-05
2.405441787140773485e-03
1.336160626255249130e-03
1.423828490397284225e-03
4.131995097336217497e-03
1.556478928955024260e-03
2.898790678334667130e-03
8.752192942603987053e-04
1.736706160267699039e-03
1.648798753306504996e-03
7.206885619785687513e-04
4.078041984052781016e-04
5.598041479187861698e-04
1.200608197222400014e-03
1.276347351443386053e-03
6.763308568618664246e-05
1.294770167785662790e-05
1.264118705003673931e-04
3.516106491936906564e-05
6.865107176741995672e-04
3.346954209745219315e-04
1.011619484936536570e-04
5.303973437598166708e-04
3.385564678828848362e-03
2.357452969211650071e-03
4.959701783628779441e-04
4.236502236263421650e-03
1.091636013000145226e-03
1.238541165099773492e-04
6.518501443679332319e-04
7.480630225127881013e-03
2.526773757833924040e-03
1.406233453290608613e-03
1.706500703244476008e-04
5.779366378003787994e-05
1.200047885976796361e-03
6.508951273250642236e-05
9.144601762686453738e-04
6.592543107332925721e-04
3.879259765274842655e-04
1.021657798333615395e-03
1.063979629250909461e-03
3.505639404177859323e-04
1.917401323686675717e-04
2.731757915314743292e-03
1.255801455116909403e-03
4.838064235823474023e-04
1.886282010211079137e-03
5.018801140254629777e-03
1.907565318774513035e-03
8.196168380988947625e-04
6.548294139213111276e-05
1.446509341258578854e-05
1.266578697343183281e-04
2.635870906846806533e-05
2.184089391926325330e-04
1.279924467011508016e-03
2.850381298991279573e-03
1.014699674094912034e-03
1.949811652656637255e-04
2.366938128848877982e-04
7.393519517891465912e-04
2.800388726142343312e-03
4.455667212666978389e-04
9.191955591464109595e-04
2.829177989740736410e-03
2.644197606736966265e-03
5.875972774700046440e-03
5.060440075997899197e-04
8.704206892624616112e-06
2.416708886073373304e-06
8.625337750245670219e-06
5.448498175049362812e-06
6.410693828481164880e-05
4.591059858438012280e-03
3.534757911907243644e-03
1.697257014764844217e-04
2.315165766027340081e-04
7.713886127274745741e-04
1.298233793330477682e-03
2.369900869878785628e-03
5.702390046200904970e-04
3.487783310868494083e-03
5.949679534432945199e-03
1.255653155499551190e-03
5.337362022277128935e-03
1.702932116675950035e-03
7.510241179213301282e-05
1.358352876624881932e-05
1.073205488707002047e-05
6.983189477943172834e-07
5.928575852137892246e-06
1.198088928205357558e-03
2.305778782868212178e-03
7.615464649288221019e-04
2.344290936272745273e-03
8.828746024705041127e-04
3.351350841220575956e-04
2.244619720773783321e-03
1.242580555042918167e-03
2.054007855594203180e-03
6.459615532355106327e-03
6.177775955799189511e-04
4.723839425431648753e-04
3.137766408200288841e-03
1.027831391899680560e-03
4.373051568958038321e-05
1.321744378531483937e-05
2.698714466153480204e-07
1.644942494865326980e-05
4.280496704547556534e-03
4.595876172725445533e-03
5.733995733692949688e-03
4.779785708072289106e-03
7.703361142766198969e-04
9.405726501085546153e-05
1.290328007639797631e-04
7.302362159049338708e-05
1.350801431475556725e-04
3.990843292448964345e-03
6.537250196698602160e-04
5.660648960764199267e-05
1.028704071472937454e-03
7.282932652292799193e-04
1.670017868465673426e-05
7.739761381920242411e-06
3.039984995907811375e-06
9.187892480655073055e-04
7.943386635340674018e-02
1.951960760451432186e-02
6.160096505996050936e-03
1.276078974098088367e-03
1.448721331296838524e-03
2.784541599242821241e-04
9.241642651864604883e-05
1.164341757484606423e-04
1.428688479064569759e-04
3.060905420348505619e-03
2.766245531054630034e-03
1.847257518811247208e-04
1.742439277215385553e-03
9.633776206541780785e-04
1.627836325400981095e-05
7.329922513081913741e-06
5.172141621305387834e-05
5.146128136699822282e-03
1.006652387858158471e-01
4.827294209813445813e-02
1.754252969866787817e-02
4.806277634879786188e-03
4.916918027168593053e-03
1.958844064524547113e-03
2.551022171827431635e-03
4.525955850821875535e-03
8.749473018499821265e-04
2.649986116403677070e-03
3.701813561501549228e-03
5.380398497847598428e-04
2.608978667150033213e-03
3.837151198396121596e-04
9.349645923396598674e-06
6.380926385365728146e-06
1.772318405242443736e-05
2.099809040181267392e-03
9.687206149483452988e-02
2.343806069318866286e-02
9.175294657679832974e-03
6.631656703542283121e-03
1.740303448822772903e-03
8.512852646271048618e-04
2.343117244265556596e-03
2.761993023134796076e-03
1.054120193242379750e-03
1.823492391281580178e-03
4.780083724820224748e-04
1.466554149213914458e-04
1.153915034558978007e-03
2.594217602538442758e-04
7.253147809584421899e-05
3.944980535359695652e-05
1.753381246918896455e-06
1.018597598343354537e-04
1.706108679846786783e-02
1.452764056609679409e-02
9.018303531123894948e-03
7.266628042783065088e-03
1.620680789061225858e-03
5.853320612996521346e-04
6.764146191121296918e-04
3.527422386060420612e-04
5.051278002146555694e-04
2.625046515320405942e-03
1.193653323275320173e-03
5.626973441942435513e-04
1.100855552427299844e-03
3.495103220352980384e-04
7.358177650112337695e-04
2.107827534594998583e-04
2.635996426086555543e-06
2.608369524152320359e-05
1.517267272904559939e-03
2.457732588952445205e-03
2.400189999155170548e-03
2.823073489698081726e-03
3.150276322546683295e-04
9.677550238397516721e-05
3.414861203166694994e-04
2.247358290119073757e-04
4.179892158819171187e-04
4.177872368759621806e-03
4.214555518444803618e-03
2.601018438321362359e-03
3.214752462091516067e-03
4.606082386171320132e-04
1.355654098894027815e-04
3.294017923157612035e-05
9.132535255926527734e-06
5.907794294396147581e-05
2.800237842338162888e-03
2.554164218722634449e-03
9.119017948242432153e-04
1.564845979440765509e-03
6.962358763479361580e-05
3.171910684438135027e-05
1.014579043781764934e-03
2.744844090829781386e-03
3.343216258076322448e-03
2.807521400758769374e-03
7.028563273598240025e-04
8.420413794231280859e-04
3.943363709337308586e-03
1.159486482372259694e-03
5.169913090307485252e-05
8.940167431798883029e-06
7.839507662531311708e-06
1.092931296642883958e-05
2.720197779285634982e-04
1.254210849866305112e-03
1.439496470016649043e-03
2.183933549771400594e-03
1.658585412531872179e-04
1.877747960538704271e-04
1.595068424879502724e-03
2.358665187735736052e-03
6.290561644787319093e-03
4.364436420768219062e-03
1.670167402600117703e-03
2.745641078288309483e-03
5.840640361980202998e-04
5.246936539578728518e-05
1.377195340631596297e-05
1.067024562439129390e-05
5.630513450274920642e-06
1.487493048063674146e-06
4.694930047869691058e-06
7.474503950880856818e-05
5.326781531223231687e-04
3.672641864961944226e-04
2.099466971765732526e-04
2.797725743224229161e-03
3.079300454131826421e-03
6.993338905777480565e-04
1.870671110841037920e-03
4.186019270442698642e-03
3.732642029175428991e-03
5.336563442783130370e-03
1.024822686495806620e-04
2.189699311598991752e-06
3.051254587182308197e-06
1.187589728549216286e-05
1.286876351336556971e-05
1.291665025925959656e-05
2.262350902445338626e-05
1.763055649502036164e-04
2.155037150858712079e-03
1.402777705389174605e-03
4.852874613943906749e-04
2.074922173312352628e-03
3.729284296234831181e-03
3.535119205609018288e-03
1.802768983542990706e-03
2.366226839667345989e-03
5.169751738122803537e-03
1.746351663732004624e-03
2.967235811157714883e-05
2.091197431411304042e-06
3.899572076314463348e-06
1.424089228670660808e-05
6.816670121570842086e-05
1.441362411596625558e-03
1.882242277340088511e-03
7.156458048286017636e-04
3.162265761397412174e-03
5.222858648640527068e-03
1.642657971619999793e-03
7.581715774901427035e-04
1.688631096722042818e-03
4.679920405434930160e-03
1.508057894806484264e-03
1.348951521561502030e-03
1.577481955130852383e-03
9.396137981764743005e-05
4.225823836831140825e-06
2.397972546134660764e-06
5.172279450462069397e-06
1.382313346924614610e-05
5.570180856145727082e-05
3.021624793538261241e-03
6.805039846176867864e-03
1.559264970404939657e-03
2.486130171191041401e-03
3.165434802395369722e-03
3.864171652792075182e-03
1.289041774323958353e-03
7.813964243050492775e-04
1.780875430961393214e-03
3.256881417571795816e-03
1.510552922659964782e-03
8.969612251029684578e-05
4.255918127393540392e-06
2.121377412609057707e-06
4.731849154116662230e-06
5.978053127411870088e-06
9.981378676773723088e-06
5.652636545015655497e-06
9.514577417176044171e-05
2.070762335545781561e-03
2.388125655641401904e-03
7.246370237724672654e-04
8.822226609874579076e-04
1.746211540722957629e-03
3.362414388191593763e-04
5.544601865676431710e-04
2.007076959595858502e-03
5.805611336166298592e-04
5.154381785395935171e-05
4.814334038398129865e-06
2.315799052294598774e-06
1.786576569661863070e-05
1.110118766157795978e-04
2.858378019571152724e-05
9.507424738379693078e-06
6.864949541547630671e-06
1.170238491680388447e-04
4.336213460227441446e-03
2.946097422182639061e-03
2.666243318030175435e-04
3.700614870210212014e-04
8.785667355492748128e-04
4.600126005804633313e-04
9.212362376719314795e-04
3.019794099257972083e-04
6.612447725854432423e-06
1.136473389026079268e-06
1.606543335887578468e-06
4.710849222926105065e-06
1.079591357956992712e-04
1.088351359643713887e-03
1.062179763930134140e-04
1.138874553228768236e-05
7.721391148988193827e-05
1.383440970029544640e-03
6.139452492763183659e-03
3.367181746278345451e-03
2.720240212332344920e-03
1.296696148243211937e-03
5.866787097597804448e-04
1.003134926141355590e-03
3.315259985777368784e-04
1.161978822333539737e-05
1.422401683959095402e-06
2.438978531362637686e-06
6.462840561403109171e-06
9.067262903958226556e-06
3.594544773164048843e-05
1.236322494618195128e-04
3.363789522167999273e-05
1.320083797967687389e-05
