2.598751640458708489e-05
2.314774383282501948e-05
1.923282466609951220e-05
1.648220355629622110e-05
2.060200573301472038e-05
2.732919578244151355e-05
2.655071595979947770e-05
2.037447149728150353e-05
1.963503485648060762e-05
2.192555361055645305e-05
1.586420865958894185e-05
1.167028688000750359e-05
1.527611754838361854e-05
2.464801602513812752e-05
3.069510194621214989e-05
2.951590506337698050e-05
2.913238039059283939e-05
4.046700842896458874e-05
8.883245506691431930e-05
3.397002451452133909e-04
1.764240883530062028e-04
2.616401188291794764e-05
1.014566321945000637e-05
9.827526165653350685e-06
9.041879009308017784e-06
1.177021145882376436e-05
6.605184002516820791e-05
3.819369996257095026e-04
1.540881904202107469e-04
1.680222933645007471e-05
5.195300240431520158e-06
6.880968402083156824e-06
1.462834094118361679e-05
1.954440966994749597e-05
1.999060189183875474e-05
2.893256713080774985e-05
2.360490242625108129e-04
3.868217584792011006e-03
4.805267584643856983e-03
3.214941865303380187e-04
2.592189370523265653e-05
9.765363571535657514e-06
6.420775586265015177e-06
1.512994679409405697e-05
2.306609975507457736e-04
3.795432510959255868e-03
4.866831845912912048e-03
6.551774011802297213e-04
2.397536996299819796e-05
3.732326719826774751e-06
6.829922143550390145e-06
1.568547560864415631e-05
1.978565594355474654e-05
2.849062167769445117e-05
3.813856404466913890e-05
6.003053410221728279e-04
1.090871194194547623e-02
4.228414023549644657e-03
3.232002182424251581e-04
1.521546380429875242e-04
1.094959565633041060e-04
1.946049809871235330e-04
2.111651337981311320e-04
1.615847807119095525e-04
8.799838293976051549e-04
8.032203785193283568e-03
9.547679222508551403e-04
1.544483546315047066e-05
4.935433087748836906e-06
1.084223755810587426e-05
1.918060090038195605e-05
3.020903247876651423e-05
7.547598627494111326e-06
7.818731101088557218e-05
8.998831566566155640e-03
1.033631936320178815e-02
9.840588414784232942e-04
2.749918153073692244e-03
7.466991500471566179e-03
7.724608667863395658e-03
1.130631528608413766e-03
2.698251633691739552e-05
1.598689691393583790e-05
1.026400809253432940e-03
9.087847017173869557e-03
3.835529975862937398e-04
1.228210052682453756e-05
7.135251962096026558e-06
1.468174139417478566e-05
3.033291850244812122e-05
9.960300831473462092e-06
1.366643346354784439e-04
1.675806784423290383e-02
9.276272608217825399e-03
3.161839558448490089e-04
8.498597922469970731e-04
3.032946883815991652e-03
2.048581878411743790e-03
2.893049051600934864e-03
4.130877178046640395e-04
1.342780354538739988e-05
5.265519406004201232e-05
4.929210301481166262e-03
5.199610569523522435e-03
8.769269045845379848e-05
7.346637235388842930e-06
9.444760662867434162e-06
2.690375531245566679e-05
1.826599105698446983e-05
2.459190838197880665e-04
8.090418475989258687e-03
5.112256803730441494e-03
6.760074664717572249e-04
2.650837524624856541e-04
9.215852403809280736e-05
9.259977172567256836e-05
2.095824373708911510e-03
4.007487225959437474e-03
7.010790835408484611e-05
1.233662690152495442e-05
3.453259017228390887e-04
3.606240992623593270e-03
6.691584285268471375e-04
2.831313566061368150e-05
8.574640870045487632e-06
2.147636209779299219e-05
1.754555604344316095e-05
1.068583662036638954e-04
9.084264715245904702e-04
1.670125739244410863e-03
2.568116667408536918e-03
2.887512988329464666e-04
2.055524857104468040e-05
8.394974745630525673e-05
2.692511395879174790e-03
5.567284520244568380e-03
6.750264673794068894e-04
1.120462229486834450e-04
2.790311058966869870e-04
1.450411086282862340e-03
4.116765101799100060e-03
2.914542771186907520e-04
1.302628078943781671e-05
1.727565592657457044e-05
2.231520411425721650e-05
2.155905723944719771e-04
4.164227010254179830e-03
5.082627856831506072e-03
6.881154334544499528e-04
2.052944145394058163e-05
5.064998921012192618e-06
7.415624016783575940e-05
9.796026462000383475e-04
1.368516685234792262e-03
2.114154414198233037e-03
1.987646635566415066e-03
2.056214981717267160e-03
1.512880027419948774e-03
3.624481228255817169e-03
4.313276137908093151e-04
1.367292164131989135e-05
1.473521613880512330e-05
1.706558133234179576e-05
1.225382683373413316e-04
4.407047086322430848e-03
1.409696347773958629e-02
1.207205148093890490e-03
4.051758255184482869e-05
5.241512970467021397e-05
1.049561397324768859e-03
3.541377344576220488e-03
5.323635934089670368e-04
2.124116338448965146e-04
2.162664083514611582e-04
3.469081644974197475e-04
1.246666288550033375e-04
1.262529693497509771e-04
8.160763878213933239e-05
1.434270690780562202e-05
1.602265120501913516e-05
7.014008904646825063e-06
4.687304559683387492e-05
1.647172545557872665e-03
7.342087312933369934e-03
5.960097845178223552e-03
2.489988447401361021e-03
3.072665427309285643e-03
5.160580506434506859e-03
3.612507700546555706e-03
7.204326217739505942e-04
2.910566085171532110e-04
1.991784937881868221e-04
3.027549168331920165e-04
4.534338199335635571e-05
4.402762470323758894e-05
2.433972927578222578e-04
7.850849994711491745e-05
2.716521434674592741e-05
3.583363368528317705e-06
2.221027495514150312e-04
2.759198689427775492e-02
9.035221915680725219e-03
3.444786907906404166e-03
8.206268079644082197e-03
5.624722444849441540e-03
1.679867412954574434e-03
9.280555626627872432e-04
1.067584599824705641e-03
1.821350937158595961e-03
1.788983866482894182e-03
2.500553598218204984e-03
3.568027170738143658e-04
9.083194468150459968e-04
3.595184403179599482e-03
2.010166043526218354e-04
2.808662979839800515e-05
6.982070994125734475e-06
1.369204443147919135e-03
1.284873191809346171e-01
1.183686921892245988e-02
7.588975461995908084e-03
1.741350919703472250e-02
4.287377481409756878e-03
3.905937691457853165e-03
3.122892728146075495e-03
5.045384734030696882e-04
4.730498863680094972e-04
2.023607656012383921e-03
4.048602917865446078e-03
2.969281255264046709e-03
1.255205986017586366e-02
1.374594819165177347e-03
1.664469955547889150e-05
1.058003231111539927e-05
4.107107159046632992e-05
4.275923581464213634e-03
7.353906362423481835e-02
6.381610742725052701e-03
4.400235900858784008e-03
3.280472881257238613e-03
6.486456251322661503e-04
1.298854068382101308e-03
5.033246275441703634e-04
3.359929540649485356e-05
2.131442481071710564e-04
7.771093942631046754e-03
5.671932906535540400e-03
8.368878004311530033e-03
2.116402925616963498e-02
1.218194338105370333e-04
1.625793036134518259e-06
6.200475778993730778e-06
3.315948523141124319e-05
5.159354371541445073e-04
7.416242515972674282e-03
8.941386276502863092e-03
2.699961984756114181e-03
4.438752402986196948e-04
1.013975353541350351e-03
3.604673912211534687e-03
1.419409061122402932e-04
7.725525284891938193e-06
1.677540838774198957e-04
5.755617126955703093e-03
5.738304210763196453e-04
9.092878055830211316e-04
9.161142063929908833e-03
8.960568704545536522e-05
1.692207558723943356e-06
7.260865356308691333e-06
6.911720480209368250e-05
4.192343106678981905e-04
2.668797366223303515e-03
2.154045819881811666e-02
1.095342736223154853e-02
7.479020562182347618e-04
3.753181745013449769e-03
9.880947497830720391e-03
5.733496748115883513e-04
9.951976187032749387e-05
4.275889175359688741e-04
3.811061971261517963e-03
1.790160223485153944e-04
2.215855764450966260e-04
1.504266021678258083e-02
1.105008575819717634e-03
1.362310996754777314e-05
1.339702345659806897e-05
2.265155315061084080e-04
3.266866655800080687e-03
3.801435920400945707e-03
3.074543258185054393e-03
3.974353069851340771e-03
5.120220157081072304e-04
1.454639180775949307e-04
1.223070710145002357e-04
7.054060530974199088e-04
3.043876797281277503e-03
1.618111935366170137e-03
4.095851217552452794e-03
2.609097037149264242e-04
1.545592448373276804e-04
8.849173499664008194e-03
4.091070357133053635e-03
9.522093620898257099e-05
2.885929708439823591e-05
3.153756551101624965e-05
1.401721617821533603e-03
1.085889478543670787e-02
3.726590234638882219e-03
9.965440699163991348e-03
5.601389045898465605e-03
7.660825973111330786e-05
1.633800795459602569e-05
7.905303171619085072e-04
3.776743200984514996e-03
1.339150980418459414e-03
4.633120932544084608e-03
6.237577914579907909e-04
3.545160207138047274e-04
1.711713661997358313e-03
3.469601251543337809e-04
3.605828907370673005e-05
2.601252024202496707e-05
4.706341882948204507e-06
7.384629535773311435e-05
6.277834825239898484e-03
9.276938816200204843e-03
3.575252182211439630e-03
3.476489053635894045e-03
2.693793368549675686e-04
2.237245605169981466e-04
4.264543453571682796e-03
8.613320137124347515e-04
3.107282073266161857e-04
2.642387764251648893e-03
1.194677627393770291e-03
3.031345741411457795e-03
3.967051960550626102e-03
1.213504271592511625e-04
1.389543711761369469e-05
2.072335880551122000e-05
3.115927537106121052e-05
1.912235984217794914e-04
5.677047850968495492e-03
7.608932145769389289e-03
2.149528679040530398e-04
5.819657136710056766e-05
5.732255538029757557e-05
4.309033591699280158e-04
4.044710837946999087e-03
1.910324902229493889e-04
6.572883127479982746e-05
1.126422031867865088e-03
1.141554965015044790e-03
7.121187449911680137e-04
3.651540990489916859e-04
4.202556313036624974e-05
1.420671403470102961e-05
2.456138346359087139e-05
2.401585984962036871e-04
3.667325680118324865e-03
1.100601240152133432e-02
1.022295725931763591e-03
2.191565105267838189e-05
6.558770895591434592e-06
9.197894407004302288e-06
3.971746231074786351e-05
1.975447328496230184e-04
5.857552671210042219e-05
8.489242226845152830e-05
4.193316637036067877e-03
8.282980114930324489e-03
2.213487804548410626e-04
1.427835860630762239e-05
9.242532276656958545e-06
1.423603498674214508e-05
2.843007258618332779e-05
4.838007746786228549e-05
9.468070739882520790e-04
3.567765035467848796e-03
1.491505393927437882e-04
6.609851980773450243e-06
5.136594923437582710e-06
6.307982117526049632e-06
1.034688479610091074e-05
9.335697395024333616e-05
3.364467933224063131e-04
1.752839353924015651e-04
3.914111596526612460e-04
5.970329293896563250e-04
5.512928923466607763e-05
8.824192796522758940e-06
1.011277070140572401e-05
1.722268931898725489e-05
2.971033011326977007e-05
6.657953954549974339e-06
2.848270511658140128e-05
2.139411398067207694e-04
5.229552112117164615e-05
6.724780087382241246e-06
8.518690821118956371e-06
1.349670262175068207e-05
1.645612190697747298e-05
2.929263846079712785e-04
3.589024769343321809e-03
2.560790872624137517e-04
1.095600714568092448e-05
7.077161310444050484e-06
8.773026254197264080e-06
1.135491407189360559e-05
1.590229040932687724e-05
1.924686766345207463e-05
2.872836682782863469e-05
8.564584822209339449e-06
2.375571216019292393e-05
2.860668041301663933e-04
1.700665501439939668e-04
1.961809401884811075e-05
4.195243039772170179e-05
1.804490563438079624e-04
5.874101810286203593e-05
7.546357593562238704e-05
3.492808624492090984e-04
7.333482886411003734e-05
7.597347008074603630e-06
5.913005107185998236e-06
1.092510151725523910e-05
1.701953989813795027e-05
1.924578352929155753e-05
1.985498350296562532e-05
2.910580217472540126e-05
3.171339506548509967e-05
2.865826455408188402e-04
9.489218584571161227e-03
4.734253741285692450e-03
1.809921347441669599e-04
4.225061708674493770e-04
3.986603816069214830e-03
3.703484982486794554e-04
2.203497367281411740e-05
1.982144471175529394e-05
2.176042211891874957e-05
1.925133147246542475e-05
2.359347058620026586e-05
2.894713225088607365e-05
3.026312466451145934e-05
2.879471807788487248e-05
2.908488784152015979e-05
4.057430107447449591e-05
