1.377902310885733466e-04
3.297860668655549013e-03
6.997743229863287104e-03
3.681959143108280708e-03
2.902476553592204817e-03
9.625302406515890037e-04
2.379985873719199681e-03
3.569068775074906059e-03
3.447005347978479638e-04
6.961842031031134572e-05
1.788186874577390583e-04
5.763339979360046917e-05
7.388004752875824140e-06
9.755181430410070652e-06
2.249578914497950323e-05
2.673002960729860391e-05
2.585528331456983872e-05
3.749516251785670187e-05
1.035791634663538213e-04
3.338231559354862873e-03
9.131466408988243855e-03
3.972848986302096597e-03
2.362337576173823440e-03
2.022648613924183996e-04
9.548777964897557679e-05
5.337710793492417456e-04
1.465691810699751123e-03
1.739717012614124371e-03
4.721341295092082273e-03
9.788821851197341412e-04
2.378826166905120688e-05
5.416834526820470470e-06
8.451288465823099885e-06
1.338653853557447235e-05
1.580636248658586691e-05
2.553194401049904350e-05
1.888448175583656890e-05
6.475027142272412825e-05
3.182385670474354670e-04
6.253714794367946266e-04
2.651136711186655040e-04
5.496955722014186269e-05
1.006865339598654092e-04
3.267022911065805223e-04
1.162411526789291789e-03
8.810199415813757887e-03
1.931857275397423981e-02
5.007442480980557435e-03
2.176711421773184856e-04
1.454234785607876606e-05
6.386827619656607145e-06
8.318466812643313427e-06
1.304621115023243571e-05
2.502774013248470485e-05
9.995261481938737150e-06
2.488377171243909126e-05
6.550962971345341852e-04
1.961124973325308225e-03
1.533334644543395348e-04
1.289678007318791184e-04
3.299047854353069457e-03
2.047075823396367344e-03
3.344701684769650326e-04
3.092886517532053223e-03
1.238095107519232574e-02
8.238085150630772638e-03
3.272420176373751384e-03
3.331081134929762301e-04
2.936624517667054402e-05
9.682078577218169131e-06
1.109194245764122153e-05
2.444353341410083263e-05
2.217271970782223599e-05
1.496966783532527453e-04
2.446227795765405430e-03
7.389521686334951569e-04
3.219146669577077120e-05
7.737187203823729024e-05
2.811152407035467753e-03
1.293817531395582109e-03
4.336905738703526628e-05
6.575767919094396559e-05
5.044965516506652549e-04
5.647444064353105905e-03
2.402828583041249563e-02
5.624032642830801773e-03
3.895445154463679028e-04
3.432672755735913630e-05
1.248130427791695593e-05
2.282970007417080524e-05
2.569950707261557822e-05
6.365478085960478416e-05
1.352419915099473081e-04
5.398456361673552100e-05
6.072659438618506776e-05
1.852119645955462729e-04
6.981824694656294482e-04
1.818388922253903663e-03
7.565487877741341278e-04
1.589455106275624945e-04
1.122064283884172310e-04
1.158418530956338826e-03
5.431593354148791207e-03
5.730793844402163294e-03
2.398922585860094325e-03
1.146092117603439740e-04
1.331261011167649575e-05
2.075738478931288494e-05
2.082810018427694201e-05
1.098554781899658395e-05
1.080585081709700470e-05
8.509125599632438787e-05
3.395451071087246184e-03
2.642250869764673979e-03
1.709576780129874523e-04
4.956763982633492901e-04
6.079873044418106741e-03
2.196087226885799857e-03
4.683934781748749668e-04
1.783280077317334761e-03
2.197930297036695436e-03
4.020889848175267581e-03
4.132180722753052773e-03
1.166059125719326250e-04
9.761024724303076562e-06
1.897414949272024706e-05
2.073956233193565067e-05
6.580264616796753804e-06
7.087069913206374391e-06
1.241293918482795221e-04
2.701197300734505674e-03
3.799778281788864561e-04
8.762166205594526346e-06
2.858102921985934694e-05
8.756967813654352711e-04
7.146228389493744244e-04
5.625518619571119160e-04
3.591297668621523404e-03
2.145179674320337945e-03
2.317254486485544919e-03
2.547911749478587191e-03
7.849138870818784782e-05
7.211672775289953722e-06
1.755754474423327767e-05
1.781306854435044294e-05
9.785724412961688390e-06
2.587060616196666101e-05
2.844887389275986924e-04
6.312740235518449639e-04
2.321120815517284199e-05
2.146541477244759607e-06
5.063009478871713972e-05
2.287166806868340136e-03
2.676392513877024794e-03
3.637889582883785996e-03
2.763730992501180900e-03
6.347066178350592273e-04
1.836880273481592126e-03
3.907280211216838245e-03
1.150280268309520352e-04
6.531507199467622773e-06
1.409127540257621831e-05
1.333103360552800621e-05
3.569383432649134321e-05
3.459305032450154193e-04
2.232202342004918714e-03
3.058338371178219092e-03
8.732941322136224195e-05
6.824097860171378363e-06
1.737317337848930034e-04
3.986421260068112420e-03
4.536874968678127062e-03
1.569051463598582913e-02
4.283085133720499794e-03
5.845727221071312513e-04
8.595778143782384969e-04
2.221492418854064104e-03
3.637720149213927883e-04
1.558747864342368162e-05
1.130383921469997896e-05
1.219126839390413787e-05
1.835372443840571004e-04
5.751608267962928824e-03
6.140560383995895613e-03
2.002624752721918807e-03
3.721960378453132400e-04
1.110847158619110724e-04
4.349850867951294978e-04
1.179876303398106610e-03
9.817067828795501914e-04
6.301722607568815623e-03
3.825578951603706476e-03
9.581125688073187418e-04
3.490692763733283855e-04
9.141494002450572089e-04
3.119084237908896842e-03
9.611227716969124172e-05
6.979634225332633238e-06
3.145170873669898202e-05
6.788791095749142088e-04
4.002292627758937543e-02
2.234353545701972185e-02
7.853325148177562644e-04
6.064599982340965678e-04
1.952163031145279530e-03
1.069863254836356985e-03
5.094779084101034748e-04
1.037319631809096015e-03
5.234002400086082071e-03
1.892521823507644111e-03
5.806567610796486631e-04
8.854421652079769211e-04
2.468343389969608268e-03
1.292147436099867069e-02
2.902890227921262577e-04
3.905885937604922419e-06
7.194508312773084408e-05
2.023976384007901679e-03
5.728017011688147503e-02
2.546823924670947592e-02
1.768289364478540593e-03
1.374976447344638739e-03
5.315094923430224022e-03
1.618185032323926371e-03
5.194368619220314336e-04
1.305817390852474650e-03
2.364280151791527552e-03
2.925687646823519825e-03
2.530517831711372873e-03
6.035625557061480469e-03
3.637138029789155780e-03
5.370938304453009259e-03
9.434134187145798694e-04
2.120674685342011160e-05
1.272289938387002118e-05
1.246528055704361699e-03
6.763414410897275464e-02
1.365275717067034045e-02
3.565048709323616252e-03
2.796611556337265381e-03
4.901923363324919500e-03
1.349807985443075842e-03
2.887211642417642616e-04
4.048590993349720862e-04
1.694397105204712231e-04
9.962065538319658797e-04
3.131738192285604336e-03
1.925412940909647548e-03
9.574550428121774825e-04
1.193088446315557346e-03
1.921590757563792877e-03
2.276036213024843912e-04
2.889409190082079514e-06
1.380574056024616613e-04
1.148985966519731720e-02
2.065275937265459352e-03
9.001880633854921756e-04
2.467361274754934462e-03
3.831163461217550106e-03
2.269451664585522485e-03
8.261652357600239322e-04
1.685292746742252145e-03
9.340034409765216646e-04
3.028808269169928121e-03
2.289525817456238271e-03
2.952811871018491447e-04
5.346639334965944774e-04
5.204598251418347679e-04
2.395250193049342326e-04
7.803957458835446509e-05
6.128014606528102456e-06
4.039807816435038061e-05
2.200699459973540564e-03
1.132264965180485245e-03
4.370597578596328013e-04
2.517260642995471868e-03
2.036481910274825710e-03
1.670282533729003198e-03
1.414774793626022908e-03
3.219918796741412428e-03
6.585310391444171817e-03
6.581536610346831045e-03
4.407282766194432658e-04
8.958175101222791946e-05
2.348534226571883429e-03
3.047024825049521064e-03
9.609220675594313697e-05
1.712749484803556508e-05
7.178242429627744387e-06
8.908762553664342497e-06
8.025614445965825608e-04
5.025949403802783787e-03
1.022515303660199949e-03
2.274231991741450069e-03
2.475269931373961022e-03
2.129584993093513578e-03
1.057060648200696317e-03
1.165795821652128132e-03
3.132358146530226338e-03
3.480264113714126497e-03
4.134165842907251785e-04
3.097530500281927028e-04
1.125442517902972180e-02
6.526611029754792251e-03
8.004257867023146014e-05
1.526232810641870666e-05
1.066863538941149386e-05
1.711010416273847333e-05
9.233090152594828921e-04
2.965723579966297613e-03
3.785742370109390978e-04
5.239561315493124682e-04
1.114730904674371631e-03
3.501018019393885208e-03
3.789161010677196198e-03
4.477092842491482184e-03
4.705618035407990729e-03
2.924405542924748275e-03
2.208844506313876414e-03
3.603568341529845773e-03
8.355501638427281080e-03
4.840203681070847351e-04
1.361385465165664380e-05
1.299237569221550702e-05
2.408564048051843132e-05
1.330633838206580328e-04
1.749352365432074166e-03
4.421855804293274269e-04
2.246033118004149727e-04
2.044443080005228525e-03
1.039481329971542363e-03
1.166963643730708090e-03
4.371777058478655380e-03
4.841844778832456522e-03
1.900368613252291332e-03
5.764792685532643375e-04
1.162163065114678534e-03
3.542771179041160484e-03
1.198851186786901177e-03
3.544303352921869386e-05
4.885027490813284835e-06
1.409333372037719960e-05
9.140072684917642005e-06
4.730996454402150057e-05
9.298864644188276074e-04
3.436025979486675031e-04
2.224757073981197908e-04
3.258585364262794448e-03
1.959168783393571214e-03
6.726263817250087602e-04
2.983083597981366552e-04
6.541337305600066073e-05
1.884269270247493106e-04
1.143140655725677270e-03
4.581240283681823136e-03
1.385854483686201066e-02
2.390271524817587194e-03
5.596877377245011536e-05
1.015657166635473381e-05
2.154280111482675692e-05
6.116834458367130218e-06
6.090481599912564903e-05
3.200157911225943574e-03
2.051954839208850346e-03
3.225577559584836456e-04
5.659897889393544160e-04
1.162799132605178091e-03
2.625124528593287144e-03
1.179571434805016589e-04
3.897070400037155646e-06
9.990128435220359889e-05
8.020416865649845906e-03
1.319201736451137107e-02
5.806479629915264722e-03
5.636213310183079686e-04
3.058845779886130534e-05
1.255718203358123588e-05
2.511003025591784267e-05
5.292121227263180144e-05
7.250572530362216217e-04
2.484185761868078473e-03
7.874409249613021407e-04
9.356291277810543970e-04
1.255712881915450364e-03
7.503195518035416043e-04
2.319897264189548728e-03
3.585223426969130094e-04
7.985551098600028499e-05
9.312128371572316130e-04
7.423849004352961294e-03
5.077966826982989630e-03
4.385779400998211222e-04
2.010009412129092808e-05
5.690286852696096464e-06
9.619091418687717847e-06
2.486459938640149194e-05
1.893741258603019912e-04
1.758966298000266652e-03
1.217544074408619332e-03
5.572237318355931310e-04
1.502585433384352569e-03
1.662112893129957239e-03
1.748901504146678639e-04
8.625090792267101449e-05
3.517373843934821836e-04
9.998204084009143511e-03
1.533859900652163009e-02
6.359382722306666747e-04
1.645000665978152215e-04
4.751573889706029916e-05
7.609458734046675930e-06
6.149197806924228368e-06
1.195989457387704518e-05
2.522711437347293300e-05
6.949076945250423556e-05
1.035092200652809732e-03
6.555045364515305756e-03
8.258940158394428854e-03
2.914171357640387046e-03
1.322111691882523875e-03
1.108724622941754121e-04
1.312600837388628188e-05
8.852794535739490623e-05
3.054660700688903874e-03
7.251771863516701241e-04
1.010030878919406552e-05
4.919589141491304285e-06
1.052212669760332652e-05
1.088187104154864720e-05
1.240670165415819062e-05
1.562361977972273475e-05
2.582390190597662287e-05
1.857433265221858766e-04
2.584398204161553886e-03
1.046445581757756739e-02
1.430555317995578328e-02
5.470266430883982678e-03
8.211349641171388283e-04
6.066406365137820225e-05
1.261956933316458600e-05
2.896254136364945014e-05
6.766873307727867999e-05
1.358360375291076446e-05
3.023744283382004840e-06
6.432083301863136835e-06
1.882698471251252856e-05
2.551142262650693136e-05
2.551714741942766120e-05
2.573585991651789905e-05
3.766775262227829170e-05
