3.565496262273223568e-03
2.208230013634202710e-02
5.015293451972654970e-02
1.812368101982653537e-02
7.094553489079569349e-03
2.101655992604093120e-03
2.471823475136085153e-03
1.134147906692593031e-03
1.517317147466633320e-04
2.753456512448399299e-04
6.605413929201836435e-05
5.237329581065202342e-06
5.863044386306469535e-06
1.233274460592767177e-05
1.667007385794123169e-05
1.846999708879234575e-05
2.119133002350676715e-05
3.315308535954638897e-05
5.836913010901569358e-04
2.033502708745962839e-02
8.419945668977700526e-02
2.462568454054404887e-02
1.751506742663423363e-02
6.046017275075987046e-03
2.590506068604436600e-03
5.331574206983441186e-03
5.705366399403171036e-03
1.472235154197633518e-02
7.809222973288162733e-04
8.747825040905341540e-06
4.296498424610336015e-06
6.879173393000747583e-06
1.315103752484308251e-05
1.415671551935589909e-05
1.134021728093906167e-05
2.046598549507465983e-05
2.111441581481088222e-05
1.139400995167116540e-04
6.226740750882986787e-04
8.527866369328012232e-04
3.756446853934488207e-04
1.124302051509912259e-04
6.113423726212811773e-05
3.992310108103213338e-04
5.067660033053095724e-03
2.200808078355231262e-02
3.569298839080550095e-03
3.866323844356143991e-04
1.987956296308081132e-04
9.704571340103375311e-05
2.080179435919816879e-04
8.971927172785775688e-05
1.352771995786735026e-05
1.638133188161972160e-05
6.234825633587106620e-06
6.389637906535642309e-06
2.012029832940509890e-04
2.807430765436843764e-03
2.186534473694729235e-04
6.928221538740392173e-05
2.448951092705602302e-04
5.224395061765854317e-04
2.442731909617540213e-03
4.111325548750844987e-03
3.855158156347386882e-03
1.377947125795829508e-02
1.010451109662266304e-02
1.787332780202533639e-03
2.444771469590287759e-03
3.550670353611388021e-04
1.733538788520966190e-05
1.585818547524280961e-05
1.046241409334002546e-05
7.862864806549018119e-06
2.692163340636968632e-04
3.843765329105225999e-03
2.938943588726290984e-04
5.172909603869056379e-04
6.428809213068579012e-03
7.923258145753065947e-04
1.782160533597352528e-04
2.784615020546333023e-04
1.311085598594833885e-03
1.038783051557894826e-02
1.539337611894239614e-02
3.468170736517963391e-03
5.422662670934592357e-04
4.327900968344133533e-05
9.550660085624011544e-06
1.761127911591559603e-05
1.568199051972297308e-05
8.567173278380118480e-06
3.318894904891373768e-05
7.633310623437205048e-05
1.838490984456925576e-05
5.152064270755548524e-05
3.496182901522866906e-04
1.598571402455254635e-04
2.334594952912413585e-04
8.116925984710129070e-04
1.591599014490541761e-03
3.133357981872124214e-03
1.419036691456255529e-02
8.655550430748863364e-03
9.038240707836553975e-05
3.089894098821327859e-06
4.596725604361808949e-06
2.030977463586029698e-05
1.840490741010202273e-05
1.472804259704791210e-05
1.492491366621851190e-05
4.894532646080138155e-06
1.476226057217116906e-06
2.102619736854827780e-06
8.772434924326281451e-06
1.389176438124113536e-04
3.030687983529648574e-03
3.432660127645679755e-03
1.894278190017612213e-03
2.651280114988320731e-03
5.520244669854200426e-03
8.246806041573640986e-03
1.200384134201428783e-04
1.971814623842179568e-06
3.333855197766986604e-06
1.994683155312363947e-05
2.399278432150680294e-05
8.255822518634970157e-05
1.446261059035661026e-04
1.152238036706562095e-05
1.987788319897212374e-06
3.076899843607727601e-06
1.888361723694926747e-05
4.644378609960032249e-04
7.215607638971803170e-04
6.899152479506377343e-05
1.604575105796522596e-04
2.206864978201012600e-03
2.597031206220339929e-03
6.039161351459341152e-03
1.274346110354081544e-03
1.827945985768689505e-05
4.977267455291137902e-06
1.724927933527778897e-05
1.763305886866167003e-05
1.781234076035147988e-04
2.886427283552261101e-03
1.008496701585458351e-03
2.375214345971552246e-04
1.715067161133749867e-04
3.397974383482989832e-04
2.578110815034837140e-03
1.676965433703115293e-04
3.212891272168638199e-06
2.568289830557503233e-05
1.640392709812400979e-03
1.842225371822088812e-03
2.184534285276405925e-03
6.481263735034647859e-03
2.323289191275465493e-04
8.775942721408457476e-06
1.401573873469814279e-05
6.002672770672712977e-06
6.567872677973576249e-05
5.529601514138739703e-03
1.106350726067351249e-02
4.397850927564802767e-03
2.200666531205971565e-03
1.499312178998038654e-03
4.508769082076325915e-03
2.241914266577523364e-04
2.118516555844164535e-05
4.755362060290475911e-04
3.284189600035165510e-03
3.456486981638210213e-04
2.997096868425201417e-04
4.692011017908070264e-03
3.585338330430429309e-04
8.033237385658992477e-06
1.174827327273335885e-05
5.813521732532166200e-06
9.093528548373201422e-05
3.191310190903957292e-03
8.523867387104693211e-04
2.511591238461728854e-04
1.678295322639248438e-03
3.767940394689805149e-03
2.978464176984781976e-03
2.128135530035435213e-04
1.755581909096582825e-04
2.704061527380397824e-03
6.266881980297409624e-04
2.241240326662565719e-05
1.065419157150879941e-04
2.561269433190896914e-03
1.722279369278238476e-04
6.062223472192817494e-06
1.163917642118603660e-05
5.614901436454051607e-05
1.057423809943509874e-03
7.285241695562706850e-03
9.538843824554171661e-04
2.206668080449094172e-04
1.605373240958468889e-03
9.466637015122127260e-04
1.456717440404957408e-04
1.426290510953816888e-04
8.245750688290061055e-04
5.153036668624290427e-04
1.392687055253166005e-05
3.499911918269310711e-06
9.858858952456498674e-05
1.482454924752136648e-03
8.939676602065505222e-05
5.088625528434156196e-06
1.056712891407849589e-05
2.573072019681606963e-04
5.945570031050750361e-03
3.306008307161870802e-02
1.735159008304602499e-02
2.222791721080132239e-03
3.851310868617110030e-04
2.955009257308768427e-05
1.182154010434712683e-05
2.876526374389895622e-04
6.414694997160450864e-03
3.636707955087194644e-04
4.439924194676744526e-06
3.800522779512642567e-06
1.171465104631106709e-04
1.931303089233424568e-03
3.303932076414527034e-04
1.511834135679014478e-05
1.134413496641494317e-05
2.655082608526593239e-05
1.461245679521972667e-03
2.742761544242859617e-02
1.111058795759090230e-02
2.083362054059215065e-03
2.027094418848669137e-04
5.649376045705153970e-05
1.446053513035712099e-04
3.451602794083125764e-04
4.638002105149404927e-04
5.838391696481651634e-05
5.151269744429380973e-06
4.256190193608050551e-06
4.206720923254509006e-05
2.010647715776027813e-03
4.224666104909490134e-03
1.555914836840245358e-04
1.980296524933975128e-05
4.667265354341970578e-06
1.863371351265615396e-04
3.407505120589942888e-03
3.887926597993275331e-04
1.104756706036984009e-04
8.535520095271713857e-05
3.713940884888555002e-04
2.857814997460406993e-03
2.425847355414792938e-04
1.168058670155586491e-05
5.471946247166330819e-06
4.218022050228451819e-06
3.387928843897088269e-06
2.900670212376261660e-05
2.877731864072860263e-03
6.860845638435577806e-03
1.574244989246714364e-04
1.708618627561815561e-05
8.748069099463410002e-06
4.277648086008600087e-05
1.471106649375879748e-04
2.229412934466956796e-05
7.953024485101182014e-06
1.111919274746576588e-05
6.069849077620882369e-05
3.260525269339482586e-04
5.529576240857940277e-05
6.183678992659710556e-06
6.020378659033119597e-06
8.521379686201155563e-06
6.521430961403695813e-06
6.684776132847292649e-05
5.362717086448313270e-03
1.992499330621440388e-03
2.742564954019311522e-05
9.505789146494900089e-06
1.810357215129113038e-05
1.607718537290755078e-05
1.588938905507297493e-05
7.693823061055200756e-06
5.080876540983475504e-06
4.851360188381738102e-06
7.310463864307985339e-06
1.316062531578139835e-05
1.050579077496724646e-05
7.553158386959671793e-06
1.456745275465536570e-05
7.778174168546246950e-05
2.089030477760684225e-04
1.044228860235627866e-03
1.821591601103251384e-02
2.981941467353247353e-03
4.252044091124546104e-05
1.572533397642368125e-05
2.344010455935039081e-05
1.180949406013787348e-05
8.876465600983812881e-06
1.276741563941637474e-05
1.437933048399788555e-05
5.495239991015877036e-06
3.059101487636062091e-06
3.677377261430520730e-06
4.530558366663562475e-06
4.513869442845086466e-06
8.848540535864693839e-06
1.413035161068260982e-04
2.285692920093798219e-03
8.578984708943762638e-03
1.130602612307279355e-02
5.898571478783396198e-04
2.190724456143731659e-05
1.705209199021679017e-05
2.085176467330286516e-05
7.503383348666754870e-06
7.649703617482004622e-06
7.917511371764303601e-05
3.264585449264779753e-04
3.213536981087533931e-05
4.049810812871322893e-06
3.528572085220895860e-06
6.467186357550694292e-06
6.197805865354804920e-06
9.685060974115657185e-06
2.158567520010487811e-04
2.793189297921020060e-03
7.044950681009617098e-03
5.764656436869338395e-03
1.967342104320231831e-04
1.064748171720365105e-05
1.441711300913876736e-05
1.508469975573822715e-05
6.314845968573140577e-06
1.076086374051648843e-05
2.068881862772577944e-04
2.395547469710411666e-03
8.885671725403895740e-04
1.469969605419255262e-04
8.719535840579949930e-05
3.472602807562968517e-04
2.503312910682082854e-04
1.530894190211457950e-04
3.881176161058045877e-03
1.317680334637662265e-02
3.535963977112421396e-03
6.450955290597621891e-04
3.866341771641581794e-05
8.772907233512493665e-06
1.770137003381184177e-05
1.264754753271916197e-05
3.860384936223096867e-05
3.808490131494647515e-04
6.020734218987621898e-04
7.688336468974045837e-04
4.104375081019637564e-03
2.858082149980466918e-03
6.469140958487754837e-04
3.424409578336293572e-03
2.729928618476445360e-03
1.114820131196054328e-03
8.049550825868308571e-03
7.407280036598870229e-03
4.795547574317337441e-03
4.095061008591614283e-04
1.121066457904425115e-05
6.602734302740485129e-06
2.027389241452691018e-05
1.081457286815311732e-05
2.105118576216854782e-04
1.137780124006404665e-02
3.146981665669236830e-03
5.574426418788748202e-04
4.117074100716092665e-03
6.476800253207042795e-04
2.397131686219995897e-05
1.826410951112927719e-04
1.049183545889963197e-03
4.863619073808750359e-03
1.486966281306290570e-02
6.831808117400845750e-04
3.451989417561576062e-04
1.448877661555874425e-04
1.163610845428730916e-05
8.787008631821046370e-06
2.236515505870252489e-05
2.837388003930310274e-05
5.187065611616959587e-04
5.100520091006840832e-03
3.977189069074603465e-04
1.332927031692557839e-04
2.794764500961388620e-03
4.884840373455012243e-04
3.489620876677141363e-05
7.387448095958042962e-04
2.936733156692740779e-03
4.164416629032449170e-03
4.322028696764996722e-03
7.854044986185561566e-05
9.555253904719295603e-06
1.163199349115154687e-05
9.597248498080553414e-06
1.216940877905752760e-05
2.325677498122606253e-05
1.130433219457188313e-04
3.257211879287338560e-03
1.627856984177807054e-02
4.117232555743152527e-04
3.990900309268901474e-05
1.315511022238992009e-03
2.985724428655056259e-03
1.193809607405985421e-03
1.029879710764283751e-02
1.307770218583497639e-03
5.799700133300715084e-05
4.889111119893711950e-05
1.549357688244418406e-05
6.209914884759098043e-06
8.688139241054901527e-06
1.230779417818421016e-05
1.542236442801555498e-05
2.415828976640083711e-05
3.094280248075417962e-05
6.756171818957908484e-04
3.394364322686601460e-02
1.177072631572376356e-02
6.579470716447024126e-04
3.405328595140709284e-03
4.145649412876013275e-03
4.036307974811514107e-04
2.966248254290750237e-04
2.797715566972847079e-05
3.203947203121931834e-06
7.439461705018841385e-06
1.650260432751535973e-05
1.922837108769346104e-05
2.211914772874055247e-05
2.335618321112392629e-05
2.417807581216395142e-05
3.302588773326987264e-05
