2.407896809309827908e-05
1.658050809455674442e-05
1.366922949786315970e-05
1.087577279793801320e-05
1.289691919602590978e-05
1.679353093744636192e-05
1.275344592904261825e-05
1.178238633530956357e-05
1.613742461735674964e-05
1.899757933962822965e-05
1.885744644677904013e-05
1.853002699569659251e-05
1.849932999611669576e-05
1.853574310538555608e-05
1.847329460282338243e-05
1.812468278718315119e-05
1.885503151558568175e-05
2.566154482993282442e-05
1.481669014745986509e-05
1.361080850024149429e-05
1.297000055468857300e-05
9.408202410174738701e-06
5.312196747446381847e-05
3.540834749569660546e-04
7.751816192380246305e-05
1.111072048444339757e-05
9.859320651550235398e-06
1.301429006184377558e-05
1.343535607487671959e-05
1.308646918980166324e-05
1.294572412462854105e-05
1.286824424875638887e-05
1.273539048767505813e-05
1.239483624647847862e-05
1.294999344549753142e-05
1.886484748927643682e-05
1.271252611568031803e-05
5.263602415294701931e-05
1.285030354882603875e-04
2.971236624490278917e-05
1.570339075379899340e-04
2.273213411720252566e-03
2.032604088076227927e-04
1.031197439949136265e-05
7.971631007573207921e-06
1.120588097440246131e-05
1.191158187239322139e-05
1.200276714137632383e-05
1.239082432949571721e-05
1.259401867720173776e-05
1.239042345859646722e-05
1.193004683346133318e-05
1.240168398067453649e-05
1.814631736697670174e-05
8.208135929683819460e-06
2.071020702333732047e-04
2.863284388200062168e-03
3.472602982677542509e-04
3.742418555185685145e-04
9.434344041242644823e-04
4.855164267859303858e-05
7.402215162967417278e-06
7.581895545679798603e-06
6.877240400043075861e-06
7.687571855967862159e-06
9.117833499925177501e-06
1.066941638273975389e-05
1.253436620567038584e-05
1.298776367366254347e-05
1.236547750882342928e-05
1.271648308362896841e-05
1.848706194076760328e-05
5.897999916119735114e-06
2.259278387837971192e-04
7.428995150651803402e-03
4.176728840823731165e-03
6.538919834553772251e-03
3.166096862437630614e-03
1.343481889933755100e-04
7.189387453562544664e-05
1.938039439718519601e-05
4.659863689731294312e-06
1.076979559095067345e-05
1.244612923038916895e-05
8.328610361038111371e-06
1.048927780339180583e-05
1.303879610186925458e-05
1.266625287327152722e-05
1.279209699967299193e-05
1.850543746493363216e-05
3.395282427614904134e-05
5.569887041803393791e-04
2.699335468009735756e-03
3.908518245235746355e-03
8.606689357428237014e-03
2.560207475565380586e-03
1.196866547681927359e-03
3.011169493333497489e-03
1.354028350887535891e-04
2.932011101093094405e-05
2.999543924013526306e-04
9.346990327585416103e-05
7.676400814127777128e-06
6.896820477099664685e-06
1.185567188310251684e-05
1.287925165314885200e-05
1.285878476032623073e-05
1.842526344009424338e-05
2.439614339143042043e-04
2.257840789516197752e-03
2.135955938619370741e-03
2.804250543082439148e-03
2.956546740253030315e-03
1.364838605846296037e-03
3.862573360359651629e-03
5.796006502122546047e-03
6.997663425060601837e-04
1.254490036059535598e-03
5.373417766092815177e-03
2.947278880727902182e-04
7.973960118491654953e-06
4.545446813151995842e-06
9.534556438068760337e-06
1.271069181224841662e-05
1.306821216725356976e-05
1.852609540979808559e-05
4.946075085545574367e-05
5.005990567806758735e-04
5.927881955309000604e-03
1.295836095826913455e-02
3.079326863631646951e-03
3.608259044481824419e-03
9.484285535587617944e-03
3.407945006518819670e-03
2.616109431205307714e-03
5.794495175054700971e-03
1.719824914049466981e-03
4.780691357651059375e-04
5.559961185046244695e-05
7.661831689372397325e-06
8.126677212013967970e-06
1.223727174078042747e-05
1.348147444840410933e-05
1.905030432068259501e-05
2.518578480771958918e-06
1.069490323371552775e-05
1.040638912622641500e-03
7.991691261151427292e-03
2.621486130857916645e-03
3.014508435347247779e-03
5.236886611629636319e-03
7.850343570248581940e-03
9.291884825711322488e-03
3.862162497636759638e-03
5.914983478648204798e-04
1.474614849902972178e-03
4.026383447574372553e-04
1.469153605498379530e-05
7.775774339097761507e-06
1.127747346150894842e-05
1.252302899353848323e-05
1.807071405721945873e-05
2.738231772994859200e-06
1.417066746510379684e-05
4.589698259129799778e-04
1.694357868419141787e-03
2.737839112985434534e-03
2.245246197713312089e-03
1.666187390908511036e-03
7.794469159994143852e-03
1.147104380658510794e-02
5.702497407198160555e-03
1.359127346373329012e-03
4.099037730445783648e-04
4.457614179108730927e-05
6.481164934027737735e-06
6.691280570669028368e-06
8.524889124754829432e-06
8.338357207265299992e-06
1.220003339755235781e-05
3.562736247961153531e-05
8.028754262409119099e-04
1.206789532647822155e-02
8.768594559027613478e-03
2.925938763737614273e-03
1.462142597063355179e-03
2.589973374011064495e-03
1.039225415354563288e-02
8.768003803278264993e-03
4.065637718404460470e-03
5.961497792752720737e-03
7.752269001284305128e-04
1.645072148175051629e-05
4.015651102683662542e-06
5.951193517744886671e-06
9.917510124728806846e-06
1.281206222628987807e-05
1.209343593465820159e-05
8.862923044180952281e-05
2.448439829295134904e-03
4.501822612510381766e-02
4.242565817812092577e-02
8.438651363342673795e-03
4.265023407771760533e-03
2.927303841110497247e-03
2.015284412811309007e-03
3.613004894513219094e-03
2.919365294456837540e-03
7.268697723375230554e-03
2.648778032957804091e-03
3.872100322072946665e-05
3.528131629289752192e-06
5.228668932402381279e-06
5.226338528195350111e-05
3.010231834397782678e-04
7.973441918426891291e-05
1.190698541894416976e-05
7.888381937478807339e-04
6.832701140267767592e-02
6.659026531417823469e-02
2.923585839959352145e-02
1.749524194948984604e-02
3.839579444527283555e-03
7.138473411773030818e-04
1.631284045566849762e-03
5.741409465823975149e-03
3.236651916839267378e-03
1.595502690252746398e-03
6.595662026912290558e-05
2.445201647664311050e-06
4.164127085940516128e-06
1.936053087076905282e-04
2.436945586552696427e-03
2.572393613186922320e-04
2.654605824985883582e-06
3.484190363278243606e-04
4.643824651724793445e-02
3.132377103272385860e-02
2.360512991366284924e-02
4.808925832917901669e-03
4.249386213855253780e-03
8.791277370499400376e-03
4.783699563479589141e-03
6.465171457079453739e-03
2.427560576446796594e-03
4.785550689061663157e-03
4.369800858949815102e-04
7.107627225149720179e-06
1.943473147233107411e-05
5.055991400198713709e-04
5.045111132718769261e-04
3.585670910760868147e-05
5.015010818707405827e-06
2.839309132029404592e-04
1.211376370503000968e-02
1.289868268247510233e-02
1.117877292195029737e-02
2.845710271868277775e-04
1.495587467232965524e-04
3.527613074838596447e-03
5.555498136194434063e-03
5.446877736239961500e-03
4.830092348065620836e-03
3.736677635148724294e-03
1.458759801127756700e-04
1.063966768958789334e-05
1.787286887020415633e-04
2.498722478800737869e-03
1.886302354878458454e-04
9.398632453607089673e-06
6.738561241192498043e-06
5.343328065343456231e-05
1.329353370602748491e-03
7.276618302203767541e-03
2.565874717609297178e-03
1.468120573595662746e-05
4.227345412608993970e-06
2.633020123780579775e-04
2.060093136218015854e-03
1.916415564921357178e-03
5.717209815874727159e-03
5.588739048735490156e-04
5.388441062094691536e-06
2.617719704179772846e-06
4.865993977881430768e-05
2.968690910711475916e-04
5.080389127937987069e-05
1.070100677168624218e-05
1.058518958050586819e-05
4.060825396426277496e-05
2.698452980522871177e-04
1.732189071676638013e-03
2.607494731487141823e-03
1.098860704312935399e-04
7.309265540430639921e-05
1.070051310856080492e-03
2.859802236485226197e-03
1.110236530514369319e-03
3.364175678394849475e-03
1.828942697749801744e-04
2.765792463879763710e-06
3.536701039356475101e-06
8.943991889816076384e-06
9.916996848235130083e-06
8.851755957027540329e-06
1.287004127016507445e-05
1.243524143571009866e-05
1.723273553890374585e-04
1.370886820020067454e-03
2.084747620786102287e-03
4.485438764812175842e-03
2.696153584230287156e-03
4.922636758674811541e-03
7.566901730485205320e-03
1.112622342125277851e-02
7.491145745993837285e-03
7.092596539693502185e-03
2.701627065776926830e-04
3.396631628425845405e-05
1.673586960863097874e-04
5.184057735782523666e-05
6.358980039449311729e-06
6.454135962975269896e-06
1.615136878326603527e-05
4.741824018522496247e-06
2.229350659831846881e-04
9.502330792585429384e-03
5.690324195089970297e-03
2.419702378026846075e-03
2.317116993627599177e-03
8.429245016753269051e-03
5.914682458610494298e-03
5.698427713254462269e-03
4.886694199073406651e-03
2.880858159878619054e-03
2.473644605620582975e-04
2.449688890762058077e-04
2.663528364903819477e-03
2.768673197539425388e-04
1.056719846559132308e-05
7.881799125288663506e-06
1.816540288018002927e-05
4.244802040525343586e-06
3.794201469337183351e-04
1.218520348053749210e-02
5.446083667249360799e-03
5.332307675787537581e-03
2.025498389047627155e-03
5.016921338688214334e-03
3.134302172025705581e-03
2.941554367308997541e-04
7.645584511863852168e-05
7.267632138616317262e-05
3.259281450176843578e-05
5.033995472379630432e-05
2.319724655366388550e-04
5.591231835413246692e-05
8.722488515790015640e-06
9.117866850888364986e-06
1.859515872007799864e-05
5.372572129148824575e-06
2.976146105643280733e-04
4.118095458319097520e-03
2.392732978612941829e-03
5.157366842648899476e-03
1.001114208045061210e-03
1.203563655219193730e-03
4.049476450256286777e-04
1.164600015927599914e-05
3.842130803314970957e-06
7.713561783216260325e-06
8.549213212564263167e-06
8.455960008544179492e-06
1.209272633650800726e-05
9.675460062601756893e-06
8.113724611657814622e-06
1.112503919392271574e-05
1.898520805987394789e-05
7.874466864056250427e-06
2.303809698822023013e-04
6.307826090833577523e-03
2.880495589480206245e-03
5.907789035288601564e-04
3.747000319182420300e-04
1.873202630297568071e-03
2.515690625645180091e-04
5.702140792723453129e-06
3.591675131049298116e-06
8.285240790662936101e-06
1.025382645937402384e-05
8.979733679423087517e-06
8.698650883740873522e-06
9.366857675482516491e-06
1.076166818262858549e-05
1.275168429043567796e-05
1.889512669948766749e-05
9.685908423671465509e-06
4.201880266067812680e-05
4.111044415785583593e-04
1.869224349172624792e-04
1.991792842991188181e-05
3.722679209972071338e-05
3.541942006231336699e-04
8.729068304603662806e-05
7.925731448372612259e-06
7.277687847029983557e-06
1.192155831065713757e-05
1.298603059667949436e-05
1.223875508935219679e-05
1.191147856500398896e-05
1.210341253493560206e-05
1.215069485834946733e-05
1.267759550742142968e-05
1.824794024135252578e-05
1.154809564062017284e-05
7.012688856722606372e-06
8.943362250293081727e-06
7.409710383852374808e-06
3.990184815109240154e-06
5.903194863137785341e-06
1.445941144521599161e-05
1.159243681591816211e-05
8.289516946346645119e-06
1.093487913311905272e-05
1.337034578278486070e-05
1.333025104018964257e-05
1.306387226126193440e-05
1.305701511320237202e-05
1.298668157577265189e-05
1.257573658258594824e-05
1.300753471176892274e-05
1.883391137936593442e-05
2.317407523418052424e-05
1.214677922130172946e-05
9.415615308997962520e-06
1.022242366176151387e-05
1.130285685617988609e-05
1.169799199247978426e-05
1.206203043179513592e-05
1.294693973030299596e-05
1.569170208751847616e-05
1.859479540919172676e-05
1.907104299070153504e-05
1.859314352105302651e-05
1.846872969429259930e-05
1.855113621325824182e-05
1.849947604437006827e-05
1.811928685720350175e-05
1.883059314164336998e-05
2.563817071165504845e-05
