6.825433381116652667e-04
4.875416651456972172e-03
9.603022350051835729e-03
6.705591669765361557e-03
3.001345404432781850e-03
1.472966038355796869e-03
2.530435217333130700e-04
2.503929472513898458e-04
5.997818204997952996e-05
1.136849260549290101e-05
8.078794815096095364e-05
8.549711293838109809e-05
1.357259863533105065e-05
1.097674315433581037e-05
1.705425631708279595e-05
1.744911611355491992e-05
1.661447271729503338e-05
2.572747973391152076e-05
1.235283967515560721e-03
1.135035311664217171e-03
4.384635311109122413e-03
2.963864875783276710e-03
4.060453073741791645e-03
3.185130002147312268e-03
9.714931073319690814e-04
6.695933757838015699e-03
1.006960591748090952e-02
1.105809515399620033e-03
7.904485176885383234e-04
2.736828117045265909e-04
1.521862068953307791e-05
4.892064708755294639e-06
8.369710866900185873e-06
1.082852208616304752e-05
1.027868728735227305e-05
1.650256189376022130e-05
6.690704317546542889e-05
7.204020596280599547e-05
5.579382861761110306e-04
2.995746006408832101e-04
7.427784745941472212e-04
1.553171486644308510e-03
1.055359542528605228e-03
1.513497775497479316e-03
5.737100119688934297e-03
1.053235147730916497e-02
6.014184008470804463e-03
1.466301508601182803e-03
2.886020961736798318e-05
1.951023539729303821e-06
3.535205306454397629e-06
8.862148484077490322e-06
1.066409732843403889e-05
1.673589228468181546e-05
3.309848017735292429e-05
4.888289891604006860e-04
2.630637613524757380e-03
6.807761557970939915e-04
6.314480816962397824e-04
1.324317555454539771e-03
5.677633108769750657e-03
1.713969740205018456e-03
2.543900607444495726e-04
1.217487166574264968e-03
1.040557033602781262e-02
2.035110077373991286e-02
4.148532300198113244e-04
2.640402058601306367e-06
1.144808105351073028e-06
4.374778270713341688e-06
9.580445561702879157e-06
1.765453415729582566e-05
1.399326241326519747e-04
1.262180296846778611e-03
1.058826514301255788e-03
1.492960581387311114e-03
1.369253504273198249e-03
4.645727332661325022e-04
5.030799470857462256e-03
5.201408303474970227e-03
4.491477503783811230e-04
9.546668374133917331e-04
1.760795193078703528e-03
1.151014841969351561e-02
9.886322633110414260e-03
6.519170361320049260e-05
2.438344736008527169e-06
3.194813185393634599e-06
7.725613903666588163e-06
1.724776633876733893e-05
6.184225441665620806e-05
4.947439589875271277e-05
1.220717081145673190e-05
4.731201403209237954e-05
1.214914683364181421e-04
1.467801478110156794e-04
1.046746425416145111e-03
4.014389554768033638e-04
3.202793387285821037e-04
3.879413353671534292e-03
1.024457384593100524e-03
9.973843994388765372e-04
9.318628766071422251e-03
4.518088712335912444e-03
2.126219089917635288e-04
1.760386181290886221e-05
9.060918381153941050e-06
1.728925643800178423e-05
1.598501186670098150e-05
6.381517361406295864e-06
3.454567829407160700e-06
5.737943500401981910e-06
1.883734889825497235e-05
2.054257222681738371e-04
1.613567525978433167e-04
6.616330041896717038e-06
2.382378568525943870e-05
1.501217956876167714e-03
3.386390709510612562e-03
9.307481626966853478e-04
1.043049811339861067e-03
1.143467348501457995e-02
3.421481042543868256e-03
3.936341515404805010e-05
6.446270642557003391e-06
1.568039658965889851e-05
1.152009070348082321e-05
7.447691594871571141e-06
3.825142426250953387e-05
9.285972047726520954e-05
1.512202813201490121e-04
1.516709901387658073e-03
1.689698234042281164e-04
7.032200363131200246e-06
4.718755195020335724e-05
5.933562594288473982e-04
3.041357653857016449e-03
1.950120256966942365e-03
4.590983187069974940e-04
1.516219298778224891e-03
1.274283376331520170e-03
2.190175366735911132e-05
2.689850901797290462e-06
1.099578036198443191e-05
6.007060408604103900e-06
4.474284262743198952e-06
1.284070216486962691e-04
1.123168945412774452e-03
7.909816730412913815e-04
3.525178811349461479e-03
1.992112571203059554e-03
7.876404415240131386e-04
1.061516982644867364e-03
1.731222688887507836e-04
9.087724480888928328e-05
5.210129797102441970e-04
1.228202678380561214e-03
9.830960863305073395e-04
2.351337825545813352e-03
7.589276578138450956e-05
1.847101750779803795e-06
6.196604187644165315e-06
3.517018763355118500e-06
5.546814249439496919e-06
2.217273456840070133e-04
2.428181775524065715e-03
1.699649522308887672e-03
2.683160121156138479e-03
3.927082445163602303e-03
3.151723646871188063e-03
5.330739027887475235e-04
4.723866462458789267e-05
6.729046974475943544e-05
5.813533345289246916e-04
1.009248191212082976e-03
5.481625562481390627e-04
6.563211756677935806e-03
6.236762336041394876e-04
4.274663615925583144e-06
5.161507038880915068e-06
1.830843714951990955e-05
2.781572169081613136e-04
5.724708722817438075e-03
7.890201048986930296e-03
2.018732851591964559e-03
1.032457903216055847e-03
5.399685616094500708e-04
2.524631239611165707e-04
1.053419325091056524e-04
1.160553674006157892e-04
1.201212829233731056e-03
1.773487121923440985e-03
4.209997360903509705e-04
5.004851764904848276e-04
8.761348116398398264e-03
3.537303225960236955e-03
3.161679877377943033e-05
7.466213146448855274e-06
1.315861124383962911e-04
5.705655990954188080e-03
2.815463507017166092e-02
1.038920517680988129e-02
2.249319763133649213e-03
1.190667361984440323e-03
1.116249663249182936e-03
8.427202646394304142e-04
8.433258640399185187e-04
7.265454169428223804e-04
2.360107591824952070e-03
2.429392233741117010e-03
1.952124179992323740e-03
3.320811231221913913e-03
5.430723259767527948e-03
4.499668223100303927e-03
1.261283920918054033e-04
9.497240695766670081e-06
4.255792354099018304e-05
3.715922547233514554e-03
3.972529575980946609e-02
1.936923233707199543e-02
1.199830857055432173e-02
5.066441714216967339e-03
4.466547393456451846e-03
3.256002912818915969e-03
2.832865259115915305e-03
1.606440111475047720e-03
1.469043375397087719e-03
1.699098118179712125e-03
2.128014577197791420e-03
5.780599017251675763e-03
1.623516074454642300e-02
1.067036531930407733e-02
1.550249284021285024e-04
8.165780464425270775e-06
2.998108416228660537e-06
7.096614791882236003e-04
5.648849649352827296e-02
1.379742713975263407e-02
5.361183180018725888e-03
1.355227669283580894e-03
1.301916963901530609e-03
1.250910902431138540e-03
1.009809095595898352e-03
5.567152447881858679e-04
2.709430482813978119e-04
2.699774680647965778e-04
9.304277963831450048e-05
3.191200040979563974e-04
1.176470466671663065e-02
5.380478290348128523e-03
4.057998485435885118e-05
5.836006609886940322e-06
1.226981856057780037e-06
5.852087553016035673e-05
8.522825933953094915e-03
1.050529451774646558e-02
7.105013486418483917e-03
2.530918569496698120e-03
1.624636189773205446e-03
1.254359085257935290e-03
9.520793568605354692e-04
8.395747336943347201e-04
1.090765775778324443e-03
1.020280587938033473e-03
1.615760487805392048e-04
1.933063917663523188e-04
5.925010320600249993e-03
3.050234251075705991e-03
4.236291429626745143e-05
1.100602606220816348e-05
4.242636890711926566e-06
3.168319300810178477e-05
3.914469485389874409e-03
1.355595392712617697e-02
2.798076416463341279e-03
1.199248321022945620e-03
3.847916714404710898e-04
3.937812669093377336e-04
1.536836894876692904e-03
1.258309693562696631e-03
2.151135920001120624e-03
3.013205932896354921e-03
1.919387426736474112e-03
1.701103631344675141e-03
4.362548355469749936e-03
4.953012720803440065e-04
1.385849436515515797e-05
1.118383373494398788e-05
1.135577879240090484e-05
3.104636255669845647e-05
2.021277096708647310e-03
4.172855358160840016e-03
1.095257723892100512e-04
1.157839681370050115e-04
2.772205692735654130e-04
2.771963768786507446e-04
8.808190894370176039e-04
2.865566833952714557e-04
7.086700801141405850e-04
2.849007171797749392e-03
2.528573431798815992e-03
5.371551878977461579e-03
7.126353942457182809e-03
1.285433827872823188e-04
3.795034281559663713e-06
8.326927672975246059e-06
1.067399036599592216e-05
8.175922521114575392e-06
1.786803510799902920e-04
1.513713368367183192e-03
2.327893026812421953e-04
3.941406999050655626e-04
2.310389591410649552e-03
1.067654748633034383e-03
3.145245959340109052e-04
7.816198437406189018e-05
1.048577499628878824e-03
5.021592042393910500e-03
1.413062957336850287e-03
7.336818909460537420e-03
4.194520173826874962e-03
3.455249664359355045e-05
3.487104977022957332e-06
1.208560613881799157e-05
1.007337696667456906e-05
4.620397385515689743e-06
2.006588988525490278e-05
2.272510429620493470e-04
1.385700839155139382e-03
2.490682021873657972e-03
9.601958368913456705e-04
1.170552231114011877e-03
1.511010798008965246e-03
5.581529699851616550e-04
1.257907579646455132e-03
1.801206494249417726e-03
4.276293946538425352e-03
2.389762935456153994e-02
3.923290651390905367e-04
2.595850000261511146e-06
2.478700425482095830e-06
1.503725451047248298e-05
1.130660028211416337e-05
2.185272249363076952e-05
9.573162548383429130e-05
1.083937343881259582e-04
6.036308317063241108e-04
2.576506150432244461e-03
3.345398607075658376e-04
4.536995466416562104e-04
2.203565337086918052e-03
3.347197699736475900e-03
2.511533727536516096e-03
2.868081854551605882e-03
1.985721334957226206e-02
1.180672270659067352e-02
3.834118909513117970e-05
9.885779927100471234e-07
2.319172658072657521e-06
1.142794379893191682e-05
1.193266620251140558e-05
8.577493551576086887e-05
1.504368023321720708e-03
1.753631388026489048e-03
5.920164031114292244e-04
2.789166613869064888e-04
2.303984477210982993e-04
9.763294398011864187e-04
7.366841594048067739e-04
3.907094163652703213e-04
1.154043647214077900e-03
7.812032932924166742e-03
7.690436915829256329e-03
7.691487485354679731e-04
1.954863529851795837e-05
2.367932696902997937e-06
3.743293232044412295e-06
1.338017263515247797e-05
4.146157523056493766e-05
2.050920248677160212e-04
4.765728065571951406e-04
1.866043857382692576e-03
1.228503906546175081e-03
5.997007677709695166e-05
1.027125128667494915e-04
2.530696331204003707e-03
1.528514264083383764e-03
9.352635278785782855e-04
6.669428661148365904e-03
1.674278454143303396e-02
3.645527393214653949e-03
8.570261147673986996e-04
8.346263000749525041e-05
9.947014562033810911e-06
2.132658790781487740e-05
1.780406987261750327e-04
1.297572474066952940e-04
1.133879137593114166e-03
2.082888155447270694e-04
2.395831354677287770e-04
4.205180888432207996e-04
3.352628516678792626e-05
3.932058526500821315e-05
1.031052426232380520e-03
2.969359364801592120e-03
7.134624183144336503e-03
8.957292910633431887e-03
1.315129378728267014e-03
8.614271257209513404e-04
5.212538917454004545e-04
3.583379736325451194e-05
9.095507911713277970e-06
7.509802322818839360e-05
1.597497049630594796e-03
7.966260721341324202e-05
2.659444956901133375e-03
1.632980764746025859e-03
2.201700383944648221e-03
1.435762444967165694e-03
1.688398005429369816e-04
1.045314577033615321e-04
9.147253567469399533e-04
7.040671526478653290e-03
7.521370144603582893e-03
3.058024420891900007e-04
1.301735370658802348e-05
3.644664673953199469e-05
3.570820808652136621e-05
5.182057396684881135e-06
4.190609685717131588e-06
2.144837475210775214e-05
1.777331490331291678e-04
3.339498043120383555e-04
1.100015956194042022e-02
9.300014191828661139e-03
1.497263970071596555e-02
5.125941084332241889e-03
3.408115083020527708e-03
6.237966483440959310e-03
3.371860665430595570e-03
6.794082825601797330e-04
1.199050031237442897e-04
1.165365629718140575e-05
3.392314915560002395e-06
1.139860614658082285e-05
1.601610667079136140e-05
9.231677574933977727e-06
9.213294901010678101e-06
1.071130895712397474e-05
1.971765698190645636e-05
