4.046142500910021871e-04
5.283543534329721014e-03
2.169008533020588218e-03
2.328076828676179429e-03
3.155325429978242304e-03
1.648949998717499682e-04
4.861008591276850746e-05
9.243704392720496850e-05
7.782264581867145070e-05
6.457234094110995699e-05
1.757049809081545578e-05
1.019659343715538029e-05
1.468593035383009881e-05
1.419013608216668011e-05
1.430660898079324416e-05
1.471979694514778725e-05
1.504022879407137403e-05
2.283183160583664818e-05
1.584913411717433227e-03
5.844567011130095274e-03
3.701764810522066313e-03
3.170083783579152707e-03
6.574490147102853444e-04
2.563444660025568727e-05
5.488159294348253367e-05
1.289593511299681099e-03
6.268933244634917329e-03
3.330333437013914630e-03
1.537276272015986956e-04
4.504231145219463495e-05
2.383925405998190439e-05
7.593719322614670027e-06
6.748719503201136007e-06
7.988663908490351823e-06
8.777657224793236707e-06
1.484620474833052339e-05
1.176607182463892796e-04
5.192399940638884757e-05
4.338011017958549512e-05
4.578286132618900224e-04
1.528956040169537119e-03
5.727673150383269144e-05
1.529935123365387304e-05
2.723547455410543360e-04
5.508479693456816428e-03
1.300762641233312381e-02
4.715055830612894551e-03
1.333404150239572575e-03
6.003101635424003968e-05
7.599025485901764423e-06
8.252757241235721011e-06
8.403124125604779211e-06
8.392040517226516714e-06
1.446668041165943559e-05
1.060701330560500062e-05
2.413788122687044921e-06
2.220168996354736252e-06
8.121926692382234244e-05
1.514898793326387855e-03
8.223134503220292854e-05
1.429412451196885465e-05
7.976437396959502771e-05
1.122157091568631919e-04
3.113026378458034734e-04
6.699256902252524216e-03
7.808083065247875196e-03
2.653361627376243427e-04
6.192523131775340493e-05
3.715406939937481400e-05
1.242408697158870361e-05
8.963543765551412591e-06
1.536676094272040657e-05
1.137098556221652533e-05
3.311160455453057139e-06
2.344484759942298788e-06
1.357211727077297538e-05
5.253432323777257600e-05
3.242320794745580875e-05
3.033560971244196863e-04
1.440434224439830421e-03
4.821980933919240569e-05
2.275386333158249696e-05
9.434994358711450450e-04
7.157606664728370822e-03
6.310899817128024121e-03
1.177145459959455607e-03
3.692904553555888302e-05
5.028348179966432574e-06
6.575250072233315764e-06
1.570483792917972072e-05
1.142342188617525679e-05
3.114979192369298469e-06
3.294380980187319005e-06
1.577207096216846433e-05
8.729481536570020438e-05
4.828054324699298182e-04
3.264316454914199372e-03
1.933490930905456618e-03
1.720025699485834840e-04
2.444224686287068565e-04
5.665329721610307297e-04
7.819944024973100524e-04
8.234683313590677317e-03
3.000135704284872737e-03
1.487618938605344292e-05
1.302402756357139644e-06
3.833208493928298337e-06
1.523714913084049926e-05
6.240937133183750836e-06
3.038502698862057244e-06
1.689588222303118085e-05
1.888318640011807761e-04
1.580071818898933205e-03
5.018314673562070116e-03
5.078598291127108238e-04
2.461660758145991200e-05
4.919616436141299021e-05
1.258744412107703440e-03
1.253895778854410966e-03
1.214731308242557193e-04
6.994086107507553043e-04
8.552502902795014114e-03
3.490140435856625071e-04
6.183123731568296364e-06
4.352266535854998523e-06
1.511162234259490790e-05
8.843474067935291411e-06
4.056179083194769820e-05
5.559191311233011154e-04
7.599808637698294775e-04
1.225447047132621758e-03
1.763770456796367667e-03
1.092839551740858531e-04
3.424650825295646083e-06
4.136968416826361258e-06
3.151131216446647221e-04
4.865481812434802218e-03
8.933913940700353908e-04
6.877771942005471211e-04
9.498962161062423498e-03
3.517707034935799171e-03
3.189599993461280465e-05
3.832964148044482303e-06
1.177129938704528562e-05
1.248283691061713423e-05
1.853900490666195947e-04
2.444221761998878820e-03
1.810506560317259308e-03
4.363450556176068362e-03
6.219020708953272407e-03
1.549620759945136801e-03
8.232334083717120807e-05
1.263102780959784034e-05
2.913186105264475856e-04
2.337168635102368844e-03
9.286506477800641210e-04
1.229701471365430773e-03
2.083164977626541115e-03
2.186460823896372880e-03
4.417037943976321170e-05
1.641379404510101988e-06
6.111232771544667183e-06
3.082503678035916449e-06
1.424669815957579108e-05
5.564271860460375885e-04
3.372402956127194384e-03
7.447371809250904508e-03
7.881361899266971574e-03
7.690584243612560121e-03
1.752885997994934556e-03
2.091074470171641045e-04
1.331482947974945655e-03
1.080526470299046291e-03
4.075554703256684228e-04
1.101223444323818105e-03
9.281487750272451312e-04
8.560096271659633702e-03
4.525265064974128286e-04
2.716715111564146433e-06
4.665124610431503717e-06
2.086514393541402563e-06
1.569219959407199810e-05
2.293166706586761885e-03
6.815342154129233089e-03
1.295578669024177124e-03
1.214933441863852220e-03
2.072051613646062884e-03
1.650161254194093974e-03
2.781802576599191673e-04
4.343761275195022714e-04
2.469025766138644188e-04
4.913076064041655604e-04
1.447338098445874553e-03
7.975631266731612662e-04
1.284468960697513623e-02
1.851543008970079869e-03
1.050756677173478059e-05
6.810423926805277420e-06
1.679676155965912531e-05
4.414113651481205137e-04
3.865983030059177289e-02
3.030461298444550589e-02
2.525005030513111873e-03
4.028972540895032345e-03
2.877070854810085364e-03
1.135911850944737065e-03
4.063230041142075564e-04
1.019185330692617530e-03
5.419383358943743274e-04
1.049599969808372949e-03
2.176099446568070198e-03
1.323955594092380466e-03
8.182068256808588957e-03
2.110868890204456710e-03
3.296356952516349610e-05
1.071598333612906420e-05
1.329065351949125214e-04
4.876413776779381717e-03
8.678365961370840265e-02
4.502728635565101528e-02
4.505171709994817801e-03
5.914126127185634005e-03
3.904482358592184510e-03
1.611866707600989081e-03
9.748843283995743247e-04
5.079482072313012964e-03
2.451141549661611796e-03
1.834210846272213945e-03
2.499371289799254270e-03
1.895461210473012260e-03
1.509514048163001013e-02
5.232105804122526294e-03
5.971920237855407544e-05
1.092510037962540637e-05
6.898995671400601779e-05
5.911487568744450832e-03
7.901592932756980325e-02
2.430692555231309809e-02
4.758525604948743437e-03
8.505796647239109677e-04
4.016345550464227743e-04
1.648631886205693909e-03
1.555725453560349858e-03
2.213156492521292391e-03
1.139209867966096100e-03
2.538876411329259088e-03
2.624567436701282733e-03
6.737265051686792744e-04
9.285375787828280270e-03
4.404072818054632910e-03
3.612006545044802602e-05
8.355887200474726453e-06
4.839963969287988966e-06
2.058786344206439993e-04
7.611133544452620102e-03
8.180966599405502249e-03
6.964901549789806467e-03
1.372973188041332277e-03
6.880818591066176606e-04
1.174386707406899471e-03
6.682916192361584460e-04
1.515233493262046604e-03
1.171211173083958968e-03
1.340449401924925701e-03
2.146178982421029398e-04
9.543391335786338703e-05
7.535062119531859594e-03
3.405228331016578024e-03
2.552187138602322875e-05
9.181013092902339448e-06
2.972016767614035391e-06
4.873373414777634646e-05
2.269570696065839784e-03
4.833759566453858618e-03
4.952137203670823815e-03
2.439914189737237265e-03
2.584797006473548917e-03
6.432550347430261847e-04
1.674745128315518583e-04
1.232023932412075343e-03
3.164790574090399142e-03
4.005261030890531863e-03
3.895105824544441348e-04
4.440453164036079663e-04
9.087425006952986467e-03
4.085309645844353225e-04
5.311895857082388802e-06
6.969781543315259123e-06
9.540846457368471671e-06
1.032529731345717243e-04
9.564263180072493523e-04
1.070326330220840822e-03
2.369102983063181306e-03
1.753677020558700936e-03
3.062487763085088629e-03
1.293765275607230069e-03
1.987828393252687057e-04
3.173735111917546964e-04
1.022916526929016062e-03
7.029924794753969995e-03
3.368000137981139001e-03
5.102743532363557613e-03
3.997519947669316877e-03
3.882340472815108294e-05
2.201342701077405889e-06
6.386558050442096196e-06
1.125801438127482324e-05
6.617568927887680966e-05
4.649264552294897924e-04
3.421022362269618726e-04
2.155146157364665172e-04
4.424718833945541756e-04
4.951325502635847350e-03
1.733341047561969992e-03
2.671928209506808341e-04
9.300258116023990161e-04
2.208251513969898810e-03
1.510937359199486301e-03
8.735808981593851845e-04
6.599326167544878122e-03
3.430810951293725500e-03
1.202220644668573372e-04
1.660301258543677203e-05
1.353608366177606663e-05
7.818848342983911591e-06
3.865008861319449782e-05
1.314079815775673907e-03
1.247828030131993777e-03
4.999550789513327692e-05
1.235846599891551932e-04
3.746087981871558392e-03
6.036569540289407490e-04
1.883707285387604209e-04
2.116609149028610831e-03
3.829910858668490216e-03
1.315935100390824408e-03
3.045645553852286119e-03
1.815819079133547398e-02
9.314662789649867658e-03
1.237862873605436636e-03
8.855077338948641550e-05
1.857379666990284441e-05
6.807237128491534726e-06
3.102762032899612353e-05
7.259941988007742250e-04
2.433469812592164300e-04
7.423188513817193326e-06
6.513819393707580220e-05
3.501305989524694951e-03
1.753906815243155707e-03
3.192626421553438048e-03
6.531642117397580202e-03
9.909895247885295352e-04
1.647235979873189681e-03
1.306285608345335303e-02
5.239601637242211236e-03
2.079428291533230635e-03
4.297330014567704820e-04
2.046236981183768575e-05
8.978437514121936119e-06
1.273836543318700047e-05
1.135668899640917504e-04
1.068069611156015168e-03
6.376156373319302186e-05
2.402792115739444073e-06
4.902320728683532157e-05
1.884058334444358796e-03
5.966039070204908531e-04
1.896949840181328577e-03
4.762875811387269620e-03
8.702818117208577231e-04
2.977326280257655815e-03
1.596581374010105220e-02
4.528834173837950790e-03
4.227281517122607373e-04
2.453739102242660195e-05
3.195019229091344550e-06
5.513639991190861873e-06
1.297448698709735749e-05
4.157407663963957282e-05
1.771983012493536620e-04
9.102769785896499980e-05
6.611551496766367208e-05
5.226983898320741078e-04
1.127965101828150817e-03
4.612524510585397158e-05
4.019945328415044130e-05
5.874635013276512498e-04
3.798094177567780914e-03
7.459962410771142464e-03
2.536871658716550060e-03
1.420068169214098921e-03
3.687626474049200014e-04
8.184634845789971682e-05
1.762317802907295317e-05
9.226843426288938279e-06
7.611670409204285738e-06
4.279200682966832392e-06
8.800144073239951652e-06
8.658091473310641415e-05
1.390400398456274672e-03
1.658834831413402407e-03
3.389835905977257305e-04
1.110801891473947958e-04
2.419936418133412958e-04
1.376237786953174273e-03
7.650295878982812416e-03
3.504741650118724933e-03
9.437707528663146991e-05
3.168278041987258490e-05
1.933847786333218576e-04
1.218006237492209919e-03
1.686361415257223509e-04
1.387409092061604533e-05
8.231758528538301318e-06
1.050103753093385076e-05
5.023780734422107210e-05
1.541814932475515335e-04
1.898137881197927009e-04
5.857027351416966329e-05
8.543805311295941517e-05
1.788310280001287984e-03
3.356383852079665615e-03
2.986804202855153269e-04
1.082046859751239359e-04
7.702179719324997757e-05
1.043984819737659234e-05
4.089092423710991507e-06
2.407873839357682117e-05
1.562222614629637434e-04
4.133765522680518000e-05
1.026700737160235210e-05
1.753117331960644791e-05
1.402782211797580221e-04
3.554349046293224512e-03
1.779263988904623449e-03
5.122659064183909491e-05
8.340019073569851399e-06
7.660907608206295660e-05
1.701115069517586138e-03
3.070507184740964702e-04
5.648008444891124926e-06
2.264847853271956182e-06
6.843123250144587702e-06
9.466650330714925833e-06
7.538344819985830678e-06
9.207566895941666460e-06
1.254659392086004448e-05
1.024488950782878373e-05
1.455445840504987408e-05
