1.847029503530359598e-05
1.219557825500418875e-05
7.987584335363776943e-06
1.028792963847543572e-05
1.665643687401357153e-04
1.668218993416567065e-03
1.679758199561914899e-04
1.037161156900647544e-05
8.090752043149861619e-06
1.179003401378313894e-05
1.273476938050092927e-05
1.256858117844943182e-05
1.242083390546639604e-05
1.237554205093890489e-05
1.234151287160648757e-05
1.205137138172733765e-05
1.248159724827161068e-05
1.772120013491497654e-05
1.208739713555828955e-05
6.964642976580444815e-06
3.944068179961976950e-06
3.071434884481419914e-06
1.468775096188117906e-05
6.537667553605141970e-05
1.740436647175544306e-05
3.798260951754601358e-06
4.551504581730747983e-06
6.708422067312515043e-06
7.376191105571658322e-06
8.026646668166886490e-06
8.300524397235048961e-06
8.217581517700899937e-06
8.125718025175315102e-06
7.871088779072428059e-06
8.171305261797673307e-06
1.248160234949128251e-05
9.665865256386248962e-06
6.971033378363182739e-06
4.451560790189551719e-06
2.704534474829063582e-06
4.629967893518118228e-06
6.796632656453798060e-06
4.031765475402930503e-06
2.988667559321539239e-06
6.974891066821716309e-06
9.045947779298893222e-06
6.367634992002216381e-06
6.992010812792136716e-06
8.141728737171295333e-06
8.158361282660089861e-06
7.939502248115443462e-06
7.622833655740869117e-06
7.871176742021965931e-06
1.204504072602147695e-05
9.780866432024167565e-06
2.773278102536527018e-05
6.041407303474484523e-05
6.676903654486766090e-05
1.328249616902499504e-04
8.284444984731407060e-05
3.525487474360627628e-05
2.305540667697080100e-05
8.011224086798539605e-05
5.103246590902512091e-05
7.799748787145782092e-06
5.729461545105953340e-06
7.774862643285741480e-06
8.466808576946832659e-06
8.363541574378141646e-06
7.971422356630318532e-06
8.142616441193000274e-06
1.232363316845768926e-05
9.141967971875584583e-06
1.360863821964291523e-04
1.587385585590557133e-03
2.718506175185204325e-03
5.253402176040201411e-03
2.550221746134630294e-03
1.438339194643293737e-03
8.173372984743185144e-04
1.267746772068169964e-03
1.309556979918053679e-04
4.760693538419511773e-06
3.384954169357588374e-06
5.895549063978226833e-06
7.464312578913572827e-06
8.288336646475760690e-06
8.217703467697989118e-06
8.322631334621797677e-06
1.242678023925938538e-05
5.114871133346867762e-06
9.869609121613981688e-05
1.812179983750451676e-03
2.292666540472786379e-03
6.052728124161513810e-03
5.526629007037171110e-03
3.036936733929719145e-03
4.453511621243555138e-03
4.496862387330142694e-03
5.727007902936387602e-05
2.266204878627493141e-06
5.357713642877606290e-06
8.361231131046922285e-06
6.499580397517320642e-06
7.050774305175951372e-06
7.827211323639297154e-06
8.401030748143868394e-06
1.269421847950718147e-05
4.716774031717218181e-06
1.117903187169525816e-04
2.417462956474256131e-03
2.115413176417997414e-03
6.806815809187769656e-03
8.522849439737198787e-03
2.024613332752720971e-03
3.535816964803247496e-03
8.009504709526349756e-03
1.744005522731689663e-04
2.977939487875390603e-05
1.456890800643403645e-04
4.585078238082363692e-05
6.551107419806802023e-06
4.690353510785311499e-06
5.680882983076187119e-06
7.214907948337533926e-06
1.260824537768517809e-05
6.298084926363026094e-06
1.383404370223546452e-04
2.886515005692362901e-03
2.686223842537094515e-03
3.275316923189380749e-03
3.956857881901198158e-03
4.031925084132262360e-03
1.654406865463194792e-03
2.980386989712222132e-03
3.022408642451376685e-03
1.999998794155371466e-03
1.331595859678490808e-03
5.940146133320965992e-05
6.073195030338537586e-06
6.668066201684056452e-06
5.886686623806934591e-06
5.352048306701454520e-06
1.107751386781326665e-05
7.038177209443246865e-06
7.383204536203766049e-05
1.236914132010898939e-03
2.087173150160763924e-03
1.900010397147678829e-03
2.344058679264798481e-03
4.628423307305666590e-03
1.006116887404187067e-03
2.035046465650296090e-03
1.086780616026283494e-02
6.270797962749278566e-03
1.074286635736607055e-03
3.689905826619955045e-05
2.300488490722805193e-05
1.404172549926090531e-04
3.720889847886495725e-05
5.887248317456560899e-06
9.185074095791291506e-06
4.287837433394188380e-06
3.897525268392633277e-05
2.351559438597520743e-03
7.021008618860957728e-03
1.741501422642249006e-03
1.560563278883057110e-03
2.039731352532913374e-03
8.110413861980886752e-04
4.353451427748393499e-03
7.538949027052482300e-03
5.249402431266304153e-03
2.449813146354978387e-03
1.101850057902238264e-04
1.246298875718159459e-04
1.432690601225125593e-03
1.684901860736631317e-04
7.460199870910733118e-06
7.920151043199612171e-06
1.677810452721997185e-06
1.323431855361047394e-05
1.962823557713105557e-03
1.132545784780446090e-02
9.489626971747976278e-04
6.062302601586806510e-04
1.497509118493926209e-03
5.891367936127087307e-04
2.520285884934103573e-03
4.158538384980731140e-03
2.442224359933582722e-03
1.324147661130216456e-03
3.240731664547140791e-04
1.275805794107147417e-04
1.222354576021158113e-04
2.533413675400809632e-05
4.338486326857817159e-06
6.066804713702303530e-06
1.511104813568874838e-05
5.314578292058112644e-04
2.110072026391957359e-02
3.494482210070707501e-02
6.987320319092949969e-03
2.690887403566660438e-03
1.192327507572529550e-03
2.731627822180270298e-04
1.074777966236607069e-03
4.898251146975552556e-03
3.066843088481764536e-03
2.205979857057353312e-03
2.881681686796088836e-03
1.562176164473561045e-04
5.912823802444453544e-06
2.570244167905190011e-06
3.362554587610129598e-06
9.372927872224772863e-06
8.808764779962439321e-05
9.518989730512667988e-03
1.382147144710835218e-01
6.928867296331525649e-02
2.983210546417520634e-02
1.043412886247144754e-02
6.492503904801623978e-04
2.274883429056997943e-04
8.025115877553144718e-04
5.303234444409675279e-03
1.404205896891169356e-02
8.084444307228768126e-03
2.980757138972335487e-03
7.750817001860932972e-05
2.750066080798026085e-06
2.683128642252943642e-06
1.834743365325836186e-05
1.673271885665513902e-04
6.777385413717739837e-05
5.124149654824012440e-03
6.888229322631617135e-02
4.301909978113625105e-02
1.582041025445637614e-02
4.793031387949919266e-03
5.341836620305975836e-04
1.130048288161475184e-03
1.714695827774159135e-03
1.291758376087437073e-03
3.938893359860650561e-03
5.167577924479600099e-03
1.160000741719464067e-03
4.577316522100588676e-05
4.612449726740991461e-06
6.237296100029607423e-06
8.466209490014438028e-05
1.659045818476252319e-03
9.105787997099490817e-05
1.127336615153792538e-03
4.068169699706186172e-03
9.894828336951839304e-03
1.182309767593098943e-02
1.115078046759466991e-03
3.230990261044008313e-05
1.334464485885217256e-04
2.284903969496940648e-03
3.370836235396774440e-03
4.626456751958654343e-03
7.555319487718247309e-03
4.846545435293960228e-04
1.140464893567552169e-05
3.756807590731907592e-06
5.718048871295675558e-06
2.315113652921403674e-05
1.651991766206469426e-04
2.860162364613577716e-05
2.085797131306683916e-04
1.588004350424747661e-03
4.237030955836005100e-03
1.088111365649941514e-02
3.427859092483189624e-03
4.716939696273717193e-05
1.372131632667157554e-04
4.831041449189722205e-03
3.803046532716493778e-03
2.182654266885935244e-03
4.266004221259527517e-03
1.359666409821380325e-04
2.913811949979420802e-06
2.742380056910399761e-06
4.962988702390209077e-06
5.520858668468072462e-06
1.045078513646482483e-05
7.551524776178434815e-06
1.750003168185475504e-04
6.348969680004943293e-03
1.495046129934132339e-03
9.509830228928954502e-04
3.328007674166972695e-03
7.742317305641184316e-04
6.141150138779738303e-03
9.064205908597283007e-03
6.177661173565135661e-04
7.596614299408643942e-04
1.391389385399133434e-03
5.872571256965116354e-05
3.789454176616363108e-06
4.613725536238380338e-06
7.100344507238633959e-06
6.246315999423229260e-06
8.255317216866025286e-06
2.904542918705729996e-06
2.952599248781523220e-05
3.290777192626731778e-03
3.666591770358193763e-03
1.338917307000737347e-03
2.191686808868551113e-03
7.606172407514119691e-04
4.258375889778875586e-03
3.169300084326448063e-03
8.217871113733404929e-04
3.541719710973873989e-03
5.312436651827219828e-04
9.642967619230505830e-06
3.361353022807984057e-06
6.623003512731667041e-06
8.673838916512282136e-06
8.378674444498306913e-06
1.189243415655703647e-05
2.390928185509126428e-06
1.551685214191371177e-05
1.717641883579590573e-03
5.334270573416400631e-03
3.489493854082851513e-03
7.668813570768230441e-03
1.983234838690565733e-03
2.155188736286294243e-03
4.751504340159569059e-03
2.072847717731587328e-03
1.631045947173499809e-03
7.510566481465931726e-05
2.774756383287374093e-06
3.138161343049196030e-06
7.397176328216268458e-06
8.515123526836004589e-06
8.418764575483191328e-06
1.259213856938781207e-05
4.594599231492271287e-06
1.224924987263391221e-04
6.428079910523291918e-03
7.416208489689072800e-03
7.980456532053037400e-03
1.066940598655642149e-02
7.831217066969091423e-03
5.497163433292297230e-03
4.101890775915842391e-03
1.053642342965109037e-03
1.675221143462095027e-04
1.520146946181608335e-05
3.691949573500214362e-06
5.400810958871024487e-06
8.330071054965783060e-06
8.210093185311395270e-06
8.145630572905977897e-06
1.234779153521805007e-05
6.424694780318878888e-06
2.504356008756258097e-04
9.387178776307056327e-03
1.273689278273728610e-02
6.973480908970402202e-03
1.053490773086824400e-03
2.456609589772363982e-03
4.300024452987022405e-03
1.249160619154047504e-03
2.696429124441358230e-04
3.062403130548990157e-05
6.766362750764220128e-06
5.678584075381490169e-06
7.828465411688011495e-06
8.641669792415946854e-06
8.035341527326302012e-06
8.125533271346366650e-06
1.235844881883559628e-05
4.454736801501500125e-06
1.856982880492521446e-05
3.106270725325668185e-04
8.975545968090989455e-04
2.598773757824436744e-04
1.215959442600333409e-04
1.040744441531257216e-03
5.099000562313025803e-04
6.471123325311872179e-05
2.440971788098672128e-05
7.784334069867879249e-06
5.301260293684451989e-06
7.063613569330649478e-06
8.472749037253352747e-06
8.393248997626641037e-06
7.902346681223713215e-06
8.120348343303483986e-06
1.235797255668844473e-05
4.823891829570437299e-06
4.929711667327809024e-06
1.138613249603272014e-04
9.638987578262949146e-04
1.076769218683930139e-04
4.357217622001658140e-05
1.249301401681376337e-04
1.642813240338064751e-05
3.145795517269095335e-06
4.345058973678920047e-06
5.451519247205775924e-06
6.537818211282795922e-06
7.863102266281193453e-06
8.156091027262416199e-06
7.947704775299984560e-06
7.616780994380811562e-06
7.877420120376785127e-06
1.205918367327974708e-05
8.770195072163807941e-06
6.132046086060126214e-06
4.431371011560072861e-05
2.285765894537383715e-04
1.170502954837823658e-04
9.048920053492631830e-05
2.933672823143248430e-05
3.122999165576121994e-06
2.264848853464082129e-06
5.223779453184504709e-06
7.666476022594574612e-06
8.256945935674543966e-06
8.347024463858744228e-06
8.244545054724222239e-06
8.134147661864764484e-06
7.872474190736315772e-06
8.171874919125547040e-06
1.247938760891961462e-05
1.658973666150799495e-05
7.952297813851182223e-06
6.395705777403873477e-06
1.166512812562779941e-05
1.527838934884226570e-04
1.593474623265334197e-03
1.733816385423263945e-04
8.406457169652573516e-06
6.689331098994190097e-06
1.181692804732073420e-05
1.332112588162227657e-05
1.271313050326127885e-05
1.240425051613462111e-05
1.236583670883856601e-05
1.233896574050260369e-05
1.205001958170811999e-05
1.247807060007612040e-05
1.771369167869966531e-05
