2.453204560979604546e-05
2.083121959202564863e-05
2.012294316892575700e-05
2.015982751568804111e-05
2.006802182988953140e-05
1.997109792183938813e-05
1.993856692951645270e-05
1.988617714521418654e-05
1.981620950187545064e-05
1.978390533692800791e-05
1.978813381588144521e-05
1.979836372030477235e-05
1.980074027909389456e-05
1.979221869956868793e-05
1.973433536728228576e-05
1.966414056255817171e-05
2.044361905055429464e-05
2.419861256519385240e-05
1.919244123559677454e-05
1.544413626836840843e-05
1.495609646654810521e-05
1.514130847738630751e-05
1.511201182876524221e-05
1.519444801689556906e-05
1.560898187661750468e-05
1.595900382144519564e-05
1.599090796705644740e-05
1.591956457775222937e-05
1.589782119389151972e-05
1.590821388932712866e-05
1.591724583872352399e-05
1.591443460088855512e-05
1.585528635128840772e-05
1.576349468642936389e-05
1.651953975477153349e-05
2.044644240106480436e-05
1.343521258002993841e-05
1.052694329290249061e-05
9.152924613950821049e-06
9.495255754285426990e-06
1.137209666480598372e-05
1.227377788294219555e-05
1.305859242933897175e-05
1.450675387719449406e-05
1.524445251231744933e-05
1.526091732544916879e-05
1.519835716176686124e-05
1.519587699849048063e-05
1.520903007176557116e-05
1.521433655027690861e-05
1.515843474660516527e-05
1.505058173118268665e-05
1.576657686031072755e-05
1.967148185478527839e-05
1.660029939609034797e-05
1.816233604431357799e-05
7.254467070415781304e-06
6.937797268786091179e-06
1.916817667532294138e-05
1.976616362113559538e-05
1.284762538319066870e-05
1.326325554563420038e-05
1.512036398816245872e-05
1.551540984156816021e-05
1.541574282591552517e-05
1.535335733790601690e-05
1.533008318274555010e-05
1.532355823494392931e-05
1.526838543527403973e-05
1.515595044314082107e-05
1.585679251069702309e-05
1.974171951520003782e-05
1.485435005633958046e-04
5.140756778606391615e-04
4.731624093385040453e-05
3.999474463996006182e-05
3.480038537016303789e-04
1.450725176488667741e-04
1.991035264562428451e-05
1.277448906461106606e-05
1.494573239209595833e-05
1.570183881439131962e-05
1.563986306187489409e-05
1.557459829486935638e-05
1.548185353210323421e-05
1.540236425886444441e-05
1.531728839129207115e-05
1.520166654489204878e-05
1.590453616958241833e-05
1.978866969338791739e-05
7.454344963035297459e-04
5.512182858109686626e-03
7.481062054644322615e-04
1.611775279871708461e-03
5.805982939379837268e-03
3.102536758690319367e-04
1.844934676984587616e-05
1.156699232501508943e-05
1.334213945485142978e-05
1.354589600257015808e-05
1.408135947620372195e-05
1.508824094692423058e-05
1.554843257108868071e-05
1.549578347893097003e-05
1.533245832958960109e-05
1.518828882985495858e-05
1.589152840408022369e-05
1.977956684133504452e-05
7.950579509383459448e-05
2.880393961557104745e-04
1.105660442130616686e-03
1.443814114442274095e-02
2.219445779331747151e-03
2.422814358856201260e-05
5.668508240512689828e-06
8.211127565717229359e-06
9.141945541645693651e-06
8.597450606939396837e-06
9.650466137462219586e-06
1.236571866411711753e-05
1.483277612860448285e-05
1.556569783593345210e-05
1.540180294945637889e-05
1.518920617897452956e-05
1.587921628633071167e-05
1.976971827546635359e-05
9.031937492323023563e-06
4.073256864363048320e-05
1.592919584573478098e-03
7.243865091194640754e-03
1.206147219751046269e-04
2.785477722644609993e-06
2.894695377946960454e-06
7.228760469448077676e-06
1.354984647600498382e-05
1.916138358674485494e-05
1.362806623055392960e-05
1.060937760502590268e-05
1.302079034057908172e-05
1.532703370393439246e-05
1.551265022731510950e-05
1.522175678765786058e-05
1.587923950755070249e-05
1.976928360163278517e-05
1.098867013865167350e-05
2.892367775759163684e-04
6.234495724820860937e-03
8.452372725520301919e-04
2.967949672173415696e-05
5.796344939859687147e-06
4.307315401037546111e-06
1.157090575161065045e-05
1.501246085100621508e-04
7.999522975778662528e-04
1.202064554067195040e-04
1.327315112101521723e-05
1.062624368007236293e-05
1.448739906528921504e-05
1.557211199771389097e-05
1.527768362402738474e-05
1.589080047364453774e-05
1.977603460733792540e-05
7.938178366454707777e-06
5.441038709520780274e-04
8.311517947400396886e-03
1.039725030138626645e-03
7.683261191200197859e-04
1.660196074467762807e-04
7.162936589841037771e-06
8.577855343695061648e-06
3.695371346004957028e-04
4.933142473269677523e-03
3.495804414305503133e-04
1.300174477332029626e-05
8.337748544739400191e-06
1.328437418551327325e-05
1.547095207803722349e-05
1.532169454208792973e-05
1.590479672255143659e-05
1.978232264872430835e-05
3.798021105556599858e-06
2.824890523331522688e-04
1.431185434735825907e-02
1.308084846593851255e-02
1.905875231845722065e-02
8.078544448307552325e-04
5.038047620736891805e-06
2.814732023581861381e-06
1.128118120920941747e-04
3.070266895581353749e-03
7.114730034644492235e-04
2.983945870104469405e-05
1.057567528967026634e-05
1.311331315002998490e-05
1.531808152240712938e-05
1.534628686702300694e-05
1.591526246138186108e-05
1.977946145392989218e-05
3.037032573629861360e-05
2.347837336945344643e-03
6.033332770730267386e-02
3.071626320268431090e-02
1.393077010395312072e-02
1.310022148039331541e-03
2.188171124074103204e-05
6.222404786904831216e-06
2.034806607531002075e-04
1.432992044451961849e-02
7.346648154219067965e-03
1.576963412869230414e-04
1.742558967908610854e-05
1.348169883075442198e-05
1.521623545040859488e-05
1.542047363371074065e-05
1.595003537481550846e-05
1.977575279548539859e-05
2.393352592492489382e-04
3.026111568436886529e-02
3.201551473883617605e-01
8.062256325638836318e-02
3.162151842522109568e-02
1.290512598978630320e-02
1.025337979491155365e-03
5.396093045933723513e-05
7.005543833299773945e-05
7.574128980334914876e-04
5.400480300043923121e-04
4.637954622975478454e-05
1.159650929444685466e-05
1.138093000416484421e-05
1.447003134657457585e-05
1.546106553056111717e-05
1.603659449779582023e-05
1.979161861078690453e-05
2.466461660947846237e-05
2.802156175812291032e-03
7.574345677476465588e-02
3.993891068138039069e-02
9.524016076067979772e-03
4.285333243486328866e-03
7.013606758068444309e-03
4.059428465521105404e-04
8.608968345229406929e-06
4.705351524164542715e-06
9.758447693505687700e-06
1.611230540054871640e-05
1.212685331694296319e-05
9.513748519924250584e-06
1.234322638190879237e-05
1.505108757545345921e-05
1.612452848760318746e-05
1.983147795639438941e-05
2.924388521900693331e-05
1.146309008519084830e-03
6.105910915119803703e-03
6.764667930513493764e-03
4.871741519057148570e-03
1.569008612062570323e-03
5.793817206191291189e-03
7.245654196243513654e-04
9.393974653952661801e-06
4.010188631244574942e-06
3.924635621928311877e-05
4.439828035033846964e-04
1.238345728838375031e-04
1.327197390639055858e-05
1.019511263613388426e-05
1.417124046123390907e-05
1.613477894863896730e-05
1.987433379847691642e-05
4.144898385771083422e-04
5.296977699476870978e-03
2.560864470173337699e-03
4.778157068432329138e-03
7.131673402271937814e-03
5.756726206128114131e-04
2.478214201786756643e-04
8.797499647476725196e-05
5.096551501560653416e-05
1.531391621098417979e-04
8.545893615191384098e-04
5.741830368176205519e-03
6.321644892932382510e-04
1.927055264536967636e-05
9.611923213497434142e-06
1.372637974076125834e-05
1.611083811029148812e-05
1.989161373122471212e-05
1.623831637596395228e-04
5.602859125315794815e-04
1.187947783807627461e-04
4.168059090947346767e-04
3.056116521822022439e-03
6.356144362351203499e-04
4.580116925636129068e-05
1.966621764797381601e-05
4.690548543179331813e-04
6.815997523857515381e-03
1.259895119322143771e-03
3.385406842011798377e-04
8.183055836726016441e-05
1.374494264021442130e-05
1.072150504138897673e-05
1.426295484943919301e-05
1.611840591924840310e-05
1.986988534139913653e-05
1.660015054814507353e-04
5.541251009880847952e-04
4.896006463662276733e-05
1.233276946856507264e-04
5.237572293493244699e-03
6.854944488440694109e-03
1.932932889909167893e-04
2.211176347877651964e-05
5.066414023453500197e-04
7.312835771795002208e-03
2.974608965634014160e-04
1.352347449574004814e-05
9.178715953562127964e-06
1.046129002778006868e-05
1.305921801959206129e-05
1.509872089773311364e-05
1.608951889893317494e-05
1.982564162399386216e-05
7.230729678052255594e-04
5.194596739655236474e-03
1.005627288975985542e-03
1.390701760395404024e-03
2.055819806389045344e-03
4.292655073427053538e-04
4.571949058494751019e-05
1.233805278501395552e-05
5.491862392828631329e-05
2.499024916015754540e-04
4.706013562149037680e-05
8.091369199909737015e-06
8.490653000379416181e-06
1.279628536102374015e-05
1.507717030655783716e-05
1.541930885402242779e-05
1.599762234281643377e-05
1.979134507785924936e-05
8.863827916552596961e-05
3.609605525148191205e-04
1.743263649149952212e-03
1.170557184129192990e-02
5.555876103253946799e-04
1.011658563605728382e-05
5.355003220537133035e-06
7.754950457863193103e-06
1.297065477600671742e-05
1.990572898922568756e-05
1.501392885234059152e-05
1.137907793920017733e-05
1.317584132017486326e-05
1.528660734582514070e-05
1.561781372943605334e-05
1.533251049686595578e-05
1.592442473998930612e-05
1.978364409777710780e-05
1.212661603558942472e-05
6.072938404470482472e-05
1.064086177486012978e-03
1.871868485516269606e-03
5.472548136608225720e-05
4.113093595217915542e-06
5.743769249105188479e-06
1.107786266596257909e-05
1.272493364005605492e-05
1.292368431631156656e-05
1.329250470346346087e-05
1.426713951822222899e-05
1.536311351503434584e-05
1.566850882653660938e-05
1.545727316254473288e-05
1.522645342355586786e-05
1.590285981495611210e-05
1.978785896303113375e-05
2.047250595717322881e-05
4.395060614865383981e-04
5.345091178129488321e-03
3.797930927114218330e-04
8.920255697706124437e-06
4.748464859295863574e-06
1.037717841468106381e-05
1.514994484651090300e-05
1.531259191523372788e-05
1.482173997363285723e-05
1.495471997912788069e-05
1.532627905224907337e-05
1.548118495635548126e-05
1.541492584900638034e-05
1.527832189788915762e-05
1.514501642129526214e-05
1.585232879322269299e-05
1.974125182034610308e-05
1.939496647454897556e-05
1.554541151286138289e-04
7.204716877512629299e-04
8.390408748037018528e-05
8.562532474321583290e-06
8.462683933372631333e-06
1.398125988104304359e-05
1.588374171174463203e-05
1.555126801307009832e-05
1.530363294369746648e-05
1.527889310576672515e-05
1.528109274289171673e-05
1.524995461826370255e-05
1.521593175061166923e-05
1.514812264109924615e-05
1.504472060686569449e-05
1.576581068978265084e-05
1.967134504422223047e-05
1.310792328244565862e-05
1.410184551240286512e-05
1.925569144579993995e-05
1.358088165591461677e-05
1.056897037223151320e-05
1.345268666274357642e-05
1.611588540575827706e-05
1.627774901096349546e-05
1.598888677971979497e-05
1.591933038937452769e-05
1.592403642663046877e-05
1.591870759473045492e-05
1.591174644531005331e-05
1.591015563494351968e-05
1.585733744817104061e-05
1.576711774849245796e-05
1.652113349449951888e-05
2.044613747518324911e-05
1.906916629559907646e-05
1.290597702981102491e-05
1.161376313004779337e-05
1.329985003310882492e-05
1.673750413458330099e-05
1.957477227550007606e-05
2.020993096517500191e-05
1.992409805869267041e-05
1.976915198496772568e-05
1.976834156475944858e-05
1.978511086174694161e-05
1.978947087031676026e-05
1.979369665693001131e-05
1.979617816982353137e-05
1.974582067975972678e-05
1.967367222138942606e-05
2.044718696916163859e-05
2.419893219549890123e-05
