1.174807125810807541e-05
9.316318869100822804e-05
3.517215907168760002e-03
1.584563740964533207e-03
5.489189935222798730e-04
3.137033146442190414e-03
2.709048692221679641e-04
4.814224621493015882e-05
2.310255365611736569e-04
4.316729149456773642e-05
4.182480767833442711e-06
5.304399507605837347e-06
1.086143391243608060e-05
1.424557396395896171e-05
1.566243304755657803e-05
1.504215427158619379e-05
1.497272690968396207e-05
2.286833220338981568e-05
4.129468306954665458e-06
2.108932426403901833e-05
6.224247231673333105e-04
2.883279922958173523e-04
3.188457435846392841e-05
5.376015542473091315e-05
3.328158617046508079e-05
1.525262889445834253e-04
3.005299032807726926e-03
1.546612934285213374e-04
2.848428006830032430e-06
3.386287192807526273e-06
6.157293927880968474e-06
6.046317722157102320e-06
8.077024390775275369e-06
9.163915870354362816e-06
9.136247121530192671e-06
1.488331330209386443e-05
2.751688671774050915e-05
3.116810514024299602e-04
2.887997053418627381e-03
1.472132285002429770e-03
2.370785194679985331e-04
8.835988528294615163e-05
5.900003077294737279e-05
6.244548074228438981e-05
2.559196949910656879e-04
2.659796400563169301e-04
8.778058006104278094e-05
1.746092729583203834e-04
4.889899378439972760e-05
6.182722744566108996e-06
6.246370838262906656e-06
9.009432113200632040e-06
9.248268682227691494e-06
1.461752344326945964e-05
6.145848699596469331e-05
1.277050967682085997e-03
3.223289797211153270e-03
2.232995933012367658e-03
5.454867253306312086e-03
2.119265946661886418e-03
1.369132391482962051e-03
3.440908929036453029e-04
1.200017398737223388e-04
1.187533323068170254e-03
2.334861254097047364e-03
2.916381272848080075e-03
1.913473757669318352e-04
5.617549008251239191e-06
4.813789540489164214e-06
8.939106785837507257e-06
9.937317292548534479e-06
1.551564335964505158e-05
8.059563740130745526e-06
5.326320211375157885e-04
1.020058972323707389e-02
6.772293609752130274e-03
3.254442637964053732e-03
1.914557735008568331e-04
6.432800223112634941e-04
6.466773385059693645e-03
1.314672829680993849e-03
1.237999942525334516e-03
4.559963005133179140e-04
4.929123772829689448e-04
6.758737764475139618e-05
2.887587313683642547e-06
3.136979589251078950e-06
6.800907118478089282e-06
8.779323376257690338e-06
1.564538544586835170e-05
1.338511090546689815e-05
4.183707692877809865e-04
3.977468368702196874e-03
1.453994476714145275e-03
1.109100852789369004e-04
5.468291007054063471e-06
7.268370967023816509e-05
8.183600267093582570e-03
5.315223933284196449e-03
1.943984670082002635e-03
5.626446561326831812e-04
1.037705721290589850e-03
1.129276522975652172e-04
4.078624326341025363e-06
5.136408376314077659e-06
7.012418356908653821e-06
6.476141805868976663e-06
1.393529156184613128e-05
1.472599256581231034e-04
9.001360386064237787e-04
7.467138669988535472e-04
3.609290543853923617e-04
1.998045645209219382e-04
1.680642657237264382e-04
2.787424085286849024e-04
7.206332167842632126e-04
1.171786600069523116e-03
3.257953111585980537e-03
1.718090724430938656e-03
2.127766577525365323e-03
1.763781183516827946e-04
2.675048157131540723e-05
1.162692480753859113e-04
3.776970087102312116e-05
6.468224208743757507e-06
1.145289476107984727e-05
3.559960977861841637e-05
3.045454963138109370e-04
1.976623200316354918e-03
2.513048805913778352e-03
2.741702596707131130e-03
5.962183937387153382e-03
9.756609867358881404e-04
1.550585675229440498e-04
4.978377872558315941e-04
2.883867151554447405e-03
1.836852911402076785e-03
9.915139796509515793e-04
9.454172229908748613e-05
1.070134345655913706e-04
1.355654857027167306e-03
1.602200913356146433e-04
7.983734503857371632e-06
1.074750607399460252e-05
5.333464838228369806e-06
1.274488689105645158e-04
3.928178721958807025e-03
2.757358510959222100e-03
1.881771642900739554e-03
1.686107012243581206e-03
5.897833145053108742e-04
4.829694023842574552e-04
8.020055465796478104e-04
9.638184701679717963e-04
2.098825985634063859e-03
2.521777104362574358e-03
2.455312822829456665e-04
7.035666556226189447e-05
1.264082585212582743e-04
3.002097873029152834e-05
6.401087710816858349e-06
1.223781039507727193e-05
3.216519120434430430e-06
7.883336955437844087e-05
2.529174130855300039e-03
2.814237705801963998e-03
4.585382556319743570e-03
2.863153717806988553e-03
1.515088004868618251e-03
1.257386342918931192e-03
8.600564049259731706e-04
2.991355159521409440e-04
6.605816761355133918e-04
8.079812914847606109e-03
3.223937434271219749e-03
4.067095362910405051e-05
2.706799822507411336e-06
2.272589546811683765e-06
4.132219580902798518e-06
1.243720410483830911e-05
3.895228510127143743e-06
1.184372999237113595e-04
3.717522070121721377e-03
2.714831082732407311e-03
2.968876680229326059e-03
5.249424691098632245e-03
3.843558825182632685e-03
8.533185409099990201e-04
1.229745932267067117e-03
6.940058099734445780e-04
3.919944900688944836e-04
4.698905227866784218e-03
4.608014002706768523e-03
3.222227136986194964e-05
8.976812183349449381e-07
2.132113415195057234e-06
6.145426948244906433e-06
1.030948240541585819e-05
2.933124581907238060e-05
2.266844930024504521e-03
6.727247801550879924e-02
2.011123455514704159e-02
5.881883517955938633e-03
7.607394740936672221e-03
2.496446284302020115e-03
5.937309521722054437e-04
1.793347353168826689e-03
1.892414566408250846e-03
1.235365188158817724e-03
3.788347553171637037e-03
4.532717078990986838e-03
5.040721976404967906e-04
6.181677352839311864e-05
1.633849239626943657e-04
6.517523107287337219e-05
1.064725648943896946e-05
7.310680453286197650e-05
3.330386241174100939e-03
1.066341716295379632e-01
7.527836686398529931e-02
1.766288977382026934e-02
1.352092333673131710e-02
3.833758001666534576e-03
3.203941489078656561e-03
5.664556030647591514e-03
4.288355993192950397e-03
4.383671277988786946e-03
9.244724801699369388e-03
1.022317125194948870e-02
5.823432856120708094e-03
2.977897536333410158e-03
4.609871750223532363e-03
1.920760448426785160e-04
6.560414433488040115e-06
3.459517614632586803e-05
2.186266890744406697e-03
1.054306403065161102e-01
3.067379445186423428e-02
5.229686936845424905e-03
2.733356461825372802e-03
7.487431572331946280e-04
1.831547351819602740e-03
1.056670456273755328e-03
3.613838931372289481e-04
5.709617665617574677e-04
3.687934269601580561e-03
5.864559540037720363e-03
1.572893823374081710e-03
1.335148876228869821e-03
2.907855419527790967e-03
8.835188022900643191e-05
3.807838631168885499e-06
5.428525263789177679e-06
1.283773073886196520e-04
1.008306804259018891e-02
5.794546573567559145e-03
1.996589261105036466e-03
1.196558496336492649e-03
2.329630210649907742e-04
9.968166711562657413e-04
1.859734368721697746e-03
1.467351633128214554e-03
1.671741156577603556e-03
4.015493616186111871e-03
3.766634909338037636e-03
6.059661838441630834e-04
6.392713811814443314e-04
2.647192326668164342e-03
1.498086525040127350e-04
7.880246205932303922e-06
3.775059502923799460e-06
2.517821097281421568e-05
2.340933121967717079e-03
5.358168784522501608e-03
2.394841414386101371e-03
3.660170475626668609e-03
6.867523204629424243e-04
1.538948628959301793e-04
2.577841576756190320e-04
1.750485280398760826e-03
2.553971047146513188e-03
1.183013810118101411e-03
7.519381083513059644e-04
3.653889118762594168e-04
4.117388542438445869e-04
3.929525702215764063e-04
3.668381231552530450e-05
9.352537279119523176e-06
1.300490893539362521e-05
5.853051205101286172e-05
1.355927115158122665e-03
3.492237266248831608e-03
9.987092346825498373e-04
1.139019398685011449e-03
1.606766637338870622e-03
4.748625459027557065e-05
5.986392541943697960e-06
1.305251040689348811e-04
3.233395135562473592e-03
1.659604571957022179e-03
3.418037188920784687e-04
6.400016578002480422e-04
8.101368879228917170e-04
5.745430268292810161e-05
5.017903268955765140e-06
7.506730122909378230e-06
1.256620745071576464e-05
1.625570592734311702e-05
1.178823106473559637e-04
1.687161293657727865e-03
1.150499491052507173e-03
4.821218170632302936e-04
3.083769336602555818e-03
2.696478358761282166e-04
2.935552067983679373e-05
1.581657161427192507e-04
4.132484891083724673e-03
1.690578325421210034e-03
1.632262381008477256e-04
9.052932794721854593e-04
9.988713476922835184e-04
2.794970694016753423e-05
3.983344257375229213e-06
1.022649748755676168e-05
7.202690338177687164e-06
1.456743232799174484e-05
2.454065776899231753e-04
4.030901174825816946e-03
2.230298798940138355e-03
7.022206157172760288e-04
1.544821455239880556e-03
4.875543702697267864e-04
1.372221034635886898e-03
2.098179255407485021e-03
3.806810428901353984e-03
3.154147981546150180e-04
3.689166982321200202e-05
8.693044472647295899e-04
1.175483558459285063e-03
3.643222644502666971e-05
7.054441885988828763e-06
1.422698967710709720e-05
4.403020178952048257e-06
5.278766669787738052e-05
1.455732388446313039e-03
3.651195778055851392e-03
3.558465644060506989e-03
3.776477529325659131e-03
4.808563785913343158e-03
2.106612215116907254e-03
5.742210489395954513e-03
3.729635493975379072e-03
2.433859606906736694e-03
1.875880387279472343e-04
5.688018560820756622e-05
1.087419477476138548e-03
4.418810638327284163e-04
1.535662132254288090e-05
6.463907773277763482e-06
1.500379617760500708e-05
7.183475427141465336e-06
3.717560801846966608e-04
7.545276575864663313e-03
1.739688982588595860e-03
6.243038324154621781e-04
1.193141634298352117e-03
5.892277218906757756e-03
4.366218739385236899e-03
1.341746414221565683e-03
1.009878362053386481e-03
8.862338110534556754e-04
2.128893806341138149e-04
7.014836558148438968e-05
1.158279300799883009e-04
1.948457278863774693e-05
2.698791725126427978e-06
4.457733147542515042e-06
1.495705160319092398e-05
4.642776626926569213e-05
1.831958124295807004e-03
9.315693419630026798e-03
4.149498776362845268e-03
3.772959685914930531e-03
2.848736404479886800e-03
4.830142732972061352e-04
7.688566998029875842e-05
1.405588306732484397e-04
1.515761065580701911e-03
2.197616533323811655e-03
1.008486364427257313e-03
2.858170679321754061e-04
1.480242612144816222e-04
2.068955693710013120e-05
3.345481832749006822e-06
5.253565074039739527e-06
1.562033146691293781e-05
1.168616239215282030e-04
1.556880563670863093e-03
1.081727840142583750e-03
1.282914225949020361e-03
4.188075601461607386e-03
1.899568190396294133e-03
4.258051584982757765e-05
1.200357657065305994e-05
4.022789589012336982e-04
1.721376672371848241e-03
1.992921352530178805e-04
9.406752069241049955e-05
2.962886769420733260e-04
1.234540049463218360e-03
1.527657338944785460e-04
7.940206503560409909e-06
6.072615188557554917e-06
1.488619987425120292e-05
1.137405501078742569e-04
3.801239816579760934e-03
1.639879215020394838e-03
1.253436030273318003e-04
4.206912715386878712e-05
8.912830235579950028e-05
8.774974065242939145e-05
1.955546487193484133e-04
2.959781164833577213e-03
3.448678349007412106e-04
3.577646651907351631e-06
1.751808207097552277e-06
1.659039715973482986e-05
1.425108211233303977e-04
4.604715170649395332e-05
6.979537581321908626e-06
6.719006366906212569e-06
1.510630758228672688e-05
1.098085688253654481e-04
5.743329536065482945e-03
3.895407739964099579e-03
6.130646004613592344e-05
8.698539594005359255e-06
1.561482698783871583e-04
1.372592375840128720e-03
3.638712969280654005e-04
1.658555816332606147e-04
2.288612050021369325e-05
2.400123021732606923e-06
2.562063005277143200e-06
6.905007263126025525e-06
1.373656128906805866e-05
1.147727602500387767e-05
9.609956377932515453e-06
1.327925616607645709e-05
2.375729104571245294e-05
