1.290959668830754822e-05
1.008773401033397272e-05
5.293063832599347924e-05
2.550104286226143567e-04
5.520782461648110511e-05
8.454200660494478933e-06
7.044268477613446189e-06
8.556648280603758482e-06
9.700978190834255279e-06
1.201264122280491319e-05
1.395209450965167421e-05
1.416635690044081240e-05
1.387133971230802409e-05
1.380010365956207587e-05
1.377275632291564033e-05
1.352772032074548059e-05
1.407329962710480002e-05
1.915255642326913648e-05
1.060810861762277372e-05
1.152629838074295264e-05
1.320204496485593258e-04
1.821139592977030807e-03
1.491354117866279094e-04
5.072742964159861526e-06
4.869613427620120905e-06
9.453449885606296440e-06
7.439056616766064879e-06
6.584945357001012567e-06
8.618272430963968677e-06
9.896549031830027609e-06
9.778418049930761292e-06
9.595887270490092083e-06
9.498460308230894617e-06
9.253832833585440599e-06
9.664455195130330166e-06
1.407242054746502134e-05
3.891257583273668015e-05
5.713730809023259146e-05
7.881338012677510131e-05
4.892982977675198325e-04
7.019206777931820418e-05
4.410412123528358172e-06
2.779743220274468146e-05
2.509584481136086301e-04
5.224471633739917107e-05
7.299705409653794449e-06
6.634840535346500599e-06
8.924746116843421484e-06
9.445513284205883151e-06
9.408376352460626866e-06
9.247535215673961592e-06
8.909285013228284837e-06
9.251758379150638018e-06
1.352684878645403038e-05
2.368597079373355879e-04
1.955813508304112599e-03
9.843303562317164915e-04
1.834434079324284358e-03
3.623772413790613683e-04
1.635089724600330934e-05
9.014844371486891589e-05
1.796206861220541124e-03
1.358776992889278569e-04
4.048486694866101018e-06
3.646515585260253246e-06
6.828738580237423466e-06
8.150530800648047184e-06
9.261722955980620345e-06
9.646524989092268785e-06
9.214919201975611858e-06
9.471263884563236381e-06
1.376206364978556766e-05
1.376628118842293449e-04
5.405879273748358770e-03
1.108263836731593344e-02
8.385996169763178937e-03
2.319571798521206929e-03
1.336295964167858222e-04
8.923948532140492113e-05
6.547259831044505932e-04
4.992881152991049203e-05
1.586080253155513333e-06
4.179533979736845057e-06
9.256433339858245049e-06
6.294989648720311322e-06
7.613373526255979841e-06
9.636179790344300171e-06
9.425316648874127446e-06
9.538284889770932479e-06
1.379585464953264020e-05
1.288505843578632333e-05
2.296178007288505421e-04
2.401627449048241662e-03
3.425346456261998355e-03
3.366255456406994952e-03
1.969071921188042269e-03
1.215981354414030985e-03
4.084694573935623678e-03
5.668118184955600299e-04
2.519395715445120164e-05
1.325496999976039970e-04
8.434584804201910159e-05
6.524003500965040854e-06
5.475389457254412591e-06
9.306220101310455267e-06
9.769949147802885512e-06
9.738372263126571796e-06
1.397541822706751806e-05
3.448038558401662349e-06
1.190351890551739050e-05
1.835555995618314842e-04
1.745373037721609840e-03
5.612560464606288282e-03
2.955464570473066883e-03
1.279894917986113727e-03
4.402480818843099511e-03
6.718855294242411826e-03
1.467017385944943469e-03
4.040346209793575956e-03
3.030851815371726397e-04
4.227395381766033346e-06
3.461851756572255205e-06
8.247776706997928515e-06
9.334653448268128570e-06
9.480427383491014644e-06
1.409929942349513477e-05
6.247652206754170157e-06
3.417448360861305721e-05
2.418273901492947484e-04
1.053087554041071778e-03
4.861517618768492269e-03
1.163997463123546839e-03
2.476765439039897774e-04
4.469048730133667597e-04
2.217837763019493789e-03
2.879260362849795155e-03
3.236294425788668883e-03
1.124730107576733221e-04
2.376734450482077655e-06
2.386418722264024485e-06
5.731740784505748375e-06
6.690548178449305028e-06
7.205421071478898417e-06
1.219480703361363652e-05
1.306183873920028777e-05
2.862930315154975326e-04
1.403325587889023675e-03
6.034348861236063727e-04
1.723763457495407561e-03
2.307452372732443201e-03
2.523832190815902734e-03
2.184008426764244039e-03
3.987069639021748914e-03
5.436515179883617821e-03
4.845351520447183959e-03
4.589034895186009820e-04
1.220433530665424671e-05
3.234078732383692814e-06
5.580953951281782393e-06
9.437563870985505557e-06
7.539344809576087634e-06
9.160745599286711487e-06
4.056007209428993390e-06
3.079248466168487579e-05
1.716439782262816315e-04
1.688001216523333180e-04
8.175989345230028202e-04
1.545274450129307869e-03
1.262379752805070556e-03
1.557659905479658350e-03
6.033468915612256317e-03
1.180404342632949792e-02
9.084172101529791252e-03
1.779223236168807516e-03
6.819644209671562262e-05
8.314850600000156018e-06
3.064215295005464897e-05
1.770774428155698149e-04
4.260912274132362698e-05
9.768031605617930537e-06
1.675893180174147170e-06
1.062439644296552596e-05
2.457108791949782719e-04
6.488533132137073740e-04
2.874457253579123812e-03
2.860216355507035329e-03
2.846282329813427546e-04
3.117211428775004591e-04
1.045577650501448939e-03
5.673836593875476383e-03
4.735944889331963718e-03
8.386108398746088205e-04
2.120894092794774373e-04
4.672349063445438287e-05
2.018620441288575772e-04
1.980600034865085540e-03
1.921334084373770576e-04
1.228359736047100894e-05
1.755386501942324715e-05
7.555921581572731111e-04
2.664505731638735359e-02
1.059646194964022209e-02
6.791451942623028676e-03
1.155099429186171381e-02
2.556175583153843731e-03
2.456155746889302372e-03
9.801284177278469199e-04
4.629709537281417354e-03
5.978695074306081270e-03
3.133179185195088690e-03
1.741389324577706597e-03
8.823643369178443016e-05
4.678408030331958817e-05
1.682149911380633584e-04
4.332668587305654924e-05
9.937998959021155184e-06
1.641712123137278889e-04
2.368283835715363078e-02
2.098489760520928782e-01
3.734432953146225864e-02
3.556699476442264779e-02
2.472049170495212167e-02
5.191044246014965037e-03
3.770988247486921005e-03
8.678918696082608096e-04
4.924691966390727128e-03
1.207192778518051401e-02
1.287042288905507724e-02
8.975124810817490311e-04
7.793520859364954701e-06
2.748729666625734026e-06
7.070001287857362702e-06
7.659615048781026909e-06
9.355195032788080723e-06
2.080014611464054273e-05
3.815641009565190478e-03
7.278699640345061284e-02
1.174740506023031275e-02
1.523349554569153504e-02
1.552870756981343699e-02
3.975917711258532793e-03
2.667761355521950685e-03
1.762657263462414367e-03
6.533224406579618733e-03
1.240923681674898499e-02
4.990982970909925952e-03
6.792174145520137008e-05
1.497291457347660518e-06
1.842250505890249681e-06
5.086604375970943724e-06
7.396798453907588451e-06
1.236967140366468628e-05
1.107096070302322886e-06
2.236118503051318381e-05
3.504247124904617729e-03
9.447181303261876356e-03
6.995720185898176603e-03
1.234914120509038489e-02
7.072497697988129606e-03
3.279151507543310445e-03
3.452494721488539448e-03
4.606928795955455777e-03
4.390320018423316331e-03
4.504214784503499797e-04
9.086912796495402912e-06
2.113131573097522515e-06
4.903779212444952272e-06
8.791547409211871683e-06
9.813245433511387115e-06
1.416808380237311572e-05
1.012807749179924742e-06
1.114436749514078779e-06
1.082312941766603952e-04
8.366222683756951647e-03
5.548022151504861284e-03
7.830180286541976297e-04
6.192796633457052198e-04
9.080858233785727785e-04
2.828451746852229855e-03
8.843807502768905038e-03
2.549441203975863924e-03
5.689345115694830618e-05
3.499075454059037551e-06
3.569135635711682209e-06
8.002767392730834574e-06
1.003505073763463370e-05
9.959868410521026586e-06
1.395315474588559172e-05
6.143754905105246119e-06
1.177394134923300522e-05
3.418698444641370343e-04
8.890775321413088919e-03
4.471503844335239682e-03
2.490585350347508512e-04
1.202009043453795823e-04
2.175043330528255087e-04
2.019955146411606724e-03
1.453534834312184519e-02
3.584133245055262738e-03
1.685312155785617324e-04
1.613007905777119014e-05
7.444734772852605140e-06
8.651244892389552219e-06
9.460323992570642365e-06
9.613855477763585524e-06
1.374508846009802117e-05
1.781140070726789658e-05
1.319065713114318046e-04
1.862349462102931780e-03
5.112791623850191335e-03
6.402575231363401287e-03
3.299043552576160377e-03
1.146402473810143171e-03
1.429525255237977738e-03
3.010739257669460545e-03
1.599566784966438603e-03
2.766983163287500911e-03
2.073953566269809163e-03
9.510877543066985470e-05
1.079519542016426542e-05
8.284376049910253454e-06
9.132916271315383921e-06
9.569461964386419937e-06
1.378082624285009365e-05
8.682576724624607546e-06
2.217261665054103822e-05
2.011646811550941484e-04
1.142504195091391958e-03
4.802663814910651530e-03
4.647726700111382524e-03
1.820206672337143852e-03
4.295089512622405660e-03
3.698081845134315159e-03
7.277698916407862335e-04
1.699828049414662482e-03
5.689154358168587540e-04
1.873965976111074909e-05
5.512392346550255389e-06
7.680062468110546452e-06
9.239554818496113783e-06
9.619291261936947950e-06
1.381169497614653567e-05
6.960227233605147314e-06
2.228539824259079477e-05
5.299843453171155594e-04
1.577498301937755708e-03
4.373589005751941125e-04
4.090553940684111146e-04
1.900380413414720551e-03
6.478861649126649823e-03
5.075327805087399662e-03
2.032644146790981831e-03
4.029355951348995764e-04
1.544019677985910513e-05
2.294939068923779733e-06
4.007847797865175163e-06
8.359396706347531345e-06
9.489262333435160196e-06
9.614083823384019610e-06
1.380466226143430296e-05
9.384569383768365090e-06
9.025411977666422051e-05
1.805296808312848800e-03
4.349739617161614167e-04
6.500825940606651764e-05
6.278707310267636361e-04
5.281937048378108381e-03
2.247124988003706709e-03
4.084736607603786673e-04
1.348167335985100686e-04
2.123480389290235320e-05
3.118493739549567819e-06
2.884052938330036446e-06
6.641929522993058924e-06
9.709729262936142536e-06
9.510648799823951866e-06
9.564899390887684821e-06
1.381481982184466302e-05
7.637801898374432460e-06
8.812595045255403644e-05
7.238320407638681835e-04
8.827903823207910972e-05
1.669970894423556220e-04
4.173208750676476141e-03
7.782531779351633660e-04
2.627199777273920328e-05
6.269021239986437733e-06
4.897086505148420236e-06
4.504127048005804364e-06
4.696627868696341483e-06
7.046806640476967186e-06
9.624288694714381001e-06
9.924917754843206338e-06
9.262945921586341510e-06
9.475145357899534827e-06
1.377531403935756718e-05
9.777869163530591670e-06
1.706215992705127486e-04
1.703203721823553108e-03
1.479342461376319880e-04
7.948671493559500976e-05
2.377291415202979221e-04
1.546302826728335132e-05
1.572714602051025288e-06
2.140486213027074507e-06
4.141488841743366001e-06
6.340383749932278047e-06
8.312538101507128439e-06
9.539081833522542595e-06
9.673019758895078627e-06
9.296643729353900297e-06
8.880432347350062890e-06
9.233269721447795754e-06
1.352479646838728547e-05
1.048396390914499612e-05
5.343173947779736581e-05
2.477587213511500317e-04
3.985832432614246372e-05
7.848296733248935996e-06
7.207303164658732071e-06
3.467891425713843786e-06
2.918020038891325470e-06
5.785324027601619050e-06
8.757988913332867599e-06
9.756719445838979600e-06
9.960777302585457766e-06
9.826905183256617681e-06
9.622552643932654685e-06
9.470417012605881267e-06
9.227528048205276161e-06
9.654205167593608777e-06
1.407176723931520632e-05
1.220525122836175545e-05
1.024034647609667574e-05
1.286269369268507780e-05
8.856845217793506893e-06
6.517153558457239745e-06
7.745034904318284433e-06
9.327246639987329260e-06
1.178901194170385656e-05
1.448498588917811342e-05
1.490339277972959147e-05
1.431320580544357275e-05
1.394267542421347955e-05
1.379759260715183554e-05
1.378192177206775662e-05
1.375667036461707663e-05
1.352009240290907612e-05
1.407144619343673763e-05
1.915359549814190794e-05
