2.127014671092611713e-05
2.197786259311859333e-05
1.239282417572211961e-05
1.043967022741732368e-05
1.504106877993323317e-05
2.049402843983853481e-05
2.188955053576106615e-05
2.178289854059242803e-05
2.305634664946116448e-05
2.301727822266887209e-05
2.177363970367643365e-05
2.168869830096948400e-05
2.293865811590894350e-05
2.375291749819975556e-05
2.334689964803466104e-05
2.227760225503543412e-05
2.282819207850345149e-05
3.163833951944783210e-05
1.221554681879645650e-04
3.172225150118789341e-04
3.799511730579433502e-05
7.353740661609741332e-06
6.468882672220732390e-06
1.125888205501539199e-05
1.103958767324234016e-05
8.508139989399679290e-06
9.160967181540731751e-06
8.761853935262034935e-06
7.767146063898588081e-06
7.887319774584677841e-06
9.779235645392924108e-06
1.286934449849348142e-05
1.508342328974366059e-05
1.523996675430115757e-05
1.563002896972960772e-05
2.286680482467168770e-05
3.735004595837899954e-04
2.346537334302459515e-03
6.646535509026460595e-04
1.296914611998244810e-04
3.946494182502412532e-05
5.880708401721344185e-05
2.431403834818764685e-05
8.900677240086245521e-06
6.684629153535804774e-06
5.877661541832606920e-06
9.768886822615342782e-06
9.484240484273975003e-06
5.762971000520062528e-06
6.414443883788120953e-06
1.017175027736588489e-05
1.324711455453825115e-05
1.519714423008574883e-05
2.254235135223558705e-05
4.951188496648099033e-05
4.984235713279692092e-04
5.665362786502219430e-03
5.904110435392269721e-03
1.857115959965702310e-03
3.108185942572198966e-03
4.724702785716914928e-04
2.093361699641242528e-04
6.399495389474941446e-05
3.306453074028356385e-05
3.482633685118008502e-04
3.254130589375785415e-04
2.510401460061817156e-05
9.714213359158811861e-06
9.869052934432112834e-06
1.013001992958190674e-05
1.396209988300253370e-05
2.381086120377628890e-05
1.422842052633111040e-05
1.120952381643474321e-04
2.788239958066766628e-03
4.230721954262027691e-03
5.605102588443408411e-03
9.778283856686449671e-03
2.138985690699878733e-03
6.283509261666571713e-03
6.655131341889441998e-04
1.069662690083822665e-04
3.050630755648016737e-03
3.184816653794656470e-03
3.463798248756109707e-04
2.766840895573198077e-04
4.341894720150234888e-05
6.087479773241766871e-06
8.616081601030655857e-06
2.286158376246533869e-05
1.081819110742389940e-05
1.668474766175692949e-05
2.392394520271765989e-04
1.878343586612614803e-03
2.468906461602574619e-03
1.074202900301769346e-03
1.217095305647614926e-03
3.322765762712055933e-03
1.373274725173306236e-04
7.183726317440487287e-05
1.441715692762123155e-03
4.618532685712901779e-04
5.313833713068035185e-04
6.993668901858495629e-03
2.550415289267499055e-04
3.525774790347115383e-06
4.207751394312471562e-06
1.912593731203961653e-05
5.277982593431817370e-06
3.169484609447292549e-06
1.961705507444441233e-04
1.031288579236542928e-02
1.114369289249663971e-03
1.597285997786641930e-04
1.869913000925322493e-03
1.275056150653951009e-03
5.065458122432089672e-05
5.301577750964569201e-04
5.911232258765624151e-03
2.036724284380751217e-04
1.031751865811027821e-04
3.728776303753712773e-03
1.067115109457629149e-03
1.559816052548748341e-05
5.572822615126833667e-06
1.718062077758966683e-05
8.746933999700118724e-06
2.289558198647756172e-05
1.446194953262354942e-03
3.747654543147592009e-03
5.091193485560068134e-05
1.655159093279481822e-05
1.056535856077340683e-03
3.510081532898293600e-03
5.363858539972466257e-04
3.317888601603704527e-03
5.647590112701285012e-03
4.544547448243784664e-04
7.810927757616191903e-05
4.828737895069674891e-04
2.634787938444376875e-03
2.089004055156867671e-04
1.646843503983743553e-05
1.826475002594648764e-05
2.047593433084784497e-05
2.812218902261969682e-04
9.969921479345647888e-03
1.651688139391418227e-03
4.684424335198557001e-05
6.699479998291038964e-05
6.578347339832063979e-04
1.941157376871560647e-03
1.516096656601738889e-03
2.839365412867420318e-03
1.084656523491867074e-03
1.482887945429501187e-03
9.948610618860432610e-04
2.150154724765272361e-04
2.626335273631070317e-04
8.541694239161481429e-05
1.669952102327841939e-05
1.938803870150085758e-05
5.482481526223974707e-06
1.948009443176205169e-05
1.256883834302879909e-03
2.825405135486391654e-03
6.667339273196766416e-04
1.877043210870544014e-03
1.453408568992814020e-03
4.477874092505944596e-04
1.138991416445614760e-03
2.893558450656580263e-03
1.056605208119557352e-03
2.010072752299136515e-03
2.340788100030941760e-03
9.953299522446130878e-05
1.114753066513735842e-05
7.729530581219190249e-06
9.483568712814658644e-06
2.070989638460919978e-05
2.733416536708154916e-06
6.510793798245717630e-06
6.168807615913369678e-04
3.491167719470870349e-03
7.312433154356936431e-04
1.846096343992446485e-03
1.895666220211582971e-03
5.823114551732464948e-04
1.873572358411784841e-03
1.977701271400678952e-03
1.807808052467446344e-03
3.670810187689678514e-03
1.129354926211341512e-03
4.763384229640219123e-05
8.086096753316655584e-06
5.782813465309183081e-06
7.212364874375559192e-06
1.882267398675046408e-05
1.692363903495580467e-05
5.315298954062463131e-04
3.245703756178894284e-02
1.734305629967938453e-02
3.579254700449421150e-03
7.420398570254238720e-03
5.285841217538728674e-03
1.653129969498006325e-03
3.712133546995681661e-03
1.058683086236083962e-03
5.291300171089423528e-04
4.578016727578452204e-03
3.231204821168929403e-03
3.968025099554904601e-04
2.822286442872175261e-04
5.431790341117581210e-05
8.069043591818248650e-06
1.316253063920698653e-05
3.008297371731555626e-05
3.781318366586090569e-03
1.549504955233454995e-01
4.706014629936033228e-02
3.767909726995086195e-02
3.480249092800808547e-02
1.062013254516925437e-02
2.961191527362458560e-03
4.668386383130523030e-03
2.174391319078248543e-03
8.064999543774341957e-04
8.572039739282822507e-03
3.708920420561651575e-03
4.512263246275343190e-04
2.174567177696271406e-03
6.231872192648137522e-04
1.968273520820106387e-05
1.169910121862873679e-05
6.302679038252771789e-06
7.445239023155230534e-04
4.196433819120903852e-02
1.695607062006351806e-02
1.116078935709927111e-02
3.219727717090582579e-03
2.104923443044568344e-03
7.772008836068568715e-04
2.490751194701295050e-04
1.653697213460853302e-04
4.841511376879000829e-04
1.038409588583760063e-02
1.519836817545649121e-03
8.976002651465415482e-05
1.718773711089937196e-03
3.686158857757845363e-03
9.591393368934259911e-05
1.627865050958240083e-05
3.471923967942844623e-06
3.609001883714429461e-04
1.894295438770216347e-02
5.852629968744587838e-03
4.024069575036239022e-03
3.396745117389409884e-03
9.523610503904733973e-03
3.818861229343274190e-03
3.890649348803750462e-04
9.680240565530756180e-05
3.592486202997531314e-04
5.879219483950088969e-03
2.390566803143333308e-03
5.413924712224044361e-04
6.789038092313839576e-03
8.207986797705237383e-03
1.504703902370380650e-04
1.799765951984262232e-05
2.932193968948460267e-06
1.757767459798163768e-04
1.282304647770938881e-02
9.621467957980195038e-03
9.562612708390120717e-03
7.430266595199920207e-03
3.808790367759398721e-03
2.018714232856488443e-03
1.797839734834235639e-03
1.081532917151704258e-03
2.659449138716061568e-03
3.825843724791630571e-03
4.632761590361402556e-04
1.263412943807811200e-04
3.658642043058330266e-04
2.358326421335289139e-04
2.514109979349958017e-05
1.429664842415696532e-05
3.768256225814954022e-06
1.401434193540362135e-04
7.883417839891502035e-03
6.941794692704372424e-03
3.057331246166049721e-03
1.184652346461769878e-03
2.987742252012916657e-04
3.076150830204774978e-04
3.320417154423358419e-04
1.624819249690480968e-04
2.524497289519969851e-04
1.188817840696886942e-04
1.124239525705993624e-05
3.466209775181907887e-06
4.721654594659589082e-06
6.234604492115483816e-06
7.359736618896447664e-06
1.613418942504875152e-05
6.656266260207011249e-05
1.183075483736242698e-03
3.032979895814082085e-03
1.995403529858085986e-03
1.696746882291061452e-03
1.647976431064578778e-03
1.220320012041346434e-03
1.465530239874824258e-03
1.051829086535187655e-03
2.935999341813946405e-04
5.374201562636067374e-05
7.085707526268792530e-06
3.296817180951750351e-06
4.994418805308327951e-06
4.832127319858304806e-06
4.916480451937204459e-06
9.301914633810459622e-06
2.197006068075275524e-05
3.919789204353487820e-04
5.021198482557739581e-03
2.985340953484654902e-03
2.054557412399996789e-03
1.672084925616998527e-03
3.278435943443437205e-03
2.809330944860274730e-03
2.581957256681101896e-03
8.039300470290203574e-03
6.173582643151986037e-03
7.597926295567061566e-04
4.221825116278755003e-05
4.284915890852493181e-05
2.354030063779728255e-04
6.369703656633808901e-05
1.017607585033331692e-05
1.095247531310083195e-05
2.335419483553581436e-05
9.594963331996015396e-05
2.262676498691827773e-03
7.415010657689234327e-03
7.467310002101427979e-03
5.140407018759261988e-03
8.490244033426090978e-03
4.334867959253507416e-03
3.803940124562825778e-03
6.580939539540403733e-03
4.012000744310765740e-03
2.141042911148526972e-03
2.506534373692064855e-04
3.458745109845347168e-04
2.965568819605333278e-03
3.060525180524540333e-04
1.361799254982254085e-05
1.013793250590437752e-05
2.215915087736364475e-05
1.376506238936466096e-04
2.593691277340624390e-03
8.239035131939661041e-03
9.962452244493420414e-03
3.791665479477971702e-03
1.429740206387216219e-03
2.533153309838490595e-03
2.900592794158656819e-03
1.411950294578737846e-03
1.782764053308724889e-03
8.162165149760245309e-04
5.102392738887095416e-05
4.681733033035381195e-05
2.478510378910189316e-04
6.633138920706823890e-05
1.054991333210859732e-05
1.084402871147575249e-05
2.236494868797276827e-05
8.729040726651993273e-05
2.337976910326026113e-04
7.292606019963336628e-04
7.114923851792648128e-03
3.310347729346156762e-03
1.091344025577224968e-03
9.024953314724736345e-03
1.104085121862188185e-03
5.491514650217540691e-05
1.668857717365534316e-04
8.587787623017975418e-05
7.451729025070830477e-06
5.890259104204949836e-06
1.355472082695602063e-05
1.220352798039965173e-05
9.864506987053935877e-06
1.321755085269762258e-05
2.301279668513916060e-05
1.543738870058108565e-05
7.235096403153584183e-06
1.943152131112775048e-05
2.832302377653932407e-04
2.223650697630011786e-04
1.346936548513517668e-04
6.661166445836836465e-04
5.389114565485063747e-05
3.598445924671539443e-06
1.032720486895815210e-05
1.398580406976093399e-05
7.139864445255945102e-06
7.696675783565146595e-06
1.018797310737120337e-05
1.134096607355508990e-05
1.259178576568559970e-05
1.476256384646123088e-05
2.251151942460331330e-05
1.499441982228575172e-05
5.770606450133709830e-06
5.758436612588974233e-06
1.158959635527888854e-05
7.529072763712192108e-06
4.641187077665541052e-06
7.865208138016596101e-06
5.165475030127665844e-06
3.983267451334418167e-06
8.636495454942565608e-06
1.271934816992822450e-05
1.312536324566910787e-05
1.445584918403605168e-05
1.512850872099200640e-05
1.514991710363230617e-05
1.498754346773378834e-05
1.564218236558151206e-05
2.299246741522734507e-05
3.233118554724094860e-05
2.000284922813523432e-05
1.617137950825761202e-05
1.475034799019098206e-05
1.132878385423671600e-05
8.688830176809895548e-06
9.375836371919562675e-06
1.224170889813047941e-05
1.728160502266142903e-05
2.238527537699103642e-05
2.350399493039331616e-05
2.330828724396032497e-05
2.343388981453910249e-05
2.325916794313374341e-05
2.288902749369399467e-05
2.222146437130244096e-05
2.291445348195343624e-05
3.169519871526540751e-05
