1.895335992067491687e-03
7.062650061687141684e-03
1.718184871503924960e-02
9.545966440775892695e-03
4.310775865870083295e-03
5.617421978572044623e-03
1.660380038538063294e-03
4.626745051876085708e-03
6.296861300609113291e-04
8.418059253133336267e-05
1.978446215373206801e-05
4.392406302650888772e-06
8.254086907449548687e-06
1.284893672543085267e-05
1.299883092737183901e-05
1.545076156854677065e-05
1.730435893423273774e-05
2.679539419364809088e-05
1.335820684537482675e-04
2.869049255304114907e-03
1.121528612301274722e-02
8.039752520187938567e-03
4.137653546227972393e-03
4.239829035136143424e-04
2.933432032459606432e-04
1.481898604652599240e-02
1.466699826520175519e-02
4.416164006011131897e-03
4.617281328899577810e-04
8.943264126815909151e-05
1.496504866174635064e-04
4.076792585203686706e-05
8.384566111943784166e-06
7.393302389111600925e-06
9.616604009764046591e-06
1.703874806433516574e-05
1.029999438373874313e-04
2.809838084437292060e-03
2.827441761265280396e-03
1.615803500045970200e-03
1.373038720109414626e-03
1.012008175715397993e-04
1.690641240231430936e-04
3.790647576035528592e-03
5.197603614637911172e-03
8.778409139512086817e-03
7.702206680054001463e-03
3.759589746528494651e-03
1.290280944779021279e-03
9.073083827709802569e-05
1.003145891467802896e-05
6.446817484351615392e-06
8.858992913792302157e-06
1.696277827891069998e-05
3.786153796894544847e-05
2.257845215241277570e-03
9.154614469372539254e-03
2.676777627148788606e-03
1.578207134141859386e-03
6.758379595068462510e-04
8.201697218902095432e-04
8.829567577193399167e-04
3.243929726765390920e-04
1.146678889640411186e-03
7.451241508683397428e-03
4.181649814621056331e-03
4.712750554982769301e-04
1.234993658182931969e-04
2.729537518738227645e-05
7.903896320323975736e-06
8.514469652893956022e-06
1.776376408628056402e-05
1.652262358549199517e-05
5.267014673180687610e-04
6.984004730583946025e-03
7.746716171070571616e-03
6.294832892953943632e-03
5.177962040804945723e-03
3.249122757588327262e-03
2.526029043465734432e-03
3.855742672972344411e-04
1.412531230629445302e-04
1.110229868521990775e-03
4.501713798511712550e-03
4.785396919902965354e-03
3.082562226612448053e-03
1.111408631988644884e-04
6.367783454299832462e-06
6.749332728708261888e-06
1.800458624033142495e-05
1.439792990466767428e-04
2.854246061716464358e-03
7.990542832058716849e-03
6.450224316247741597e-03
6.230314406500520562e-03
7.043844851149233185e-03
3.818550723263750089e-03
4.411310395874479783e-03
1.684364094227727877e-03
1.473384148053019280e-04
4.249942446546804567e-04
3.799308238262099659e-03
1.184490563429253795e-02
8.527612999060211682e-03
8.129059514816436879e-05
2.398451012465041157e-06
4.339625432999531762e-06
1.792462949389292141e-05
3.486004353887731198e-05
4.155406835398355687e-04
3.213450924513604635e-03
2.176192409776560744e-03
8.027108856650847727e-04
1.791494045154648496e-03
9.506844948135726369e-04
3.906432618154807878e-04
1.203389238354360576e-03
8.124123604030698961e-04
9.099888083099826703e-04
2.246230606606852524e-03
2.093366435534380413e-03
2.941944873913100462e-03
7.817394502201304818e-05
1.684726315829623878e-06
2.874915392424380584e-06
1.658751891183982691e-05
3.585040889445957733e-06
1.986801352671644283e-05
9.912724046763092458e-04
2.823797140542011041e-03
1.995884380163209359e-03
5.515289955234775436e-03
1.031153831038873498e-03
6.052397509819772576e-05
3.500291035777434610e-04
6.608356466206641994e-03
4.130213321561711053e-03
1.940057723368463025e-03
1.456960023438505893e-03
3.565645827205353793e-03
5.152299204782009000e-04
8.250492397579530079e-06
3.344530358759880589e-06
1.474720600021791424e-05
1.160488137543925894e-05
6.714542162954431571e-05
9.014952909438000723e-04
7.815177713190696145e-04
4.820797118654394833e-04
9.783314968162899663e-04
1.841771326432971876e-03
9.532287330072124112e-04
1.368506014429407124e-03
3.489288115893520153e-03
2.423344066530587211e-04
3.294765398583522777e-05
3.982594335384195431e-05
5.024292313051689036e-04
3.195361918718768457e-03
9.920357792766394179e-05
4.936670283834538769e-06
1.215067376506342921e-05
1.013522414834382242e-05
2.331873951332280733e-05
1.653291958804306658e-04
3.312878873456648159e-04
4.498532490444958048e-04
5.959024886981340854e-04
1.427714126050672787e-03
4.571177519265348654e-03
6.528465881491899228e-03
3.495786968048785197e-04
3.315365137961748852e-06
1.059225436086000847e-06
2.339580223451497735e-06
6.345139115267639691e-05
3.877500789449647017e-03
1.691329566165861360e-04
2.883496217298169726e-06
7.966065937208156918e-06
3.716108843140214744e-06
1.469726654051964629e-05
5.000635500716081898e-04
1.349947959334359777e-03
1.256449346022287406e-03
1.106159576600661753e-03
1.671172981248206940e-04
8.695745379204906412e-05
1.770790552110413491e-04
1.918004027622277914e-05
1.808932936300109486e-06
9.658624422699378184e-06
4.138383846583133845e-05
1.955159971636145390e-04
3.473423080006381516e-03
1.199087235602785647e-04
1.651034528074828633e-06
5.169572223398617257e-06
9.767074434367264439e-06
3.061654729793714417e-04
1.450671344302666491e-02
7.890929355850444249e-03
3.827669658209553391e-03
2.088458177857334397e-03
2.567653582040591866e-04
1.340960189090559598e-04
7.930948396548340715e-05
3.758722941497946322e-05
5.708421661038447974e-05
4.181243994846738803e-04
8.856095120261602786e-04
8.537156476580485100e-04
3.405452069392422582e-03
3.359571136586877223e-04
6.402479189278161283e-06
6.183842749959976264e-06
5.195886297228935133e-05
3.700301804836800094e-03
6.484132405244100172e-02
1.442112813579015003e-02
8.803671866284898742e-03
7.712771188265522306e-03
4.108673162914404375e-03
6.752961623133008767e-03
2.276251406347320778e-03
1.626610520871953763e-03
2.090144917165240399e-03
1.159470032932958996e-03
1.136839679930153144e-03
1.331883976601127943e-03
2.080203695613309228e-03
1.702559998171235527e-03
9.372901126589309507e-05
1.380306903454668792e-05
4.852695994649045062e-05
1.976056872551785939e-03
4.982756060081606347e-02
6.964565709630366440e-03
8.278455783269845136e-04
2.046178940042180008e-03
1.909522191065413359e-03
2.185427379887972411e-03
2.352711187538340711e-03
1.856021767887322104e-03
1.590851359351343934e-03
9.780049605991425303e-04
1.343351118938755553e-03
1.537576775184820764e-03
1.075963677962487458e-03
1.232847872032166552e-03
1.153865128277392681e-04
1.332236358556987197e-05
5.296933623864204580e-06
2.901276667229130870e-05
2.392380733559640055e-03
2.487422972078194398e-03
1.963884883850431588e-04
8.527640078688903226e-04
2.480275801840650836e-03
2.315747614427334476e-03
9.822101712155691371e-04
2.421698802532468446e-04
4.932903167188536870e-04
9.265825456057156769e-04
2.907356668044225778e-04
3.015759134289316664e-04
1.035107978002291736e-03
6.123197033407135276e-04
2.897021800662985067e-05
7.213712513014031985e-06
2.491942683535788736e-06
1.608795309685638511e-05
2.406203320611305721e-03
6.172424806407840817e-03
5.896895109253168232e-04
6.103470440034265698e-04
3.284006326675375457e-03
5.280971536099242011e-03
5.788658305282153417e-04
3.151963200049154247e-04
1.391833568634909648e-03
6.768175309581139776e-04
6.370035299813422590e-05
1.609437854880547069e-04
2.211323183824496271e-03
1.581877774312365507e-03
5.721531635528226206e-05
1.077839693048471089e-05
1.354067654586766725e-05
3.407662969132018663e-04
6.435080972773436596e-03
3.870682738551348406e-03
3.079788509072746601e-03
1.669932031649590991e-03
1.067990713985747910e-03
1.513684380986198052e-03
7.331667080124634837e-04
2.698095186296831875e-03
4.793174146643255570e-03
8.322143410702365724e-04
4.411842165939039548e-04
3.140000843475096188e-03
8.214465518794261678e-03
1.723617490991365608e-03
8.005430371987299861e-05
1.619743361705570470e-05
6.355470732339509455e-05
1.672154164416751179e-03
2.894860409198042172e-03
9.407124537576059403e-04
4.168674054394882512e-03
3.594879959444498285e-03
1.363938106069315960e-03
2.103273570544978571e-03
1.374625853523686169e-03
2.744915152746671329e-03
3.043529104194937513e-03
1.331877921956144649e-03
1.542991032847010769e-03
8.176441332047675384e-03
3.488009489278922747e-03
1.413165624185655771e-04
1.510513948331116241e-05
1.287954489049752099e-05
6.152851931066513310e-05
1.779799183543305215e-03
1.467383240251605991e-03
3.516707812539212556e-04
1.974973397279334957e-03
2.485205284675161361e-03
2.453995973178644922e-03
5.539683259570413014e-03
8.497795483911485146e-04
8.473618766061222522e-04
3.406251392845251452e-03
1.883800884341726729e-03
6.206747466840617901e-04
1.571036117034788591e-03
2.836925256478709271e-04
8.640502816784547066e-06
4.015783457877287453e-06
1.266307772001448300e-05
7.321241052272984043e-05
2.360225130597260954e-03
1.800306226842430255e-03
5.352089955312136884e-04
3.328259340116604664e-03
3.146455200124290662e-03
2.139270126940764731e-03
2.970445525866212497e-03
1.498660607101877363e-04
2.314069801932078772e-04
3.099857117736368531e-03
1.006095788161433290e-03
5.716688139341037124e-04
1.509044880606290762e-03
9.332277035790187099e-05
3.868806164577671428e-06
4.295991964674489901e-06
1.619184494570381875e-05
1.051998476256311630e-04
3.084445553875291880e-03
8.054424081024713980e-03
5.389678786444089716e-03
2.613669102174689170e-03
1.954274331583521747e-04
2.037213853480563579e-04
7.437374247134891612e-04
3.283091036937891682e-05
8.440141492726596086e-05
4.069258357216965286e-03
3.537268726432906112e-03
5.113710509549809942e-03
2.122603039488045462e-03
3.680497876923468270e-05
4.364411888884205851e-06
6.964808363577018066e-06
1.848343461382533876e-05
1.368874643189355569e-05
3.772030043654939690e-04
6.160955340192945939e-03
7.362758053348515339e-03
1.553197295576882932e-03
4.825635084706574187e-05
6.897684243983910504e-05
7.040952695168342657e-04
6.488279545417086828e-05
2.250666681744775558e-04
1.097054816967011487e-02
6.738383210011714315e-03
1.812335082168518071e-03
1.337628352365204879e-04
6.992115257775114886e-06
4.781800725308820258e-06
9.148675486623608928e-06
1.834927196557521633e-05
6.786549320206336723e-06
2.079949525701687413e-04
2.732970899561666840e-03
1.312319396374182550e-03
1.587457249466467466e-03
2.453684417899879336e-04
5.869430110734964978e-05
4.907655450136067226e-04
7.072272234373424638e-04
1.679858081798676125e-03
6.027082085991131329e-03
1.423331104348935644e-03
1.125645810719955620e-04
9.917208337194689422e-06
3.927998622361272045e-06
6.477945297239351759e-06
9.896682959546456698e-06
1.703803264957389990e-05
9.960628426076235725e-05
1.815091071076685349e-03
8.356759181496472427e-03
3.295452114989780214e-03
6.042657112287869864e-03
3.248246059329279976e-03
6.033754666696541620e-04
3.383106545241820751e-03
1.096837527278973073e-02
1.876554428851512357e-03
1.973675310967362467e-04
6.311779241465440037e-05
2.161847497002675802e-05
7.275060434473035148e-06
6.752487477877087724e-06
9.214137070434738402e-06
1.019908682418774904e-05
1.680656893486715540e-05
1.877275686146362465e-03
1.552532151681300029e-02
3.286043372745696411e-02
9.782562436956330348e-03
3.925727103634990729e-03
4.120341194193928754e-03
3.548237807765016859e-03
2.078204583168180141e-03
4.029200667152843095e-04
3.622482548443808599e-05
7.637484034184998386e-06
8.975986390052131578e-06
1.440458638123036559e-05
1.522667514696246543e-05
1.678314717043685310e-05
1.732627023635300570e-05
1.704736382832169561e-05
2.640482204661559278e-05
