1.062310736632981920e-05
6.132345500942280974e-06
5.085410243466958718e-06
5.364621370485684110e-06
6.248010909889020176e-06
5.908715749415136906e-06
5.590224807572741821e-06
5.917893589298078574e-06
6.739233403727075227e-06
8.343503499459733823e-06
9.569597562782816076e-06
9.673004580799585191e-06
9.403038342300954166e-06
9.262261942502126677e-06
9.212350181912702250e-06
9.060698848267632316e-06
9.440505887251231181e-06
1.287455759169614372e-05
4.859340020358749067e-06
4.925424197909963994e-06
5.207948821434469989e-06
2.740288698671211907e-06
2.864478735178318542e-06
3.589341212513892858e-06
5.533947625032263418e-06
4.709504727489492154e-06
2.349043137663176366e-06
2.703929417675777651e-06
4.723773655187079326e-06
6.289357290904180726e-06
6.672503913265562795e-06
6.554410466303014961e-06
6.386219091263378812e-06
6.190527510850283343e-06
6.464369363106894109e-06
9.430359799517983437e-06
3.898693025572336821e-06
5.488428387320977458e-05
2.076131723535404761e-04
2.746943955471895147e-05
2.603872916371878141e-05
4.224687416191969831e-05
1.436115755383765374e-04
9.164103882947855829e-05
6.822149384347003851e-06
2.780157148373320943e-06
3.550899040720382964e-06
4.561824743254986314e-06
5.986738880569375765e-06
6.658093020263646127e-06
6.435104202258471483e-06
6.078767248935701123e-06
6.261272696806810465e-06
9.109455826441987977e-06
1.934772889933170167e-06
2.413532497237495236e-04
4.302963028519559037e-03
7.176026925104862569e-04
1.311088291335419515e-03
5.143873077264378034e-04
1.019541122581795302e-03
1.695609847302775950e-03
2.466032137197447251e-04
6.786617649431282077e-05
9.760993638253180919e-06
2.480096028796288233e-06
3.484855866300217776e-06
5.878330803711801746e-06
6.404946230346846081e-06
6.123848779897609865e-06
6.455075227090519301e-06
9.459569118443520875e-06
1.021693755360183610e-06
1.481240433451524931e-04
7.945669241796496710e-03
4.821218601874324196e-03
4.257668764973211555e-03
4.034203718638093680e-04
8.138698007382604710e-04
1.991247100247306792e-03
1.533200191782877744e-03
1.621471070152452404e-03
6.320149973475614684e-05
1.848236727703449081e-06
1.191696978822624641e-06
2.844965676132989125e-06
4.408475904377216023e-06
4.751763385555315255e-06
5.657463110051856895e-06
9.382091073277823041e-06
6.319948410711635047e-06
3.848400116673693903e-04
7.895475357975025379e-03
6.848124428054053713e-03
2.537749948391060297e-03
6.367817211374054336e-04
3.997131116252677745e-03
2.127699094662085285e-03
5.559840225791531009e-04
1.348843183476347140e-03
5.236597505572901422e-04
1.719867440883012246e-05
1.522287467045517835e-06
2.165384767549012411e-06
5.715147739048104044e-06
5.043657345701264769e-06
4.389512266035026815e-06
8.277206019083361646e-06
5.266552958007429002e-05
1.297029239392633211e-03
5.338696978251341457e-03
6.660016254355825838e-03
2.597162745662893492e-03
2.078709437446321119e-04
2.146609622361484891e-04
3.835997302672530113e-04
8.492154219361388668e-04
1.635969103474836260e-03
1.904763398750260314e-03
4.367398880796440107e-04
2.109880024822312241e-05
2.130010190264304106e-05
1.112008205493221529e-04
2.849084949441371990e-05
4.848339705600663413e-06
6.885515983384503444e-06
3.744130548359623985e-05
2.115147492547976311e-03
2.285713012326073129e-02
8.397609959151662931e-03
3.816168506399402003e-04
8.944063398094494199e-06
5.347582182082930672e-06
1.138667927143884723e-04
2.087205887353010911e-03
4.017197525375475892e-03
2.461979972755110827e-03
9.399182834714286039e-04
8.915053984043226989e-05
1.512918764217636796e-04
1.324083820655978273e-03
1.294322888520341597e-04
6.160315976399724645e-06
6.333799779229769092e-06
2.298482885484007753e-05
1.879750622895600461e-03
1.802900290873928404e-02
2.568907160702092740e-03
2.602061213809195523e-04
5.803367267914032055e-05
1.194682587434071815e-04
1.457414955712038997e-03
5.371595243522732420e-04
4.744410954571205404e-04
2.002102019215728796e-03
3.236021864334799646e-04
1.167571891914977617e-05
1.563573871181833080e-05
1.082361782509785647e-04
2.972309659166070528e-05
4.919909048471012895e-06
6.877534415451931694e-06
8.261440485682953105e-05
5.521213990881113781e-03
2.297163160482687538e-02
1.086822175355993923e-02
5.390362492936742744e-03
9.146747772712559080e-04
7.546841722384670190e-04
2.822914275541823018e-03
9.085752462352169570e-05
3.240843986495728888e-05
8.707908967096233055e-04
4.251196426719345027e-04
9.145307938357782610e-06
2.240975497991650023e-06
4.564385805993900778e-06
4.909526825709212607e-06
4.472641205292772316e-06
8.305497788333906695e-06
7.683726964535995117e-05
3.365733257306321308e-03
1.481592433302253084e-02
1.484465874604861194e-02
4.186361439825779518e-03
4.158498786307218177e-04
3.098060451597392647e-04
2.495188217199516365e-04
3.574692363224266908e-05
7.651100423643360498e-05
9.773128455255455579e-04
1.013439355689651870e-03
6.710986914069207209e-05
5.305962170417601104e-06
2.906515381900868068e-06
4.006126365608985656e-06
5.679736882813812925e-06
9.468298901826009356e-06
2.814201744615046360e-05
3.890977491982046572e-03
6.994428112921802221e-02
3.365519320205317966e-02
1.052316336210463651e-02
4.316769192031675098e-03
2.341170557795244946e-03
3.059515535247259990e-04
1.290319815957076486e-04
1.278738229110029309e-03
1.603420589503335835e-03
3.407022715185034460e-04
1.482801909300625689e-04
2.558464250032480179e-05
5.454946531548769335e-06
4.841432478074437472e-06
6.372378730691931787e-06
9.614110521852247638e-06
2.977364172418409076e-05
5.849112599361154519e-03
1.441737183057724414e-01
5.886613519938338479e-02
6.766372370209386422e-02
2.208527915921853699e-02
2.571402981960171138e-03
2.102758919127951844e-03
1.547700162779080306e-03
6.378453761093505134e-03
8.807935712849119386e-03
2.600855188299349210e-03
1.201332643099602268e-03
8.938522026417365272e-05
7.560149885465434709e-06
4.977323262619699122e-06
6.326402028465822648e-06
9.447934012186216726e-06
4.202730652510517333e-05
3.339266092644689685e-03
7.892575455660093275e-02
4.612404554137328888e-02
3.888346354212580264e-02
7.125027224591453864e-03
9.250450728325494438e-04
3.985645754903036249e-03
9.972477927525219814e-04
6.394955520947654282e-04
2.586059176772679755e-03
2.752129954976243343e-03
3.754985359377355854e-04
1.534732664336208179e-05
3.802547678698225737e-06
4.788055763388854712e-06
6.432538983255220653e-06
9.415273922233283397e-06
1.021110984359177171e-05
2.576296244527806045e-04
1.266778911991396118e-02
1.697214996402834908e-02
7.018957532856077118e-03
1.239145955014276735e-03
1.200335649437466308e-04
1.388104093601783310e-04
1.235224705772656995e-04
6.719788311141062977e-04
2.036210087498323794e-03
2.878904656532104453e-04
1.192850513103222907e-05
1.694572504208292010e-06
2.322138878105688503e-06
5.026553830159975610e-06
6.630302202754621666e-06
9.422157609039821601e-06
3.401210337952666273e-06
3.618470570386628622e-05
2.304389210676006591e-03
9.280207472919190306e-03
4.288337743450484039e-03
2.478287357137595130e-04
5.894659333473849971e-06
3.638156415783401007e-06
5.707117026064728577e-05
1.097038422767373893e-03
8.623745874244174384e-04
2.656551772668381477e-04
5.639005063495162220e-05
7.359626619706069635e-06
4.041651340013850551e-06
5.432811531216310512e-06
6.575935746141303599e-06
9.384994681676838205e-06
3.658492501019172596e-06
3.209096979022060104e-05
9.710484571835920542e-04
2.280768670022880786e-03
2.456037938412163838e-03
4.892839708796456379e-04
1.107279313923102304e-05
2.318546538648627716e-06
2.001333169735487164e-05
9.147019316619525514e-05
9.993191438249109972e-05
1.207138526077122147e-03
1.680023882398714533e-03
5.479275268161426038e-05
6.403778557720192761e-06
5.362231795191694905e-06
6.398370671413542269e-06
9.351828086563376439e-06
2.992977638505862011e-06
5.069193163399546683e-05
1.071115192655631553e-03
1.201446116899602956e-03
3.948001410687480145e-03
2.352405145587340915e-03
6.210672718634226109e-05
4.838947252100027226e-06
2.399126498070902055e-05
1.615140731555203503e-04
8.341606673987782738e-05
1.505218662938081228e-04
1.276037853585897434e-04
1.448169606902382006e-05
4.828451284034320412e-06
5.305481003329784738e-06
6.397499795096950064e-06
9.349385308196503461e-06
2.772988840765911468e-06
2.005357979161410682e-04
3.962550904678824489e-03
1.175257891912677910e-03
2.872950531825220564e-03
1.563813446602196032e-03
1.875721051845393003e-04
2.232320585606709269e-05
9.565657008282776679e-05
1.150517364822297578e-03
9.590961921706730314e-05
5.274731201313107079e-06
2.839626982876220996e-06
3.074049387249597979e-06
4.371090971158722886e-06
5.797975872328237915e-06
6.496382497635888492e-06
9.332181537989776244e-06
1.930484002495105764e-06
1.525295284773473491e-04
2.361937361168087342e-03
3.615436415442775317e-04
1.174734769435255505e-03
3.845185216121792433e-03
2.401529376005581175e-03
2.377476295160140364e-04
2.173569519570327983e-04
3.086244076239185786e-04
1.633784036192867831e-05
1.996565789695409776e-06
2.254624658402382854e-06
4.086113350568876726e-06
5.806319072173951282e-06
6.293413022087146748e-06
6.490229745088968884e-06
9.295725133844544581e-06
2.746208433428954907e-06
1.563131954636727192e-04
2.916071560968077226e-03
1.694526558480647163e-04
4.756548382745638687e-05
1.170840486319518514e-04
3.609199667493543620e-04
7.641249529472425236e-04
9.617970663524796297e-04
8.535596551335413471e-05
4.078147378252689083e-06
2.617756689137620900e-06
4.859901510140124257e-06
6.464632032685578361e-06
6.639074389852807856e-06
6.304444623600469200e-06
6.423926845538245705e-06
9.288466427864061235e-06
4.063563119576750753e-06
6.185121173976549280e-05
1.841386167691257342e-03
3.664365502260052065e-04
9.001990916729808706e-06
2.802792754108175693e-06
4.269022230850147485e-05
1.089371570724438848e-03
4.652105744228543071e-04
1.375266660742770775e-05
2.620769928568882718e-06
4.083875827568640814e-06
6.485090422212829892e-06
6.778842401487326191e-06
6.444113556353835625e-06
6.145457396846631351e-06
6.361731529988746567e-06
9.260935219312295638e-06
3.594701749748229055e-06
6.527213197401575214e-06
2.125182075783327513e-04
1.232347946495156513e-03
6.754798295591804514e-05
5.087291950392446671e-06
2.384128048612663191e-05
1.210049327462475716e-04
1.602050820493161414e-05
1.935343532264772618e-06
2.481932033195255024e-06
5.310877562766374206e-06
6.531958836535740358e-06
6.307371265215814050e-06
6.119142514066073070e-06
5.948313762631474100e-06
6.203551930694977086e-06
9.088474269801879356e-06
5.194847907741888250e-06
2.830573148980002355e-06
1.758462461223575646e-05
1.327883533741448904e-04
3.923373416348900362e-05
6.026179943792403331e-06
6.614149404598952222e-06
7.975462735247503183e-06
3.271955408340513806e-06
2.450871354376937037e-06
4.470705801569348869e-06
6.514258192495372396e-06
6.630639691991146046e-06
6.405037561873784649e-06
6.342053309654425862e-06
6.202045772814398986e-06
6.481345209384959623e-06
9.452006744088786198e-06
1.142569634118294715e-05
5.514396945587760736e-06
5.756878328197317219e-06
9.096682336101917502e-06
7.839288736612887062e-06
6.097927936010970137e-06
6.759118065010011929e-06
7.054068240209568580e-06
6.785018508052167970e-06
7.892445302332053253e-06
9.515304775566657672e-06
9.758930927956072264e-06
9.380085044674337907e-06
9.255761084037496706e-06
9.248438607385220644e-06
9.090892188223003977e-06
9.454012037623284927e-06
1.288200927109086963e-05
