4.705378836558735556e-05
1.352960679410666238e-03
8.089066723585369365e-03
1.421935999760246851e-02
7.873168736460069844e-03
1.164436658381871810e-04
1.744369773260747868e-05
4.051198554340143093e-05
4.376416385247446544e-05
1.028360032394431809e-04
3.016690171473500695e-05
4.874412994126828565e-06
6.426322492398668393e-06
1.186272633945564855e-05
1.323084211767672238e-05
1.199642112960764357e-05
1.181833905500291623e-05
1.800498666670846185e-05
4.084454584483815761e-05
2.070501430215763387e-03
1.333350371698609378e-02
2.411133350965101105e-02
8.670402996983281318e-03
1.383113825794150180e-04
8.613328952250979089e-05
1.165062522301865081e-03
2.111137724269254723e-03
2.551394403222944415e-03
9.800721263802552642e-05
2.580880348981584136e-06
1.801277233749685901e-06
3.774637928651512945e-06
6.678972157306949950e-06
7.573443752050506547e-06
7.388351836844631235e-06
1.180132711288404921e-05
1.148245342499566626e-04
8.294719173908061439e-04
9.114125490002981380e-04
1.349936593942577560e-03
5.497988591742659090e-04
1.449438804866893344e-04
2.259446998672913216e-04
1.214930650411473727e-03
1.609567052258372441e-03
1.366455596921623602e-03
4.386142948410773736e-04
6.209229890488313216e-05
6.514348840172781768e-06
1.982144970859237331e-06
3.617692097978288882e-06
6.831954049547894420e-06
7.581970611741918498e-06
1.163212737997398316e-05
4.699658430158943463e-05
6.656978393988161676e-05
1.456609347263559257e-04
6.795857149664479360e-04
4.839780773334917494e-04
5.970184932766939550e-04
2.055559485412165530e-04
1.669443925936348809e-04
2.840604710177638964e-04
1.991713434861001799e-04
1.097034483814303928e-03
4.340989488624725709e-03
2.465445841774429269e-04
4.966836576089718728e-06
2.176556480481440973e-06
5.159511443197595431e-06
7.981959579123304276e-06
1.241600901624241818e-05
9.481535887083065168e-06
4.433239231317650776e-06
1.350178595261378032e-05
1.786303491656529227e-04
3.786745622029095114e-04
1.523302830554467031e-04
2.431540905959093178e-05
7.464660120037155315e-05
6.427604659535926914e-04
3.895024480570056808e-04
4.273393692291066492e-04
3.133226854693558789e-03
3.060452555844775987e-03
5.207476198859235773e-05
2.379885541574135696e-06
3.032557535222423861e-06
7.075807762396558880e-06
1.315976818782976077e-05
6.613216506242873151e-06
1.410019582676674864e-06
2.443968707788212764e-06
8.986657458435064921e-05
9.284210909360278256e-04
1.597671613499387845e-04
3.761186331305182068e-05
1.116191888196607564e-04
5.346051362144122084e-04
1.436665535727265665e-03
6.021265790732777470e-04
1.171964066058252566e-03
3.781049672516674596e-03
3.380691194550537911e-04
5.648192685868423938e-06
1.503126715567941609e-06
4.283663703791904976e-06
1.312446773980468919e-05
7.487298896459293976e-06
3.041268971623981850e-06
1.162417275914601450e-05
2.393895007869571039e-04
1.555073933725588950e-03
1.613973318079788737e-03
1.782569002302774848e-03
7.945042543084854247e-04
5.648362681676344582e-04
2.436850875703651040e-03
1.524868227601148618e-03
1.408549959750052911e-03
1.188045771533600015e-03
1.189692311443475399e-03
3.613554309584742007e-05
8.426114868923088069e-07
1.669188895013397409e-06
1.086611558111271183e-05
1.084127241340571486e-05
2.389735861448059813e-05
2.815251375582917691e-04
7.024250615223786741e-04
7.619466450784472553e-04
2.718203184184341589e-03
1.518862530290777382e-03
1.141239068480773083e-04
1.635528560973485246e-04
1.086163106453513121e-03
1.557533469716690074e-03
1.817635199127333066e-03
4.089711022587781035e-04
2.215738935124804496e-03
5.842307452268744950e-04
3.529785614526029248e-06
1.377134037350540380e-06
8.597474986313528351e-06
8.945275346226159351e-06
4.345617626429410023e-05
8.909003319566762566e-04
1.198463417682237410e-03
7.307485206853200866e-04
1.770876116358357849e-03
2.808678982415616088e-04
1.630594777841115351e-05
4.593621507473877552e-05
1.166849703891292904e-04
2.789766779618868867e-04
7.732903926160123375e-04
9.389279396058284092e-05
4.858909965350785760e-04
4.208057017618357584e-03
9.003260561264486619e-05
3.848868580215221395e-06
8.009221914281310642e-06
3.598594081689279168e-06
2.466349727502135605e-05
8.438371131369670850e-04
1.642434454499069798e-03
1.066882952937003295e-03
1.433560715555364917e-03
8.615631429480604840e-04
6.894566245195872696e-04
1.067790002657011215e-03
2.197587137810654142e-04
1.408638282767082299e-04
2.388968010185062152e-04
9.064826552014968028e-05
1.814416304609339607e-04
1.326470772707581463e-03
1.283572015208055540e-04
5.987988728060134970e-06
8.467622126800259833e-06
3.891146499271337804e-06
9.658803516674029229e-05
3.653522835412134628e-03
3.350625795471792474e-03
1.728932109185910395e-03
5.423841082771491042e-04
2.103964582412244080e-04
1.102762625737039193e-03
1.257824161080367195e-03
3.180992208423628616e-04
5.047169254133829653e-04
9.256707751649647341e-04
6.655952841170676001e-04
1.498104771906561342e-04
3.216343761404493308e-05
6.441110366112852484e-06
3.450230851838165163e-06
1.005440733258109399e-05
2.841312334231274329e-05
1.883226583180820689e-03
4.288391484141854115e-02
1.950018368202547508e-02
5.625204303442169797e-03
1.147077566337709404e-03
1.461488354306925857e-04
4.493814647185091164e-04
4.583635260835031925e-04
2.819981380805125656e-04
4.300672603755019896e-04
9.482068719518333766e-04
4.262156764213028380e-04
7.062673134304387542e-05
7.363810898697678224e-06
1.257854905288241986e-06
2.090584362239486884e-06
1.031093755656992453e-05
1.304520085213541449e-04
1.335432742787260110e-02
2.164694104876960512e-01
6.783761074949318237e-02
1.438128588343185951e-02
1.016771717894677206e-02
2.783277645570186518e-03
2.893202918084689101e-03
3.636996958097562203e-03
4.869962072413318646e-03
9.162857203696298056e-04
1.055883619286107286e-03
7.249877500735960783e-04
8.701481417789744700e-04
4.762931596487642895e-04
1.279951246134117493e-05
2.554579639734981086e-06
7.020463501769064843e-06
1.967261983729250607e-05
1.999934803483377575e-03
8.536165890943057943e-02
3.372816242303067202e-02
8.793567595063491935e-03
4.483349872577449720e-03
1.125090573135773681e-03
8.349271254598462444e-04
9.541096531315797127e-04
1.249888953934921937e-03
3.284232966772622346e-04
1.203438442274157218e-03
1.290688519182052940e-03
1.987636720322615881e-03
3.839335883431178615e-03
8.562912906222842316e-05
6.019811592271343684e-06
6.946023336370050081e-06
2.139918054305164049e-06
5.256187803127144217e-05
4.989404246775493504e-03
8.477699073084628625e-03
7.475013129563283683e-03
2.628568853126502132e-03
2.905916373801186109e-04
6.649276637157272877e-04
1.000374765006930688e-03
8.816567067863946322e-05
1.063834002989475786e-05
5.876793431917649190e-05
6.114687560919292674e-05
1.089202396465843226e-04
5.821012600262725567e-04
1.265027028655629684e-04
8.874969642625198086e-05
4.674504692938661292e-05
2.184775674413593361e-06
1.634096590615383019e-05
1.524948068448074611e-03
3.934334323971369965e-03
3.759844679398105516e-03
3.111190343887604379e-03
2.976215417284346011e-04
5.098905882193606291e-04
1.735113588514118664e-03
2.666696954785312420e-04
3.701627741126343432e-05
1.119531199453820130e-04
4.369370921966373361e-05
7.019556509416067526e-05
6.176502565350123868e-04
4.414692267594507325e-04
8.179818141627324176e-04
1.711710609125317102e-04
7.711108268708544421e-06
7.276948551006958744e-05
1.792250202655482462e-03
1.434086224119756605e-03
7.422943142684884079e-04
3.472311938007892015e-04
2.347144173626194703e-04
1.096934629745568990e-03
1.955888019410921465e-03
2.064061585623845271e-03
2.200678807252245267e-03
3.940168697226823988e-03
1.583336886170894336e-04
2.087426851212266255e-05
1.415606234560325073e-04
3.469168777362151550e-04
2.016905160055917998e-04
2.598739101325295528e-05
6.695908060553401921e-06
4.829787319272053773e-05
5.876473341094811363e-04
1.272520542516678791e-03
1.475931875484042021e-03
2.028719269531968747e-04
3.994072823393386555e-04
2.130540752653542567e-03
7.394842957075001494e-04
1.583412690342519014e-03
5.198437782404115651e-03
2.978618848288682071e-03
2.889903730175687473e-04
8.771883710822966094e-05
3.320934037174668937e-04
8.410220361071590097e-04
8.926960201524893296e-05
7.193889761633143025e-06
3.784657668876163384e-06
6.051923156418769363e-05
1.296608543533839773e-03
1.782925966830718875e-03
1.156576905263001585e-03
2.244534123481260767e-04
6.081702274151550664e-04
1.542258968740319643e-03
6.848733448041297066e-04
1.962307098732093188e-03
2.197213134638876814e-03
3.844256696239034521e-04
1.398204454330461604e-03
5.824435251266283156e-03
1.475769196199499828e-03
2.384530309727445941e-04
2.323783903784557408e-05
7.042774683461553653e-06
4.747739067046759427e-06
1.346729078877423487e-04
1.023155368089484442e-03
3.847272750057300120e-04
2.062012831974113086e-04
8.051935555904701422e-05
6.264519336751269958e-04
3.463989897884169143e-03
2.174082128065121366e-03
1.327430966539021448e-03
4.468171466098469448e-04
2.597485754198650978e-04
3.060580880097753600e-03
1.896468752691467859e-03
3.811090728335945018e-05
4.531070072299947473e-06
3.455941030902560396e-06
7.644166996874241909e-06
3.215351865980111079e-05
2.616866161402373698e-04
9.278630507626496615e-05
1.278574681519236323e-04
8.191585278432067041e-04
3.888308951404184969e-04
9.757475464242878777e-04
1.028228627957341896e-03
8.091158965691603927e-04
6.930339448021898430e-04
7.994480949296294990e-04
3.395775021763281897e-03
4.251766667154193574e-03
8.355486260054071290e-05
2.046649919617417506e-06
1.525713802923357547e-06
3.800609593455567826e-06
1.095452085409421669e-05
1.258750432388940565e-04
7.442356758681755455e-04
1.746140331032486771e-04
5.780126719631268868e-04
2.604714244271194145e-03
9.060416163567164326e-04
6.431926523100267449e-04
1.785421715584940405e-04
3.187640410349713458e-04
8.259582904801722599e-04
2.442345762130083715e-03
4.294304860246565478e-03
2.856045283454782739e-04
6.707930943754458903e-06
1.983989552385127017e-06
3.973627734634085026e-06
7.193435676481812513e-06
1.306293336122790195e-05
2.561624129606043362e-05
4.325292467812360902e-04
1.910707839936644529e-03
5.101221339808901904e-03
2.420830652033477675e-03
8.467715009468024462e-04
5.997559998203762233e-04
3.960509665094255572e-04
6.007615771403444164e-04
1.227974840603126335e-03
2.218542847776150059e-03
2.462002306703478614e-04
5.378197912966488806e-06
1.473145438107524057e-06
3.400005418140467727e-06
6.823891702760051743e-06
7.823329991775315696e-06
1.201737636799044563e-05
3.589522323046792515e-05
1.460187190272749973e-03
8.896758343660677443e-03
8.966990856448036826e-03
4.139538766220603357e-03
3.538226394560450502e-03
2.812581031893762566e-03
2.672737672543112029e-03
8.199153818175548402e-04
6.871865436096527384e-04
3.808701454969272275e-04
1.321086470579421217e-05
1.482873933002398602e-06
2.454476205453452250e-06
6.222192879784646020e-06
7.724647631595757451e-06
7.456294550485038178e-06
1.178371376278169631e-05
1.864189270132688987e-04
4.262385248004016240e-03
1.187777124634189010e-02
2.248229215215351295e-02
1.350768178145631340e-02
3.802150077672738701e-03
9.440311970256148053e-04
1.030659773785952589e-03
2.032909506835212045e-04
6.306216955505618000e-05
2.491409022901534237e-05
4.392940134011203715e-06
4.198474869908444438e-06
9.737237835044795179e-06
1.340950920390410744e-05
1.224840312803654421e-05
1.181124558358824782e-05
1.793919194473147364e-05
