2.782825904498742114e-05
4.366232760845221300e-04
3.182057292326473386e-02
2.171192433535116748e-02
3.732455656851653338e-03
4.645582776095228544e-03
1.187958370711249918e-03
4.585992074797641820e-04
5.168808952973040103e-04
3.140790387910694093e-04
4.494271262730851330e-05
8.844163558982579508e-06
1.301012552070637338e-05
2.936616369807452489e-05
3.832788879578892771e-05
4.028019388904043686e-05
4.219001959848225506e-05
5.612934681687053491e-05
2.874438509513888742e-05
3.611444541429788485e-04
1.367674867572447016e-02
1.685212850754862560e-02
4.791747538418827598e-03
1.190488169073912385e-03
7.746988035869577065e-04
5.370401783750284631e-03
1.581831874475460656e-02
1.416370974947303400e-02
9.416335705828581849e-04
1.913701565575367091e-05
9.359692392566510747e-06
1.642003324799075784e-05
1.630525495685778778e-05
1.957211567491539452e-05
2.716854597765189458e-05
4.240969330499169785e-05
1.843849849691719204e-05
3.840847882158934107e-05
4.866895786731622328e-04
2.007855564159007501e-03
5.991394271137077347e-04
4.264867003915970371e-05
5.086241567859383592e-05
4.174815180068564132e-04
7.970574086156188755e-04
8.450775200451794700e-03
2.217262615724467992e-02
1.171001637664853936e-03
2.255197484725885479e-04
8.266734509458296867e-05
1.391075297322781994e-05
8.870469770641179648e-06
1.794113304927606411e-05
3.926842876739812310e-05
1.399243376925426241e-05
2.841564706068672383e-05
8.428508373810861525e-04
4.255601816848593455e-03
2.509114017293836291e-04
1.388118170182116263e-05
7.015418727051690327e-05
3.035112300482452254e-04
5.545677833151964976e-05
3.614144619256179879e-04
1.396976391920849193e-02
1.669394417883139289e-02
4.852045390010476314e-03
1.223659785700975189e-03
7.875712888499929003e-05
1.076974908085192768e-05
1.310763966614053481e-05
3.494156091539952591e-05
2.293491716062720078e-05
2.528068190727528783e-04
7.437635284404288914e-03
1.832624342499094769e-03
2.638495240631577658e-05
1.038567868025327397e-05
6.673417709349069565e-04
5.603586317100112471e-03
3.545047913608655697e-04
2.502315919523338946e-04
2.411777241866349796e-03
1.360750687353485915e-02
5.530008173462124324e-03
3.412108375743233904e-03
1.618050609784468363e-03
1.074088803843593529e-04
2.315818140524544372e-05
3.463021128859301151e-05
3.147046611531359835e-05
5.796323984993290851e-04
5.758007621458310042e-03
2.989965878147543858e-04
1.096143282309237143e-05
1.135968672335641544e-05
4.012978301943559184e-04
6.379885409945154282e-03
4.580604025702665963e-03
2.855846614172439027e-03
1.761097610468882139e-03
5.376191670453164123e-03
4.719003408762661132e-03
4.797011469814736924e-03
4.550972229748399475e-03
2.801716632063826185e-04
3.218064234002895890e-05
3.687312366069479325e-05
2.008299423785683396e-05
8.230221538608213769e-05
3.553097900300211079e-04
3.380840115140086024e-04
4.222624015850912071e-04
8.966625369483248074e-05
5.540217104569502556e-05
6.666978901750075489e-04
5.140854689165930309e-03
8.691806037839840474e-03
2.560245438412964841e-03
7.093283525083870188e-04
1.918799775790056223e-03
1.339127403633227041e-02
1.447167324914109361e-03
2.257014397177875580e-05
8.847894382346170269e-06
3.032709076587192639e-05
1.665998394057224903e-05
5.724575176797596667e-05
2.792963458873938716e-04
9.073451450494677108e-04
4.700556701524266461e-03
4.440569938454226443e-04
1.957236122868627411e-05
3.375607963631472745e-05
1.582954689295747240e-04
2.024111885887077116e-03
1.049306547749612531e-02
5.966640373708770144e-04
4.263272205664203249e-04
1.230305043893278188e-02
2.483093062703008169e-03
1.596584444671372708e-05
3.848059322080754517e-06
2.048766500922777475e-05
2.593602869333976456e-05
5.731510659204866681e-04
6.194003885660573534e-03
1.010899718540485574e-03
7.816487615682713580e-04
1.404022907396783792e-03
3.009328163175154403e-04
2.856388391073818296e-05
7.162387532416883685e-06
4.632501479158467918e-05
8.931705992314875522e-04
8.106903409538418525e-04
5.728856220576717317e-04
3.646381561777169676e-03
1.186795633316775102e-02
2.533279576360497457e-04
6.740304779787360478e-06
1.363311512081326235e-05
2.459294892195843340e-05
5.018916740344442221e-04
6.406191046777068646e-03
3.214414218841863866e-04
9.835282871984640460e-05
4.797553623029031551e-03
1.526181249297750217e-02
2.960426316984850746e-04
6.992617943199131675e-06
3.101875762860664525e-06
1.339415004661184818e-05
4.741705456582431940e-04
3.195843039626969969e-03
1.375986823245470324e-03
6.892877924594062282e-03
2.423718991238620751e-03
4.374742529963672840e-05
1.799965298592507500e-05
1.099217536118929859e-05
2.438534672476254966e-05
4.605499729132013216e-04
4.774487273666833229e-04
2.286038573148469009e-04
3.618559406217363925e-03
6.320317138943837114e-03
2.417286321373717450e-04
1.250988677653676537e-05
2.464837005637742940e-06
3.353923878510142736e-06
1.852764412253563877e-04
2.325305643538272751e-03
2.559467633276229582e-04
7.105969926988778230e-04
4.164997526135924034e-03
2.550329798764340962e-04
2.898682704471573212e-05
6.500029005282772310e-06
1.007837257279548503e-05
1.060498581297821289e-03
1.364203959237821756e-02
8.650083796660755844e-03
1.234117410019873809e-02
1.634694143686618280e-03
2.278242137131317787e-04
3.875219723568240106e-05
5.766222542247134339e-06
2.113608971963614846e-05
1.477668636701371871e-03
4.933227902338592832e-03
1.764293459700719280e-04
2.281274014872391586e-04
2.585196779524470689e-03
2.803324702960172435e-04
2.285623688638879319e-05
8.107945519272972848e-06
1.064733124935267507e-04
1.612520489329292636e-02
1.373161507251825959e-02
3.039134011979420253e-03
4.875329744423030458e-03
2.549847361677949360e-03
6.022952618971733063e-03
4.852520573810509556e-04
1.695502703291581551e-05
1.826347530973422323e-04
5.385435343670631064e-03
1.413777421473535502e-03
6.912004688354126813e-05
3.407295034012848057e-04
4.676675230860630889e-03
4.010579549041124532e-04
2.250776462690543513e-05
1.334968156010954707e-05
9.851138105597312313e-04
3.712519361875202262e-02
1.701231208687610909e-03
3.988196872475738633e-04
5.289391260231919622e-04
9.615837404198580331e-04
1.325859417345032036e-02
9.234713725982193495e-04
7.338426314873106428e-05
9.718331908881024887e-04
8.807285585301950770e-04
2.528707679395582808e-05
9.828364025997503314e-06
1.131661586570690436e-04
5.744598477349342628e-04
1.651313465650853065e-04
2.601656524281961447e-05
1.276018224890664819e-05
4.864903163662600790e-04
1.328213352210561027e-02
4.449691952141624635e-03
2.832893198540803546e-03
4.490278735375624435e-04
7.565445680463500286e-05
2.579940090336796713e-04
1.558064214590960082e-04
3.476527506744883883e-04
5.071583435326027997e-03
4.122559487599707496e-04
1.011497251566897992e-05
5.942132588775406448e-05
5.197048970232201991e-04
2.920963314395153086e-04
4.450533421018937927e-04
1.538710988868222649e-04
1.210454514840840941e-05
7.129183257812794696e-05
1.371774026133302203e-03
4.212324645200498860e-03
2.916312879396084929e-03
8.532682317291799155e-04
1.213561815705558266e-04
1.031754264275954515e-04
4.094565667773800654e-04
6.322131282071473315e-04
5.180137332180171196e-04
3.922260706496394947e-05
7.617156891609115899e-06
7.671842207543575756e-04
2.003086501605858341e-02
2.933995103365985482e-03
4.098606948747123696e-03
9.346323342509237249e-04
9.689593214255412979e-05
4.178034968116464123e-04
4.297507732799973369e-04
2.198869208508181529e-04
3.463908557551864079e-04
5.687901518368977498e-03
7.298557536522788658e-03
1.883735831811692105e-03
4.589815069022557328e-03
5.660367034739352586e-04
1.333224397287299860e-05
1.212253008156223394e-06
1.527076859468107227e-06
3.997657019548424566e-04
1.543479492019847986e-02
9.907208468494198544e-04
3.497918427489431258e-04
1.720490494196627986e-04
6.378018407879884003e-04
5.354486209785062900e-03
4.334058457489953480e-04
1.553187162333871532e-05
2.248684963976514071e-05
1.366178713996410400e-03
6.269324959017030449e-03
6.825971067534671336e-04
3.777221502661139369e-04
1.337248769967690112e-04
1.056163855333276135e-05
1.578412406716092774e-06
1.089108356546201602e-05
2.114665352485494299e-03
6.306252770286458788e-03
1.057624382900438877e-04
1.580417163761479912e-05
2.436596829882898451e-05
1.157991651106452153e-04
5.808083534431719057e-04
1.332324199538540820e-04
8.167391557819564209e-06
3.987551677253769897e-06
3.011230305384287703e-05
1.613482849701986031e-04
4.890556132224896320e-05
2.357215965048946072e-05
2.433669779899829571e-04
7.673100084373583396e-04
1.135483661098187625e-04
9.880079504320973382e-04
2.702614461659247694e-02
1.410718565929148854e-03
1.654158116290498377e-05
7.964790129885093993e-06
2.442676574458227151e-05
1.990186239440201596e-05
1.121004048323859308e-04
3.637703960790416571e-04
5.422607723659910042e-05
6.309830583795135880e-06
9.874849934567488322e-06
1.472606202003102940e-04
4.552304865071621831e-04
1.122768531613021651e-04
7.759213670498788266e-04
1.061834781886099657e-02
2.381956021820914610e-03
5.993106838973306406e-03
1.115705057313044410e-02
1.252341905103240968e-04
5.406189594584817124e-06
9.994384953873441236e-06
3.616204994701415263e-05
1.966088882756507464e-05
3.625263829397208995e-04
6.123972537066829473e-03
4.253612887832348695e-04
1.090501016844368287e-05
1.246223013214758482e-05
5.343180680411527793e-04
5.521577450392924080e-03
3.068059571581773165e-04
1.472452273424843601e-04
3.632492265230096318e-03
7.844579685420797338e-03
8.116562683685586352e-03
5.284833707210984284e-03
1.856925829605576177e-04
1.552537012322979896e-05
1.805520413573181255e-05
4.116622512818383445e-05
1.194454449062958686e-05
3.195331285854178583e-04
7.868104206001541243e-03
2.939241960241721413e-04
4.688300011097163792e-06
4.606805452297406360e-06
7.785263685105424543e-05
4.826399955978310499e-04
7.718338002113432140e-05
9.204977921234399404e-05
5.124945059754297538e-03
1.391208691428969142e-02
1.275003237799556769e-03
3.629322550547050045e-04
1.131982618806025401e-04
3.062195969414006512e-05
2.506048353535935300e-05
4.074184197966645743e-05
8.128919086435214205e-06
2.987830749096855531e-04
7.335766345655925398e-03
2.281886547875433503e-04
3.128598348953400313e-06
3.187510261949766430e-06
3.868471521402075007e-05
3.803558536090875753e-04
5.841941098567203028e-04
7.464928023534106753e-04
1.341452409965981874e-03
3.827065973942193975e-04
2.720637545438204510e-05
1.269417460177911449e-05
2.058085473746010003e-05
2.302710257639112187e-05
2.530848025369987481e-05
3.914680500168498197e-05
4.775468257512931604e-05
1.534466437668538302e-03
1.287791882597042782e-02
1.724281729339011962e-03
7.455203078989396386e-05
8.487167939536359733e-05
9.002650366736125254e-04
6.157755007093033625e-03
1.525814463800599131e-02
5.938053913927398599e-03
2.334221442552413808e-04
1.563134729083668980e-05
7.007784175714025838e-06
1.027051508128618801e-05
1.900443484326272588e-05
2.450961905185362763e-05
2.741921071646640038e-05
4.064813593861548824e-05
7.734369450886163745e-04
4.607179527851130302e-03
4.498379026930159758e-03
1.208525171009623006e-02
8.995911311602039842e-03
7.259156991250901789e-03
6.828383205729345387e-03
1.192318381739153029e-03
5.305281614587049671e-04
4.679429543832012658e-04
8.215931985000379323e-05
1.992649447660408739e-05
2.234080684677236710e-05
3.436624364421669565e-05
4.065276583396415966e-05
4.020571036849769349e-05
4.096021303046729756e-05
5.552598753685161081e-05
