5.442667267949219444e-04
1.220886863092585442e-02
3.520410361584116327e-02
1.146446587578836551e-02
2.578808057521935274e-03
1.132520897893911187e-02
8.579046906303150260e-04
1.554387691269351396e-04
6.753111118084137096e-04
2.874123758658197157e-04
4.486704015410254991e-04
1.632887888453284813e-04
1.696340498408971387e-05
1.531185951017176533e-05
2.736020803885665857e-05
3.289966380183844546e-05
3.427316365334720315e-05
4.520124714884318963e-05
3.554239470517102763e-04
5.653513960602099368e-03
2.088567105777375602e-02
1.066511455020325086e-02
1.911846119849673837e-03
4.521404067868735506e-03
5.537879149504698010e-04
9.474777192313728726e-04
1.525494076863562719e-02
3.226982675697217997e-03
3.129455622687408317e-03
4.557442215213682035e-04
1.501468109525235158e-05
7.767361836031950507e-06
1.201666869137607808e-05
1.758698863794444311e-05
2.274909249643788247e-05
3.391894272074187948e-05
4.939751866870079744e-05
8.806819495135281535e-05
4.513262968119420983e-04
1.431972298600297155e-03
2.456692597292446851e-04
1.409697780991256433e-04
1.859738949221898235e-04
1.248630445299564289e-03
1.205048959043620357e-03
7.746863262932508981e-05
3.901595215168107505e-04
1.525035808051774687e-03
2.856014655785500699e-04
5.385689261553825401e-05
1.752074323042138548e-05
1.339671358986552204e-05
1.904877986742250297e-05
3.283243474546093779e-05
1.098954511619492277e-05
7.387064068738018603e-06
1.896605561365255000e-04
4.499043815600782537e-03
3.307007755115779304e-04
2.862114057646827125e-05
3.089270571144917031e-04
4.053771117810986077e-03
1.976857832898636775e-04
7.338124633222441001e-06
3.326371701939423746e-04
2.578220107498777058e-02
1.067712655453355135e-02
1.135664672787121575e-03
9.841515095633992919e-05
1.582871849887072249e-05
1.539010049037776835e-05
3.185245304364457724e-05
1.377277928889098032e-05
3.096739375526944167e-05
1.328150664150905009e-03
6.426542713668791096e-03
1.653656028091910726e-04
1.518987367329336026e-05
1.266163683961118427e-04
5.492603087597000815e-04
7.984682230080934772e-05
2.237831242681116245e-05
4.345434157893885590e-04
1.736484850423886117e-02
1.364134360521379249e-02
2.819201609718036822e-03
2.707403288454322756e-04
2.052289530771322172e-05
1.220113507946596451e-05
2.844976058566579371e-05
3.287534507927049646e-05
3.145473274292792556e-04
4.533041116909048221e-03
7.226591719008105966e-04
2.392247090920137224e-05
6.671876140632245248e-05
6.308816077340693605e-04
1.717781068731145326e-04
1.490684787219351704e-04
4.537635782937575924e-04
2.626801332857380228e-04
1.637871048639311057e-03
7.468544185396948365e-03
2.757029031365110846e-03
9.404467348272119382e-04
9.602384745540574855e-05
1.644254347022514141e-05
2.537218900386943693e-05
3.103844975701677546e-05
1.318574748624746541e-04
4.175415111891924900e-04
4.606355453330722888e-05
1.198605284271097588e-05
6.069867839784403316e-04
1.062555231094647855e-02
5.297402010913045307e-04
4.663941933693773888e-04
3.125606790929770420e-03
6.854337220517910199e-04
1.233097809090046969e-03
1.284741723600730601e-03
6.458805569407494217e-04
3.332060393119163060e-03
3.976422935724178119e-04
1.437016551349168549e-05
1.752326374373687026e-05
2.354544134158693947e-05
2.094183443360072576e-05
2.350077899864883634e-05
1.056227931046929795e-05
9.210563078512698520e-06
1.091289641467497589e-04
6.306251287463831299e-04
2.395193794904025846e-04
7.970954467942941053e-04
2.287887664053597867e-03
1.110640347173349292e-03
2.896177051900523155e-03
3.777986762420861900e-04
1.186171774628330905e-04
1.662868089614198729e-03
2.069693535192738759e-04
6.080110314673497457e-06
1.008050813706945296e-05
2.768714631473673875e-05
1.604162022783038586e-05
1.398185409979487897e-05
1.212877268601820618e-05
1.023857369834232899e-05
1.218397733597722042e-05
2.260802160916453545e-05
1.860643779242806281e-04
5.250181439812854137e-03
4.207146200333866833e-03
3.913753758353771556e-04
9.091963054278602227e-04
1.010310616747603883e-03
5.230563284174236148e-04
3.887135535836762443e-03
1.393915760652167032e-03
3.598954207851678272e-05
1.524867620800161814e-05
2.833562792819764063e-05
2.029036998710220832e-05
1.904570340490030337e-05
1.372064080401533360e-05
1.151046091594732921e-05
1.082831123270255563e-05
1.160062754825704817e-05
4.268799893687091142e-05
4.116552411786572607e-04
1.234263573874814623e-03
6.128295024462769233e-04
9.768339780440937151e-04
3.500599349917065013e-03
8.584599929754135926e-04
1.431169649304447813e-03
4.526348613024365128e-03
3.051109454304955942e-04
3.155187644099660406e-05
2.170630522434910327e-05
4.318798365188900490e-05
9.995410974268787699e-05
3.003932041558638201e-05
1.014357244621807875e-05
1.127648732615390623e-05
1.101900001180067739e-05
1.000142633432298943e-05
2.118817709791950433e-05
3.929780017890880739e-04
3.604421016030102173e-03
1.197590056324617609e-03
3.225763863656590669e-04
3.433834372718542934e-05
3.534697263501632706e-05
3.194759186398271307e-04
1.019080455060545460e-04
2.019444244571356412e-05
1.366591512922346172e-05
2.242911021646017274e-04
6.190654508569698802e-03
7.445594849355654425e-04
2.071980216789171494e-05
8.203972939835774101e-06
1.431360465631286645e-05
7.749840806634720146e-05
3.006778899638586381e-04
4.708543422328774963e-04
4.644590069886979974e-04
6.056797374761986792e-05
8.458727369481673411e-06
4.441340226433626828e-06
4.518285499081932930e-05
7.873807903521009991e-04
1.335744633964737731e-04
1.562992606053330649e-05
8.216386033467621756e-06
5.936464040960893552e-04
1.262779487841864667e-01
1.272238347837189275e-02
5.489326668244209797e-05
5.012179492223529231e-06
1.100488599488510718e-05
4.286852285276905247e-04
4.688832372057543177e-03
4.182525463190760575e-04
2.323283870477803570e-05
6.829071584587341771e-06
3.413315635730308064e-06
5.846981008725165043e-06
3.466816015617897985e-04
1.035784052862946669e-02
5.039514365604691850e-04
1.788626692960168727e-05
8.702872426118705594e-06
4.417897090374313016e-04
6.695797327878282024e-02
2.124304177483162318e-02
3.094956007449040894e-04
1.406152656942947968e-05
1.241834687388749853e-05
1.136758841234844643e-04
4.182692346050709145e-04
7.510515025568314661e-05
1.196191836392630549e-05
9.365794395766399930e-06
9.343543152143748512e-06
2.839349982751530142e-05
1.234305793963955990e-03
8.298159920770023859e-03
2.509782475669211817e-04
1.509885034998120865e-05
1.253674206867157970e-05
1.681426868755960642e-04
5.124584285603964694e-03
1.316129872226155968e-02
5.814159585460232545e-03
5.459701759911210961e-04
3.703150632858421372e-04
1.774444398302668429e-04
2.638389875315106913e-05
1.274928743056425141e-05
1.469230551231833066e-05
1.671676214398438461e-05
1.876001324203515729e-05
1.355495255676708447e-04
4.459524813469633968e-03
5.140785365039943731e-03
1.388461271785153370e-04
1.977421949257119360e-05
1.622746430805069892e-05
1.575137593829016342e-04
1.339635877938955087e-03
2.036859927543928188e-03
3.682488578107027347e-03
2.252967402095300449e-03
3.501551086579249728e-03
4.668953480003702684e-04
1.406325342971270373e-05
7.874779289035351891e-06
1.529545833483844083e-05
1.238148901689989958e-05
9.630524219004557281e-06
1.112452213434267785e-04
2.473081344600677224e-03
6.735040482212111034e-04
2.993642198938757543e-05
1.586930452879886574e-05
1.986468927943977730e-05
5.001027800294322034e-04
3.668559635909659188e-03
5.032222250621635681e-04
5.162512854810050612e-04
1.443668587741934062e-03
7.478175605827751997e-04
8.961983767600226354e-05
1.555698062106752058e-05
1.143984051448364262e-05
1.140705020967377631e-05
5.161163160287145872e-06
4.702025190787624750e-06
1.748982212880791879e-04
3.397082974175892351e-03
2.328368559921771422e-04
1.505073689260453096e-05
1.476740900173186208e-05
1.727836551912990986e-05
1.939208245629111551e-04
4.588408271013991071e-04
8.589953246511531943e-05
3.842791834212472236e-04
2.664356584780962472e-03
7.290404090246441508e-04
3.801805116775537163e-04
4.767204717256896818e-04
9.853656142505772236e-05
1.360453571873369413e-05
5.704601121064590205e-06
2.255329794756007257e-05
1.527447295072927166e-03
7.678341201942941521e-03
6.809748355197753171e-04
2.803149601392701594e-04
1.081105936813470505e-04
9.054037822628503262e-05
4.840347917244853908e-04
1.370853274160148253e-04
1.176541166157138798e-04
1.209894770013788612e-03
1.546511152860375812e-03
1.335753496519507654e-03
4.912644594726845761e-03
5.105647427834310130e-03
2.456174836747959103e-04
1.491818221153558201e-05
2.681069249250672993e-05
8.593053772726396561e-04
1.744045900281797692e-02
5.207121712602390609e-03
1.178345166819172105e-03
4.231081861193468352e-03
6.500357010743420053e-04
5.673219529541669373e-04
4.409300657592335297e-03
4.414310811161160984e-04
6.611534841935556286e-04
8.843179315423443931e-03
2.771214754213029846e-03
2.011526067448383710e-03
3.917109178144522787e-03
5.219279688542572846e-04
1.673239256151352018e-05
5.455216253907973866e-06
7.837553890761431500e-05
4.883201979956976017e-03
1.651394965106392151e-02
5.617305862469572060e-04
8.564299680888992421e-05
3.619234878019275919e-04
1.459306860680740223e-04
1.100714242048108152e-04
4.636476899433226084e-04
1.033651748042270122e-04
8.524331532284687744e-05
1.832831468897827294e-03
6.013219885387185645e-03
3.404379238440562779e-03
2.953897420037780632e-03
1.555774024223829650e-04
6.352028272596359881e-06
3.285082564733605542e-05
1.095240938310237814e-03
7.929086583493347509e-03
1.016355607349603805e-02
3.284811580999945639e-04
1.410372070354567767e-05
1.587897257072175863e-05
2.334953306916447962e-05
1.926803624089011999e-05
1.192630218245585447e-04
5.188050575768037888e-04
2.267243725581962951e-04
5.923856266915189517e-04
3.326654313111779195e-03
7.175799572477020933e-04
3.141628529881697264e-04
1.144181225284533000e-04
1.260337629887273788e-04
8.238102453632116864e-03
2.972008044245283073e-02
1.272799089207742561e-03
3.911186273019132999e-04
1.168663594565115147e-04
1.650522965789055972e-05
1.225088154426617318e-05
2.278984359217079366e-05
1.403747276463347958e-05
1.724744594733417142e-04
4.861205827284460074e-03
4.661532295180908711e-03
2.310780923000860330e-03
5.517353340622488129e-04
3.078461149752098337e-05
6.677320730484091553e-05
9.215046922905525397e-04
6.841610214015707639e-03
3.798261225898190430e-02
1.888710345292271379e-03
1.024449030752496012e-05
4.700001084986698530e-06
1.433952290052230439e-05
1.688545960215221959e-05
1.911682785508728548e-05
3.135150392194149973e-05
1.553428744264084019e-05
2.162439668356301613e-04
1.896574173048874972e-03
2.135484418982217837e-03
9.741308756315307862e-03
1.242971479500879807e-03
2.852723503479253828e-05
2.546126216596713665e-04
1.107199731689300672e-02
7.211425378762885245e-03
4.839219639507822096e-04
1.189801764342506993e-05
1.287325136119730078e-06
3.165066004515847209e-06
1.282198501389003169e-05
2.035447792887453789e-05
2.331591280459336532e-05
3.424469474560353470e-05
8.671251630214589924e-05
7.279385263986282682e-03
2.996071543668756693e-02
1.832461065885981856e-03
6.751790159110078980e-03
5.983839491001489812e-03
1.610683257649164226e-04
1.449870416660688829e-04
6.112912490400304859e-04
1.385505630881051485e-04
1.436661167628389433e-05
5.304648294387707371e-06
7.434313023604569380e-06
1.940345126774289041e-05
3.263467869011001164e-05
3.385858224400790375e-05
3.385560959218746529e-05
4.509652137985171690e-05
