8.587457117459268766e-05
5.737222508872103464e-03
1.023727333192499256e-02
7.154397691823187553e-04
6.709614971298047989e-05
1.173779304506963940e-05
6.288577709386239476e-05
2.614349323043128567e-04
1.911568924268304570e-04
1.305756416772969799e-03
1.828869393261282970e-04
1.054241158376840653e-05
6.949855002484873189e-06
7.312004175965320297e-06
1.036279460367581469e-05
1.332723165921407554e-05
1.531806665579259476e-05
2.431804921101724627e-05
1.083459701421161302e-04
1.182861894740543270e-03
8.112816764044605052e-04
2.807022532118738124e-03
1.342671483506396955e-03
3.963696826646972044e-05
4.102426330900926180e-04
5.551542592472666002e-03
1.339683357064910992e-03
1.397604181458915592e-03
2.174594276836649379e-04
7.988266387349394365e-05
2.447356078950557929e-05
6.979424970999702365e-06
6.857156213370415608e-06
6.195076848825028796e-06
7.556099396325550645e-06
1.529174900198131037e-05
7.455863099820480460e-05
1.643034819047317250e-04
2.583370619174975608e-05
2.992098292103232771e-04
5.882144925019543559e-04
4.253764595015242610e-05
1.936440620436632076e-04
6.962649085270575548e-04
1.484761641290296280e-03
1.019181592523817764e-02
6.728688567621628550e-03
4.223888173364883508e-03
3.618931960813594412e-04
1.311486623073868975e-04
6.650106648686843907e-05
9.566849561704503702e-06
6.611685061031731195e-06
1.483080708975800231e-05
1.512619175259297729e-04
1.316372709942873268e-03
4.328601571691725598e-04
1.606701176109865715e-03
1.141643325151917455e-03
2.539765053043066935e-04
9.257104581346313043e-04
2.712424302909630601e-04
1.465194526029369381e-04
1.892981970515999124e-03
1.234193450240281785e-02
9.274074896386862513e-03
8.103269781640129975e-04
6.279056402391931498e-04
1.379980459612564368e-04
8.389571083402471444e-06
6.108686564270998476e-06
1.589178364800730229e-05
1.149832083877164185e-04
1.672036114276277035e-03
1.805323723109777739e-03
1.505075995265594147e-03
3.255122590985513398e-04
3.553661099589539691e-04
3.998488919197149515e-03
1.513216819272716679e-03
7.727499225332305093e-05
3.001036477613915394e-05
1.649915324529227555e-04
1.505825188781674670e-03
3.386304733686387822e-03
9.845696949244097090e-04
2.524671182111971925e-05
2.556610242386337550e-06
4.614292938430097521e-06
1.632839321031768982e-05
1.693251153338374605e-05
3.675369781963571937e-05
1.150173016427138859e-04
2.261655997968838592e-04
1.924561672738003089e-04
1.217415376554383281e-03
3.732216976555178742e-03
3.385189185562951977e-03
2.079081832285529109e-03
2.142757441368293493e-04
6.599808069571156104e-05
3.981882040911440533e-04
1.617063790982592800e-02
1.197011613309312966e-02
9.386642122838587013e-05
3.247444489352048015e-06
3.323127610884983826e-06
1.359339279504493718e-05
5.959160941051514987e-06
3.998827330804754545e-06
1.000933808239540420e-04
1.565386391763870901e-03
1.743059912344223968e-03
4.066320456719688982e-03
1.168859866429444207e-03
1.442585557964049881e-03
5.771103786978307691e-03
3.671226261050358070e-03
1.373766436566758011e-03
2.969192275719158823e-04
1.681372987762848065e-03
1.531814425841885978e-02
1.887907122864425098e-03
2.472714070079149449e-05
3.564659833111417683e-06
1.022591977513665696e-05
6.354716797902324886e-06
3.678695030465620367e-06
1.160642142638574487e-04
9.871802932113497766e-04
8.598750777833474336e-04
2.670314278013908357e-03
1.158951874201415979e-03
2.111676407760693965e-03
1.347100865176491594e-03
9.509767106977124558e-04
1.184787228806517866e-03
9.394542433917982467e-05
5.339416858468482431e-05
1.418073637103384752e-03
8.415131229431823540e-03
3.565630762578427676e-04
1.189713504685244915e-05
1.157760240957336387e-05
1.065258754696899279e-05
1.668136608577139944e-05
4.290144041765496193e-04
4.937688852018441233e-04
2.161335978159928341e-04
3.089586882927064428e-03
4.363369632204437860e-03
3.117433187244415468e-03
1.898300297742196684e-03
2.047496997589760143e-03
8.215249816327533988e-04
9.821393531411800183e-05
2.198733313635093452e-05
1.862258726137486339e-04
6.500005423032135903e-03
1.280641480617730841e-03
2.363505618935052540e-05
9.391185588798562966e-06
6.171734767162796494e-06
2.777946910801162459e-05
2.573269130232915588e-03
3.125748119416260108e-03
2.794679289347542454e-04
1.510145000620061575e-03
3.542501416213701508e-03
3.159498538311474882e-04
1.730227725556879857e-04
2.325463265896630938e-03
4.109883323114771857e-03
8.509283045435551236e-04
1.621115357361387402e-04
4.582040368262406578e-04
3.739673380929424938e-03
6.412052339292360599e-04
1.804813743897363781e-05
5.944860533320249094e-06
2.722842184754598071e-06
4.415729780265030123e-05
3.942350241006375294e-03
2.760403916627260455e-03
6.506705414248234887e-04
6.351558556369305431e-04
8.359527332125500773e-04
3.662423889766615033e-04
1.392815730837064091e-04
1.288956462575827208e-03
3.164198191685859037e-03
4.735180339889729609e-04
2.715379343062455692e-04
7.848040387091005437e-04
1.977984236931843842e-03
1.267857415956779926e-03
2.270357318626357044e-04
3.206665494948563101e-05
2.989202875471101996e-06
3.208488075898097386e-04
4.389718752830188558e-02
6.650225739165386944e-03
4.669330984391187669e-03
4.098428652507690555e-03
1.048914800031068703e-03
3.077273455232707594e-03
1.275640955323132427e-03
1.196016255748280025e-03
9.959693314055837257e-04
1.095689135698635006e-03
1.140609731247620943e-03
9.105603756769233090e-04
7.696454474080442580e-03
9.238210543020455162e-03
1.265125923733201665e-03
1.134946210580484486e-04
4.086062550527960329e-06
1.926414204816729594e-04
5.199968911742761796e-02
2.125887766518963148e-02
5.002343936860634450e-03
5.255091321252351906e-03
2.438478612632474698e-03
4.576053987402406431e-03
1.588513967337953393e-03
5.364669901522749543e-03
5.729516999711511092e-03
1.078130145329188327e-02
1.874109009317699928e-03
3.512396240957001842e-04
1.811232557164990306e-02
8.432875539468413784e-03
1.375670560288315641e-04
2.548027452908549617e-05
2.995405553669491401e-05
1.454373151346238617e-03
8.292060424109136407e-02
2.565714187799794654e-02
2.821652123888762978e-03
4.300266122190444682e-04
5.834533922820589946e-04
3.084648569100096206e-03
5.877437821385936376e-04
3.112243623985904394e-03
4.689190804389687869e-03
1.402366511708468943e-03
7.516443912387571729e-05
8.583451126026663089e-05
1.821624454287457118e-02
4.066552591436328051e-03
1.956903478202945507e-05
6.658499678323519751e-06
1.585791550694823682e-05
3.996554730326738031e-04
5.141327321517329477e-03
1.864649618398198008e-03
9.572964576081176898e-04
1.463253301804163934e-04
2.855881557973046674e-04
2.699834941648634416e-03
4.288973041827913923e-04
3.677065940054837227e-04
8.942426629587737694e-04
3.457330776170933402e-04
1.910254748987642696e-05
8.524215299797718360e-05
1.241013856902982437e-02
1.724072506788170561e-03
9.746282161339611246e-06
4.742914897218268618e-06
1.828723181894927450e-06
6.543087160508789069e-06
1.567955595994974564e-04
4.528675152495239544e-04
3.916385358655060820e-04
3.085405566207065548e-04
1.092207382529670904e-03
3.089018846222393172e-03
1.495596364176247396e-03
1.048374774665228586e-03
3.297001142376442158e-03
1.132550996637166638e-03
3.651763368743477005e-05
1.735096352397641332e-04
1.276703340106994690e-02
5.797010433238311555e-03
5.738258828986135150e-05
8.380849692506902343e-06
2.534542819028293910e-06
6.409672264143683034e-06
8.456101014800348277e-05
3.780824022738645180e-04
5.383541951402646270e-04
9.740226780817384973e-04
4.534434368873793871e-03
2.587997835298942728e-03
1.410711793713530920e-03
1.479826472601527632e-03
5.164557544085046289e-03
2.501111391204162687e-03
2.725600030826401876e-04
1.666335234337498533e-03
7.437800200744928980e-03
2.791718204144973386e-03
8.931624572681427278e-05
8.649510251355339602e-06
2.353621554138264757e-05
2.789784710104113220e-04
1.351666447012006686e-03
2.589308565544955285e-03
3.888185280267344654e-03
1.851062134128523282e-03
3.617689513429904816e-03
1.618548563198015386e-03
2.232398472047637111e-03
4.058435006321815461e-03
2.514898383312708183e-03
5.944735963026384368e-04
3.878662299269138285e-04
9.938920506061363347e-03
1.359747476777204561e-02
2.528945819284073634e-03
1.273637537728554328e-04
1.135336408623951293e-05
6.892675490982491551e-05
1.439961819346016617e-03
3.565313450820039361e-03
1.613182304358885431e-03
2.038975993704103106e-03
1.479491223694215157e-03
2.324247654437691310e-03
3.170169647439709942e-03
6.204691043454891621e-03
6.597626346413224159e-03
1.591119620902516464e-03
5.038535428469086619e-04
8.611628336231508208e-04
9.195057945203401195e-03
3.387404947891554420e-03
2.981267601776875194e-04
3.674724703681815868e-05
1.227390972688186828e-05
1.743733331523886302e-05
2.003019390734171235e-04
4.468107010530037479e-04
4.857759755677883807e-05
1.593482494172776499e-04
1.763707943147843236e-03
1.882809985321685616e-03
3.520243225125600610e-03
3.309884575970877246e-03
7.467815466366583199e-04
2.330819565942603470e-04
1.119675145350923018e-03
1.370906019826886695e-02
1.471388411425188399e-02
2.093642653306242488e-04
4.979029237355877679e-06
3.274044779326694922e-06
9.693028799890271603e-06
5.881391013892823165e-06
9.265686405993474220e-05
9.396527708137800139e-04
1.350972344997130345e-04
3.884675764221648072e-04
2.820507166857951810e-03
6.181598103722043061e-04
1.179799830231536770e-03
1.270020853958998960e-03
1.221424628570184163e-04
2.060815103721530626e-04
8.418439083217878552e-03
2.072919759597148526e-02
3.075777554814332956e-03
4.675681729585723703e-05
2.029482045149532436e-06
2.922337210842817309e-06
1.329619234109541394e-05
4.322718619454380678e-06
6.057417128418169597e-05
2.183777221759154469e-03
2.117907607823221478e-03
1.398865759565811511e-03
1.973989226272230332e-03
5.253178898696394270e-04
1.355465332527097362e-04
1.019132340899327389e-04
1.641890817033053588e-04
2.390571851931354210e-03
1.747611434757133375e-02
2.145272984780124785e-03
4.349435621476434571e-04
4.102813494626505331e-05
3.826148267297991650e-06
5.076666703515628819e-06
1.658137123196642108e-05
1.556491622294260327e-05
1.921698909014748352e-04
1.503168869356289686e-03
1.344166440146273098e-03
2.066676292445990314e-04
3.722244285302666027e-04
2.308243200947749079e-03
3.671242735971031205e-04
3.049218948105423296e-04
5.128130959465966587e-03
6.824702295044755319e-03
4.212255413809743452e-04
1.615237865169357866e-04
1.005552661051039697e-03
1.537755805031114386e-04
6.687909625689899475e-06
5.555130259209513752e-06
1.532645431576320390e-05
1.257493607945789783e-04
1.377016607798608756e-03
3.944017034304247559e-04
2.406411821008361891e-04
8.003856561021786375e-05
3.148076222227244451e-05
4.025909772595864388e-04
1.992337805705272306e-03
3.141306562414079677e-03
3.709893714395974800e-03
1.878760500267418788e-04
4.141833017835777266e-06
9.546279200874571171e-06
1.671940435141633678e-04
5.242980864237926290e-05
6.192254391219222534e-06
6.271075518575341521e-06
1.532396298682386018e-05
2.023899069717246418e-04
1.502361089895863124e-03
3.202537378122412596e-04
1.572535363718853768e-03
3.333337193439207379e-03
1.010245356717346852e-04
1.142811390424828351e-04
1.360053384484432963e-03
4.127105986366986405e-04
2.919383216768116888e-05
4.644794267090532195e-06
1.949200195566548445e-06
4.630677156280849144e-06
1.432721661806956994e-05
1.161336737830828324e-05
9.116346306426740615e-06
1.325558654611576218e-05
2.480505452061727958e-05
