1.342743829337729332e-05
1.932106356591195540e-04
2.521619250070320298e-02
3.229239025530813989e-02
2.423627158416220059e-03
3.371717930381754914e-03
4.223086984147349579e-03
2.447564336005574222e-04
2.046220866929774769e-05
1.203661929082114886e-05
1.506658323081230484e-05
1.727930013267384599e-05
2.035452965280968736e-05
2.532723169419828145e-05
2.802381039411340702e-05
2.798226815024000639e-05
2.860491272745672062e-05
4.017873871044241250e-05
1.697622334707044040e-05
4.311893539052519004e-04
1.758982501574550897e-02
2.199018939165109376e-02
1.671776267031269483e-02
2.668966213011169947e-03
1.667556965165208494e-04
1.039232564349777454e-04
2.674590440186136258e-04
2.826162028311398158e-04
1.005098831144602176e-04
1.795172126500828140e-05
7.593293842166464952e-06
7.997051281777950462e-06
9.153063328720673883e-06
1.090775677186567528e-05
1.301324800247362317e-05
2.082228860056399079e-05
1.532135092075598984e-05
8.214316990969041895e-05
1.770384019231893051e-04
1.759147221428693979e-04
4.531384801004434068e-03
2.974828151067787727e-03
8.916171543936159865e-05
2.102431109167589448e-04
3.700472523385463230e-03
9.672217214072690444e-03
4.550771983841551960e-03
2.923455084129849505e-04
3.879814407047827503e-05
1.495246487391157383e-05
6.423295827612070436e-06
8.374994884672876133e-06
1.587705773478803053e-05
1.816407677033275402e-05
1.106069034798798904e-05
5.049301540445431588e-05
6.456735260484859228e-05
4.854429997972180971e-05
1.885776072220823538e-03
9.004917405855473230e-04
1.651211269302311642e-05
2.904934597097604915e-05
2.200382751638785359e-04
9.223514216114421212e-04
8.509824015174230830e-03
1.077765622136966917e-02
4.360439003934390816e-03
7.417121331669470361e-04
5.248813829168731546e-05
7.065185682298261215e-05
3.129256884884699334e-04
8.789295543939202302e-05
8.652260519802095921e-06
3.994349267269195936e-04
3.911261612147556681e-03
1.641448036386748861e-03
1.013853375714780618e-02
4.167023254206952965e-04
3.780569990928994444e-06
1.499894816388840118e-05
6.959434101810634324e-05
6.493023887416089291e-05
4.484210208746848558e-04
3.857971043209594292e-03
9.737070846844244482e-03
3.136107758017011964e-03
1.576213795167957440e-04
3.281802502925516775e-04
3.459956377664789775e-03
3.898717706003626223e-04
6.119375385542884786e-06
5.655121026560356928e-04
7.596599538983785441e-03
1.350943768109105249e-03
2.282436093718133181e-03
1.391740028419954033e-04
2.070440068050382140e-05
8.051768737113870972e-04
3.575812179013957131e-03
6.669618591135020045e-04
1.251305644119511933e-04
1.645466104343297454e-04
1.280284687115163834e-03
1.471320927204322788e-03
7.469578472342583604e-05
4.558872820053529016e-05
2.540925225713993262e-04
9.775628652516958833e-05
2.935489714442896772e-05
6.675200451768725568e-04
6.287817751301051986e-04
1.803139791531046317e-04
1.690437923707170361e-03
9.189586639009682647e-04
6.440320466508095204e-04
7.341668913045789127e-03
7.177875410149712164e-03
2.931633049324676183e-03
3.303187449444854561e-04
1.857098061836430026e-04
3.704826922504000312e-03
1.256226462865107051e-02
7.116568870216588875e-04
2.895881546633516715e-05
1.310191551301692766e-05
1.746300228340035886e-05
3.539028605874551536e-04
3.192204162289149268e-03
1.998835651396733504e-04
5.733651245617004283e-05
2.255049038481589298e-03
3.263058969201338647e-03
4.213218345910648235e-04
1.842576549328225552e-04
1.015640247982091323e-04
2.169718230705273087e-04
7.237683377224499810e-05
2.511212205786071206e-05
1.337793505451905797e-04
1.701086947948378305e-03
3.757660968400098299e-03
1.540343435517540713e-04
9.361200800731628717e-06
1.380368884550405634e-05
1.280977252942761934e-04
3.139768790439641829e-04
4.539166225555300182e-05
1.117991901922109029e-04
3.599219475468715037e-03
7.987949679665060174e-04
2.518386107902378758e-05
1.016388927544824598e-05
3.034891706651464784e-05
1.890314796603379107e-04
3.622569630767490285e-05
2.004663444119441391e-06
1.868374172819750533e-06
9.790119398376729187e-05
4.720828094737125093e-03
3.549387643583137939e-04
1.036392289001161178e-05
1.489278460013686866e-05
1.537501362783469819e-05
1.084079685072635854e-05
2.241416871458550418e-05
6.763485721367378444e-04
4.141970238520266932e-03
2.081120838569138062e-04
5.710856984262429584e-05
2.053487200581985319e-04
5.144314438958792366e-04
3.220036788488798464e-03
1.070754150744054108e-03
1.837462912134491466e-05
4.602528669129886682e-06
1.610613841028440355e-04
3.952466237327925506e-03
2.592800891067254952e-04
1.107199190763243759e-05
1.692815670053236278e-05
1.193970900491028032e-05
1.625442699885837436e-05
3.554664604519189178e-04
4.101879608631490808e-03
4.392157741855174670e-04
2.515847669936301635e-05
2.759404558453809912e-04
3.308839238032927187e-03
5.456997473298386050e-04
9.303789554612464053e-04
3.347384698932152729e-03
1.706725682958764169e-04
1.346295117363495486e-05
5.366390973413971596e-05
2.376379119176485327e-04
5.082753680189877561e-05
1.206228681139154714e-05
2.191764214392783491e-05
1.116313125161993904e-05
7.986751939998138459e-05
1.420428910912441452e-02
2.476983207025054701e-02
1.154879918518621039e-04
9.486795810614470948e-06
9.151457435088413209e-05
2.384728961766607565e-04
1.741938576525673099e-05
1.678417262373433486e-05
1.895715837376120991e-04
8.126161387396727725e-05
1.009282779782743778e-05
9.705389011567049933e-06
1.745624078144878205e-05
1.475805514113795287e-05
1.396809457398186772e-05
2.663638311732522857e-05
7.765984031749238804e-06
2.222984828190145376e-04
9.380945638317964019e-02
5.226870952363399381e-02
6.737389541758634359e-04
3.328189104251057717e-04
1.213968387934550371e-04
1.001255507082176800e-05
3.698053869110896157e-06
2.240063165520097258e-05
4.485768780563161419e-04
6.307506369449531781e-04
5.987501126461012668e-05
1.250558164372689209e-05
1.215670582539855893e-05
1.505642129591013798e-05
1.783287984295241603e-05
2.867557098746335777e-05
1.009772633209614599e-05
4.394825805123308508e-04
9.147058411707793824e-02
4.560477597865020966e-02
5.963491625122972935e-03
7.009744898656463524e-03
3.104874050420136254e-04
7.637086189611445863e-06
2.599385135273029061e-05
5.395181648051136820e-04
3.478546061094203810e-03
3.076280641501049143e-03
1.579013415849168239e-04
1.423506762654372354e-05
1.202113758728827333e-05
1.684917261889376202e-05
1.985718057106336076e-05
2.926383073749218468e-05
1.398015372010392188e-05
1.243657963357406009e-04
5.001603619927115149e-03
9.392812189309526771e-03
3.185863950011215244e-03
2.398205418448662047e-03
6.041475930676230887e-04
9.322006793672768705e-05
6.050039664056874704e-04
2.765193625842189262e-03
3.025761256980516803e-03
1.637396776005809037e-03
8.290535950751427320e-05
1.085551391271530423e-05
8.966659974149612192e-06
1.118800681565492685e-05
1.692159296436968266e-05
2.998549193311228920e-05
1.479472464835678683e-05
1.375658242354169876e-05
7.884431277909630326e-05
2.859210519958138119e-04
1.578985974771018766e-04
3.649627319114076541e-04
1.583748950815798764e-03
1.264384593959723109e-03
3.165961071153440467e-03
2.420207441583262318e-03
6.847539803763525064e-03
7.591919906184171028e-03
4.443646872684790415e-04
1.182849421473707610e-04
2.662493507498548111e-05
6.414089954402263473e-06
9.877668774591802345e-06
2.825575903519955112e-05
1.765263866702310617e-05
1.051000083075854173e-05
7.882377707238064535e-05
3.709843680405554268e-04
5.735728826471426340e-05
4.335504990213281468e-05
4.127924336827994037e-04
2.748353657379189099e-03
3.069919733133918104e-03
5.170993964653801964e-04
1.448534612014437412e-03
9.201464954892356286e-04
4.124842104604565336e-04
3.852579193526153075e-03
6.081219716249030259e-04
8.948273410341045373e-06
4.522198155712357103e-06
1.978397635150330793e-05
2.055074440672836189e-05
1.755597841527155566e-05
3.694138860302363984e-04
3.105761882279543546e-03
4.564852478985133668e-04
2.414252561952355991e-04
1.286842972623707332e-03
5.935587651375128296e-03
1.047328038091096180e-03
2.568406185876262048e-04
3.045781531984853747e-03
9.114234243652798596e-04
2.287853193671957335e-04
9.219444510725453498e-03
9.788319701911579393e-03
5.733739937464628588e-05
3.939201460534232274e-06
1.160171739414694711e-05
1.466581383532379586e-05
5.604568808165760135e-06
4.100380097654050576e-05
3.052370668341215483e-04
6.013200663751275309e-04
3.494488695446171592e-03
3.470099402743452230e-03
2.452292380759062747e-03
4.725566821220887463e-04
2.099904217095005857e-04
4.812450472853569035e-03
3.232050227879168427e-03
1.874951302032051847e-04
7.490343954927347917e-04
8.369454919621346217e-03
1.051711951585814799e-03
2.750500508726072310e-05
1.365793575328422754e-05
8.215633656168646657e-06
2.537462405120191594e-06
3.143621700466355553e-05
3.557504746969982357e-04
6.817150230990604801e-04
4.489351552253204036e-03
2.925045497377631518e-03
3.253044617736717756e-03
3.111405126704223315e-03
6.800909912458977030e-04
1.059379888182801878e-03
9.025995538708697641e-04
3.215384639316228380e-04
1.600280001113476376e-04
9.010664631259158270e-04
3.350524413809752213e-03
2.441084767350893000e-04
2.728227346392161299e-05
1.262391351279655174e-05
2.593008416463774707e-05
1.590900091773659328e-03
6.663661566384721652e-03
1.095887056754779295e-03
3.339979299192889078e-03
3.312551735665687606e-03
6.976624485290557369e-04
4.060314289731725788e-04
5.906192694887911097e-04
1.311643462736141862e-03
1.854784861087614570e-03
2.377886093617799339e-03
2.176082145857821074e-04
6.222282524133826551e-05
2.323575480477875835e-04
9.871131043557493498e-05
2.661365673446992435e-05
2.800654977719361130e-05
1.885997810007710416e-04
2.972925296910091091e-03
1.669448194747921157e-03
5.245000423780792455e-04
1.702020830062659067e-03
3.525141856711813985e-04
1.355120837355968014e-05
3.137813551840663319e-05
5.277926303538076893e-04
2.000403617441796900e-03
4.504735586078588601e-03
1.160055559269665849e-03
3.007574531686454995e-05
6.618833548618039485e-06
1.467631165198491764e-05
1.834569066215255208e-05
2.132911595561134605e-05
1.892214839823786048e-05
5.315873745849486622e-05
2.637165632631977962e-04
9.314123263454911639e-04
3.247171597343698462e-03
2.919518049557477332e-03
1.147423082237160883e-04
2.266972296005781280e-05
1.081109265841420945e-03
1.188535498615334550e-02
5.773343130412644450e-03
7.755321673434416654e-03
3.699941823034444844e-04
6.409247870391173987e-06
4.333246962510265530e-06
1.036129266227897292e-05
1.486590612270111227e-05
2.457352072193892624e-05
4.019119239105610480e-05
1.626542196625758400e-04
8.586179360222178465e-04
7.749362239479242950e-03
6.594789357377965969e-03
1.173443560029384554e-03
2.458458893290893900e-04
2.845390245349305050e-04
3.384843827140992644e-03
1.385650511175641085e-03
1.590065567538064169e-04
3.335386344224040194e-04
8.364829199226014650e-05
9.057035785169024114e-06
9.897962984756704841e-06
1.676559245580689999e-05
1.921376465181459789e-05
2.879648299239773835e-05
4.765814352538839428e-04
8.582777825832360596e-03
1.494556950538107436e-02
1.995288456509872882e-02
9.049662359688006794e-03
4.871418865018337097e-03
3.736002033618311680e-03
6.497161758259936823e-04
1.313087876398226234e-04
1.128985612589200455e-05
2.950698593253281330e-06
1.118314108237729841e-05
2.181411419140259178e-05
1.954448865605331242e-05
2.525185788275678233e-05
2.919145865460485108e-05
2.939698496140379406e-05
4.018916013759115302e-05
