2.156729138489996785e-04
5.122742516722355449e-03
1.234163447062057960e-02
7.585973738841489920e-03
4.656564140816411563e-04
1.982902072178285697e-05
8.178110794777375156e-06
6.863905545370053174e-06
3.773232421700424750e-05
2.916720424493244191e-04
6.497996612943424230e-05
1.033343804776262154e-05
1.176777802123098505e-05
1.876600849583749661e-05
2.119267500908090081e-05
1.972017729294979233e-05
1.938434127464669151e-05
2.933542488904583161e-05
8.593125691185187387e-05
1.529282946640177785e-03
4.507587471408105659e-03
7.173733525331024187e-03
1.741478647044489032e-03
1.769813268269616717e-04
1.279858342555411700e-04
4.916018433906173930e-05
1.337765013504446405e-04
1.515788683518975262e-03
2.132062297833747192e-04
1.128976706002322590e-05
4.844461283487925076e-06
5.878440156434002628e-06
9.791771885926537551e-06
1.196918287219634416e-05
1.207780642681559873e-05
1.934382123361582729e-05
2.153692781324570180e-05
1.039194123889828963e-03
1.076541687886338472e-02
5.605407972711366066e-03
8.273911400598209665e-04
2.091585729143325713e-04
1.543135772933097467e-03
2.958072387213721548e-03
5.532589836899665537e-04
1.767856822652612368e-04
7.959021671142750521e-05
5.879156534509255832e-05
1.402272937365467446e-05
3.808846215070141420e-06
5.699975227528588033e-06
1.030298072284920942e-05
1.195417342734637474e-05
1.904914847084975715e-05
5.787125327033930053e-05
2.253006213368693913e-03
1.096476661521606985e-02
8.449025617993240547e-03
3.645441315794614549e-03
4.056108998855982085e-04
1.031958144149027054e-03
9.186400231786675738e-03
4.418849002777569708e-03
3.736773537134179782e-04
3.237490338464805973e-04
1.882537972350811079e-03
5.393783218705828922e-04
2.365301618786075987e-05
7.371021957338170442e-06
9.668101852222158284e-06
1.218002293677224125e-05
1.973288766003894500e-05
1.215736821371985566e-04
2.069887251189353027e-03
5.144487621344945652e-03
4.404868754070909165e-03
5.348064980645848843e-03
3.099519771214717320e-03
1.310325849169425953e-03
1.488943725141032241e-03
5.500613995263042670e-03
4.758681848313281448e-03
2.223886953913354995e-03
2.873799688780606567e-03
1.739782682155782863e-03
1.240443743185376123e-04
1.449323463237917245e-05
1.038090075357346892e-05
1.217989304958396965e-05
1.979843171059810614e-05
2.157239522686990428e-05
3.621470034408485724e-04
7.836559423610597874e-03
3.158347072730101606e-03
4.603715068935891152e-04
1.602317143958646457e-03
3.066568290552577208e-03
1.995139229590691884e-03
4.331412482715296317e-03
5.478505244611588630e-03
2.660227633920086814e-03
7.157248920606778695e-04
1.400193431401409105e-04
2.306267116154254171e-05
9.176259400876609460e-06
1.023214824923811435e-05
1.253593059828641990e-05
2.026354459663982373e-05
5.384565938078480967e-06
5.125623019444716801e-05
9.507131736158618701e-03
9.638952799274279684e-03
1.282822136108557724e-04
1.910370630908388894e-04
2.922837569018567252e-03
5.381233079917293292e-03
5.554943050282671810e-03
5.808997181122189934e-03
4.029693802156856554e-03
2.010777522484227808e-03
1.078261491100311061e-04
4.683844529258700812e-06
3.387124541834621499e-06
7.332025050238972010e-06
1.106409204857711026e-05
2.032998775737166505e-05
4.712398753422709258e-06
1.199000935043811658e-05
9.780556156370550334e-04
2.335355626090610242e-03
1.201661091658382083e-04
3.849813892682046445e-04
4.395368989208458393e-03
1.828039331542731689e-03
2.718748755517115014e-03
1.120813705292331326e-02
2.564234801447501117e-03
1.763018228930781110e-03
4.903578095880789436e-04
1.474274543287433108e-05
5.954769352089749847e-06
8.053001445165951404e-06
8.134759539358903425e-06
1.757625700862055124e-05
1.258646653759592384e-05
6.994139968136713125e-05
2.143915561859203837e-03
2.577945637029822011e-03
5.495342169060883197e-04
1.375513647308612393e-03
3.519173566978853630e-03
8.133131065670059492e-04
8.076139751384707249e-04
2.446564129285021521e-03
7.898957623269996882e-04
9.394987640446882853e-04
1.478648896581243001e-03
1.843157052270532139e-04
1.498780258208790895e-04
5.723076417742704533e-05
8.707631368329540430e-06
1.367880859448853965e-05
1.492506190161227799e-05
1.319125158620875914e-04
1.975507731886149820e-03
5.049496010241509569e-03
5.057528031053797925e-03
9.490747773940265940e-04
1.381620506079120955e-03
7.070543494728464239e-03
6.580490042956043707e-03
1.361525458983941063e-03
6.704421653082109564e-04
2.735175419430387403e-03
5.417185144936277966e-03
9.034987701141476658e-04
1.402999539419770830e-03
2.843904316437386890e-04
1.144791023619354489e-05
1.233795266856183114e-05
4.404447100625746323e-06
4.111051364550646296e-05
4.590008911980420566e-04
1.398634529867207781e-03
7.896355475155446974e-03
1.178930509775747782e-03
3.905418258854464575e-04
1.035518578788205976e-03
2.218014816392064551e-03
2.071495025988985290e-03
1.317110175605661331e-03
2.887236931067270647e-03
3.432493498688708820e-03
2.650044517115907115e-04
1.209887331622572649e-04
4.574624002920884896e-05
8.633120198746028695e-06
1.420762661688038076e-05
2.209435112160137369e-06
2.065108224634689934e-04
1.959550798518686077e-02
7.299144885745022064e-03
6.765876053703588980e-03
4.448792530788733303e-03
1.220546080008388240e-03
1.612430430957293380e-04
1.189982302918523753e-04
7.918923269827870788e-04
5.326573978692914066e-04
5.589822566399434232e-04
1.257995846652452607e-03
2.158305873987071744e-04
2.303903123396006705e-05
7.384693618164519350e-06
6.945481197101162112e-06
1.774284994011600972e-05
6.288412538891388001e-06
8.024070175915550473e-04
1.041541343143696507e-01
4.003177807730464582e-02
1.105398520198865031e-02
5.703597298015468560e-03
4.331506572706224183e-03
1.398348565470250481e-03
1.253710678536038015e-03
3.106781466354945412e-03
6.692442775935569105e-04
1.340617022542334212e-03
1.192633104073800333e-02
4.538472108949534282e-03
1.210478531712549932e-04
9.649596252295924797e-06
8.479212779962137041e-06
1.988864989497242896e-05
5.192227774838763216e-05
1.700420950696706485e-03
1.980684270375463948e-02
8.748107792666267452e-03
3.518223468087086463e-03
2.365854763753533208e-03
3.507300411125387294e-03
2.988703243998994726e-03
4.689362847483357667e-03
7.633759005753150070e-04
4.098464239827591719e-05
2.714825704673477043e-04
6.609590454825977485e-03
2.532059321911445116e-03
6.647141519539010736e-05
8.867025463830215655e-06
9.671860434073130215e-06
2.022314875762319615e-05
2.400450806069409046e-05
5.045606837436460461e-04
5.399780370193850258e-03
4.549789112926294447e-03
4.323026989989784373e-03
3.456306382930498643e-03
2.905560185172303012e-03
1.363673547670585457e-03
1.475235318590736346e-03
1.241893752226071082e-04
2.880152291788839387e-05
4.157287145719318735e-04
3.259460729173485529e-03
2.479215674015361969e-04
8.193339883500754778e-06
5.212485291726476199e-06
1.031366589390586857e-05
2.040422041337976432e-05
4.282629366859130581e-06
8.612051897697236766e-05
1.808788159972428292e-03
3.770705314599740853e-03
1.473511331432854170e-02
7.933432157659268263e-03
3.676272894499439323e-03
2.269189919932266663e-03
2.400919579541163380e-03
1.238747825444607743e-03
1.683062937497698539e-03
4.918947301444753610e-03
3.817926223599076886e-03
9.965305613656626421e-05
4.362931478491323394e-06
5.315218213790372638e-06
1.144656344622985381e-05
2.046616780752303822e-05
9.496752559530446581e-06
2.747831084859389972e-04
2.692435862985616529e-03
2.313952899162705860e-03
7.724515217314323161e-03
6.847150222457554962e-04
2.333982329719260429e-04
1.256045231961711245e-03
2.039868604012432755e-03
1.894214184457617984e-03
2.168500134182695192e-03
3.733498827667692220e-03
3.630559006578397765e-03
1.394717103099457427e-04
7.919291127314678915e-06
7.849388094481953257e-06
1.250468840655584121e-05
2.022471418588119187e-05
9.310119274473670410e-06
6.099275047221813703e-05
5.446277127762853701e-04
2.301188077442137356e-03
5.781580452554405114e-03
1.378195062224089515e-04
8.267555752333979511e-05
1.084220440711696843e-03
4.662944100973778956e-04
4.226167003849208570e-04
1.050789959119235745e-03
1.544268868999123644e-03
5.137010386024608343e-04
2.290964337270695085e-05
4.892012612594985093e-06
8.274423505428435150e-06
1.275463208120543052e-05
2.006470094592845301e-05
4.780991369874475096e-06
2.380362454536760026e-05
6.212292750127393045e-04
2.406488867717528068e-03
1.516684217333740545e-03
2.137865671734898848e-04
4.825195013267333200e-04
2.395513093432978958e-03
1.400662920247738256e-03
3.927954811933870825e-03
1.222970295310210100e-02
5.380795414142220366e-03
6.200341146132621250e-04
2.130009043033247209e-05
4.237064063380318037e-06
7.413944992184349961e-06
1.229134808775237956e-05
2.002575654628301351e-05
3.532430432505780008e-06
8.490249395113785337e-05
3.498014005423778425e-03
2.685173564425789861e-03
1.856133334861381724e-03
1.814484907346571680e-03
2.195839569046226583e-03
2.847118340620646750e-03
6.145913304055975086e-03
8.461167691753205405e-03
8.060306585748753042e-03
5.229369334914219826e-03
3.710704028092451541e-03
2.304441653204665496e-04
1.144345866646579569e-05
8.094113832212462465e-06
1.190048036270179766e-05
1.996175749478840917e-05
1.385039557099835899e-05
6.912143556730909136e-04
3.713908418132976300e-03
7.644938826566168369e-04
1.836278785401083144e-03
2.044782642118597206e-03
1.272509685502438894e-03
1.524000778303324314e-03
4.771657308839260918e-03
3.826974130784981717e-03
3.553405211739489589e-03
1.289589636167949756e-03
3.049780722712466243e-04
4.757455839607841537e-05
9.299426756672480980e-06
8.859136059132926636e-06
1.208197310562088856e-05
1.994970818323362811e-05
9.340119183655587291e-05
4.465321900137901243e-03
1.281451867930976166e-02
4.047917494174623800e-03
4.215933286047863181e-03
1.818616280986200782e-03
3.049448555271189881e-03
4.697190216921080450e-03
4.441087323763718772e-03
2.104234058595256650e-03
3.076912663625320284e-03
1.606191732280926304e-03
7.639841423572487332e-05
8.528886483432908351e-06
6.651374765134672530e-06
1.018888963900856877e-05
1.245128064398536941e-05
1.981182963445275131e-05
1.644761174042979352e-05
1.955770408958520544e-04
2.952550026534597836e-03
8.280302436044870151e-03
3.029049635197521555e-03
1.297820631300483120e-03
4.066125354614972230e-03
2.768558351057926609e-03
8.779781416092130326e-04
1.568139130102959517e-04
7.752421396740717219e-05
1.384382086216588801e-04
4.326608669522393218e-05
1.002315105471404425e-05
9.060463957163496335e-06
1.131851429032340066e-05
1.192780389129572736e-05
1.897438241803154555e-05
1.989946549377286832e-05
4.119340014200929692e-04
1.012314871830135438e-02
9.720711110505085920e-03
1.849518058118253564e-03
2.333272244632114863e-03
2.453938046669404145e-03
9.896828932023983040e-04
1.080288341952638075e-03
3.316582669365230446e-04
2.181339270040787644e-05
8.269624124196714337e-06
1.011932207611491428e-05
1.061897300989462786e-05
1.165851547124218722e-05
1.187384381198211642e-05
1.188530225519254306e-05
1.930593152044830752e-05
1.694319601559757477e-04
1.894555222160190658e-03
1.199047430020643186e-02
1.108685457614012188e-02
3.876638219010547070e-03
6.648560332373556168e-03
3.579376652315366652e-03
1.236108801283323198e-03
1.391661373146208143e-03
1.786705377928357857e-03
1.883626072429419077e-04
1.587194274222891813e-05
1.228075019942350005e-05
1.800743783434974115e-05
2.019852474476811383e-05
1.923224905997643718e-05
1.932741690964860537e-05
2.940273783305055776e-05
