3.770169085845212150e-05
1.435578054752867675e-03
7.675625230168804311e-03
1.116337964831296686e-03
5.722512311694454229e-04
4.361860879498047480e-04
5.160357172633566071e-05
6.795693480785464395e-05
1.410432403205557034e-04
5.261585653152663051e-05
1.031580052949448862e-05
3.242428250823020260e-06
4.027076221220205679e-06
7.963566385326300605e-06
1.086977109245329333e-05
1.039187689093054892e-05
1.093988546403002802e-05
1.938154125910791678e-05
2.571670918741216725e-05
1.862809600529734115e-04
9.132925054742952430e-04
2.612042281564480681e-03
1.487462376814132573e-03
1.613962404440516703e-03
4.798368055218860421e-04
8.426352600989699213e-04
2.732911851393466773e-03
1.241688874581220068e-03
1.069312164865611096e-04
3.000410182993553961e-06
5.420396023855823552e-07
1.422053489806166210e-06
7.342728969367655040e-06
7.933369632836569644e-06
5.412607564355625489e-06
1.141461890058814527e-05
1.787456375518810909e-04
5.989339351684361311e-04
2.379009042070123064e-04
1.580241821318305057e-03
1.370288884771776131e-03
1.869817306935858691e-04
5.810024500626601051e-05
3.839797542618980609e-04
1.699105117354840272e-03
2.856651194165205163e-03
5.513371298118388900e-03
3.047744630267112714e-04
6.542994453595354015e-06
6.468801308756877185e-06
7.561621112499872514e-05
3.515091815726290687e-05
4.499607079086224600e-06
7.430876698307286869e-06
5.635263594083455039e-05
9.708061293790079158e-05
6.411206284411714309e-05
1.446501071913008528e-03
1.030162488946070312e-03
2.939117699173788935e-05
3.237732016776192307e-05
1.056293019807548429e-03
9.897599059120931655e-04
3.079369481165834268e-04
3.881532583110968836e-03
6.663313251361286521e-03
1.382184424064998455e-03
5.266890019159848387e-04
7.641049520093091008e-04
1.018922182990240866e-04
3.293696014018882117e-06
3.000315602621089817e-06
2.902442921531291100e-05
7.213205463965687361e-05
2.965405171514529851e-04
2.466692492694983266e-03
3.165293294851903431e-04
5.325729704022576504e-05
2.489615367041110756e-04
1.319957278333412599e-03
2.660578361329814191e-04
4.642587349280320454e-05
2.729819429080841795e-04
7.146321655877974728e-04
5.145200993535978262e-03
2.488268494633284061e-03
3.438567749646567057e-04
2.213721671670544849e-04
1.425953495887308300e-05
4.159655393328962645e-06
5.662836393855830657e-05
9.283205118160703763e-04
5.857830188550058013e-03
3.724019632236077147e-03
6.634870803766131737e-04
1.127295718914020708e-03
3.604258612064589491e-03
2.249666418562047427e-03
6.695902645495312253e-04
7.086074533066940347e-04
1.604362829369148247e-03
3.019720171188834202e-04
2.907228856413725075e-03
3.244084274440740476e-03
1.916407146830841990e-04
5.208255487036190417e-04
2.304934390462961354e-04
1.174951273081497661e-04
8.847031586431790476e-06
3.623617174198573085e-04
3.980779796863829524e-03
2.106417697824313276e-03
1.903190377036914627e-03
1.569836013560986770e-03
1.920758065717192813e-03
2.213240738976556595e-03
1.410402928187643335e-03
2.932096664263535591e-03
1.655682162250466001e-03
9.019605047984598591e-05
1.144575541060670549e-03
1.040380756511539474e-02
6.265953254102951458e-04
1.438316937476636444e-04
1.437070787170704035e-04
1.032535310880833669e-03
1.253534154484040831e-05
2.718478032978189707e-04
2.046622243940996420e-03
3.388178224319666944e-03
4.174210496900017907e-03
8.601394003296933309e-04
5.200069411581079853e-04
6.723899607399410694e-04
2.834506168170600258e-04
9.922580255022602283e-04
1.472090408279312819e-03
1.955569180266111871e-04
4.633013402368616894e-04
3.510677735385157525e-03
2.034533243710615318e-03
2.227141519187567044e-04
3.748272260230301747e-05
1.228449538963190485e-04
1.031408242590306637e-04
7.098964457918539601e-04
1.299150975381885720e-03
3.137448072857608981e-03
4.397158505931842397e-03
1.576036869326233889e-03
1.240655925762922064e-03
1.773708124873800028e-03
1.509446938607485037e-04
1.094653011316112879e-04
1.305859935019185701e-03
2.351125133756497548e-03
9.199723296856171517e-04
8.739230218289399969e-04
2.223158892505865472e-03
8.080178311132489273e-04
2.716887006359227716e-05
8.370102259334522490e-06
2.487334555632072735e-05
2.205655863260111394e-04
8.977532692802779211e-04
1.590480074393328972e-03
3.982743500852582892e-03
1.802456473774083573e-03
8.330020493470623568e-04
1.875692179395226740e-03
6.720253705446693608e-05
4.858123684369807873e-06
8.057425465147768451e-05
6.520546382541315142e-04
3.006918226637022001e-04
6.602427094120780302e-04
4.934709123797966467e-03
2.089367031123569394e-03
2.733503352372207925e-05
3.022501846250094517e-06
1.360192670639607922e-06
5.287663586918482086e-05
2.735792153288563611e-03
3.430677943259366047e-03
1.480441887097872118e-02
5.701982697185808621e-03
6.433319302258296577e-04
7.412392313964594843e-04
2.289577898587634677e-05
1.639044522969003399e-06
4.496175614348820121e-05
4.075704579193744595e-04
1.556017649422027365e-04
4.968731298369366643e-04
4.797313620183625907e-03
4.894334193769342770e-03
7.722595552453110127e-05
3.492509441540326831e-06
1.048159474226985912e-06
2.211608876464837988e-04
3.095611535703721162e-02
6.725739867817407021e-03
7.968138957076252929e-03
5.249119800341364370e-03
2.522545582132323851e-03
2.005520453203715227e-03
3.161079768612139770e-05
7.247301011544671421e-06
1.946457024700528205e-04
6.021983707145242603e-04
2.196434161061681825e-04
4.553202139512698928e-04
1.645335012066117359e-03
2.871895381568001764e-03
2.554190753602102073e-04
1.256019677237292508e-05
1.185550793117577152e-05
3.032888775058744692e-03
1.437311898232102314e-01
4.339434485106865441e-02
4.007390631166494327e-02
1.032642107206735438e-02
7.555733572819635716e-03
4.548280617742398932e-03
1.894011822746253636e-04
2.876665448133573040e-04
2.229802308882282945e-03
5.238343328706843334e-03
4.254297364657541776e-03
5.056991077230603253e-03
1.254009317681926278e-02
8.673506756256344971e-03
1.016291757548408664e-03
6.737774008321628411e-05
5.633131281163027690e-05
2.549165977636744934e-03
4.442282240106151803e-02
2.560683759666637985e-02
1.194876045249933932e-02
6.483965571503490753e-03
3.257932312664993130e-03
1.035437625304141962e-03
2.718485933399502957e-04
4.912777131274153339e-04
8.481096040475391952e-04
6.070487732711188876e-03
2.466196111985320683e-03
6.413464417103279230e-04
6.909501888829704466e-03
2.754100604757165564e-03
1.120916920153046327e-04
2.476811815966758774e-05
1.243331946458232871e-05
7.819049820652073811e-05
5.304560289201266932e-03
1.884193155768846759e-02
6.579549384615944636e-03
8.109254360142918727e-03
2.729418698817001609e-03
1.694114172158707899e-03
2.699329803289793068e-04
3.728530316956214720e-05
1.213216860889311912e-04
1.913218369059865084e-03
2.797841174937449747e-04
2.092732967857029473e-04
5.556121458580393080e-03
2.481106342120023133e-04
3.007646140327140101e-06
3.998575097977501337e-06
3.077926706957923002e-06
1.512610911968351625e-05
2.321545116235984758e-03
1.580393737341871663e-02
8.308253868285330607e-03
7.495200136179917642e-03
1.698248389027787273e-03
1.195294237919620377e-03
1.012536455102529715e-04
1.637592783666227299e-05
1.836789155053980256e-04
2.958397008080824076e-04
5.972754859708137646e-05
1.179465636717907983e-03
7.841992104018015441e-03
4.642683833400325626e-05
1.138571478698791671e-06
4.363724046393343063e-06
5.031509763471500859e-06
8.278637996430501789e-05
5.799197186188416973e-03
7.046930662723439355e-03
4.281533161080753463e-03
5.599793680092226070e-03
9.382626437781746865e-04
2.479416139478452029e-04
8.220470376762444606e-05
1.008851186392434833e-04
7.793803008562426781e-04
6.991817742374059304e-05
1.441776910187706014e-05
1.467056787031181548e-03
2.375905595116230805e-03
1.352408495796976823e-05
1.572081388922331832e-06
7.777213561635967805e-06
1.373840851123634474e-05
1.817337768784652073e-04
2.197644922221676528e-03
3.205678008809667839e-03
4.275710081406203233e-03
1.180645170923618923e-03
1.733813375831557238e-04
3.317188162562697672e-04
7.473746961123770276e-04
4.967474441317765686e-04
1.485036027325607180e-03
2.515454231215653370e-04
6.269387477388751377e-05
5.447283678347961816e-03
6.031329231746056577e-03
3.819206895543925513e-05
3.577150450613650241e-06
8.329152833359228494e-06
4.738299447431513378e-05
1.059132122472740889e-03
3.947310732993548552e-03
5.016972496236666093e-03
8.349781396693541427e-03
4.196660384972939113e-04
1.230566718908943709e-04
9.436862160355938235e-04
1.894550464115853441e-03
7.666892708915798698e-04
1.904682290631776664e-03
1.710953063401641659e-03
7.715590070129161844e-04
5.420520885604844519e-03
2.350082994934690923e-03
1.211787416500969243e-04
1.474331319250177506e-05
8.774638304146783032e-06
1.327412473332836877e-05
3.000129564971079177e-04
1.112505110218691556e-03
1.188753257229810010e-03
5.221932305373802943e-03
1.322502814509648669e-03
1.151616596142041819e-03
1.701221886989796438e-03
2.611261169938067228e-03
2.235354356187784289e-03
7.669209685114341743e-04
9.074842298570050259e-04
3.841810963277803633e-03
3.898571790537267573e-03
1.239072627569440341e-03
9.406306717982546375e-04
9.839002418991900053e-05
1.169161811212355972e-05
2.825732009770872688e-06
4.548393589487965217e-05
1.265754236003519689e-03
2.831447920581670313e-03
3.510768986997960840e-03
2.578856903792781964e-03
3.536213330911352429e-03
5.502845059031473418e-04
1.035591470251912916e-03
3.443023041235107259e-03
5.203318192358983739e-04
9.883396981463026757e-04
8.539515401794893490e-03
4.571754085006862799e-04
4.229924647100005204e-05
1.109294598459041337e-04
3.495054320682566021e-05
9.391442510795730523e-06
3.598217696934119312e-06
6.014156598367089947e-05
4.142678342706937814e-03
2.680556946799674857e-03
3.889750968570089671e-04
9.457268364540858232e-04
1.305636696494444577e-03
3.849856662636576493e-05
3.290710716607735142e-05
8.469208799143443248e-04
2.419114202887898309e-03
4.805574255076974256e-03
6.467090722063082928e-03
5.611895786306746891e-05
1.478762397579455876e-06
2.956775662313611220e-06
5.082206068336995243e-06
8.253624833358854648e-06
6.502211477251585090e-06
7.383722316799733805e-05
1.451704487569957340e-03
1.052738873854803977e-04
4.749762605377528953e-06
2.441636064178638070e-05
1.592833794569375235e-04
9.612920044556513539e-05
1.577371298770507079e-04
2.277786081843821610e-03
6.925319376385496647e-03
1.331122162209477742e-03
2.012071151798223989e-04
1.232874421453050424e-05
2.020852566554374684e-06
2.814118907120033841e-06
4.995174097606703866e-06
1.082806189663823296e-05
8.649641774242145832e-06
4.673515620552425628e-05
1.021640379680954086e-03
2.384110098244180851e-04
4.023279266114650193e-06
2.341110660395074420e-06
4.807053390742481436e-05
1.098398804837994206e-03
1.244693671061171533e-03
2.883035219673196889e-04
9.807104519881501754e-05
2.073961246137332365e-05
5.710254166724019365e-06
3.871188535270559169e-06
4.722404469199739580e-06
6.342621538467819732e-06
7.266273618260339822e-06
1.252006520914356117e-05
7.838294305391133528e-06
8.509909799493205380e-06
3.641095090499783240e-04
3.785862152037877161e-03
1.375893889545708355e-04
5.615100411540405051e-06
1.530224468280951943e-05
1.275988774591753675e-04
5.642429741078234254e-05
4.627113820817398520e-06
2.313794603385424757e-06
4.103104156094565282e-06
6.119138502685913416e-06
8.744987917802480098e-06
1.206264950199818198e-05
1.271662224175322324e-05
1.236344048197679910e-05
1.888505069688579287e-05
