2.990220437690679575e-05
2.151612574380348743e-05
1.203908325046942684e-04
3.046699188455358784e-04
1.735196729225994957e-04
3.830702342194054841e-04
1.184595114363893041e-04
1.009728741874803573e-05
9.183702313970748118e-06
2.099681240695447376e-05
1.481123515573228656e-05
1.207778104569135884e-05
2.071591485490702070e-05
2.939055063060126309e-05
3.146054648736233477e-05
3.100853191168982946e-05
3.175990873325383292e-05
4.375646339389408385e-05
2.053343458728433286e-05
2.156017199205703401e-05
5.042922053106219538e-04
3.426689208887025422e-03
1.710058590424777406e-03
3.214153843378615618e-03
4.233073225668270269e-04
1.607210567799386355e-05
5.369714736381498246e-05
6.696021315745644392e-04
8.707618280171506740e-05
8.376739492994709214e-06
1.108492591122520491e-05
1.577370587957204127e-05
1.647740663992957889e-05
1.834046407791507427e-05
2.089300376403112106e-05
3.187949797730001828e-05
2.196578650125739540e-05
1.525162035547492126e-05
8.458949248202395164e-05
2.050570414059126327e-04
1.236734860935078187e-04
2.875417888103204921e-04
2.933245735827947308e-04
1.811472261463450777e-04
8.564119303483726242e-04
7.932508394774837393e-03
8.502821951476675043e-04
1.114210303331613733e-04
1.070187272104293231e-04
2.802379116034667725e-05
1.070265646276495786e-05
1.201528876778136035e-05
1.661646123844210150e-05
2.957098492262227066e-05
2.450140073680526901e-05
1.024512823328799776e-05
1.149392947769011360e-05
1.865068551263322316e-05
8.394626080647927657e-05
4.141808750938089350e-04
6.529178258974531121e-04
2.856559763095402240e-03
2.073988346745545604e-03
5.074199298946324883e-04
4.728494165675422461e-04
5.194715502532907571e-03
5.444850665328055880e-03
1.325118544320413199e-04
2.198379612974738222e-05
1.842776028892024193e-05
1.579113177224840167e-05
2.701577058204453866e-05
2.380192734203036972e-05
1.531853798650553161e-05
5.888187691388691031e-05
4.165404008684832847e-04
6.031958919483972927e-03
1.433429053483166286e-02
1.437284558335911186e-03
6.068081075234219371e-03
4.204422815917801398e-03
7.260499037104859615e-05
1.110080709058014177e-04
4.892088744112760290e-03
4.400021036787738274e-03
3.345890064413897303e-04
3.524903490405864809e-04
1.593657994510493494e-04
2.513934972872800702e-05
2.541990658168902782e-05
2.288320161938256728e-05
2.603472782312341331e-05
4.099355023642218339e-04
3.593190057540234308e-03
6.829572440196103426e-03
4.291335173970126787e-03
6.231603891525041563e-04
5.663685992053451440e-03
5.138910777040775479e-03
1.250078817369721501e-04
1.427289244831956780e-04
6.435353449862319481e-04
1.138312847191371574e-03
1.814100241778637173e-03
2.606045556145008060e-03
2.583142242218089738e-04
2.014859909825136253e-05
2.280676969668277471e-05
2.363005666801584298e-05
1.804300585729338961e-05
7.869196006284214211e-05
1.953846679636797817e-04
3.461958546876525624e-04
9.176344770039575631e-04
7.516770944727606350e-04
3.841480353214060846e-03
5.499241086689379832e-03
3.176171131668276745e-03
2.893416566985219842e-03
1.003165299994176508e-03
3.332790963402842283e-03
1.474020455885593529e-02
3.194320873997347644e-03
7.565672474753047162e-05
9.833366614116203569e-06
2.071935368185331476e-05
2.469452146242845868e-05
1.319929269693138955e-05
1.830481394353371369e-05
3.126261279586406026e-05
2.662699822364741984e-04
3.146976001981735202e-03
6.332631280759375625e-04
1.501011039127853367e-04
1.079769845014579965e-03
1.224819062709127555e-02
6.265664867125888236e-03
1.442620380057504275e-03
6.775781353741826447e-04
1.314915433382188694e-03
2.600257686992423368e-03
1.555175986338975342e-04
1.273504797991803180e-05
2.163418820087106907e-05
2.281638479474940847e-05
1.956644144177636103e-05
9.789329995207694942e-05
3.847533339089138048e-04
4.228424734316791017e-04
3.433992167576381343e-04
2.743808978942337422e-05
4.468025288732936419e-06
1.384212687104622555e-04
2.389941595022232468e-03
1.999289441315336285e-03
7.895256569678777911e-03
3.681843666704140536e-04
5.451166010117548257e-05
1.066890927969320118e-03
2.204113684810015989e-04
1.087979709585183451e-05
1.783805632291690565e-05
2.725059789700709975e-05
2.305141252072023355e-05
1.665359547507084420e-04
2.905908447619263285e-03
1.107519171580991120e-03
4.995488854436645103e-05
6.833866049576437998e-06
6.327233219462587214e-06
5.375061119360600168e-04
7.181483414256120516e-03
1.603262573102653705e-03
9.377556056847615590e-03
1.394622726951092080e-03
2.385301221694123444e-04
4.391926446571070911e-03
4.246141529146393086e-04
8.841123177445100193e-06
1.407680227625449597e-05
1.079091321948874555e-04
1.547751514145986678e-04
2.918027231450739554e-04
3.203446380663519787e-03
3.242589326525594905e-03
2.467627993850174156e-04
1.163708057825436069e-04
6.789042132544899171e-05
2.034897564147610709e-04
4.835584055261289336e-04
1.417163200722092523e-04
1.898259038409435152e-03
3.777831114174976922e-03
9.604497366596223464e-04
3.902214386544811554e-03
3.228492737770967489e-04
7.968094612301383995e-06
1.191960157522891709e-05
1.604336253220783252e-04
3.995457926346271393e-03
2.892438382658985008e-02
1.890380333410994484e-02
6.301340438718604740e-03
2.309093053672774034e-03
2.878388913314755809e-03
1.280612695750807210e-03
8.293651358004767787e-05
1.449314711497423168e-05
4.518901017948600830e-05
4.556542293707590598e-03
1.063583228382093335e-02
8.746402853586736359e-04
1.027581494872261509e-03
3.058591176324830865e-04
1.737984170583650010e-05
1.271521071754384137e-05
1.284079922961246454e-05
1.706699140573162158e-03
1.974073707593831661e-01
3.657101985603992966e-02
1.087559826124917702e-02
1.402383658231033323e-02
3.340376913979313609e-03
2.225287450149438396e-03
7.683603181828917595e-04
1.365003738456141446e-04
2.088915616364112092e-04
5.254705182598040994e-03
1.143695611080215030e-02
5.893092797409879395e-03
9.369608361119257517e-03
5.558280518639505119e-03
2.169171742932742952e-04
2.238549044427242006e-05
3.260725210097030739e-06
9.163307942116175368e-05
1.659986041489496661e-02
1.533003531029746534e-02
6.450930350983040060e-03
9.169789506037178545e-03
1.689225216555467713e-03
4.688549432117189008e-04
1.015034074748869366e-03
2.838582983591799239e-03
2.747356992128780449e-03
3.825999780542527380e-03
2.095871207159889522e-03
2.359693802699496228e-03
2.921513940680155880e-03
3.343189316228700227e-03
3.202503187578130102e-04
2.326973333808749403e-05
8.070619483906511514e-06
1.229198010492476690e-05
2.813980584051370415e-04
5.241615678048469618e-03
6.219203990702572467e-03
2.373579539924618263e-03
2.397060519800014566e-03
3.118099132494785587e-04
6.917685456560248886e-05
4.224010047806915592e-04
4.604311787429384538e-03
4.759006989255479270e-03
2.265407771435224500e-04
1.659887232844036126e-04
6.981767956616418292e-04
1.302192549591745354e-03
1.622483916117864380e-04
1.897978174032106889e-05
1.798051185871752126e-05
4.155721858530086098e-06
1.039711661759920422e-05
1.066637765069318932e-03
7.815085672311289366e-03
6.674424957101329596e-04
4.307307893458218778e-04
6.826406715338847705e-05
2.584331018255238179e-06
4.977894140265955366e-06
5.190675479534261321e-04
5.858312916784107899e-03
6.183084587280923260e-04
1.301552897004703245e-03
8.711343014901619733e-03
3.839196308941763679e-03
1.957164878603407971e-04
2.667522318087765977e-05
2.355698813041331467e-05
6.635824811132523771e-06
1.566253500273871531e-05
4.315325750548541458e-04
7.260194025367411926e-04
1.505396745161200042e-04
5.054864163876765949e-04
1.959532879300799376e-04
8.751620166468656426e-06
2.068948945531442820e-05
1.811752382371945545e-03
7.901879593245219116e-03
1.518029487847930405e-03
6.750959963087173332e-03
9.856928674566634366e-03
4.980369666245698700e-04
3.634809498350507502e-05
2.181228752004671893e-05
2.436177973511127569e-05
1.829751006262325279e-05
2.445572811870924462e-04
4.264142952287836540e-03
8.663470935296076203e-04
2.699317726653650677e-04
3.592526656288424179e-03
5.045133416230821767e-03
1.215538808884680105e-03
4.754540545085173854e-03
2.051588585359264555e-02
1.755476433457114774e-03
3.187163711075666900e-04
3.041498380283299326e-03
7.308337701484071171e-03
2.819738197046252814e-04
1.672388536622493018e-05
1.879800096309213310e-05
2.372439554233610304e-05
1.817853132347228430e-05
2.254334084166442081e-04
5.488578739122948642e-03
4.257014835685383677e-03
9.773069277810753248e-04
6.427686329326313779e-04
7.780244198703559211e-04
3.267539892960697866e-03
1.298393374058338587e-02
4.438504492338322255e-03
1.031824632497456949e-03
4.088449816106380467e-03
4.851871810778672287e-03
9.378180706175447828e-04
9.286859130309618737e-05
1.778231535082654065e-05
2.418700442429182212e-05
2.639945769908459848e-05
1.121960181368016558e-05
1.581388161777266433e-05
9.267633940511690448e-05
8.743948293652930399e-04
3.707979358771693913e-03
8.542364354147045881e-04
1.069259233220420843e-04
7.722185325110415268e-04
5.326475478125454813e-03
4.181104462866376569e-04
3.702138624320833096e-04
9.477252684647514275e-03
7.570353279544417930e-04
1.075866902763866241e-05
5.780059794408394809e-06
1.207581931584408733e-05
2.870211332398306492e-05
2.876026631616808855e-05
1.015467054769276150e-05
7.350372194082084797e-06
4.369155327517466354e-05
8.539178324066083129e-04
6.427175327099158772e-03
3.674855948788603981e-03
2.098753841143849582e-04
3.920050553538371942e-04
3.638552853603990202e-03
2.170624265064180090e-04
8.744062235443791236e-05
1.396423410869290348e-03
1.098336055343246447e-04
2.758878264100905653e-06
3.932942765250647302e-06
1.449861998445978309e-05
3.215270562418245655e-05
2.558461367494412416e-05
1.181062251230088514e-05
1.893945240108336765e-05
2.981335223604815433e-04
2.724208785434094164e-03
9.292168751280451867e-04
2.110626429072021994e-04
5.953636720281408164e-05
6.018715816158748985e-05
6.600960862122797097e-04
7.209479140619696634e-04
5.319259661782905178e-04
3.133512762774829600e-03
3.550822820065301609e-04
1.224584313412994725e-05
9.907352474200698924e-06
1.957474128208214060e-05
3.271293605169474768e-05
2.327457079992521362e-05
3.232856056925163438e-05
1.517319981995224711e-04
5.060710715927136099e-04
9.920738424340491690e-04
4.671951720379721403e-04
1.547784395831816508e-04
2.039051649542962552e-04
9.863957758664677975e-05
4.161057812020842509e-04
3.226948985432766953e-03
9.098164070588944359e-04
4.066039166359620223e-04
1.078408875809477017e-04
1.845216140804938700e-05
1.499846935724555672e-05
2.025240794538270365e-05
3.085566193021342245e-05
2.328000530543302776e-05
1.521953237618050333e-04
5.127233124434578231e-03
4.593162376287715856e-03
1.329123696533855313e-03
2.341936271662636154e-03
2.008613075964960689e-03
3.234164130796649429e-03
4.733867621210267255e-04
1.412682002916069524e-04
3.458095614390505599e-04
5.817308894815063691e-05
1.207136094607874585e-05
1.247798481613616963e-05
1.468440781662882534e-05
1.798292182468861554e-05
2.107257521626942630e-05
3.130264595689894526e-05
2.675413137756906638e-05
1.933608709387174454e-04
1.120790920656212185e-02
1.051142582104095877e-02
6.040247610346489169e-04
2.837828916413434426e-04
2.138125255791117993e-04
3.430719041114071283e-04
1.034085945531802448e-04
2.112825820875807058e-05
2.393175086701393613e-05
1.614391823629129485e-05
1.197695747717644424e-05
1.880765160192599889e-05
2.757278300066989617e-05
3.056684476204729291e-05
3.171740854788265954e-05
4.351364587714177625e-05
