3.006790641093873263e-04
2.426079630490371453e-02
3.726807781014616905e-02
2.410871674275501947e-02
6.762674529385796903e-04
1.728499424873542449e-05
3.769009115929669785e-05
2.438791910816829884e-05
8.482187164553320352e-06
1.117627677228216537e-05
6.477277701632244994e-06
4.681333047773783755e-06
7.973220805493455281e-06
1.202652596947171820e-05
1.329211186789007760e-05
1.283693176350877542e-05
1.301422044926801119e-05
1.846278313983595672e-05
5.111857705285585121e-05
5.039239286087738613e-03
1.748670740080274580e-02
1.618862501304117046e-02
3.042488726681205104e-03
5.822469615402425238e-04
1.633515850519352743e-03
1.934783980009164509e-04
4.903714802837795826e-05
1.240887128195132495e-04
1.785895598667605578e-05
3.650368950625609263e-06
4.628504667927050366e-06
6.141264267703243224e-06
7.417786043615026207e-06
7.998180168784592203e-06
8.489170250739199136e-06
1.312710651664790184e-05
5.230499296469084443e-05
1.353595137289678946e-03
3.461408867926768669e-03
1.444257880765132925e-03
2.310268614165665569e-04
2.132983609494196620e-04
1.552265680874182494e-03
1.585726665492937859e-04
1.007390665568993408e-04
1.184125706002784944e-03
4.566850344170048591e-04
1.364896338571868178e-04
3.641645598885238813e-05
6.954263781328813393e-06
5.251568751377966936e-06
6.262371100332688442e-06
7.274227887515760691e-06
1.246800431690508084e-05
2.046680877215523522e-05
2.891578611809970207e-04
1.076050868774489034e-03
1.074471586742809794e-04
7.294291642037493647e-06
2.553173546432425497e-05
4.089334685744135328e-04
4.939051815379035470e-05
3.404972901119993002e-05
7.914228502742992784e-04
1.813520145401874024e-03
1.409140435801318775e-03
1.042953511996048017e-04
6.808905558649394943e-06
7.251494191193064796e-06
8.136262506468325864e-06
6.462944856428117207e-06
1.145294273521802689e-05
4.235109412039288096e-06
9.473170130678219001e-05
8.140120836383487679e-04
7.810877875357817568e-05
4.168511203404553172e-05
5.018789178122462155e-04
3.131215955176623253e-03
2.918438542773392074e-04
7.069259083706096462e-05
8.293864972922419896e-04
1.049890684060321997e-03
1.519596571702646985e-04
1.490502002941934160e-05
1.224082884608766664e-05
8.633419339110537968e-05
4.492714513094685718e-05
8.127405344489949487e-06
1.016441402345246741e-05
4.669886608319515737e-06
1.523192499289781647e-04
2.423027099472999189e-03
1.036360953955674496e-03
1.326641665379237533e-03
1.734840210553687846e-03
2.891599935709369702e-03
1.890282333476224139e-03
2.618740420233011735e-04
9.306320366144741783e-04
8.917557963298524716e-04
8.346817000123432975e-05
7.694593404052025134e-05
4.868302699038208094e-04
1.416465407644356854e-03
1.259940233458385140e-04
8.980860607567640609e-06
9.765851604457680016e-06
2.353147674763317445e-05
2.519223319864681196e-04
1.198731761225549581e-03
1.481482090823734712e-03
3.650695898543830946e-04
4.271008372591188066e-05
1.601727863310668397e-04
1.095901311507509928e-03
3.900969399979204171e-04
1.123099036020672355e-03
1.010464919720250243e-03
2.327559706008029531e-04
1.580598377541225395e-03
3.887199584682485623e-03
3.403627564351379754e-04
1.626085754082944363e-05
5.052265046824066012e-06
1.033936147010466601e-05
1.518297104158758653e-04
1.251623804760006349e-03
1.953609562673091962e-03
1.822120735916019302e-03
2.875784078834267717e-04
1.177304944418755171e-04
3.321669294447438837e-04
2.723669995167693329e-04
3.480366235153879479e-04
2.493104907142674239e-03
1.262083146639854121e-03
1.131188875728127559e-04
1.454007520282742994e-04
1.002290810348583944e-04
8.154658200194348349e-06
2.207446468498076373e-06
3.954479389903578840e-06
1.206124482292103567e-05
3.198181234877553198e-05
2.802878082825799137e-04
2.474838526420927720e-03
4.387136201154961425e-03
1.633075139279395200e-03
4.165525111251108803e-03
3.062301106868981892e-03
5.317233060672394828e-04
1.552702064763147741e-03
1.986197423720757575e-03
2.395604823181189734e-04
1.561069117933885868e-05
4.192478777876981996e-06
4.270896537592738078e-06
3.720890783676653061e-06
3.207603787336392229e-06
5.066473199693240121e-06
1.267658953152217477e-05
2.567083372528263729e-06
1.806846963229505868e-05
1.641353645401558495e-03
8.100682491682758418e-03
3.046774756281509997e-03
2.156076396284352815e-03
4.383019814076031238e-04
4.940454494573076659e-04
1.324987561376392330e-03
4.229366724235029506e-04
1.796191921907496728e-04
2.813353619261031442e-05
4.626666222057729289e-06
1.635614735858776891e-05
7.639306481586803047e-05
2.174593192570986963e-05
5.975688763006015014e-06
1.061818977379321618e-05
2.672849183271638235e-06
2.610188746224593301e-05
2.810804286143262377e-03
8.157632573286152655e-03
5.789099868713242641e-03
3.711366601449568332e-03
4.763417056706690058e-04
1.351839008079672210e-03
7.857589880650443954e-04
4.392458863406202563e-04
1.020717195900614068e-03
6.579960325352373826e-05
5.799756792530977748e-06
9.582735102350997138e-05
1.762772931342310688e-03
1.215161705849173330e-04
5.807014289026217474e-06
8.359167575472953716e-06
2.588959801519425806e-05
4.686032470527668066e-04
1.734354407120322281e-02
7.649799762834142737e-03
2.364707811232494988e-03
3.828146283887011274e-03
6.398582519183781785e-04
9.893457794044890636e-04
4.160220449244171007e-04
7.690382966878465910e-04
1.340754600655748438e-03
2.244321728753005568e-05
2.123831320566607871e-06
7.182808613265258236e-05
1.890545483778888246e-03
1.064122086603270915e-04
4.461935050613012448e-06
7.485492148007773697e-06
6.137878883200390250e-05
3.127950434544132016e-03
1.234244191423442688e-01
3.664017061710218154e-02
8.755337872862797854e-03
8.939120256914486265e-03
1.092813651500488745e-03
4.589683943643237769e-04
1.509338241806214688e-04
1.068821640805077368e-03
3.023999799786299993e-03
5.775489966493496723e-05
1.159094368763548905e-05
3.402859924869469145e-04
2.135950844550924162e-03
7.594503353282375366e-05
4.793731266601559482e-06
8.500293814012944743e-06
4.842124989634686548e-06
9.628176053818684760e-04
1.408891102001049167e-01
3.505566433442892232e-02
1.235535441123009927e-02
7.315624606903938301e-03
3.724712709275219535e-03
2.848576485179362197e-03
4.423085861956001794e-04
1.084766084222167030e-03
6.070138363367921352e-04
1.805065157256669883e-05
3.105063087019417471e-05
1.489135466028335868e-03
1.837310770060923215e-03
4.629119723753130812e-05
5.867069167329626024e-06
1.057937915231320193e-05
6.213021067123878499e-07
3.895562329820153349e-05
1.529011905697376210e-02
1.199873346222128656e-02
4.781496658556230045e-04
2.808693346168917958e-05
1.226779879910773691e-04
1.029951147456500656e-03
1.564907401600495844e-04
5.462970471257616443e-05
1.481069816842373125e-05
2.698666219025056141e-06
1.917082277736781076e-05
6.444078658147449302e-04
2.108128610314005842e-04
8.238904233348624798e-06
4.308345472472199370e-06
1.154834670189285059e-05
1.464403198799180738e-06
1.199950300013502121e-05
2.317528920884351969e-03
1.412334021151937825e-02
5.128254937942863410e-04
8.501413098055241277e-06
4.547344876820704678e-05
1.055868059965524254e-03
1.007050673718169526e-04
9.248709388322667700e-06
3.503752252100371617e-05
1.357159210449549694e-04
2.566262716250894242e-04
1.099732134614830967e-03
1.395386438125117707e-04
5.397458587585637953e-06
4.261530253300327531e-06
1.212109984688489993e-05
5.756601335976624273e-06
4.343755882548319994e-05
1.645217319707929001e-03
5.352587141166155818e-03
2.870243529150287576e-03
3.754657417822343892e-04
1.331525224951854794e-04
2.147442507726192527e-04
2.761346354087012843e-05
6.578069882038729287e-06
2.197080011522247096e-04
3.194857116845713826e-03
4.426651421033536249e-04
1.224581469981188492e-04
3.358014234291516512e-05
6.317213830246422884e-06
6.089849375115219962e-06
1.297764572247462528e-05
9.405104325804226737e-06
1.444269045515533324e-04
2.330482162074038691e-03
1.113457008353927347e-03
1.505792047167644294e-03
1.328320754858605332e-03
7.325896167625632377e-05
1.168699851466261057e-05
3.290851952612006183e-06
1.397316575758286167e-06
1.374336109137443937e-05
3.164010288993838712e-04
1.871394591117293859e-04
1.781002836971027148e-05
5.029592284043985204e-06
4.838916402053565887e-06
7.487688377055784727e-06
1.334253405876625420e-05
8.470118362685762029e-06
7.392925045414374199e-05
1.281917139904073391e-03
1.334289997774812430e-03
8.850374078195302925e-04
2.862091078046470421e-04
6.265498077417450801e-05
8.066982973142779406e-05
2.694813682988543154e-05
1.056199558115613254e-06
7.948131334028937534e-07
7.375275631828627325e-05
1.511947001305484614e-03
1.171154302764198602e-04
6.481040144856204843e-06
5.131300527194947395e-06
8.110429648652749284e-06
1.325368278519906329e-05
4.613955280356975877e-06
1.249304423061756008e-05
5.514007646712704895e-04
3.357616483579377396e-03
4.030510936609062070e-04
7.901804925636848268e-05
4.121864011554561167e-04
5.625655070618957102e-03
2.388905985208672651e-03
1.454727348693554810e-05
3.504907153278485486e-06
2.981416967145011183e-04
2.009653966190391283e-03
7.642781529734248784e-05
5.867826627188452220e-06
5.750371166019680647e-06
8.417811510490356413e-06
1.309131467140760907e-05
5.254074133022380616e-06
3.524687071543964418e-05
4.348247316843197909e-03
8.509283016258063770e-03
1.364992724388596618e-04
9.766645195680459209e-05
1.180789494657558635e-03
3.199175917315727133e-03
3.220811958434147658e-03
2.522750780964392475e-04
3.458811805960611404e-04
3.563778070768465825e-03
2.803003605129385494e-04
6.164156258412544572e-06
3.197746397967038838e-06
6.374057902472711785e-06
8.711662131837067516e-06
1.300257060335277060e-05
5.769772311230158593e-06
9.471023664753101812e-05
5.559877923653091039e-03
2.001949534965549986e-03
3.080047907881705967e-05
2.767415574492950903e-05
6.907399032199325502e-05
3.715015490375896362e-05
8.765272237987757544e-05
1.879971102538208802e-04
1.603183778070202880e-03
2.255618456779934222e-03
3.628848190590640386e-05
2.462978575074120745e-06
3.850451653615393662e-06
7.653518853479255649e-06
8.804378087089782698e-06
1.285139937462687633e-05
9.881995393380690610e-06
1.251939511878809341e-04
6.823728737744592454e-04
1.482878816329569454e-04
1.022807443328158791e-05
4.179795166419117647e-06
5.327988331461930880e-06
2.075613278586305375e-05
1.232474255685973917e-04
8.465817060916926335e-05
7.912150747881976681e-05
4.761221236386448742e-05
6.921749810809677309e-06
3.687778143968110899e-06
6.374336678830809264e-06
8.268918776998639210e-06
8.351192212194774269e-06
1.242709745721761418e-05
2.246700912902871265e-04
8.036289190071954983e-03
1.453507290749383486e-02
1.878005562250383053e-03
1.597413731382538843e-04
1.145390704623521859e-05
5.626045828718229534e-06
1.225974691166239702e-04
1.463501535210596626e-03
1.251492571393403828e-04
8.002955759579813956e-06
4.770304544561517046e-06
5.089712173273073847e-06
6.710568539252747091e-06
8.516448360729421136e-06
8.449458116899514532e-06
8.418961387619603752e-06
1.282838449638938819e-05
1.999990787840370734e-03
4.871552382069259390e-02
7.178090046042588657e-02
1.929220424912558157e-02
3.824994451360463725e-03
1.199271766596219139e-04
9.974974586948193381e-06
3.761731178962129116e-05
1.795541023802608809e-04
3.700504758289711779e-05
6.841240076888873766e-06
7.360092094086537509e-06
1.127880622096415095e-05
1.330166751855817287e-05
1.332523112988748859e-05
1.255863878124796327e-05
1.281979942873062997e-05
1.839262042412786414e-05
