1.393829245176688976e-04
2.406101390000018291e-03
4.941089062661196615e-03
9.968179425912047573e-03
1.245479526483601581e-03
1.724108445634797530e-03
3.100740490420789749e-03
4.723870265961064500e-04
5.191578191479867630e-05
2.804287566124929128e-05
1.125924772432619538e-05
4.361825754195057644e-06
6.413961440496802411e-06
1.081757269942445557e-05
1.252610600704238606e-05
1.170990865765193486e-05
1.131776336322097275e-05
1.794923183277909951e-05
1.632814530965251811e-04
4.154096619770560744e-03
7.622101504122925746e-03
1.583121763194572998e-02
4.891423858776393525e-03
5.685710615782530071e-03
4.170793155133419895e-03
5.927304063006825011e-03
9.342811605453147164e-03
3.240403066812846695e-03
2.599643482307824327e-04
1.782125874374691524e-05
4.204659866888626132e-06
3.477762322688843496e-06
5.167800115721323503e-06
6.284693390242526813e-06
6.653302286199626535e-06
1.148054381704071904e-05
1.210160716998115761e-05
3.664235627609785492e-04
1.633646280446269389e-03
1.880373168082800786e-03
1.499225834191717085e-03
1.597803455703104879e-03
2.143365539475487226e-03
8.846493746280531274e-04
1.781905716031171065e-03
1.038332352244531950e-02
9.715967085921126817e-03
1.192239920294725728e-03
2.875672581384774513e-05
3.171855089389239698e-06
2.934560571095189610e-06
4.016729905970359643e-06
5.736943073458312530e-06
1.184333520061739677e-05
1.664454311268555475e-06
4.863633628292608632e-05
1.278730374641767536e-03
4.467835378076631496e-03
6.725709850851417822e-03
1.543946143181259851e-03
3.264960305613792864e-03
5.675429371871286649e-04
2.924679737010169272e-04
2.326470916658194849e-03
8.626202503100116603e-03
2.241806332134654509e-02
1.394884759936015472e-03
3.747967176069589570e-05
7.601807588836665052e-06
3.645204851098422024e-06
4.235949637637803874e-06
1.112776081710582920e-05
2.388586856512403747e-06
8.308184192572556079e-05
4.679399521203136958e-03
1.078662568009854279e-02
1.116308815892671363e-02
1.634714146284535919e-03
1.568376332829453032e-03
1.447972186660836371e-03
2.696970021926387712e-03
1.998008893482873961e-03
8.934567599841273253e-04
1.044505737811069965e-02
8.746974797686081493e-03
9.622937354026963371e-04
1.863589729100204983e-04
1.546910095967715925e-05
3.719167099217419469e-06
7.192144834728497395e-06
4.167786689963850259e-06
1.049041199925479587e-04
4.862677717831710884e-03
9.399564634104263031e-03
1.630926752405686617e-02
8.106010786800123616e-03
5.910940877377660919e-03
5.294300252600791026e-03
6.796904391394696480e-03
1.701666632089192518e-03
5.542897702782420338e-04
3.197499234099769432e-03
4.950000583722499563e-03
5.436100164615281609e-03
2.060323370827305683e-03
6.095322409560804781e-05
6.884092224824169448e-06
6.201553206847370838e-06
4.765680597191498675e-06
5.261284898933916152e-05
2.284371448231383751e-03
8.522552184166178046e-03
1.017720064210006145e-02
3.846014450688301813e-03
4.446262531615910452e-03
6.227524398535546485e-03
4.089416081234942615e-03
1.269440206901480475e-03
1.475471373716388682e-03
4.464559504257296398e-03
3.507766419161956716e-03
9.724299629728200625e-03
1.303287146961251090e-03
6.028221240016085107e-05
8.317661117427003841e-05
3.294048435656545502e-05
4.412692661164188516e-06
2.827767337685484290e-05
1.255531080228649513e-03
6.456457383712700150e-03
6.121226302648278411e-03
2.307076056002225779e-03
9.872107391012731065e-04
6.995796001570608533e-04
1.420753285592324605e-03
1.693024160939702108e-03
4.370286002569747502e-03
3.501660331554688841e-03
8.790523888571952086e-04
8.242137619251580644e-03
1.681109129047018589e-03
1.373356220072275021e-04
7.371409353037029289e-04
1.470945682321937319e-04
5.609751459525915400e-06
6.666130841292306636e-05
2.667379596251891714e-03
4.535600448743107652e-03
2.527261483134017866e-03
3.710552772730886430e-03
2.659320100580223143e-03
8.668746507738010667e-04
2.133841000347591783e-03
2.096343141694056306e-03
4.523458670601975158e-03
3.147505390974585700e-03
1.447787583255607516e-03
6.083196844833032441e-03
1.920520456840730172e-03
1.269353827454317604e-04
8.480525045664810896e-05
2.767186966247870870e-05
6.070407172564331160e-06
5.521173633585036312e-05
1.522168520278808276e-03
3.710859005569854419e-03
1.910537879516216713e-03
3.476878734184912605e-03
3.701362602580788794e-03
1.276803481199996915e-03
3.125543805469861106e-03
1.295516924086047078e-03
8.067804333847302268e-04
1.429121774806624452e-03
2.729882464591255106e-03
5.262152743209503030e-04
2.894943665572511900e-04
1.227738963472138308e-04
1.232839652303269693e-05
5.840143491780066206e-06
2.437020998263213819e-05
1.524888266652583762e-04
1.172456587182219186e-03
4.716145421637982921e-03
3.004143609588224868e-03
2.593962881091933358e-03
2.376214229871032122e-03
6.415381219317399693e-04
8.768342315964419492e-04
7.996501271357711518e-04
8.638145693782727950e-04
3.335798336447055173e-03
3.752860169102261931e-03
2.242031184476509604e-04
8.546558367362748401e-04
9.305254494630522521e-04
1.748609735199633901e-05
5.511051626458355066e-06
7.766967177454483671e-05
4.329895253653091858e-03
2.425243906855563403e-02
9.719429269495059864e-03
3.625741129386109932e-03
2.491363046509395204e-03
3.590302301823590069e-03
1.847813965271403406e-03
1.860916486705049529e-03
2.954832288625277009e-03
2.718974077688305312e-03
4.219715104013799060e-03
1.899385186005077188e-03
5.304417366810881872e-04
4.606407627608936906e-03
1.834809085276340856e-03
2.016684023424353703e-05
6.000430271958786644e-06
8.590825006658125385e-06
1.916802067744122597e-03
8.584781245391218119e-02
2.580080669248633815e-02
1.302369064966619680e-02
6.666298410285719650e-03
7.334614125212789507e-03
6.984551048546721631e-03
4.318135500712579761e-03
5.318902923764339680e-03
5.106781408574218202e-03
3.160666245845299323e-03
7.575903470336315835e-04
5.659382456756738029e-04
4.188426530241746645e-03
1.872607572728597711e-03
4.479348965311599637e-05
1.064929932679336678e-05
7.297549966354234470e-06
9.966721534062895037e-04
4.446798055671687122e-02
1.033602841349534965e-02
3.208748418291564562e-03
1.701785965096773694e-03
5.375336827876109336e-03
2.857959372600059941e-03
4.308122819136923497e-04
1.322477127646339533e-03
3.468409615925579625e-03
2.615023148885373822e-03
9.126716556918465116e-04
3.586792869295879851e-04
1.000791049470365094e-03
2.665354902440107330e-04
1.161709487627908355e-05
7.960884169051560532e-06
8.775408176024480830e-06
1.680947611223633303e-04
4.620512930808338622e-03
6.729572486870337086e-03
4.640609078612772942e-03
1.880173302687261280e-03
2.585486516646784069e-03
8.679129718161615950e-04
1.985392650180090209e-04
5.917569110488482640e-04
1.408482587590782200e-03
1.832006307657677068e-03
7.893108311928100996e-04
3.188941844950275587e-04
1.106109714001802646e-03
9.331503108657672322e-05
2.741382496956808578e-06
5.141637430435880266e-06
4.618291292477356077e-06
1.920930822271371124e-05
5.532384761579245630e-04
1.737129318523853144e-03
2.538021647270902788e-03
3.133421753929022894e-03
1.072736608356655548e-03
5.725699697098661023e-04
6.461569603654074767e-04
9.665349632106082917e-04
2.347765666960175811e-03
1.825861040575171715e-03
9.986491520326177228e-05
9.157243829151211635e-05
8.119503677862852358e-04
6.180837883971198980e-05
3.217839890732223976e-06
7.539081537135596209e-06
7.554518625264026477e-06
3.658180300297181597e-05
1.796944132445088506e-03
3.318809039987140157e-03
1.790247109594181839e-03
2.683639150800658669e-03
1.437205539922277453e-03
2.260931053495430186e-03
2.729637534940570175e-03
3.158282949821053509e-03
4.644401555003333480e-03
2.043458389073131952e-03
8.355211688259843732e-05
1.971881078860411075e-04
2.429724827322133512e-04
5.459597367655061059e-06
1.680366733866497935e-06
9.047572405478967645e-06
3.451540745929796329e-06
7.381859511704322064e-06
4.167102312424576772e-04
1.499176221564585106e-03
6.867315600897346776e-04
1.634545303279935939e-03
3.470602673576291246e-03
2.550904426218910098e-03
8.653439659639843365e-04
1.836179536058286802e-03
2.875761013275849719e-03
2.971674862100751567e-03
8.998233101001171415e-04
4.927659506060514706e-03
1.603181431182265637e-03
9.162699210251465292e-06
1.984655532619246177e-06
9.102591087159038333e-06
2.609258607730887825e-06
1.483720484821839539e-05
3.261670281786738950e-04
2.256608171330323851e-04
2.615177248563199967e-04
1.638065464511385700e-03
1.808030970255148544e-03
3.973712212215396093e-04
5.062545037030612843e-04
1.804902410383791992e-03
8.853016272159355609e-04
6.249580862071381099e-04
1.449600370884100448e-03
4.554137927962096689e-03
2.008351051649430626e-03
5.977566806590421509e-05
6.294501896085341678e-06
1.023415293641874656e-05
4.887450696224912748e-06
2.069906910753260289e-04
2.518779056356087835e-03
5.194167191049783383e-04
1.621538349066196146e-03
3.697242020958944973e-03
1.399068367652022814e-03
5.246376855757654270e-04
2.100012531199287741e-03
1.757225988390115909e-03
3.461218839397511089e-04
8.649674111402249612e-04
7.285770005012437087e-03
1.272933360515576123e-03
9.182948445001732425e-05
2.045790849807374814e-05
7.102433221193193905e-06
1.061896098784706041e-05
3.737669711749695462e-06
5.927593345863174543e-05
5.664172829235648333e-04
5.182045306973901951e-04
1.039499727064903444e-03
7.177174533052790417e-04
2.936429211252537981e-03
1.601409328935697943e-03
5.570475085955784887e-04
2.747623934673282275e-04
3.053761474525425786e-04
2.180047782631782359e-03
7.348133009480951796e-04
1.185778068217594845e-05
2.400310041547436144e-06
4.067706003128002666e-06
5.590806368363085887e-06
1.107857682123038766e-05
4.793277929372221220e-06
3.665590970595764524e-05
6.207558949492956221e-04
2.185370176368372878e-03
2.219272286699075069e-03
3.959926540653806453e-04
1.066392874999799387e-03
8.373906774478357068e-04
2.046605474475379131e-04
1.829316370928939846e-04
5.753248716596666423e-04
1.860813929124920021e-03
3.187541996732502422e-05
5.189348758498952875e-07
9.608379917288267843e-07
4.177987888089502332e-06
6.557059463759727876e-06
1.180799604599694022e-05
7.360730676620443580e-06
5.292805885041310755e-05
4.105818520035444080e-04
3.554868435096973840e-04
1.095731781457455999e-03
9.285693204897362777e-04
2.995760790923703682e-04
4.738537053949976128e-04
8.745680413819519484e-04
1.067763874474099038e-03
9.265361206370492262e-04
2.657210007436309183e-04
8.921551244751490183e-06
1.388974053965201840e-06
3.244405201816255934e-06
6.571313703004548915e-06
6.893033530013674695e-06
1.126824770324775279e-05
9.453748450725696326e-06
6.755996515253476502e-05
5.964796917643935088e-04
1.742995356488469662e-04
2.308682887577946251e-04
1.134832667327921336e-03
1.325968676294056849e-03
1.921300163528038467e-03
3.581008416331438507e-04
7.230384824025699419e-05
4.832355836843362060e-05
1.108180023195995348e-05
3.093596859567285549e-06
3.776750276352009988e-06
6.692073903354162838e-06
7.103250370325798936e-06
6.535481040851480911e-06
1.110198184411144366e-05
8.088430113961478745e-06
1.442675662362667772e-05
3.787122137680512361e-04
2.121495498594785402e-03
1.343604663928477929e-03
1.096545190472784448e-03
1.429529574108055713e-03
1.192322590285360522e-03
3.769810445951076778e-05
2.964714943783548530e-06
4.690980690406439975e-06
6.173249121555096504e-06
6.977914411938626438e-06
1.070505549482954841e-05
1.265972636225038359e-05
1.140493409085646853e-05
1.103695345529904815e-05
1.793646048619547927e-05
