3.975513435439874903e-05
7.088929545660543766e-04
7.936709378445729740e-03
7.013520510757163861e-04
2.952630195223781212e-05
1.635582325406254834e-05
2.158121218201836333e-05
2.479649020121422312e-05
2.818421154018084938e-05
3.137934957682566298e-05
3.214512372363966880e-05
3.181467857339195240e-05
3.165526896295962547e-05
3.164531343431125357e-05
3.151050876590736840e-05
3.121525220530082471e-05
3.253935801652698903e-05
4.045414384705876528e-05
1.941327986772700418e-05
7.484542813368939536e-05
3.033339585885003837e-04
6.746638087396163608e-05
1.196875277259548520e-05
1.612382078953696852e-05
3.020220454279163279e-05
2.393984345003877777e-05
1.877717831947317399e-05
2.189940271048478640e-05
2.481374498715604204e-05
2.490472297928867073e-05
2.452633449602291976e-05
2.441699087115595379e-05
2.422958665901204402e-05
2.378504608408188353e-05
2.484826650837001260e-05
3.253842243089968058e-05
1.566212666414712422e-05
2.228860505461355282e-05
4.412448450322565229e-05
1.842830327396118476e-05
1.126013483085229929e-05
8.844964625676050114e-05
5.242803593104216004e-04
1.193258818937307581e-04
1.876399694839505001e-05
1.619041237235977260e-05
2.138390903405343666e-05
2.229571681251139555e-05
2.164509895094677137e-05
2.204621922127191885e-05
2.287676293845749276e-05
2.291314886336041586e-05
2.383327337127356222e-05
3.124257232186445764e-05
2.540981220336851917e-05
1.518208998753319851e-04
8.252619023976165771e-04
1.171515427774602017e-04
2.006047220456397148e-05
4.212143461616671435e-04
7.566696771595919462e-03
3.990367017277472728e-04
1.179821530909582348e-05
8.356061582958212907e-06
1.318298598709674802e-05
1.475893107592600905e-05
1.517506270791659734e-05
1.653142383930802903e-05
1.959213656406309895e-05
2.238097638464965774e-05
2.430511731519464293e-05
3.164907627083495217e-05
2.518703425930412154e-05
4.645058242058000032e-04
6.237210120569955905e-03
3.539345889596912684e-04
1.967841269590447906e-05
5.125729427613980125e-04
1.100769076519921182e-02
3.474483360738935792e-04
1.224258643401045495e-05
1.102293325000510599e-05
1.156741435947762376e-05
1.486052666126394849e-05
2.397697289582869699e-05
1.906630032790955151e-05
1.555934849389710857e-05
1.949706969554006305e-05
2.410158601061034616e-05
3.198077022363301710e-05
1.690806249529153599e-05
2.522380743655073024e-04
3.218174650656600942e-03
2.178362117607379929e-04
1.828680607156664946e-05
4.508059880487730385e-04
7.093495688563120592e-03
9.728324822579500174e-04
4.620710061426273559e-04
4.618887514090105678e-04
8.088243581533797631e-05
1.310153829259965807e-04
6.326975514266527023e-04
1.384687824004134625e-04
1.914007832661182828e-05
1.651010764362505822e-05
2.335640632277924698e-05
3.232356367254597831e-05
2.450529912251223113e-05
4.469884496870316949e-04
6.012254723016160693e-03
4.213109116504713575e-04
2.215738659082969639e-05
8.452199520405391769e-05
4.434821733719275256e-04
7.725616957436193515e-04
8.227605768076618614e-03
8.495236252222558571e-03
3.417658003025478698e-04
6.109333617267594671e-04
7.084446739554052866e-03
6.291797110687949923e-04
2.187529083674408860e-05
1.394410842285158775e-05
2.246269556965902595e-05
3.283329357833793201e-05
2.078775077161125760e-05
1.486270314779795910e-04
9.922023922462012025e-04
1.336934327011611383e-04
1.224577875068601953e-05
1.746146247776028551e-05
3.623738765256356511e-05
6.125775979000105617e-05
4.238739111460292433e-04
7.421563615555163210e-04
8.430770965890181071e-05
8.087999133285476310e-05
6.301143642122334840e-04
1.229690379408159430e-04
9.930162647786367543e-06
9.818564477274931750e-06
1.935162303143938197e-05
3.199134752108094895e-05
1.637633501284292714e-05
8.945656336604820749e-05
4.810799116956804094e-04
6.600690011998868140e-05
1.109785774273270330e-05
6.756602681948965946e-05
2.830962337817347356e-04
4.221428946775896611e-05
1.869904175432176969e-05
1.747053330361985149e-04
2.769760419893917396e-04
1.255382470620690350e-04
3.246508724640372176e-04
9.322767556591330350e-05
1.470561253670036498e-05
1.210039577743061847e-05
1.572164626328249667e-05
2.755468412376645715e-05
1.869943517593646975e-05
4.764850451592018065e-04
8.179947579702591398e-03
3.634544388959213223e-04
2.014445884409692280e-05
4.383521760159287545e-04
8.421059664492204153e-03
2.620140035009298272e-04
1.681751896344232716e-05
4.323120754867873570e-04
5.342158515283633100e-03
5.433569235706117891e-03
5.375521350341011702e-03
1.372300355962718411e-03
5.359625730230868417e-04
1.120100292379068343e-04
1.952706777338825839e-05
2.210758280160107371e-05
8.265052362962925327e-06
4.188833916182677021e-04
1.865349986426291864e-02
1.061974096828790246e-03
3.551447181147047316e-05
2.321035217922433347e-04
8.721842259466906777e-03
1.706429511237464881e-03
1.617545667507998925e-04
7.533278834538396310e-04
3.075616584036469127e-03
4.910414216949448088e-03
1.785157322526561337e-03
1.284849133014275826e-03
6.532536040693017777e-03
7.987625139256802854e-04
2.689720635963162954e-05
1.957830343218396537e-05
4.729259438418899519e-06
6.071959847102204174e-04
5.277201525554816447e-02
8.334042363357455074e-03
6.903307081365108681e-04
2.678935986946353763e-04
1.902017752395681769e-03
5.186503233865028331e-03
3.903704860221251464e-03
3.328053603142560723e-03
3.028634436834061212e-03
1.901916915081923671e-03
1.130816343887822660e-04
5.810206497631148850e-05
5.079027910651160447e-04
1.793484733651099861e-04
2.004512377088566631e-05
2.112689609487315685e-05
5.290750335184067210e-06
1.466249362028245688e-03
2.027694251098542677e-01
7.941139486649256840e-02
3.212269527869074381e-02
6.045259806199573989e-03
4.611875800807707128e-03
7.952191392161725783e-03
1.299587786603621960e-02
9.218470042717056764e-03
1.502512741471171559e-02
8.458468308262365523e-03
1.557321097519678550e-04
1.490103787014931463e-05
2.335100772900336452e-05
2.178494117170319823e-05
1.616352148736797486e-05
2.652046030200319566e-05
5.648297279006078060e-06
4.833130282219808764e-04
6.522631215717342168e-02
5.879942429351253663e-02
2.063116374511066858e-02
8.940188019454078927e-03
9.364391257433771903e-03
8.323483640866756808e-03
1.126115080638982920e-02
6.139593348836048202e-03
2.119556804289645172e-03
6.016108329433258930e-04
5.839088666967351664e-05
1.353966211885672317e-05
1.184826906173816129e-05
1.343938127868293692e-05
1.795553550581171825e-05
3.081950749603580699e-05
1.484385303536391868e-05
3.262300609461773028e-04
1.602898612857757768e-02
1.840512249066830752e-02
3.295036776533383921e-03
6.654209162893599339e-04
3.893444009911373399e-04
3.102461102054793153e-04
4.172211392749962757e-04
2.704290004542816679e-04
3.449417752425414568e-05
8.287332898332030938e-06
7.995560871379554815e-06
1.605368590224526604e-05
2.639361118883517824e-05
1.941915921495788669e-05
1.686089251990630352e-05
2.825051070976055233e-05
2.449239489800016965e-05
9.145460055112228208e-05
1.029731828389985390e-03
5.101443133000600760e-03
3.614319224372161427e-03
2.070271042175733547e-04
1.785310117803914567e-05
9.643074590227100959e-06
1.570102131072247136e-05
2.676845047180259932e-05
1.271576084013653378e-05
4.329808488136329859e-06
5.733195275855207158e-06
6.289130484149954158e-05
4.302502506375310430e-04
1.020869727752003015e-04
1.802068377517812786e-05
2.279118758105567818e-05
2.187219520025789776e-05
2.431410768671591648e-05
2.229610943030765869e-04
5.255261963783254379e-03
5.423587152919596803e-03
1.365414029362563883e-04
8.655911891264365376e-06
7.935188605367056561e-06
4.584714425771618172e-05
4.859864321362149871e-04
4.802745171890825658e-04
3.216480855713928477e-05
9.871395457997405841e-06
3.185367909803458520e-04
7.991440865943237951e-03
6.276434626100294879e-04
2.303288412366373105e-05
2.010219862058493646e-05
2.335781818386972221e-05
1.396613532239352390e-05
6.106275709892457465e-05
1.987738334026050921e-03
6.160611092641756110e-03
3.031231414912410643e-04
1.921376538488089855e-05
1.925528830321040100e-05
2.606825931435730851e-04
8.756376835886698143e-03
8.611296877063101887e-03
2.199942614251472581e-04
6.971717048359188070e-05
2.010169237763518527e-03
9.037379596791017544e-03
2.978632216293097845e-04
1.750737757011034979e-05
2.064176383610467547e-05
2.387440772768806375e-05
9.881069151869612034e-06
1.507325164560791723e-05
1.441447300378250807e-04
4.666307153485191859e-04
1.000995510136930251e-04
2.023998970458902512e-05
1.870066932571581056e-05
7.406728941126161929e-05
5.071786581933611978e-04
4.447622075769523935e-04
9.696635690180424583e-05
4.234329901172822781e-04
6.740900927041879216e-03
1.318612657040813506e-03
3.257362499907009100e-05
1.075454646736086675e-05
2.354837119005179143e-05
2.386164046472666765e-05
1.890825758965747553e-05
1.111042321518490399e-04
6.093972258461059430e-04
1.115904970438164452e-04
1.033603405546152897e-05
8.221440714204935235e-06
1.326798368037304765e-05
1.433169289543519843e-05
1.494874601646017158e-05
1.850042786135015589e-05
3.148238969881474321e-05
1.632982320591359936e-04
5.191138447655477446e-04
7.831164671000686542e-05
1.035592718301476744e-05
1.202885791464777580e-05
2.835743284407320216e-05
2.281128526615908226e-05
2.640537562917424152e-05
6.369059961421562853e-04
1.630269778273466669e-02
2.149295695929722121e-03
3.710520741462280139e-05
1.049381655747648572e-05
1.430839229699553655e-05
1.219901177474847997e-05
1.297531786028589488e-05
8.837679969584641719e-05
4.947100103071879222e-04
1.626267395001971053e-04
2.940799256495130274e-05
1.282674847262680186e-05
1.185452184000755658e-05
1.887683263156757872e-05
3.214348682835871325e-05
2.191441748809947100e-05
1.124918603827450408e-05
5.260180956363836230e-05
2.250489995082005992e-03
7.212699159103139017e-03
3.596222139870133101e-04
2.746058041668316874e-05
1.729658302538889089e-05
1.477705946377801370e-05
2.508564129479235282e-05
6.118150552906725763e-04
7.311919311436815630e-03
5.501988799593456308e-04
2.059277223260685217e-05
1.179561161017413193e-05
1.806273478288239747e-05
2.401850194456379016e-05
3.261811825661599840e-05
2.551902465597837740e-05
8.473590003118714964e-06
5.359467204097995078e-06
3.696369718154757851e-05
3.498263124617558180e-04
1.541225355588800663e-04
2.804079206203090516e-05
1.859221421873964459e-05
1.622994159195763938e-05
1.919029744862696187e-05
1.250127440137571266e-04
6.081283760716857173e-04
1.266162256116535679e-04
1.869223118227657593e-05
1.614173010754924075e-05
2.176157290525087212e-05
2.450876962958180208e-05
3.165826330435562134e-05
3.252143868985825283e-05
1.665127920403584779e-05
8.828632108143604756e-06
1.162176225653741163e-05
2.806248990714476572e-05
2.899024495699812826e-05
2.075493872200289238e-05
2.140007960998812866e-05
2.045287813144767031e-05
1.647453676028141646e-05
1.957253068973899819e-05
2.641764971747944771e-05
2.027998668415290998e-05
1.690325051517141297e-05
2.089863137996185812e-05
2.397263649266731845e-05
2.527085469313096699e-05
3.260008841636354498e-05
4.241069420442222061e-05
3.266181856792173586e-05
2.655185024461195016e-05
2.418601077155865844e-05
2.566607384351481379e-05
2.676057649009384968e-05
2.836518367083391682e-05
3.132789657901497631e-05
3.157205802219775938e-05
2.749094966515028623e-05
2.307887436604847886e-05
2.159430744502402935e-05
2.322346286605337181e-05
2.751135450255802706e-05
3.127217554486949499e-05
3.184573255108132269e-05
3.274977968759910550e-05
4.042413209707328153e-05
