1.036949816112633563e-04
2.415584913835491353e-03
2.148614097248702573e-02
1.921168318329101107e-02
1.785274891565461104e-03
1.021800684098726677e-03
1.614572164868868006e-03
5.105982566764442248e-04
1.450254265735847114e-04
6.545961353533574746e-05
1.296508108546422537e-05
3.331111729031219782e-06
5.434187958359658807e-06
1.626143362355619948e-05
2.383326186856626048e-05
2.128579216731154512e-05
2.003916200125035842e-05
3.136262109589438312e-05
1.495882145898457893e-04
4.357970697255308251e-03
1.262213592557394348e-02
4.401341287056746883e-03
1.222584805249307856e-03
5.641919438370591143e-03
3.417972213143992063e-03
1.560527121253352549e-03
4.530330096718417077e-03
4.624581535759772488e-03
3.799865604071409031e-04
7.402895915500247911e-06
1.288644341058767623e-06
3.195180716452492469e-06
9.813204499628328862e-06
1.303596890521374915e-05
1.260813440949160715e-05
2.048324903858156609e-05
1.247916469570157290e-04
2.143519254338024579e-03
2.579615431465929771e-03
1.205617585942350602e-03
6.862302754537514095e-04
1.984278820776058140e-03
2.068276686688430099e-04
1.368199771694166911e-04
3.300383591479156935e-03
9.465830997780189798e-03
8.493367653520132038e-03
7.468121076204545586e-04
9.269676746520759755e-06
1.345416382826880331e-06
3.334807631316414317e-06
8.964907374085643701e-06
1.207859876171204969e-05
2.118730512196678460e-05
1.562685412834412344e-04
2.354305255271144180e-03
2.874680436239641750e-03
3.546157427966990707e-03
1.969176768712546741e-03
2.578864668362132288e-03
3.292260397968595556e-04
1.185652699235483165e-04
7.325423603455546995e-04
6.087562394820145249e-04
3.830125853341079419e-03
1.515650122282762198e-02
3.618027948966083237e-04
4.251671141598394595e-06
1.934811859454741092e-06
4.518253015035430469e-06
7.832063239976935718e-06
1.909115740110399893e-05
1.396223249271655222e-04
1.576958100439579879e-03
2.542009868871046747e-03
7.174348503531534707e-03
3.524906251670733692e-03
4.317640469567483180e-03
3.700723456995456181e-03
1.100559651447470056e-03
6.104344974735270843e-04
2.404096912284300121e-04
7.555915873238116653e-04
6.276009760203911901e-03
9.304229372396256859e-03
4.256542148398047743e-04
3.152377831215114089e-05
1.162692664036602717e-05
6.572425496984846172e-06
1.416689904683561153e-05
8.621616504595501420e-05
5.343589422715669477e-04
6.187891521108814137e-04
2.129124712402491199e-03
1.562837384461868671e-03
6.459833822686828929e-04
6.466439612938404500e-04
1.390484634300510978e-03
1.382742239273718849e-03
6.291574932241634230e-04
1.706797723418496246e-04
2.776660246124017782e-04
8.473034803707287302e-03
9.418477234875996876e-03
2.071002083363352852e-03
3.611946675432491506e-04
2.778508623452109297e-05
1.563964275780641870e-05
1.717286983261545315e-04
1.446985859568225650e-03
2.134442355882031159e-03
4.615413386393363987e-03
5.768850716101913724e-03
1.595033442688328310e-03
1.962874077863182621e-04
4.318913919069384362e-04
1.429013825931729287e-03
1.390499326709583984e-03
6.278399352390932723e-05
7.989670312279369057e-06
1.887088123810048567e-04
3.623347424168937240e-03
7.112613116153398800e-03
1.724189401491889317e-03
7.102383239796514550e-05
1.722919779338675871e-05
4.900849504834412402e-05
2.099428456557975750e-04
9.725361925629658717e-04
1.728714148686434160e-03
2.448251965810505169e-03
4.138536420483809181e-03
8.576755069125027676e-04
1.051973476245060199e-03
1.863173989890387194e-03
2.626538535123418110e-03
2.899780920109370445e-04
5.439730068183024509e-05
5.888671384482943583e-04
7.904614370850999994e-03
4.988593515262883075e-03
6.674926852728571211e-04
4.911029042618578856e-05
1.501300380293153137e-05
8.876258997955622845e-06
2.951537992525019686e-05
1.483670590422927864e-03
3.058888358065643600e-03
6.237943373759590902e-04
1.871247367870078511e-03
2.954040872972544304e-03
2.716382079200898268e-03
1.045204048103326108e-03
1.820003322081016096e-03
2.357380761171712098e-03
4.316513865934748506e-03
4.667247287696424211e-03
2.814458284021775000e-03
3.142576409940686655e-03
1.397842686879249060e-03
8.480321729127220922e-05
1.700505774241800849e-05
6.111548241129441703e-06
2.021465624885961592e-05
1.184378369694135151e-03
2.361093898622381240e-03
9.840729827188692859e-04
4.603591263445862974e-03
4.918253280729291410e-03
3.009603148101357151e-03
1.081495418475524875e-03
9.564872112130133391e-04
1.689476245453667026e-03
1.768953691841972358e-03
2.047492104986921540e-04
1.896559402986777330e-04
3.974992883343459252e-03
3.015131871409938453e-03
6.080171835004513414e-05
1.122913439317191499e-05
1.005022631309055204e-05
7.759865083349070931e-05
3.641817841307593354e-03
5.732903886228480489e-03
3.778888121524214081e-03
6.198722648276044217e-03
1.100738619614642123e-03
8.181924265880888844e-04
1.648971553718923738e-03
1.245635495985134835e-03
1.095863236249577932e-03
1.753194112808894244e-04
2.422586022292561931e-05
2.251677631872098478e-04
4.828523074935647461e-03
2.077347725379571301e-03
3.755246696969352004e-05
6.981254516060063257e-06
3.166533806557538715e-05
3.409672292475491293e-04
7.417493663106696118e-03
8.337388746142546450e-03
3.469258721348772619e-03
3.848301855107809800e-03
2.803549609155117205e-03
3.638873188323982211e-03
3.502249412803162560e-03
3.002140162656274664e-03
2.008696840109623714e-03
7.724611641743858942e-04
5.852684536779154470e-04
1.290284481949300396e-03
3.060011312706686568e-03
4.916934672093644168e-03
1.587657564070864909e-04
8.304381992632641667e-06
7.889227999131099591e-05
1.638955683562873505e-03
1.780120831160090025e-02
1.043986500303836079e-02
1.149439715754680714e-02
1.741655211364581679e-02
1.459655615947602278e-02
9.222286733286143290e-03
2.388673871420877743e-03
8.109272214636784742e-03
3.914824145040804795e-03
2.869505912706786944e-03
2.132627296114183741e-03
2.529035544220160697e-04
3.083698717201663352e-04
3.459811840098011692e-03
2.476172657822375248e-04
8.413886508339834492e-06
1.442679047452054711e-05
6.245069839137692936e-04
2.467383658726673284e-02
1.132267991404281235e-02
1.275899961587527616e-02
1.005812761310048188e-02
3.953494781796025592e-03
3.093279320609463885e-03
6.971351699050997407e-04
3.245576128274264924e-03
2.748647825082223793e-03
1.404262892849802860e-03
2.925492796539627140e-04
5.651014846700453179e-05
1.732664502713667865e-04
8.438325589961045937e-04
7.403182342253169395e-05
7.628438451090039101e-06
2.565843584638225968e-06
4.031207817232800234e-05
1.256612121718188096e-03
8.770209959403711371e-04
1.811431404766640843e-03
1.591724867618461107e-03
1.803302591264719593e-03
5.302648275313529003e-03
3.452930402413585740e-04
1.361221214779715846e-04
9.905500489737904986e-04
4.139101520509520099e-03
1.466043961100592765e-03
1.005967233326928280e-03
5.309409858039039302e-03
3.789326453094894916e-03
1.006632057890365903e-04
1.359799388889712726e-05
6.040192883213223511e-06
1.314370815755301397e-04
3.141842833274729758e-03
2.413231563138748797e-03
2.577362980646905402e-03
6.323065180008565237e-04
1.052937107924759291e-03
8.382691676724143143e-03
2.438717583679430277e-03
7.528159852036707010e-04
1.528013363339183117e-03
2.343614538634433003e-03
3.658501461739269850e-03
1.367935418225694555e-03
1.602398717919862117e-03
5.230512561030076875e-04
2.089911495397143231e-05
9.997042671515773241e-06
7.808979887952470440e-06
1.911545181402954190e-04
3.329023127171157250e-03
5.083023018755059019e-03
6.246094795438482221e-03
3.784142159462277905e-04
3.073556715642414869e-04
2.298764183943164102e-03
5.770932110354160156e-03
7.151989626332748776e-03
3.508340712843538520e-03
6.147493103498738844e-04
9.158465395788925253e-04
3.402136398997643242e-04
1.517827660138456073e-04
2.970941478671014623e-05
4.715279117608422853e-06
7.352071273307339726e-06
5.088215855363709452e-06
6.605024117156627148e-05
5.161414314399894376e-04
1.499082582148926826e-03
6.265180643662389415e-03
1.355337075356227196e-03
1.024584139074619701e-03
1.077017709636158421e-03
7.835793451324099155e-04
1.179324785359295432e-03
2.849780698694960937e-03
4.087490186615142006e-04
1.602935218642910845e-04
7.798172239568710922e-04
1.552727825856020562e-03
2.608315111756657036e-04
1.116273676071921574e-04
5.024526740699296952e-05
3.137676745060992417e-05
5.095417430305415737e-04
1.466604377125234511e-03
1.659174182006872052e-03
2.075084058260432546e-03
2.026484080746525189e-03
5.076202978759408735e-03
2.046827588473750827e-03
7.702116492479629296e-04
1.869547457568716906e-03
8.783870160764506788e-03
1.568090771798411054e-03
9.087843650348573134e-04
6.228758468561261877e-03
2.438952371590336499e-03
5.376199768385714339e-04
1.477081803879857092e-03
2.635690030895669156e-04
2.209478857846967144e-04
3.656229924509194016e-03
5.764957961090408020e-03
5.264598945994518504e-03
9.963090160970272668e-04
3.018611569203906919e-04
1.611498467679611888e-03
1.358318314125784914e-03
5.183851178657461391e-04
1.583118857246843935e-03
2.132564170771107312e-03
1.327377535059468330e-03
8.465761546912888708e-03
3.011526052296608063e-03
3.948351971020857887e-05
1.652285009903510629e-05
1.332505847953430775e-04
6.820421471206103718e-05
3.744680604396460655e-05
3.312015507498165096e-04
2.667302812457022967e-03
1.063085846764715882e-02
1.428778718027017523e-03
8.547420938768149823e-05
4.988260511771161042e-04
3.103399000222586447e-03
2.779385190819314878e-03
5.388300472663310782e-03
2.394986017933206993e-03
2.494322240001786446e-03
4.473568037224018822e-03
9.643090031913785574e-05
1.984596862943340457e-06
2.401956682246276766e-06
1.041355785512237152e-05
1.537572257650310175e-05
7.752850262275745772e-06
1.362175921947523832e-04
8.909587770519179772e-03
6.809814834292183053e-03
1.584872219815162736e-04
5.038093804401806068e-05
4.196611183364454527e-04
4.674576969531613144e-04
1.563388965699834363e-04
3.918378034271533341e-04
3.244113783131898597e-03
1.123245778896784890e-02
5.037158995756576283e-04
5.248262239281677559e-06
1.903613125335706412e-06
5.308339954977159599e-06
9.800890554479882157e-06
1.652730020624241600e-05
3.514771023966383938e-06
3.658958446141436318e-05
4.458819426261562656e-03
3.168431930289868775e-03
8.624050713160737950e-05
3.887234918081564810e-04
3.479803685931417197e-03
3.820238287806443714e-04
4.423332548258858919e-05
1.037691559405757484e-04
4.434508361963792472e-03
7.097412964021047876e-03
4.825821819379175399e-05
2.158966935729198820e-06
4.451167108454440328e-06
1.120591733660224713e-05
1.289295729441762487e-05
2.035688703730187339e-05
1.231969859422668185e-05
1.897394853058897882e-04
6.266658875689964589e-03
5.060519887491980381e-03
8.420276231894576868e-04
1.731141040060101563e-03
2.931441789131797142e-03
2.821144782322297911e-03
1.356042130046252641e-03
5.281779059041992117e-04
1.875042353283943274e-03
3.664734704566272407e-04
7.534521408526724233e-06
3.463751482055539692e-06
9.358516437092711640e-06
1.321374794743338587e-05
1.252591603452096691e-05
2.040338599372466854e-05
1.846416223424837634e-04
6.839493552016560375e-03
2.663080877022028572e-02
1.463288058688117475e-02
1.374804763891350305e-02
2.468176248066231929e-03
4.321168536803016548e-04
1.654076485983547225e-03
5.854796987528743243e-04
4.458224136872717097e-05
5.333916440281006276e-05
2.455941201117829400e-05
7.097332984383452673e-06
1.171103790386585417e-05
2.179607719458201122e-05
2.149869958571809099e-05
2.006700826104357191e-05
3.139206905153496416e-05
