1.399600345276095668e-04
4.281673051228417938e-03
1.255705853899780587e-02
1.891419063021031882e-02
8.168168007318916263e-03
6.951580192466983929e-03
3.194506987285056828e-03
1.789174374247585054e-04
7.506204341514823356e-05
5.516840350845426103e-05
1.085202729937365890e-05
6.056592055694062439e-06
8.992128250585535709e-06
1.174618630030130247e-05
1.289303177760652347e-05
1.234267960790981570e-05
1.220543865727694928e-05
1.890447685607342412e-05
9.821723702338149746e-05
4.223616908294841599e-03
1.317454168139845644e-02
1.534650370011575102e-02
3.878194345364955123e-03
7.094050092479090540e-04
8.534344032354943942e-04
1.431691955157794131e-03
2.812635588220255452e-03
1.303998655460411431e-03
1.621570584138181748e-04
3.277675150548894120e-05
7.612839935528081742e-06
4.324460904374022125e-06
6.130577333417013857e-06
7.344677550263671451e-06
7.506636695764410037e-06
1.243264126738924898e-05
9.792492980088507529e-06
1.306990307362105230e-04
1.884626488679249983e-03
3.247055532310620923e-03
1.250989700572525650e-03
3.371837916194937658e-04
1.288766770256485872e-04
4.580821536381447508e-04
1.492421855072067040e-03
1.640050219932108434e-03
4.496703914707744776e-03
1.368463701193255687e-03
2.172383432866638482e-05
3.377976295249542448e-06
5.292410343775040515e-06
6.747210110606417145e-06
7.282408227862935383e-06
1.239165299220090015e-05
3.818682591955209664e-06
5.295106878081559882e-05
2.766244841810233234e-03
2.058388789529480827e-03
1.195953389864508548e-03
2.929172606181464685e-03
9.063554700494456202e-04
4.914146144440145704e-04
9.234330823851166661e-05
5.418873869530883706e-05
2.662859722016268013e-03
8.958836837000997561e-03
2.708931786861325914e-04
3.212917610851986726e-05
1.100221686818072727e-05
4.198972180065696973e-06
4.947177224189866043e-06
1.044310446231242334e-05
4.459274843228380549e-06
5.858500117708168210e-05
1.343585058151752516e-03
9.073804384722510778e-04
9.628949834877033320e-04
8.594709304364234193e-04
8.891210062720158796e-04
7.949235292768864298e-04
1.677479050628700522e-05
5.881067945508892719e-06
6.040373046746266503e-04
1.186243827951675121e-02
5.944253359796189407e-03
1.233656854359952652e-03
3.033938599041332985e-05
2.000117058543114523e-06
4.128610323350958807e-06
1.027979692481890519e-05
6.050720939936391725e-06
1.036384404975242119e-04
1.493268462972533643e-03
1.349309558420969330e-03
9.077093345972380789e-04
6.064570659449043064e-05
2.398035678506926771e-04
2.228646315954666002e-03
9.416144976379594461e-05
6.724937425436151644e-05
8.427209035069586299e-04
2.959056753440187683e-03
7.679898873579733831e-03
1.205610753471830429e-02
2.882304664549457918e-04
1.452217646454395166e-05
5.122365185093097405e-05
4.297776803970211428e-05
8.584334720865370228e-06
1.150637309886366386e-04
9.180508642637333957e-04
4.460895612029371396e-04
2.394158876416359316e-04
4.954797185529459622e-05
3.438923324217281040e-04
1.352231269767812652e-03
4.837486348707002726e-04
1.287986510793589579e-03
4.313076738196418162e-04
2.514983861224894608e-04
1.366678190723715760e-03
1.498875320840929726e-02
3.771302912813522933e-03
5.525076525512950506e-04
9.656983330886830148e-04
1.310120578548630565e-04
3.723753906272202200e-06
9.672682581636186933e-06
1.219973291726122951e-04
4.681480197045463079e-04
6.548884660806513500e-04
5.167814719216465204e-04
6.189317305476771218e-04
1.032884079418093656e-04
2.574404794624168737e-04
3.497078249261521832e-03
7.871233140014041209e-04
6.374426444448742009e-04
5.475698277610551497e-04
2.613824993111736779e-03
4.049544467381246959e-03
8.880046255729403095e-04
2.123075305754279518e-04
2.140623610395433796e-05
1.865672456618088854e-06
5.220166059501783405e-06
1.986086648553390705e-04
1.918133976183657380e-03
2.607866957373811655e-03
2.371759321335789334e-03
9.115229717440950265e-04
2.392582228485337262e-05
1.544750026707380212e-05
1.090340804724296774e-04
2.499450777988407812e-04
9.989529938694012741e-04
4.455535908031593869e-04
1.533403216921471260e-03
3.491254550504906042e-03
5.909365409996924405e-04
3.343164562988790276e-05
5.026491819668356575e-06
9.040613050576638861e-06
2.217503961952324066e-04
2.856338378067571539e-03
1.008165878191251159e-03
3.702563986507355917e-04
6.355169354427550816e-04
1.922146623261909324e-03
8.822694577764386963e-05
2.551969630513513336e-06
1.763805923879070854e-06
7.307952751220842218e-06
4.422024802402461761e-05
1.196594516270911129e-04
8.922907983778103789e-04
1.403194041364216925e-03
5.510272979263462940e-04
4.368956052292717395e-05
6.840867071469045865e-06
3.908257536705137604e-05
1.452224649301886569e-03
7.819012764415381872e-03
1.992372081027678557e-03
1.920234200357101670e-04
5.906880926183024114e-05
4.908059240042063473e-04
1.024994971522652873e-04
1.780320103719629345e-06
8.204201101574979538e-07
2.624988886503016430e-06
4.555823895603362356e-06
1.393323264640025431e-05
1.494771889653146878e-04
5.630277716151415885e-04
7.658268383896598298e-04
5.453138495800345935e-05
6.163227933759286395e-06
4.219975137062051429e-05
1.280255554289287320e-03
1.122775475166790972e-02
1.665790404704049071e-02
4.312343639641127990e-03
7.257776286796876683e-04
6.105696747405291169e-04
3.902674271586840981e-05
1.700915845701687893e-06
5.043155474564667211e-06
5.678085028263181488e-05
3.862058448792922666e-05
2.702801314236973990e-05
1.477678020999508132e-04
7.169701926675826681e-04
2.106777564078260445e-03
9.945070644816391553e-05
5.126931325215144688e-06
6.253806585682193870e-05
7.721204216223626418e-03
1.252118869554986469e-01
3.336302863892574855e-02
5.931688748660606664e-03
3.430064189705116662e-03
8.482147567984590995e-04
2.466852178518944225e-05
9.163125449479929586e-06
2.558908995807842039e-04
4.255662384254596357e-03
1.379049203366301910e-03
2.952118576596582757e-04
6.177249633614847113e-04
1.672966646441214266e-03
3.250924942648275931e-03
9.645060101834666301e-05
3.951774343350220813e-06
2.317672153129760653e-05
1.273435871236657966e-03
4.883729018287465834e-02
2.249058331750478437e-02
1.744040468000648738e-03
1.131661236586484730e-03
7.174759814759755494e-04
5.664065406071162401e-05
7.252426773197023248e-05
1.029167899395683032e-03
1.835040417292294491e-03
1.163346906531699315e-03
3.968683390970212236e-04
1.916794678711813515e-04
1.622156175820600732e-03
7.092052660252198132e-03
1.229394100812889639e-04
4.965070091556024762e-06
7.277859759381875965e-06
1.451316892763054151e-04
5.751937576646367310e-03
5.565935876317793657e-03
1.078614846062760958e-03
7.793808460770478138e-04
2.645636784730499261e-04
3.208744360826713750e-05
3.651749663870851390e-05
3.781557338858626847e-05
1.427848106343284419e-05
2.345721928070790079e-04
9.922168450299750052e-04
1.530138726936929657e-04
1.558057963462543532e-03
2.893843819014586295e-03
3.251066937389884430e-05
4.847465922245001328e-06
1.634783516141282645e-05
2.097304107409967561e-04
1.067185902981879382e-03
8.235726685918324597e-04
7.884736619509623984e-04
1.626877328959724900e-04
1.353284102241427979e-05
2.062072195597844154e-05
1.485817425088346150e-04
6.035872403550950592e-05
2.292763122593043494e-05
3.412303810470750619e-04
9.595522480751560298e-04
5.137874818760875678e-04
3.998459854078008184e-03
3.390859366313988882e-04
2.594112671531698020e-06
2.554497161984478902e-06
7.390180169719933140e-05
1.040904738373634852e-03
8.411563978635748983e-04
5.428930910925082324e-04
1.993861987386305080e-03
1.449831191893265171e-04
5.600078987152839552e-06
3.460926106995267077e-05
9.331722698850263443e-04
1.397132056515631082e-03
1.768000126714768926e-03
8.607366509420796103e-04
2.898120492898898469e-04
2.139179043442475045e-03
8.261763626120563475e-03
3.018146526226915321e-04
5.604801991898171103e-06
3.688486986369230491e-06
1.911335761733422197e-05
2.533317071387996416e-04
3.188166884607510055e-04
6.123684193643652443e-05
1.210053029154654815e-04
1.121709196008093250e-04
3.671015734152630202e-05
6.415694608743904999e-05
4.006886997977826114e-04
5.896000119091816686e-04
1.826471088308775307e-03
9.187286748678907952e-04
4.554739254502990979e-04
7.020450685850845862e-03
7.763157428692740725e-03
7.391349874917913692e-04
4.976813147491997608e-05
1.223418958878820612e-05
4.895604058416928549e-06
7.041409164047956798e-05
1.024683261101874470e-03
2.625675236774109057e-04
8.112908607779616512e-05
2.471888622452329148e-04
6.727659544056461757e-04
7.923613164127122190e-04
2.021859747910522125e-03
1.352504624489429602e-03
1.490997368357129503e-03
1.713190871169647123e-03
1.300469802250727499e-03
7.670744216088389543e-03
4.776852445639275316e-03
3.115028993965847826e-04
7.445656266144961145e-05
1.397886040401595900e-04
4.343751485753731324e-06
2.862436647336354288e-05
1.371721813433500253e-03
2.917606627244531594e-03
1.036324224475596674e-03
1.459704336262303628e-03
2.262774610665277408e-03
7.153013332509379138e-04
5.690926815063475494e-04
1.440509506065634684e-03
1.823238482429935655e-03
2.186760175144527186e-03
6.594627712969618714e-03
1.665811108606081101e-02
5.177211512576262824e-04
8.238826636198092482e-06
2.808206579822335565e-05
1.152533197524341357e-03
5.590590146401128475e-06
2.672086723217013162e-05
6.569728996684667029e-04
1.221315606980451088e-03
7.028087964336934878e-04
1.328680079593825506e-03
3.771661659860565431e-03
7.663936883073741834e-04
7.146011307018582017e-05
1.031353576701125429e-04
3.788339766612541727e-04
3.366103818262852071e-03
1.696948190247259125e-02
8.438839317357981970e-03
3.871177158878777870e-05
5.653000829706895858e-07
4.017244285548004771e-06
1.442497344314161488e-04
7.733510742599584078e-06
8.552347928272273630e-05
1.829457617128817711e-03
3.530087951663664434e-03
2.537065521411537451e-03
1.517229350936264570e-03
3.996586312048240434e-03
1.698973444780389275e-03
1.808123498892217653e-04
5.302464395595189424e-04
5.976198451490289006e-03
1.597820969297255450e-02
5.013827778437228086e-03
1.739632509393555836e-03
5.170171398310940237e-05
1.293804894044264218e-06
1.505734665374712241e-06
9.016084333442657493e-06
7.363953320865098678e-06
7.542902992142327533e-05
8.517499781138127696e-04
4.424439243153325228e-03
5.622978308473977095e-03
1.918419617121687936e-03
2.061676829423490960e-03
7.971742390784714244e-04
7.267513592222438375e-04
6.444810565253655983e-03
1.806386113117829789e-02
1.524465176399223592e-03
2.775750859604954606e-04
5.783945796733981279e-04
2.513416026184643300e-04
1.401324166817754138e-05
3.071826830361733137e-06
6.409512158807687901e-06
4.364273568938404637e-05
1.487975013341048640e-03
6.808527176456498700e-03
1.076600079954694901e-02
3.131360745449948430e-03
1.662905923913399024e-03
3.012836810721433202e-03
3.326527142261285781e-03
1.333282127832627686e-02
2.140476789524903452e-03
6.347897328499853915e-05
5.830597410193396521e-06
1.297261939060233056e-05
1.962381704350913607e-04
8.823484107432135598e-04
1.039844333957085212e-04
7.589041989583287483e-06
9.338396279815639343e-06
2.023084366740140344e-04
7.041349313354319621e-03
1.729576685484313439e-02
4.304711183851116230e-02
1.661331472544773716e-02
9.037785242488284229e-03
4.086200613216133155e-03
3.910299312996257277e-04
2.762942522236694755e-04
1.747167574438661722e-05
9.933026039625653824e-07
1.039657448617874947e-06
4.340715356227924723e-06
2.968233914901995525e-05
1.368688008616918822e-04
4.516874434586283125e-05
9.308903072470561593e-06
1.507556998062754815e-05
