8.492453581398546440e-06
7.466923606707815360e-06
9.418987012021974415e-06
7.724429747367748372e-06
6.659654541381507989e-06
8.149704226572429905e-06
9.549511227510863327e-06
9.963902731602687095e-06
1.003983188921017508e-05
9.989661451157789819e-06
9.934560987454352465e-06
9.913703726936251578e-06
9.904145435775881683e-06
9.905648718197536962e-06
9.875161046896698997e-06
9.766201060300911646e-06
1.018411876722152414e-05
1.300012361312777603e-05
8.419677656926026696e-06
4.517863846778788934e-05
2.378082394962759984e-04
4.773828586888287595e-05
5.918838383638058892e-06
4.531673311768288126e-06
5.760645631147645880e-06
6.540732892745672962e-06
7.253010912410623402e-06
7.519271735445423934e-06
7.458936759704769425e-06
7.409734157622743383e-06
7.386676984065796975e-06
7.354455015010746766e-06
7.292814045038072327e-06
7.168855260497483629e-06
7.524406438718825371e-06
1.018368097407303650e-05
6.369189578092216513e-06
1.296342827557750107e-04
1.708374564930234454e-03
9.395182098895200158e-05
5.571140601798892795e-06
7.759095690226333343e-06
8.458136881147397095e-06
5.808423046479602872e-06
6.156340766612365541e-06
6.779512343726646317e-06
6.685950952243920055e-06
6.749601478642862640e-06
7.002543450005887028e-06
7.104177338877190976e-06
7.017940898844807887e-06
6.848558408185729614e-06
7.165997871378855905e-06
9.764893926090934578e-06
2.918542982703731858e-06
6.956840797171514885e-05
7.590082782887611025e-04
3.420703221866768835e-05
1.667733323838332905e-05
1.375674615353313893e-04
4.529866938418260376e-05
6.073715119248849250e-06
4.312131594958716590e-06
5.126637639072272264e-06
5.235180416237090853e-06
5.430705558796292698e-06
6.253402364652591265e-06
7.060696534434521478e-06
7.206287329410572992e-06
6.995377165105918124e-06
7.277099677585156360e-06
9.872863090221685990e-06
3.794008556660496520e-06
2.492810280700533490e-04
4.324332584359116827e-03
3.238991729716598870e-04
4.981549153635529692e-04
1.697627762652966117e-03
1.001270103489145815e-04
5.303818907177732097e-06
2.814382525656227480e-06
5.586667397857232512e-06
9.052754126616292484e-06
6.613817130706058909e-06
5.294420247557482298e-06
6.390526426350638595e-06
7.217332655630102619e-06
7.076925914041454365e-06
7.308680236251674551e-06
9.897506175819878506e-06
5.338259100174661227e-06
1.842732118968181689e-04
2.310922065044534405e-03
7.809715961740817686e-04
1.294203459557668242e-03
1.111699313251626308e-03
2.493537517841670466e-04
2.368747305075204505e-05
4.894585310814613585e-06
2.742383599308249713e-05
1.542423302010120594e-04
3.306075460073383966e-05
5.601006460037323198e-06
5.334689826022946206e-06
7.045267585264382445e-06
7.153370323819234184e-06
7.318862351057747997e-06
9.880882893460257599e-06
4.697208740278954678e-06
1.589701551321644091e-05
4.891144241811445209e-05
4.331040336341174018e-05
6.840093486417173465e-05
2.276787153064848725e-04
1.582752073318708513e-03
2.044300281298027332e-04
9.504011171438219219e-06
1.117481451775796084e-04
1.983898153127111683e-03
1.255525220205230201e-04
4.884367072317293640e-06
4.120721108185990765e-06
6.796808471761916941e-06
7.282435838570286661e-06
7.382690095443214035e-06
9.892871484251963582e-06
7.042399333780703199e-06
1.857978207882705988e-05
9.639623181046801407e-05
1.078771891671685262e-04
4.029336645555956382e-05
4.571224816694898483e-05
1.519808280935133218e-04
2.982378135898871969e-05
4.587906652359753247e-06
1.178722663520454666e-04
3.052995647827079495e-03
1.366030892576130260e-04
3.611405987427748745e-06
3.280898144745458286e-06
6.286439412080559497e-06
7.177567167518202597e-06
7.443839132586070419e-06
9.975253848570449902e-06
8.592015036497414147e-06
6.447444211842087312e-05
2.439723104921560134e-03
7.844813680557014349e-03
2.693966010212382051e-03
4.072129103207639228e-04
2.615880985206691720e-05
5.302107390143242103e-06
5.753783009249643862e-06
1.201730044294245899e-04
1.934532387098251982e-03
1.111317702854849095e-04
3.309561767451826381e-06
2.823095868456587142e-06
5.171531172481497947e-06
6.105677007894504028e-06
7.075773192048873201e-06
1.004669457328502785e-05
2.490463732777074233e-06
2.247779974220923268e-05
2.577252363424048162e-03
1.424607731531878779e-02
1.591766974336181195e-02
7.180330075556819007e-03
2.820265032256967356e-04
9.004338567152328705e-05
3.651200306192025003e-05
3.576286411742532023e-05
1.687919808724728480e-04
3.316892229642215504e-05
3.318235221186041067e-06
5.312738033130607587e-06
7.701753589571903719e-06
5.287953808175835744e-06
6.059452305107134696e-06
9.856470699483869374e-06
1.121135430762766018e-06
2.602291414630892878e-05
3.594145498950082618e-03
5.952575927420007858e-03
5.441808111411756792e-03
4.252142968749659906e-03
1.396064149312526348e-03
1.372429485309077527e-03
8.045672065177854402e-05
2.065719276175281035e-05
1.409925609705910458e-04
1.054207284970609107e-04
3.219465980196556295e-05
1.120791592984039987e-04
6.159571725800724233e-05
7.498929036763717284e-06
5.240428150247702597e-06
9.464409512721062373e-06
6.314034677394123933e-06
7.889579515941036068e-04
5.475251736323685781e-02
2.302158152043166928e-02
2.290815814503355946e-02
1.035884694315474495e-02
6.569510326263833418e-03
6.600536779046941270e-03
2.525568041483945464e-04
3.355516874526903812e-04
2.288502121397632816e-03
1.824182556793291091e-03
1.043384349610302795e-03
1.574643123244729879e-03
1.846749760562055190e-04
8.500174094073094491e-06
4.951291374241049247e-06
9.353776321808585374e-06
1.920575369883907799e-05
4.548092624177470233e-03
2.144236572517198847e-01
4.821272580721512602e-02
6.382563353679501783e-02
3.857650896040522304e-02
1.845894960349132516e-02
1.646378145114667235e-02
1.525010225066707496e-03
3.085150856550259585e-03
4.608708053248204879e-03
5.356724996496883481e-03
5.128975006392503741e-03
4.846415662547324588e-04
1.986212569233000529e-05
3.967292807398344311e-06
5.051672224565754791e-06
9.712920907633110890e-06
3.547006833709672363e-06
9.138746772678293419e-04
1.017185604083835487e-01
2.523598598637550108e-02
3.204010040977097601e-02
2.538648914217312910e-02
5.304161610855659403e-03
2.785303642257464050e-03
6.653348250351977765e-04
5.833125443035143713e-04
1.533407796804018468e-03
1.114156983403807519e-02
5.037416322825540027e-03
5.455104065081280759e-05
2.937220139675013593e-06
2.945812548673697413e-06
5.984969816469791648e-06
1.015613076660510346e-05
8.339647075157736739e-07
4.987776583463330953e-05
4.846105884146731380e-03
6.464475379012266792e-03
1.577153150506662230e-02
1.088099682854739778e-02
4.661721862052042344e-03
4.038642161176241897e-03
1.055458097700863462e-03
2.670999893417967718e-04
1.143343194009866339e-03
4.775407634314092313e-03
3.193505786196098911e-04
7.522651909990738786e-06
2.589310500131696157e-06
4.579847753223634142e-06
7.226815908912322772e-06
1.023673048251362130e-05
1.734996435712931747e-06
3.626686471851966331e-05
1.189166190654681460e-03
4.529242784347420510e-03
1.637234560486566098e-02
3.395139571037762358e-03
2.578215897637107460e-03
4.737199515194977055e-03
5.767328120725090032e-04
2.330463753687389312e-04
1.487236872919798581e-03
4.176938179430897380e-04
8.283486207070056421e-06
1.887512808526118859e-06
3.619872539173466709e-06
6.513903655807588985e-06
7.660711803731253623e-06
1.004707121763368229e-05
5.587267383921082062e-06
2.570672745882294705e-04
5.849207261395663292e-03
4.772875527403483073e-03
3.870500539781300195e-03
2.138021698923965889e-04
5.328703252019512771e-05
6.697824958216355175e-05
9.710914875654519640e-06
1.645195319362388733e-05
1.881433240246410394e-04
2.941954374483066954e-05
1.691982505066180400e-06
1.985547711963774254e-06
5.395655419966258792e-06
7.350264521373947368e-06
7.540372080993947625e-06
9.892990889927398020e-06
3.147558729904339224e-06
6.876550547165081952e-05
1.339527828032262193e-03
1.417129297080898772e-03
1.299467202834698586e-03
7.791509805170895246e-05
5.267202475797522946e-06
4.183516551220432124e-06
2.745164401940643140e-06
1.400739672540073701e-05
2.072721715268035743e-04
3.775915789110347346e-05
2.890248271600566435e-06
3.381088417433304712e-06
6.673214491397683725e-06
7.404534964330143153e-06
7.390947994002934195e-06
9.851982370663713915e-06
4.118419083985223101e-06
4.995841317894144436e-05
1.404640507499296245e-03
2.037251551896178403e-03
4.609143567696044586e-04
2.679122883548277736e-05
5.170046906537323982e-06
2.647596037566500663e-05
1.188085553870826962e-04
3.378156948053578240e-04
1.738861246584922369e-03
1.982531879352591932e-04
7.332600824570986100e-06
4.524702426955525344e-06
6.805991731601936664e-06
7.222675079326042698e-06
7.328464632248648890e-06
9.865174554687659281e-06
1.207789623744433890e-04
3.794267079571235165e-04
5.330458460941489562e-04
1.339390826347288592e-04
1.510722227433981615e-05
3.027451733344840620e-06
5.223071930102763358e-06
1.989458579333535510e-04
1.806919520100815427e-03
3.787638224128688229e-04
1.473156988349770774e-04
3.718892595874341388e-05
6.330598154469937138e-06
5.199143371197985276e-06
6.887638749647110918e-06
7.121710859454559850e-06
7.318312979700176549e-06
9.886440499516432139e-06
2.458240889713133020e-03
2.018855640486960732e-03
7.023981372530519883e-05
4.394490798682645764e-06
2.084306860965079693e-06
2.118860930717121063e-06
4.411024627272671199e-06
4.652413009308311302e-05
1.515870659982406291e-04
1.808534774978398296e-05
4.251399842472821972e-06
4.385977503453457651e-06
4.894342111600846063e-06
6.187327315637133225e-06
7.155272751744968721e-06
7.083853118376755631e-06
7.319006722874676891e-06
9.902556526804330540e-06
1.915869136518081185e-04
1.744725250785384622e-04
1.763842418842776058e-05
3.389059192999758144e-06
3.561719277202538360e-06
4.644845327175266126e-06
4.656525707874099447e-06
6.624064920718789238e-06
7.828778417300837585e-06
3.837497309495623096e-06
2.860822395608025895e-06
4.333462093081044664e-06
6.149065470443136744e-06
7.086634024504345243e-06
7.218217253651809210e-06
7.001880663429248860e-06
7.279116772272145510e-06
9.871147164417759840e-06
5.984448956732713954e-06
5.701969562350051734e-06
5.097633107556688729e-06
5.102469216342188596e-06
6.420919045129145588e-06
7.032033061671833649e-06
6.127773881660459992e-06
5.276377715045017841e-06
5.009690439902948364e-06
5.003458639694193506e-06
5.643868317402716338e-06
6.656221724683716031e-06
7.149779355042050420e-06
7.157168946725285156e-06
7.019569718842595493e-06
6.843582196427252106e-06
7.162421488211218935e-06
9.760953785624064841e-06
5.104222867023690902e-06
4.146250316616714725e-06
5.248608012157747050e-06
6.748576813448235142e-06
7.563474406996010159e-06
7.650230495576553532e-06
7.382781594796795215e-06
7.060288152785444533e-06
6.981333180759026278e-06
7.211170179688293910e-06
7.495075782252297296e-06
7.564100543275029150e-06
7.458919952512178186e-06
7.358118614536214931e-06
7.280883001130097159e-06
7.160683837222834493e-06
7.521095125261927018e-06
1.018190754905649799e-05
1.195649074792726242e-05
9.545593656637699337e-06
9.644576916041236599e-06
1.006533265060342423e-05
1.007943569038151813e-05
9.989844654464200352e-06
9.990777503012407702e-06
1.002541195063625146e-05
1.005394815942112646e-05
1.007326697981790215e-05
1.004232468524008053e-05
9.963660210136656350e-06
9.902811076303434543e-06
9.890679042979203135e-06
9.862441016828955075e-06
9.758513875605323915e-06
1.018137111626765678e-05
1.299951411594249469e-05
