3.913827363191685885e-05
1.813697813987271811e-04
4.496603277091913708e-03
5.536531702235484090e-03
1.161128482839685701e-04
1.189975944182000552e-05
1.122283137556475855e-04
4.092488917127895141e-04
2.191316356500736873e-05
2.318625333121633692e-05
2.837507833488149989e-04
9.388663453311409677e-05
1.901507571956946615e-05
1.376629684084749902e-05
1.532736569729084694e-05
2.339388467720700804e-05
3.026554940237963806e-05
4.169952507444316890e-05
1.439698662565715913e-05
2.161525012888348575e-05
6.331218264868713986e-04
3.841228186749453058e-03
1.962601439996388948e-04
2.135359209785548000e-05
3.963708208247152193e-04
7.944854283850754859e-03
1.286082253697945921e-03
1.043788639660563370e-03
2.780227851964157341e-03
5.960588577133906591e-04
5.537268772240554844e-04
1.451407195938635912e-04
1.482778919762725948e-05
1.232899845166805534e-05
1.939136055391539942e-05
3.043247107086390234e-05
1.080824675973477569e-05
8.272091365570531622e-06
5.213284891308545872e-05
2.045081227091906557e-04
2.495343066096169138e-04
2.887347580700884366e-04
2.977145202641509635e-04
1.027587910690496266e-03
4.094444208420287140e-03
1.927808591165114729e-02
7.311766546242569331e-03
5.843070869979078482e-04
2.188294714849605208e-03
5.011489878407175171e-04
1.309065976106084229e-05
8.252334160199583827e-06
1.686003698414241742e-05
2.975317731840647004e-05
1.879681905886447469e-05
7.764358221640864474e-05
3.470136547314174851e-04
1.091835448123937004e-04
3.301929165491569772e-04
3.385890033937033212e-03
2.612428899164952753e-04
1.650969311293546497e-05
4.246829171142893890e-05
1.665798326075591026e-03
1.657250963468910598e-02
2.851020075230985187e-03
8.813921249144088341e-04
9.139688292076665350e-05
5.022178059661673435e-06
4.971456485634669271e-06
1.341110732200464884e-05
2.731476163521023574e-05
2.676659549844391563e-05
4.138278552422401126e-04
3.278188928105224206e-03
2.262050914092893379e-04
8.302241585714970637e-05
3.670109157847055805e-04
6.224517149468468901e-05
3.221653115093690602e-06
9.082594609744805501e-07
7.975030977519900261e-06
1.705092312540286686e-03
2.310111992614155910e-02
9.767920558482632784e-03
6.621234110184299332e-04
2.049792230841347395e-05
1.035396141240405302e-05
1.787264971779041009e-05
2.289485644984936552e-05
1.685434716802140678e-05
5.669020249972574253e-05
5.947642362994461692e-04
8.399335401470659195e-04
3.166117162842583144e-04
7.744937269876887029e-05
1.650661984212819022e-05
5.853543285782538319e-06
1.486132939242864676e-06
8.046337766134067668e-07
1.011046668730367823e-05
3.554003036652508959e-04
6.202624274159558235e-03
8.182765844474186590e-03
4.634284326297549868e-04
2.300435545203159834e-04
9.869838748465916876e-05
1.970292874796725747e-05
1.173790751319065984e-05
6.422365002012355257e-06
8.211494481155042792e-05
3.715982150029098572e-03
4.038702496764180055e-03
1.396216876377242514e-04
1.509636413267918650e-05
1.149934211091778712e-05
6.956217315987270915e-06
2.628706890303220570e-06
2.356095539796144265e-06
1.579090060332113268e-05
1.117611071714119577e-03
9.425400946750700851e-03
2.793905005783843196e-03
2.632109564465869543e-03
3.576942954562118315e-04
1.579675816152611276e-05
1.285230723581487518e-05
6.575188806683332402e-06
7.358326239880737067e-05
1.348385075942844799e-03
5.452464672435386635e-04
4.461672174012979992e-05
1.368526903572542663e-05
1.024030404326015301e-05
1.025248507585374129e-05
2.564447253431953848e-05
6.680297584074043659e-05
1.777609615224194704e-04
3.205648067516871612e-03
1.159244473832767193e-02
2.169469373512349347e-03
1.190066372868571346e-03
7.727757440186108946e-04
6.245907200304143421e-05
1.827143045324909664e-05
4.836944892852812440e-05
1.026826170372574336e-03
2.692230314854815280e-03
5.428629836073224028e-04
2.597625532021512131e-04
7.926896356410616359e-05
1.162223804577208252e-05
1.039370412237136935e-05
3.243555521301955341e-04
4.778941863947489162e-03
7.403616450151537373e-04
5.169299643653242063e-04
4.448016208108501734e-03
2.558770022055242756e-03
7.822620562585830099e-04
2.689432412194291567e-03
5.207899527608915750e-04
2.103606860155376557e-05
1.180200424370399779e-04
2.597788931095564545e-03
7.569661214570477803e-03
5.361714795333852659e-03
3.539987688838608631e-03
2.322425275303913216e-04
8.594702883329657212e-06
5.916392771809815108e-06
3.713254768145373840e-04
8.319487365765208461e-03
1.704463020257531900e-04
1.227078650631420462e-05
6.222501824716921348e-04
6.402133658732066246e-03
7.235179891738018065e-04
3.091377868484525694e-04
1.134482279436131784e-04
8.126396115876980027e-05
5.063735379086946493e-04
3.209985850306597104e-03
7.677685533714074737e-03
5.105388144825299956e-03
7.150610034876033437e-04
2.137299319591416471e-05
1.912925451393291406e-06
2.619393434393722481e-06
1.088580940924417987e-04
1.750270832637866158e-03
5.467803233299394210e-05
3.450460196689075137e-06
8.668162028303629820e-05
2.077037069042771394e-03
5.482801581950486969e-04
3.714915654445193435e-05
1.228489126986076874e-05
1.877771870487101539e-04
3.514971504479982075e-03
2.262964557458512285e-02
1.271942293732209600e-02
4.349663640174229740e-03
9.768285351338370972e-04
3.822306926353601769e-05
5.417137134410161735e-06
8.599487866786664300e-06
2.389960565783972950e-04
3.019923265778495878e-03
2.248718541332476051e-04
6.701948955842350689e-05
6.601120309390392247e-04
3.491694202102111136e-03
3.968440705222855101e-03
1.976860777726767307e-04
1.449239553159372555e-05
1.343384082580752415e-05
9.627504828975241152e-04
8.140760519828320330e-02
3.795142502735358164e-02
1.304014496627945753e-02
6.287359522413822448e-03
8.745128516427687088e-04
4.892069023944332169e-04
1.163707229532772391e-04
9.158963102561322553e-05
3.921431085651367688e-04
1.982195907988824662e-04
4.031248310532113124e-04
2.342789479630597027e-03
2.749261740267788714e-03
4.721409588381490427e-03
4.044214700147679602e-04
2.086291547650070277e-05
3.437255666959892051e-06
6.445308492672962826e-04
8.704821946928298360e-02
2.823469167279472544e-02
2.423545856827959491e-02
3.156807348137064938e-03
4.570318570341384227e-04
2.250432314527329222e-03
2.873808953654261185e-04
1.496047153835151279e-05
7.896953453976108292e-05
4.349616238046001906e-04
2.810317141683263647e-04
8.223008834757348281e-04
5.870210287660017172e-03
4.004189647333115942e-03
1.342674116286818309e-04
1.710860346704114543e-05
5.923122655788942374e-06
3.160089817804718625e-04
6.993853901410523877e-03
2.926517713617417769e-03
1.213976594904258265e-02
3.940829433583445049e-03
5.373320692113622930e-04
1.812290812947631126e-03
9.546254803220217012e-04
6.033166456549675822e-05
2.780348397674492380e-04
2.907044517320913225e-03
2.055932147939113169e-04
4.090105031735367610e-04
1.746013972358477842e-02
1.182142487062430060e-03
1.159650932312792389e-05
9.027041851896519593e-06
1.256983606982097461e-05
2.159500420679258208e-04
8.174374446442847844e-03
3.996137410250895187e-03
1.179942264955528885e-03
2.283193570475336876e-03
2.895875778177182860e-03
5.143543722639548448e-03
7.428700776104735920e-03
2.588633450364440417e-04
1.949680267679608210e-04
1.547457354105918111e-03
7.462839498675084436e-05
1.523236511723280798e-04
7.198646551865432210e-03
2.120758980748525672e-04
3.205193627336867224e-06
8.215073870528622884e-06
1.360940706144071863e-05
3.615055580632278471e-05
1.246518002337840053e-03
4.038606468907044410e-03
1.711484588061928458e-03
3.004651653399091453e-03
8.690436129104096071e-04
7.028485466609357604e-04
2.011909886981404216e-03
1.033055138502571183e-04
1.995312985356697611e-04
3.093786259732068163e-03
2.817362813760327582e-04
8.531361153516919555e-04
1.218120174470752569e-02
2.781401172046682967e-04
8.114957211729043079e-06
1.640225149533332396e-05
1.253281053445527426e-05
3.547544155546614183e-06
1.303460990750692057e-05
3.027374405701377435e-04
4.231140423768204109e-03
4.863946386128377604e-03
4.675658386958359523e-04
8.714866341429695646e-04
1.587377763446439155e-03
2.463458446843247375e-04
1.838703671083583794e-03
4.244981943837947136e-03
8.039139461796749328e-04
4.490397204707299861e-03
1.750781314185458114e-03
2.013777732959700571e-05
5.210577512434832288e-06
2.144524587297475329e-05
1.948818359811959770e-05
4.305382192338090753e-06
4.963480098648360110e-06
4.407226798143181872e-05
2.367059641061556186e-04
1.754745253783340255e-04
2.692722443887132929e-04
3.181644237746683417e-03
2.708422017492036725e-03
1.686107036967438716e-03
6.135351922599814080e-03
1.281790961077311584e-03
1.497810537789877111e-03
1.306906597260566044e-02
6.986391296916375599e-04
6.516033536725929740e-06
3.499122724558990437e-06
1.969319247356059085e-05
2.414163193017551011e-05
1.314327659358351773e-05
6.672987268552270010e-05
3.870634851489005357e-04
6.342921676295710360e-05
5.141454649348095761e-06
2.130183379716731824e-05
6.818618644370460016e-04
3.223845424441080295e-03
4.788875650869176860e-03
1.365706584131692837e-03
1.034579563707973843e-03
7.789629282487368737e-03
1.210268847769449541e-02
4.426098654309975830e-03
1.537933308996464112e-04
1.035197331005851739e-05
1.814638220157866976e-05
1.819126262531271785e-05
1.628692416079991192e-05
3.423054361353720628e-04
3.514208042105649264e-03
2.197344758049298193e-04
8.688939019622520218e-06
3.296637332009928306e-05
5.971131209570512601e-04
1.666723872731378647e-03
2.896577974717339833e-03
1.361172265212590290e-03
9.489876321909519394e-03
2.558813684278482894e-02
1.783622725669029756e-03
3.159822132652819783e-03
6.052719629472908067e-04
1.721545346757316733e-05
1.644395152725064007e-05
8.185739306080187233e-06
8.630944861194593773e-06
8.486640199955039824e-05
3.296423213572666970e-04
3.621862297284602857e-04
3.976433550719016643e-04
8.492669671115662825e-04
1.763992089059795597e-03
5.859333393020396599e-04
1.471485123768279720e-03
4.037309558853982398e-03
1.583551368159556716e-02
9.236837215834457424e-03
2.575980829233921071e-04
1.798832622538146513e-04
8.415406562391902637e-05
1.278971413698469799e-05
1.867756652392842722e-05
5.193807577080186912e-06
3.887202700566483814e-05
3.617167024799203072e-04
1.255209352644461615e-04
3.709161107899639517e-04
2.300729126808895905e-03
1.103925775062208816e-03
1.255244417679384546e-03
1.520350266941363718e-03
2.777126885370372490e-03
7.982894903864964789e-04
2.117801383918905124e-04
1.665629632527207871e-04
3.670853067087318574e-05
1.855751293661151894e-05
1.548303160581377167e-05
1.261123563604001272e-05
2.450608270444036801e-05
2.397684436791956293e-05
1.239405840141936119e-03
7.738750149848037593e-03
5.973561159490484900e-04
4.575768363473038149e-04
9.413289778648333342e-04
8.926269506573423313e-04
3.220042962267253943e-03
4.272327537686316720e-03
7.511160788010002535e-04
3.082647579169192631e-05
5.900947828427993015e-06
1.079777212104273468e-05
1.452535051521782389e-05
1.376397176072192947e-05
1.479408044655499712e-05
1.749077548528572138e-05
2.971163879258581429e-05
3.132735609707037886e-04
3.786673163801998823e-03
1.398220531788891500e-03
5.181412049110363386e-04
3.484204025392558142e-03
5.930909197596180571e-03
3.624016266308206259e-03
1.306484328498415002e-03
1.895221474831267506e-04
2.903584111006758746e-05
8.325829304903202639e-06
8.613848065023031446e-06
1.788803672859939854e-05
2.624503764652297747e-05
2.795252908019788899e-05
2.814596146195724234e-05
2.979926606934895717e-05
4.188824937609176695e-05
