1.473505853883087943e-04
9.880281224210637342e-03
3.673468464696494351e-02
6.824375473721772459e-03
3.635250542386470832e-03
4.208893002296604431e-04
3.040070715161764833e-05
1.096676842807793297e-05
1.263784956613812647e-05
8.615073772449558041e-05
3.873157895552166723e-04
8.685612762328084988e-05
1.688462581611989638e-05
1.772018751035225304e-05
2.470945532466708636e-05
2.528758291992682633e-05
2.520423983049041925e-05
3.298209677575661511e-05
4.143172997317784163e-05
2.145655831422293644e-03
2.124801889016689205e-02
5.971903978643560047e-03
5.567360439350688573e-04
1.825145282860749277e-04
2.187716662211708243e-04
4.905889307104028705e-05
1.681485700188569822e-05
3.104876960288910684e-04
3.871863149259801695e-03
3.193239131811495589e-04
1.447047937821512449e-05
8.876265991832237845e-06
1.364678326256787714e-05
1.716005192561690450e-05
1.836741897585650321e-05
2.511999987567737957e-05
2.924719677303501040e-04
8.204093774462165381e-03
2.257385920897739609e-02
2.641930325648667553e-03
8.076848718780567859e-05
2.358498049950346861e-04
4.180935616038584067e-03
2.949110387645289904e-04
1.237285367861383678e-05
4.872564234557611498e-05
3.234437810383017690e-04
1.023621754245735425e-04
1.352681894439624363e-05
4.343550402299496963e-06
4.762343454152084338e-06
1.037872022680287430e-05
1.678489830084123436e-05
2.476043526893317764e-05
9.796124503444427931e-05
6.238619669778242786e-04
5.207042103155284062e-03
3.701610902984174556e-03
1.272470054415077417e-04
5.802808217415588799e-04
4.967043998081730090e-03
1.560110278991715333e-04
1.018229525214727536e-05
9.638901636485753654e-06
1.911069930787910582e-05
8.068023587010298347e-05
1.250911275733005280e-04
1.387941319302423313e-05
2.776275825198584199e-06
5.389605348562564930e-06
1.408930486935662090e-05
2.533299659338053060e-05
6.274993182012857217e-06
8.584453430382287548e-06
9.155841864061469142e-04
1.502365056518801048e-02
1.218183374429044046e-03
4.112322404620761228e-03
6.134506756169492113e-03
2.885762185842620422e-04
2.043802609215523676e-04
7.067381493761866809e-05
1.517482183790318051e-05
1.410638663007019648e-04
3.950384705533548611e-03
1.587087414264818893e-03
3.738973639699040764e-05
7.266039941759245940e-06
1.194394367089769941e-05
2.483131190445653694e-05
5.179629763956919379e-06
2.540132221276528231e-06
1.227427638728467696e-04
4.326123755104895573e-03
1.834973128784134558e-03
4.651809640562252351e-03
4.246607534418425645e-03
1.086844545014667299e-03
3.478986683755632726e-03
4.065070037715256429e-04
8.019092943501189750e-06
1.234559797412098391e-05
1.204901176233849104e-03
1.303770849639426799e-02
3.538668193272159800e-04
1.112773316952857114e-05
1.023187357346052502e-05
2.389339324263632975e-05
1.098249615462977547e-05
5.361203534204508401e-06
1.404504180900326723e-04
1.185338150968135232e-02
9.113338475867972105e-03
8.167950075001803156e-04
1.000474596929418740e-04
6.161366606925151943e-05
3.159024039537603737e-04
1.057393495400182795e-04
3.816734225453082349e-06
1.686504329657241029e-06
6.870454311897065318e-05
2.045097319832829986e-03
1.738685961600437853e-04
7.990483981190634296e-06
8.880113517726827662e-06
2.335888232396827769e-05
1.433793763102160210e-05
9.262303059758504036e-06
1.167453330426437505e-04
3.559764650826861138e-03
5.478867899234438760e-03
8.734418537220517940e-04
3.753046004765245389e-05
6.651871622665764059e-06
4.664501409702877244e-05
1.789712056373533552e-04
2.130256377622614326e-05
6.383240245933458595e-06
1.701367699341316264e-04
3.190655898517823219e-03
2.530073614893868440e-04
1.171696476609511851e-05
1.046491955208689218e-05
2.376443319693485797e-05
2.083537828574858435e-05
4.957952890881962176e-05
7.404756473458096481e-04
1.643160969697508118e-03
1.147777303077177286e-03
3.047776957355875435e-03
3.208822173367461834e-04
1.825356054186226846e-05
2.414514139358391129e-04
4.562590183965380304e-03
2.848156828146793129e-04
1.564275509697027214e-05
8.393295471665600130e-05
5.270819734320195517e-04
9.674846990125160646e-05
1.382595895553067094e-05
1.307249914398171262e-05
2.436501250797142929e-05
1.343511546872062018e-05
7.771916578480675983e-05
3.333148378280710762e-03
3.362937488309121307e-03
3.077274506454676551e-04
2.781368466374982353e-04
7.146027647911555895e-05
1.522044500790652462e-05
2.821334813938775640e-04
4.712896992132807605e-03
2.827649718395816472e-04
9.546403085468931687e-06
8.792511893826678680e-06
1.649472291477161877e-05
1.302467417693724060e-05
1.114290056109346701e-05
1.505742276118292514e-05
2.474355994057808272e-05
5.257847257617733172e-06
6.010326919442849790e-05
3.637919419516339511e-03
5.041765197022187762e-03
1.240664213901039505e-03
2.716923879896616391e-04
1.912538222521885308e-05
5.699740691505369656e-06
3.154945338394290951e-05
1.331548680716830504e-04
3.106692874287288788e-05
6.319474500447879311e-06
6.466841432787899899e-06
9.266641144833613928e-06
1.140210561866654326e-05
1.409437296010203725e-05
1.725942775271763782e-05
2.513355602264331405e-05
7.605247786013911629e-06
5.652471831101966602e-04
3.219605638218109994e-02
8.311326719979578517e-03
7.331699547153512284e-03
5.433537561514934812e-03
7.624846788583269062e-05
4.478786076700559879e-06
5.874124323310351646e-06
1.531938950136590061e-05
1.755811120748800890e-05
9.919304491304890709e-06
9.212473650944270865e-06
1.332191579707712564e-05
1.601939430491905868e-05
1.612454260254687465e-05
1.721431476276596306e-05
2.502186183639104730e-05
4.395333604846113671e-05
6.139042337768001872e-03
2.842047874398096474e-01
1.550961348811523074e-02
2.268360620831116631e-03
4.920106321839612731e-03
1.612553743485044115e-04
7.167938903308861881e-06
6.306045577051434283e-06
5.240722378645488376e-05
4.217932503990403747e-04
1.008287415426893180e-04
1.404446010607022737e-05
1.104288146069267713e-05
1.228285950749296336e-05
1.150538479190286384e-05
1.268724105264593006e-05
2.142668168548799318e-05
1.547990752113575206e-04
4.070809836561357399e-03
6.737427998850548105e-02
9.170037917147459347e-03
9.533709169086211199e-04
3.947976383499052569e-03
9.454026796515498012e-04
1.594980273686558408e-04
5.103472040615501126e-05
2.471672478865034927e-04
3.496907171569382886e-03
3.556101516444762920e-04
1.431513925833767928e-05
7.922911250951515235e-06
1.275862168198761108e-05
1.648468289257957138e-05
1.289335692755204039e-05
1.615832354668798009e-05
5.119015262287520378e-05
2.788046611347332862e-04
4.611620357379678237e-03
5.343376656501831572e-03
1.468326510356711802e-03
2.988861091435126172e-03
2.131055304501551766e-03
2.515079266357378353e-03
8.819143092800755352e-04
7.836788312393600051e-04
6.597375762675230420e-04
3.466057646040806444e-05
4.688403618843961682e-06
7.839682652841556718e-06
7.795224030841517719e-05
3.467721567572666923e-04
7.316014965486012994e-05
1.756771245730372752e-05
2.745620863961024014e-05
1.545054540348997504e-04
1.775408624712496381e-03
2.359789709294813579e-03
1.197747000015515024e-03
4.028791629504820224e-04
8.805803788531713300e-05
1.931171109232506205e-04
9.640449419877676835e-04
2.960148554688746877e-03
3.556869687129992166e-04
1.332848546121544203e-05
3.250513716539112160e-06
7.353964460358533437e-06
2.914379532822627744e-04
3.912336400143104180e-03
3.459037206327905266e-04
2.290278564812923430e-05
1.646730796983201958e-05
5.139588623376568628e-05
7.433377264761733281e-04
7.009321953152918352e-03
7.783215437406986077e-03
2.463060631807067156e-04
6.446419104663275577e-06
4.345863133026758792e-06
3.182465518495540113e-05
2.662090668066915250e-04
4.696982886619651548e-04
3.029962547215011995e-04
3.595686891127187215e-05
1.158331897404688341e-05
6.746075286102754258e-05
2.980297356018433833e-04
7.382713126311991740e-05
1.855951740874358267e-05
7.555663945138175960e-06
2.910331866114582299e-05
1.375673058295742799e-03
1.269505175012155401e-02
1.672780591825708462e-03
3.758134082838171026e-05
5.304618869014970192e-06
3.758418634534380727e-06
5.703915031729788902e-06
1.439822663239282985e-05
3.121905681117018920e-04
3.024706390582352321e-03
7.758835787305673731e-04
2.734124398573043379e-04
7.636232085075386853e-05
1.581548171370250676e-05
1.016726884545529504e-05
1.614997584511621451e-05
6.824872085015319372e-06
9.309602097757486560e-05
2.956838654375573087e-03
2.979745832425621712e-03
2.347310309418798222e-04
6.110564440582226054e-05
1.262979447850743806e-04
1.674231977636694401e-04
1.765680059395639660e-04
1.360056319812502060e-04
6.902242828009082579e-04
9.087331759421135276e-04
6.600198670032224411e-04
3.490140422806467004e-03
4.243286667545608177e-04
1.265464658131653815e-05
7.942081956021084270e-06
2.007006359992200310e-05
3.895570801756164823e-05
1.207633473521669849e-03
6.203846483557357190e-03
4.693805626975634283e-03
2.930379855326778037e-03
1.824076922783659811e-03
2.664571496220102028e-03
2.257884746955828720e-03
2.470376307971911250e-03
1.790965530672062765e-03
2.576232591415714493e-03
2.180349254022890117e-04
3.864179771767815321e-05
2.708381949650544881e-04
1.157301443101663066e-04
1.263017888019865066e-05
1.111546052743905888e-05
2.384504758142253571e-05
3.910469289533839254e-04
1.393539678160306793e-02
5.169081022124174737e-03
6.108339734635813076e-04
3.459650515449379129e-04
2.002355724080146740e-04
1.813833427379283648e-04
1.178615049006505197e-04
1.479266934643218745e-04
3.580691731986107573e-04
1.186268695545525560e-03
1.121701214069562572e-04
5.854309457578003325e-06
8.568591426855945035e-06
1.332539153390690634e-05
1.120242594772018541e-05
1.462111775783927456e-05
2.502782065974741254e-05
9.665651498653393084e-05
7.035088764611709339e-04
1.412268492398753550e-04
1.411687854351370694e-05
5.839879872015845894e-06
4.627730374502147423e-06
5.780289053519119758e-06
8.235618452264220063e-06
5.935561460282969242e-05
8.200712275759675270e-04
3.240270036719382699e-03
9.266571902044978782e-04
3.716409109722790423e-05
6.935798929395196325e-06
8.829359270137507716e-06
1.366457307224744389e-05
1.715318939115240208e-05
2.489695873155842355e-05
4.143642811879444485e-05
1.496807325211108974e-04
8.986650201684757652e-05
4.725981891011604480e-05
1.476399636449774065e-05
4.259509418372101266e-06
3.843531133613866681e-06
1.228166191339951991e-05
3.501480517610995255e-04
3.233888653255886318e-03
2.655511265783340805e-03
3.249149831869319743e-03
3.643977587148690086e-04
1.850384216641219126e-05
1.092288248478261148e-05
1.521126916497455535e-05
1.734871895363470132e-05
2.411814267941812074e-05
2.445443311926924880e-04
4.240688088356201965e-03
6.299415824375479388e-03
4.370785108831179606e-03
5.451271302093850090e-04
2.606401237163331628e-05
7.491722046689154817e-06
1.465875315525507355e-05
1.221176591905160931e-04
1.836598418929659567e-04
6.004497109961330999e-05
1.697430034667497865e-04
1.170635329173408585e-04
1.841108800433745020e-05
1.283237061425150237e-05
1.628464345994055142e-05
1.789876738187763349e-05
2.489030574967361983e-05
3.022042230795567077e-04
1.065176156899736055e-02
3.216165741368062769e-02
2.730484522470448538e-02
4.777611512842759763e-03
1.699259080534132479e-04
2.114417403297405291e-05
1.609292228048288844e-05
2.533675201194372336e-05
1.889226297682627037e-05
9.896511865076735445e-06
1.895473909902529371e-05
2.597787588701357223e-05
1.892717984441946423e-05
2.072038702184190003e-05
2.395595487656713605e-05
2.522996440528618554e-05
3.313381889553859428e-05
