6.155721666418747997e-05
2.967905744117932594e-04
1.194143659839392050e-03
5.796249739615289866e-03
5.498146866315638129e-04
1.628179663607663000e-05
1.054000640818373441e-05
2.038171915868705581e-05
2.615754389398576820e-05
2.153079540423328772e-05
1.776310350916643027e-05
2.607249722820943264e-05
3.238424883658558057e-05
3.096905571903295855e-05
3.378381273669461322e-05
3.524166160595668942e-05
3.589896005137925702e-05
4.659420509075630962e-05
1.925743117900869349e-03
1.184858036890751309e-02
1.037897581212353718e-02
6.799822071629973291e-03
1.559603088633840619e-03
6.999115068468685671e-05
1.164878287614141247e-05
1.736234027001073990e-05
9.460558532034772509e-05
3.655191695675621619e-04
4.222162479317505398e-04
2.960435027673435026e-04
6.224160133974561979e-05
1.576834272694397805e-05
1.659873938820262399e-05
2.287340321515567761e-05
2.572995999165852106e-05
3.566762610824367690e-05
5.355518658924238173e-03
3.847332065841761045e-03
3.476229223024394476e-03
2.851578959131572354e-03
4.091353966976171708e-03
5.088619790337902283e-04
2.455045820361819253e-05
2.129033989012837946e-05
3.314144427991243887e-04
6.067166334299178322e-03
1.623392484269768968e-02
6.091214883659512060e-03
1.423564249072689603e-04
6.115388064142910381e-06
6.208444206860057968e-06
1.487292144896373908e-05
2.210423519149361726e-05
3.369436558758304016e-05
2.817577243632399015e-04
6.598679138336448126e-05
4.121604773149160645e-04
1.588879192350612941e-03
8.439482954596866284e-04
8.391825911272220986e-05
1.101382265217331895e-05
1.090088461021770777e-05
5.506546282666559207e-05
5.596410766330476086e-04
7.728473508880199724e-03
3.239280888184172674e-02
1.383759507350200077e-03
1.869460825885052167e-05
8.774562015981617782e-06
1.681786103566494940e-05
2.101053932041310068e-05
3.213214143333387927e-05
2.786496806341221780e-05
1.554944404952906330e-05
4.008038569044071638e-04
4.412452630476446092e-03
3.669848490773483561e-04
1.079629015917781748e-05
6.447673750318589396e-06
1.448394458503731920e-05
1.174771679033586498e-05
1.696203902194376534e-05
4.610771662769582975e-04
2.227093597222380705e-02
1.298865198222052229e-02
8.873456797316566988e-04
3.136626885801878026e-04
9.962714146897386463e-05
2.950640685146647932e-05
3.147029059707512561e-05
2.200812179233957688e-05
1.075943439485178300e-05
6.042872255829937823e-05
1.232941827159407359e-03
9.361117599883340881e-04
4.921395810159925595e-05
7.065672045803488770e-05
4.885733394582400134e-04
8.103448331295095056e-05
8.608000527162146994e-06
3.064885556716812591e-05
3.154358861489331271e-04
1.385754303656874060e-03
8.493468383831758589e-03
5.833359366844154646e-03
2.256157692244423359e-04
2.694115430194544950e-05
3.052972387179809984e-05
2.622032113060933402e-05
5.994124592816617878e-06
6.440728517110027902e-06
3.157557335512485271e-04
5.205067014377896296e-03
5.095544027540498989e-04
5.151894633178347171e-04
5.575731627810288568e-03
4.557289948963875754e-04
1.761413848462576920e-05
4.585855115206719581e-05
2.699141250453797086e-04
1.418767596383164889e-03
1.319750793265491058e-02
1.700174202793166851e-03
2.528134838457314046e-05
9.171714903707378557e-06
2.668133180414642192e-05
2.229126508057990659e-05
5.584400060906960591e-06
1.360670304273077547e-05
1.027157966341701650e-03
8.183109025451112614e-03
3.101167214330847501e-04
6.451129414998811899e-05
3.691687557912144029e-04
1.497312785483207278e-04
2.884991614074428553e-05
3.240181984694223477e-04
5.912427786594333552e-03
7.561164624281180996e-03
7.463636154643347662e-03
7.655283888144421428e-04
1.452085714581010405e-05
5.305169663569874667e-06
2.110323231091392856e-05
1.704026548200610888e-05
1.019691820577142469e-05
1.691974514737231252e-04
6.682371425916836839e-03
6.984048959159155391e-03
4.943688790948498873e-04
3.846611664628462560e-05
9.887389988111957174e-05
4.790137993443521866e-04
1.182754613343811395e-04
1.157510558207068183e-04
3.890943510456400245e-04
2.452660577434314076e-04
1.309622971907847908e-03
6.170835109351665258e-03
1.588678310428830100e-04
6.784650791123890777e-06
1.423576605691579661e-05
2.224524612807463175e-05
5.518264311316709844e-05
1.833137359277132008e-03
5.689269314388095689e-03
2.771221963186616330e-03
6.355229031305107378e-03
7.331957355650911123e-04
5.206540750656941724e-04
5.404821487692292557e-03
5.362785134231434683e-04
2.133156808083916091e-05
8.137235326933834578e-06
7.300096681290645723e-06
2.972075996388915623e-04
2.206723441825690982e-02
1.774633768378000402e-03
2.394137398383766919e-05
1.597214900708474939e-05
2.143934895295711545e-05
1.326904305941504017e-04
4.458700081819835098e-03
2.289046216895451995e-03
6.063719304116387638e-04
4.003701003023265800e-03
5.142467037873047972e-04
9.370408750439599126e-05
4.571484549591622436e-04
1.342920551419039767e-04
1.368748199248870639e-05
5.686252098805677166e-06
5.101392739997489721e-06
9.324194562579003081e-05
8.316292509365033961e-03
6.112741397743086391e-03
1.413660598385440604e-04
2.805868253718951180e-05
1.427344962092205762e-05
1.389289610446558523e-04
4.442577126988925956e-03
2.672674086710959043e-03
1.755559188000856922e-03
4.290200135787466430e-03
1.329756476350110695e-04
6.589062972394824168e-06
1.309187337035582216e-05
2.012013365403126671e-05
1.589609648203572773e-05
1.208318818339529652e-05
1.103080643153170000e-05
1.344482862387859129e-04
8.644499601741984299e-03
8.110265746762079439e-03
1.701251868553445669e-04
2.417355837097790003e-05
2.141600241216429928e-05
6.097499540687955711e-04
1.822465208039746390e-02
6.821403471585907666e-03
1.262859440632370031e-02
3.344271006179247441e-02
3.796529188314638932e-04
6.061633936255332980e-06
5.931695669756704251e-06
1.547148371915767681e-05
2.198450106775073199e-05
1.659324101666067504e-05
1.675072531598505529e-05
3.434707342125170810e-04
2.906704434374164300e-02
1.634020235134086771e-02
1.879219496144916336e-04
2.275281630586629134e-05
1.522546485177689760e-05
2.237623339074002002e-04
8.915740691701468795e-03
1.177860658114137683e-02
1.129499440168034961e-02
1.204107246127627748e-02
7.409700991955921450e-04
2.378615213039739990e-05
9.311044300272591781e-06
1.770760852220577128e-05
2.507319186679424401e-05
1.518151536027338673e-05
1.045637071692767687e-05
1.443020733728571489e-04
9.418152660905433626e-03
6.351284848331406434e-03
1.460931901741039751e-04
2.785006774575848556e-05
1.514218315535380020e-05
8.529040905036126927e-05
1.703929104982807247e-03
8.229716182899251067e-03
1.320758752432099441e-02
1.182173160290108521e-02
7.135834643392077216e-03
3.641714694153217109e-04
2.142293311464229234e-05
1.755866664196948482e-05
2.354201818873901379e-05
1.178787257968787968e-05
7.794793827193917233e-06
1.760624825432915888e-04
7.152182800471805144e-03
9.785885976191491167e-04
2.557515012889014595e-05
1.788914438199399519e-05
4.097429403686599970e-05
3.825135007323654719e-04
3.888437735216664689e-03
1.102872367768860211e-02
1.559114296517175383e-02
6.262345680335582032e-03
4.915514159995921194e-03
4.038244588827066828e-04
1.852815900094507303e-05
1.409759498429917198e-05
1.813997440894838243e-05
7.466384944369715283e-06
7.198800505576876063e-06
5.301711756019995923e-04
2.175633706583449817e-02
6.205992818702982597e-04
1.024205349293709289e-05
1.391931245824357953e-05
2.945700636184620951e-05
1.009710773393741282e-04
1.379482379914705181e-03
1.513030076947013795e-02
1.986924340572143038e-02
4.809397669772676534e-03
2.516984377835428197e-03
1.705293959498028859e-04
1.045749654104365214e-05
9.849384751868763940e-06
1.048747469590755617e-05
4.885454938940989946e-06
1.670176586559561077e-05
1.222974893739505083e-03
7.195918301045371723e-03
1.869085217369610143e-04
1.091873800247971770e-05
1.973550423696848719e-05
1.550716257986273550e-05
1.244243622885916775e-05
2.189874602844874951e-04
7.143576673251461097e-03
4.418217936520286125e-03
1.794355584786940308e-03
4.645258341979419808e-03
4.158630132205327814e-04
1.858746563871860623e-05
1.915514630573580179e-05
1.508491569018349205e-05
6.950172265038860649e-06
1.598143926828627466e-04
6.203250434234326011e-03
1.013316063037203061e-03
2.437261567434355499e-05
1.026785851533221305e-05
2.771553356438279220e-05
1.400995176877161490e-05
7.669949151140779554e-06
1.219090073038039929e-04
7.194533475566682740e-03
4.595901822075783641e-03
4.748188496053915258e-04
4.897894422685707475e-04
1.277745804256107728e-04
3.318580475906545953e-05
2.134750939143356164e-04
3.505539509413343872e-04
9.806311441240988418e-05
1.558679205329926336e-03
6.340244866602604001e-03
1.206363182247006748e-04
7.161825637702464239e-06
1.112150979466433038e-05
3.284704127800868627e-05
1.682573763425941447e-05
1.174770395192779057e-05
4.537387513421411300e-05
5.028339412502309163e-04
6.221309265791494887e-04
7.893453136971816466e-05
2.490724192276137883e-05
1.294766059088650988e-05
1.665334122023687138e-05
3.838836637854723451e-04
4.027751933692894255e-03
3.522178578170398651e-03
1.088681163460917568e-02
3.260832037203175836e-03
4.897276700068145105e-05
8.044661665439880718e-06
1.521237109417545504e-05
3.509121023140878565e-05
7.920251196141907789e-05
5.272373654495743096e-04
8.669118229825852322e-04
1.312855654328661382e-04
2.483031475575897746e-05
1.305863742799348339e-05
1.034970610674729493e-05
7.015484248195460935e-06
7.720607257543290951e-06
8.333280566875890180e-05
2.950134938433323327e-03
2.112476931940711691e-02
2.731250762408309052e-02
4.798626931025777587e-03
1.726647882593113114e-04
2.319606580276666050e-05
2.099826996387988234e-05
3.511052286380777294e-05
1.680159283138150158e-04
6.456716987088636020e-03
1.299848473879826848e-02
2.418931393919027204e-04
1.172431935032090671e-05
9.793151577796796797e-06
1.269910072683161820e-05
1.423696558930832828e-05
5.868126419172308691e-05
7.650917283384226376e-04
6.120731337120256105e-03
1.548741488888725690e-02
6.650033204946809162e-03
9.231443894050600464e-04
1.006926376225874512e-04
2.586954360853525032e-05
2.235273193774198520e-05
3.435661923894336046e-05
1.048904175588994379e-04
1.999917064623307501e-03
1.886696432327073653e-03
6.226046118946955204e-05
1.119193204197524750e-05
1.228252535251347920e-05
1.204220371408544721e-05
2.379848610317375374e-05
4.782083110846937438e-04
5.541797314316798499e-03
1.474305260479592513e-03
2.925453938731211422e-04
1.439530394199747669e-04
4.509484945115170416e-05
1.845928055047203154e-05
1.666365833976319360e-05
2.165403973466125664e-05
3.384581785628819871e-05
2.175797322306518428e-04
5.415949244813059345e-03
6.772453803106602381e-03
6.423633670429077479e-04
2.183946439918592526e-04
5.780555138679628781e-05
1.274919610974342220e-05
1.595485633885033143e-05
1.293400304256679581e-04
3.600767009388976627e-04
4.093458351332215206e-05
8.974083766453042304e-06
1.314293505204816364e-05
1.575936512985352320e-05
1.587152502603171158e-05
1.966717750457931639e-05
2.444775068328596752e-05
3.554041119827065965e-05
7.210114529842253782e-05
1.422227478866155579e-03
1.505319873715686881e-02
2.413378917873620216e-02
1.407359143251303742e-02
5.946321757439021732e-04
2.729013851310932917e-05
1.607588656427060974e-05
2.961369927323546258e-05
3.431777197599656558e-05
1.603140937368068537e-05
1.281460027569992654e-05
2.187530622561203344e-05
3.025076373372856582e-05
3.271476702857120428e-05
3.397803794239565711e-05
3.584304131401944816e-05
4.684550328769326215e-05
