7.375768579534852068e-05
2.790399943814241219e-04
3.237931514182025561e-05
8.737524605029208224e-06
9.331314402000843926e-06
6.050583248377539039e-06
8.253186557946491839e-06
4.814007400854149952e-05
5.964991601680845744e-05
4.324525342933275977e-05
2.811359449091340216e-04
1.378633225620478232e-04
1.524679333680678685e-05
1.318095117696087038e-05
1.989293273032042460e-05
1.963280963831690796e-05
1.905089401147191719e-05
2.899083025257538477e-05
3.339503007173222587e-04
3.790430457573815224e-03
5.078246407435168738e-04
1.315475336778335665e-04
2.609307688945067702e-05
4.434404786740689284e-06
1.664103681056324294e-05
4.806197911891138996e-04
1.292352564847952783e-03
1.728926502316462934e-03
3.036861098018903832e-03
1.460950175181825999e-04
5.791141882369686271e-06
5.304293142160441680e-06
1.104210484783127223e-05
1.235500578142665556e-05
1.175886884683724129e-05
1.890684253575402937e-05
4.569903564507424445e-05
1.907303479714513614e-04
3.431422371096242005e-04
1.335731743717036681e-03
3.228589713928288365e-04
5.224055397602304858e-05
1.666660856030426053e-04
1.685107335930333605e-03
1.397913755091732607e-03
2.721364466030999369e-03
2.396642010622823844e-03
9.807137569840598270e-05
5.034298224662100811e-06
3.030564325560347360e-06
7.286651197888950852e-06
1.161760735362763558e-05
1.212107181907313392e-05
1.887511844711871889e-05
2.563330965989136693e-05
1.100181942189876156e-04
5.019338750444908397e-04
2.773556736436881033e-03
3.260216505176621263e-03
1.617554820918872373e-03
8.234796180289737089e-04
1.766094766358916168e-03
5.307543548373939860e-04
8.569793181383021695e-04
5.766998560065445152e-03
4.885652617172758089e-03
1.713552241627568941e-04
7.676039758392664444e-06
5.502765017342029055e-06
9.221411819442100501e-06
1.250333520158806819e-05
2.090547836358995121e-05
1.296117939078823226e-04
1.927585338132583020e-03
2.036170850523921164e-03
1.640166305824421970e-03
2.671266213247099498e-03
1.671997189147419668e-03
7.967513907805328808e-04
4.982360744490640057e-03
4.660576384994780455e-03
2.411942926124861514e-03
1.605250416433032928e-03
4.117024875831796354e-03
2.708681436217037861e-03
1.141770609111196011e-04
8.278729706783131097e-06
4.283319579305403775e-06
7.903482319311672268e-06
1.994764757853702888e-05
1.808072307006801903e-04
2.607482285279203414e-03
1.019288664276140960e-03
6.397351769210504009e-04
4.467248394648694310e-04
1.020761800938615121e-04
1.691142932101086932e-04
1.168550326639239065e-03
1.424599607300501471e-03
2.888796310167384297e-03
4.139557801621839093e-04
2.806141324078803350e-04
5.166325456308747122e-03
2.224046357287034082e-03
4.066448729943736274e-05
3.104002702527248055e-06
3.608230550990691106e-06
1.322560134361138198e-05
1.431230411701424278e-04
1.797936691484058793e-03
2.182037974716573465e-03
4.141319182158291999e-03
1.839959524583737295e-03
2.531969048734700103e-04
3.520731727025334826e-04
4.582493791218502700e-04
2.622243733342570927e-04
1.640686128476246276e-03
1.596908946578278832e-03
7.634036282039373920e-04
4.269870607566525998e-03
4.716511695038842940e-03
8.204449236697535647e-04
3.288152499296175446e-05
6.925968119060390403e-06
1.260774835865516377e-05
3.337235038171137503e-05
2.164309943001321238e-04
7.322032228752298373e-04
2.377544228301175806e-03
3.861442237502678634e-03
2.037585833305785663e-03
1.759538180648668711e-03
2.360313778010677752e-03
4.210329100194469543e-03
6.516126483420078830e-03
2.863407662281659306e-03
1.849639936647493434e-03
2.724365403205017411e-03
1.982873289877346533e-03
2.334352882113927951e-03
3.139567276828700163e-04
1.019347337742525987e-04
6.197516119462156341e-05
1.428326555372839580e-05
1.125583755153640317e-04
1.706342190658689372e-03
3.839533256704513557e-03
2.678398750964449283e-03
9.040798257409671549e-04
4.098987399832739408e-04
6.430850433850071211e-04
2.471351789346467633e-03
3.986160976289518723e-03
1.564806472114512815e-03
1.998176336203043215e-03
3.473869366120022843e-03
1.599897559432894188e-03
1.759475123925153270e-03
1.280122711909436641e-03
1.412428740281796010e-03
2.478249626285130387e-04
8.845222228123333276e-06
4.370623659014200003e-05
2.283859771734304996e-03
1.131143323408956118e-02
4.924255115081000063e-03
2.001234064386254313e-03
1.917521795291488636e-03
2.520490020099183832e-03
2.488544336709586947e-03
8.890345053064543229e-03
8.674741060829885969e-03
2.856495078603122836e-03
1.149063655787056033e-03
1.107772178935903344e-03
5.599564267734453114e-03
3.843362297690804206e-03
4.017415311280322899e-04
3.618013496627975914e-05
3.169709771310783471e-06
1.273300147192044682e-05
1.125718873975485243e-03
8.278971994669660425e-03
1.059968529516137035e-02
9.945087178859432497e-03
6.306521245901958346e-03
5.727530007463464516e-03
1.675093903542695852e-03
4.480912123209111406e-03
9.727515550079906051e-03
3.990306085276341432e-03
2.416764666183641302e-03
1.622381971769506223e-03
3.985769988693890764e-03
1.216556669706130109e-03
2.677567436200939031e-05
4.889805900700990047e-06
1.935996487537900054e-06
8.347981021007618583e-05
2.132740974282466492e-02
1.934286701300895125e-02
1.018146069704803716e-02
9.273520315076284881e-03
2.432469587392484516e-03
1.534846405695818169e-03
7.472999925458972395e-04
1.351446419571953423e-03
4.667636574801297018e-03
7.210034453217585571e-03
3.626702738396086773e-03
9.072176896183396311e-04
3.782336743910425306e-03
3.839812657203785055e-03
7.588122890661604786e-05
9.907619472961025930e-06
5.869708350176247975e-06
7.921232492300406226e-04
8.072687947843971978e-02
2.440768574660258719e-02
1.221801030653987298e-02
8.371919325948410859e-03
2.676272694389820322e-03
2.929749801880459758e-03
7.376938943205066553e-03
6.271598830573499490e-03
7.272091464171382379e-03
8.721881775056892702e-03
7.463260811249542576e-04
4.166572006404192828e-04
5.945506445251207139e-03
3.087506416196207550e-03
5.562313998866613219e-05
1.145785467433639207e-05
6.641459972931329416e-05
4.393808999507535680e-03
5.014719080285293812e-02
1.447963411042232224e-02
6.711762361709778905e-03
2.561450856928914385e-03
1.587282267027538725e-03
3.056027097725356242e-03
7.138960846527201386e-03
2.757762590318227000e-03
4.597144158459701146e-03
6.837762834351200809e-03
5.903132213490248003e-04
1.349363339647280694e-03
1.653125776065844654e-02
2.544895908813424399e-03
3.902922221168085440e-05
1.016051154151528890e-05
3.309381336197164962e-05
2.695444298757134556e-04
2.424601210031018372e-03
5.913633182697122792e-03
8.163160541458887309e-03
3.567098279824969503e-03
2.261795126956414603e-03
3.139122426567672510e-03
1.726700247944526305e-03
1.348267299290003152e-03
4.940365953485042171e-03
3.088561186622903413e-03
2.485550546212269966e-04
2.181674724937089128e-04
4.072581036384672649e-03
4.520283626828495299e-03
1.067134641173272860e-04
1.547149746583301077e-05
8.335822168094995417e-06
2.698455986364029565e-05
5.462652921307077419e-04
1.708732051902590648e-03
1.361933978297183130e-03
9.539782838469760542e-04
1.004198350079055137e-03
3.543603572188698102e-03
3.684748216106643274e-03
4.211261483225537706e-03
5.615528148277039791e-03
8.946438185748179991e-03
3.290167859779321614e-03
1.277882516757846733e-03
8.419562523860238401e-03
2.739351909547990856e-03
4.572339989119405412e-05
1.272260183810076310e-05
1.535408685543441392e-05
7.581944057378967700e-05
1.750656497817126454e-03
2.525342850849880000e-03
5.747338279449812522e-04
1.510578708037095368e-04
2.012266339579632881e-04
3.069849961464579322e-03
5.307238514321400286e-03
3.417956185141957093e-03
2.568603781236149589e-03
1.911057795667008919e-03
1.429529885409278143e-03
9.329135415524372407e-03
1.575608515165925413e-02
1.851133634577695111e-04
5.602299439141840645e-06
9.515127428946487041e-06
1.220945913373446104e-05
2.098352736147881203e-05
3.190082123940040965e-04
3.133542384502122427e-03
3.416716877290565477e-03
4.526589040992428877e-04
7.356071911146204868e-05
6.838803801690745976e-04
3.042239328512708323e-03
4.401259576262162368e-03
4.311447568812276296e-03
1.852986998891852902e-04
7.872997280656857414e-05
4.946835138325227262e-03
2.063019384777970040e-03
9.882930974454024676e-06
2.131554060774628421e-06
1.181037300459621500e-05
7.507515724327307489e-06
6.994332497512220023e-06
7.532172696046685956e-05
1.730012064794272768e-03
1.687593320147308656e-03
1.491008689994135225e-03
4.167500004043692662e-04
3.953878033778038172e-04
5.227589034760484355e-04
1.339070463482933387e-03
2.734192384453816745e-03
2.280610538035832764e-04
2.769707511533213732e-04
6.804389510689306912e-03
9.847483688205605976e-04
1.040005815483476388e-05
3.838435397829412899e-06
1.565286568465021734e-05
3.968428926607959009e-05
7.687192059678893473e-05
2.743898568414748253e-04
4.350861196276694688e-03
7.960549638912033229e-04
1.373912348667206355e-03
3.668366486590844168e-03
2.504587240789799517e-03
1.546382819959989238e-03
2.939686644634359296e-03
5.330581218135278972e-03
1.846647060803809559e-03
2.501663040361296227e-03
5.550143896843687426e-03
1.604323533280675425e-03
8.244513015789830840e-05
1.264226100391573257e-05
1.790666423232527491e-05
9.457032921203681461e-04
2.678900420097901462e-03
2.970564833464312948e-03
5.382841721996827963e-03
5.069606387204957489e-04
6.484878115165337679e-04
1.549383025538838068e-03
2.659802938883945589e-03
5.606445120371899779e-03
2.354975779727014763e-03
1.081599595859587077e-03
1.670223009206524408e-03
1.625238659864074175e-03
2.995202551521824281e-04
1.280105035534628323e-04
5.155968426960828648e-05
1.489458725939479626e-05
1.788342430915303063e-05
1.573618858286250817e-03
1.916668385771598971e-03
4.956271907715878965e-03
1.459228119282242201e-03
5.820434323492712633e-04
1.362835890608815386e-03
8.087067819270942187e-04
8.403680015253545783e-04
7.554974631287275817e-04
4.973978603543858330e-04
2.212757587413390157e-03
6.030934906900782717e-03
4.426564042913075023e-04
1.104157242785580769e-05
5.308118937865134494e-06
9.185011061395720599e-06
1.025335196140498219e-05
1.805242224194070108e-05
8.989050043204941851e-05
2.935376390754530171e-05
1.646580160631902013e-04
3.262062138523375856e-04
1.332230714180532858e-03
5.979460330365852106e-04
6.471101081046611307e-05
1.604889473708497635e-04
5.664603703057438265e-04
2.056441322814398908e-03
4.895992700035955471e-03
6.234693640512861635e-04
1.562385506201052128e-05
2.379967410615057117e-06
3.776679713429655535e-06
7.958380954843814279e-06
1.059665948713668381e-05
1.873300236494184531e-05
1.461857503029978227e-05
3.516214087047542544e-06
7.358189059403424358e-06
3.670668515944419219e-05
1.683904832327661719e-04
2.531786341871500206e-05
4.623032166492489984e-06
7.062334446914425362e-05
1.872097824543313485e-03
2.528459531777932714e-03
1.432748799007529917e-04
4.542829469550839933e-06
1.456525566984216434e-06
3.461781408460478813e-06
8.953255792849557150e-06
1.174067555705740876e-05
1.201063772886163526e-05
1.941957654183716151e-05
2.556021093904072583e-05
1.119153968297483166e-05
9.596358047162820167e-06
1.423421673670985571e-05
2.079274579977587604e-05
8.978178871585418329e-06
6.363694344224619133e-06
3.625912293229588006e-05
2.018617369470186382e-04
9.963389539386322024e-05
1.093315916932331777e-05
3.470806261211790878e-06
6.199599630293936144e-06
1.575939809132417328e-05
2.183960043378116794e-05
2.008331425089212080e-05
1.927793549930049407e-05
2.906581143781798344e-05
