6.857018514596322825e-06
5.224547716279038482e-06
6.971474012875673081e-06
4.780172002042899960e-06
4.272042839613228136e-06
7.317926908575471269e-06
1.027541945890128877e-05
1.064643103240236962e-05
1.042702529836993438e-05
1.022438481147945364e-05
1.004808740435494072e-05
9.935627297861140730e-06
9.873016684079267166e-06
9.884503957020166832e-06
9.882358889262827419e-06
9.598223961987461538e-06
9.872712501720305668e-06
1.460592864001176266e-05
4.892344624120879891e-06
2.945337966644335194e-05
1.904682052059442304e-04
3.105871116717662077e-05
2.447137862734984631e-06
2.062494835618772130e-06
3.942251658832080393e-06
5.096579522133223546e-06
5.758275936770787645e-06
6.258764913209036081e-06
6.423888066183656368e-06
6.469862992058479255e-06
6.396138957882103731e-06
6.287320234132603275e-06
6.221780955227759465e-06
5.994785877998872167e-06
6.172275777102536599e-06
9.870620857766778850e-06
1.716138292456572062e-05
2.613990882052985294e-04
1.860363319914649319e-03
2.986714046023953434e-04
8.073782200199009873e-06
3.005473309346042517e-06
3.956297298753989630e-06
2.595581437888528751e-06
2.638729763908861170e-06
3.955739562439443475e-06
4.861442663741413887e-06
5.661675572414176502e-06
6.352988013431781422e-06
6.375053477877326941e-06
6.148154843272811999e-06
5.843059486069093120e-06
5.993099397184856987e-06
9.596008180037070959e-06
8.426750857102497207e-05
9.186022337533325793e-04
1.633858726871715780e-03
6.888835897276186782e-04
1.190405392130699315e-04
9.444558766976514017e-05
5.399244323996097052e-05
5.015450036475753955e-06
2.570831845440822860e-06
4.827293557355094590e-06
4.064723754945815415e-06
3.713790705531483926e-06
5.464655484404582159e-06
6.794790676970361152e-06
6.655668247788312581e-06
6.133383107248740789e-06
6.212880956379986820e-06
9.879898734844088569e-06
4.429051118901681399e-05
1.467949756631896753e-03
6.028915689862195289e-03
3.028611462366790751e-03
2.068914960814130337e-03
2.199196061629652386e-03
1.376351470391518755e-03
1.444875597903651318e-04
5.547474991361458872e-05
7.768261713141326583e-05
1.513823129055672084e-05
2.853740480273282663e-06
3.195909277461536666e-06
5.687400295849865291e-06
6.831167240167750307e-06
6.353336571060791986e-06
6.259992847856652897e-06
9.867070209162032084e-06
3.761032582509587196e-06
1.907886518821083285e-04
4.918915986094479775e-03
3.356783959762980798e-03
2.738000572058662142e-03
1.401004975509194872e-03
2.454762313871815347e-03
3.069831007331895369e-03
1.167966224206407229e-03
1.091482925534017221e-03
1.914821134305929966e-04
7.735759376647012608e-06
1.976523731423099152e-06
3.178097729050335599e-06
5.755691260519943408e-06
6.490858554165955120e-06
6.398209393991688895e-06
9.834739613461290395e-06
1.611920292270032513e-06
7.100339439224395840e-05
7.542075064144706555e-03
7.466181332363697881e-03
2.498569609461007233e-03
4.461967472846245833e-04
3.820874641546197171e-04
2.037644261013870587e-03
2.351571123372973079e-03
1.605003332398387706e-03
1.127304198426626238e-03
9.211417925809726364e-05
5.584101371246172793e-06
2.531860494864305120e-06
3.913577341783365681e-06
5.908882047398094549e-06
6.612158187240206716e-06
9.981082298875515259e-06
2.094344539478503629e-06
5.968652033832833037e-05
6.633625216068720840e-03
1.082272419250270880e-02
3.717312951426586781e-03
3.427870641866874284e-04
9.634577734716900184e-05
9.666970393446589101e-04
4.539829071576784864e-03
1.450062709053661497e-03
1.573646628845854238e-03
1.370626398650805948e-03
1.652305388011490034e-04
1.004733092702150404e-05
2.778889289916821883e-06
4.092884112719804562e-06
6.412703358419419515e-06
1.039098766425127767e-05
3.282689301769708131e-06
1.192013582789334573e-04
9.041221496065759977e-03
5.651563496502682790e-03
2.465854263234151453e-03
8.096188135608176854e-04
3.502690586356300463e-04
1.329984476258914451e-03
1.534774864561892381e-03
8.240240611767932558e-04
9.886855196878225043e-04
1.415673178479966588e-03
1.075287890575595331e-03
5.590737924135972284e-05
3.066041308626821194e-06
2.502079161402235879e-06
5.213934549404556521e-06
1.056607729522163364e-05
1.735842383508199519e-06
4.921147388368373170e-05
1.021551793238664740e-02
1.650217904785208217e-02
7.628847913955592863e-03
3.030857133603019355e-03
1.595554006817017549e-03
2.459040888220402621e-03
5.612888883694955441e-04
1.772675549242712758e-03
3.070686126146738009e-03
8.583344281590014023e-04
1.073045926562593046e-03
3.729500338079251402e-04
1.562793195182944714e-05
2.479550125688013703e-06
3.352317175629272013e-06
9.062429654067672045e-06
2.775417433969338323e-06
8.212171374305477986e-05
9.163000884488655198e-03
1.688570822394261720e-02
1.059573126708317735e-02
3.177118005356769758e-03
3.819647069398433847e-03
5.002945707187399747e-03
3.458735168332582248e-04
1.641770030711596972e-03
6.213998253326901214e-03
2.542601748585764793e-03
4.126082931349596070e-03
1.884369768821054017e-03
7.651483262551437236e-05
5.766872187610314994e-06
3.418847941202741082e-06
7.394564276050813409e-06
1.885629618978867898e-05
1.623858346333727698e-03
5.165086402167885782e-02
2.326144895211713221e-02
1.002607306197260927e-02
2.902926785477338237e-03
3.566384635308512963e-03
2.755214091864013112e-03
6.631522736448477442e-04
2.180769172398220202e-03
4.105079397822074955e-03
3.131298791608111767e-03
4.553554642627362370e-03
6.522501150133405918e-04
1.781585385030804629e-04
1.147942135007636304e-04
1.836145082343572084e-05
8.359733307094665666e-06
9.041861621956881473e-06
1.036168639049102336e-03
7.078679736431327252e-02
4.709720605653845704e-02
2.424030524602893005e-02
1.792755949765623830e-02
1.592914383071877479e-02
6.681052418948251782e-03
5.986402579815645192e-03
5.188002474638610251e-03
8.341018089668651367e-03
1.084267808342273195e-02
4.201826033859983045e-03
5.370209712278219399e-04
8.188693748513762400e-04
1.074721411762160012e-03
4.439460680262094294e-05
6.734971744946568520e-06
5.299427039982092317e-06
8.122842476053608336e-04
6.255257201290359559e-02
2.812556275685224039e-02
1.999345063300504710e-02
1.533860706470347932e-02
6.151756753282921694e-03
2.912519876978915401e-03
4.022869954988669838e-03
2.073021084961883427e-03
3.552572696046477768e-03
9.359212626709452129e-03
4.650453881265030273e-03
7.469349406375840874e-04
4.580445699291338965e-04
4.790981393508229945e-04
3.279555268825456494e-05
5.131701255602591448e-06
1.834110582464549373e-05
8.818596766721898805e-04
1.133993534535636047e-02
4.351552226789110779e-03
6.569269354544030395e-03
5.532945328867069912e-03
2.406795242252260988e-03
2.933638704293795290e-03
3.613236567296679389e-03
3.009294760234223261e-03
4.433863414016719039e-03
6.082780220276885579e-03
2.840205020329024648e-03
1.502089413455123996e-04
9.970607557230920406e-05
6.680361298474580883e-04
9.198253698032254053e-05
8.405235127862834831e-06
1.015198967378494001e-05
2.496320653537490082e-04
4.980384310688577322e-03
4.202602347556317654e-03
9.191230827862183206e-03
8.727535318102469519e-03
3.221512829846423943e-03
6.975337838514626514e-03
3.482507114931723564e-03
2.669902567485449296e-03
8.355444563506573066e-03
4.000664685759981916e-03
1.263048215127941408e-03
6.952817081636363330e-05
7.484408692982228524e-05
2.610145739105085316e-04
2.556134971006339244e-05
6.211392078074785177e-06
3.103587364548499288e-06
1.124728030445988934e-04
7.464134346403440527e-03
7.188998606661028967e-03
4.251534671091634909e-03
6.366246662299362589e-04
2.004398787989445675e-04
1.483460305211260809e-03
1.902763289368062521e-03
1.497735391122543896e-03
2.938828059394136410e-03
1.903781111484765653e-03
1.786318045333614530e-03
8.599245653362219298e-04
8.983073374830199270e-04
9.767183412817092008e-05
3.550054088849388977e-06
4.012965615425372160e-06
3.147213186702444310e-06
5.843116235752488879e-05
2.098369137042188030e-03
3.627654183939571595e-03
4.885074932603201796e-03
1.606526333377683146e-03
1.130791153220840877e-03
2.897060020241250429e-03
5.254587057718990845e-03
6.829404925740353155e-03
4.525970888244554985e-03
2.460784582846266191e-03
7.312282929000212938e-04
8.906026408595906505e-04
1.376887620690868310e-03
4.090964834924161486e-05
2.217967308388602811e-06
5.226301133277386377e-06
3.502936689051809570e-06
4.512318725581014324e-05
2.047237809026704498e-03
5.341131635714187718e-03
4.886298095137375265e-03
4.135120439816474848e-03
4.369207510881991177e-03
1.254354404424581773e-03
2.164170985785043855e-03
7.183482092050127651e-03
3.131836291532485474e-03
1.054401568047601094e-03
7.440740409973714640e-05
8.803164404347848539e-05
3.384212990961159751e-04
2.194963914232180368e-05
2.558803246930425550e-06
6.641670748943272468e-06
3.706415100895509415e-06
7.238618693479522011e-05
3.641548394402655594e-03
7.197925366532346991e-03
4.140421758832280030e-03
1.757364438200375049e-03
1.102811361988165120e-03
4.360683056664400349e-04
2.367446035430679271e-03
2.507552424024204335e-03
1.183816906539634264e-04
3.241676935561332482e-05
1.297015991627835091e-05
8.048659204360501991e-05
8.942147397548497710e-04
8.059689308637983207e-05
5.344368937961486898e-06
7.618170849304973147e-06
4.038585128176705489e-06
1.092071214991556120e-04
2.999589649776983943e-03
1.070870655215997369e-03
2.234039253921535058e-04
3.033502309357021757e-04
1.464427821606641578e-03
1.338566592918912987e-03
3.011443975958695736e-03
2.759675059873089187e-04
4.905735806341759974e-06
2.238099439562991023e-06
3.290392701910797980e-06
2.259640474319635084e-05
1.341550127301411655e-04
3.019793989096464075e-05
5.380928763787796395e-06
8.209357358734362554e-06
5.717877352265492242e-06
8.609587467172814790e-05
1.022321788516258444e-03
2.996851320668476935e-04
7.880053973253281442e-05
2.546659873880375452e-04
1.963152691523458847e-03
7.992347420358704782e-04
7.012989656585081732e-04
2.034705798926248605e-04
4.367067723405145847e-05
1.319481747744501760e-05
3.079728264706172598e-06
3.250900428513703821e-06
5.469423676378403085e-06
4.373981817365478169e-06
4.202661839630172787e-06
9.038233204752999463e-06
7.134832752502266902e-06
1.599724935540781874e-05
5.169026816643866856e-05
2.047108007939399583e-04
7.365056893471475441e-04
2.810365449580815066e-04
7.232889767068263558e-05
1.772037295783921975e-05
3.243573911226819832e-05
2.125945887124933641e-04
9.407588567456993218e-04
1.228789719314734934e-04
5.294296104473784196e-06
2.733734004558584216e-06
3.531897816412146042e-06
4.042643753868122218e-06
5.183462745434727239e-06
9.749105720103904649e-06
8.150465913366841978e-06
4.304525261763192018e-06
4.035829044802907058e-06
2.322144301857098587e-05
1.189601360613919704e-04
1.916018606726359276e-05
2.586111810763997846e-06
1.608256829684644358e-06
2.938052344554330767e-06
1.757656860746754327e-05
9.828828240604989828e-05
2.885418355432225291e-05
4.592254635325140302e-06
4.331960645476074501e-06
5.900457721900445926e-06
6.045704659868372723e-06
6.323219634219502388e-06
1.012544744952280074e-05
1.463658003346307679e-05
7.516289805278942886e-06
4.743896376616082636e-06
6.152661721480614893e-06
9.108362921847225617e-06
5.172217085497118808e-06
3.892002629824619897e-06
4.968189621901178333e-06
4.998878253922104103e-06
5.753421698516488911e-06
8.450761669816819516e-06
7.191429375077977666e-06
6.503956599031923519e-06
8.986545238902729859e-06
1.055181119806116477e-05
9.988368546353620147e-06
9.972494396284854027e-06
1.460878324846409614e-05
