2.018125543309508231e-04
6.727898384808967194e-03
4.223952824814243383e-03
1.940034130710842472e-04
5.449787691227492119e-04
2.850465317178677797e-03
3.852245684148428249e-03
3.000215430260873891e-03
2.642233341861652935e-04
1.907690365038494656e-05
7.334250291304826422e-06
1.579586731166296966e-05
2.722181049533248885e-05
2.362449457655699145e-05
2.479860474257913896e-05
2.593229101462545135e-05
2.593249542268593661e-05
3.719316451846049472e-05
1.502760720539942569e-05
7.308646299224536231e-04
5.372663164283661939e-03
8.476533954912541906e-04
1.888246464337561782e-03
1.669726974890418892e-03
1.368391584315218983e-04
7.764400440194199041e-05
2.088691002516149882e-04
1.390644526302764895e-04
2.880998301385334629e-05
5.080556397989731464e-05
3.394790568470220781e-05
9.095992247162184961e-06
9.948628827277097923e-06
1.443267781674079458e-05
1.661600464766936974e-05
2.598028453272859773e-05
5.021649422359001619e-06
7.067152683343569711e-05
1.165152088550804304e-03
3.835429490429346339e-04
7.669868478271563454e-04
2.136666313022751122e-03
9.784765784814934079e-05
1.597080695696219372e-05
2.621515630951957066e-04
1.847039698839816066e-03
1.775901188578171827e-03
2.891772839979656062e-03
1.399703437929168540e-04
6.252833865585149847e-06
5.286650489846478142e-06
8.428780216902084904e-06
1.352625152185018751e-05
2.605661444817477043e-05
1.281426520125520059e-05
1.204543751700024279e-04
5.886284602320410002e-03
3.489493487194060897e-03
3.180850166622221269e-04
1.928513113594606892e-04
4.944455132651521954e-05
2.938980306545334540e-05
2.217019502959250506e-04
7.756439697308768842e-04
2.917092317553009965e-03
9.917885743169889759e-03
9.162704099567719335e-04
9.629207413377318195e-05
2.142335548017464889e-05
6.362450347905887391e-06
8.972056904954882673e-06
2.507037673694441466e-05
1.046033986895762985e-05
2.214225947653632911e-05
9.584594491077321702e-04
2.939005719874199056e-03
9.584283193895438036e-05
1.110100323342290436e-05
4.487509306894808299e-05
6.606444223660657864e-04
2.444241607823047745e-03
8.748925247436365078e-04
2.236432067275370391e-04
5.565360225019277832e-04
3.996003578137754392e-03
9.789156672835449061e-03
6.415858507951360205e-04
1.508793301575972419e-05
6.381377560790321048e-06
1.910890140787712701e-05
7.826553750694882852e-06
1.209312046757572503e-05
1.477898961790869445e-04
1.758675345036965541e-04
1.977679989237778277e-05
1.354303720838322741e-05
1.841247770769842223e-04
2.199477887307008713e-03
5.312323441015012575e-03
5.159768973925745947e-03
5.503673957266648270e-04
3.256471115207184219e-04
2.258885479693537035e-03
1.206566960538220205e-02
2.957484954390127065e-03
7.585110072622429334e-05
9.739041089018554814e-06
1.502903199379913316e-05
1.809545346391033433e-05
2.517941280900607023e-04
3.045516053168743128e-03
2.335333382946844086e-04
5.515289610575123083e-05
3.293769375080608602e-04
3.035883762977864228e-04
7.887666659127512002e-05
2.905222593304067390e-04
4.560246630407559926e-03
3.894895049183145185e-03
2.586749556468727600e-03
1.973620143509464010e-03
3.568722617451494314e-03
3.395283670754166427e-03
6.148613171798749961e-04
6.526433223226923324e-05
2.358925552038948866e-05
1.675612959516363772e-05
2.094564084957704214e-04
2.873241043681332325e-03
2.641502637196313616e-04
1.566295751607482190e-04
2.003849833363819614e-03
1.644932597180037888e-04
7.905551804376303955e-06
1.192696993691762724e-04
1.765866295762352810e-03
1.166171141305640717e-03
2.590562956864274693e-03
3.550852504982117495e-03
5.512096481582097300e-03
5.524624431047154248e-03
1.793823307248497423e-03
1.624453166469212967e-04
2.853403941316788069e-05
5.063332558347182737e-06
8.070615367672480438e-06
2.574986212756702258e-04
5.350523739711939095e-04
3.141592390260402787e-04
1.247327148431667245e-03
1.336389682829068138e-04
3.693654493519715916e-05
6.509413742155769700e-04
4.404025949678033259e-04
1.494460260476266668e-04
9.199242002211204146e-04
4.665608769260712872e-04
7.797712389385496766e-04
6.601776842316949001e-03
1.395948424269455443e-03
3.478774856652870021e-05
9.957472193780325914e-06
4.253733865052139912e-06
1.479666628888729902e-05
1.592808746915495626e-03
4.278647076351924788e-03
9.677147209935274118e-04
1.622321785756993245e-03
2.780835312314962793e-04
2.374543363746554588e-04
2.081215102855263777e-03
2.425412961847217487e-04
1.627776577831970147e-04
1.542274531009738296e-03
1.277880122107859749e-04
1.694282814968140632e-04
1.026256079062991614e-02
3.002269151940978580e-03
3.456280550498714590e-05
6.661495756529160902e-06
7.370105476425515390e-06
1.638239014401364913e-04
8.425553295292114234e-03
2.925714194492252430e-03
6.112498021146063045e-04
3.917370920746507130e-04
5.360956988351287179e-05
3.929979756094496504e-05
3.465765199675915767e-04
3.507889516218679385e-04
4.456877639467179009e-04
1.026815907362792039e-03
1.623467101513625271e-04
5.626740341575328002e-04
7.764592722508107010e-03
3.920192445279507137e-03
4.459047570778542431e-04
3.755942869600441286e-05
2.558984251787440074e-05
9.565786749378084710e-04
1.577362752491100195e-02
1.011470062420337900e-02
5.169747915787219206e-03
6.372026554901144601e-04
2.018471789994030351e-04
2.369858619866330271e-04
8.899660018881398824e-04
2.382271175164968943e-03
3.659649318862842008e-03
2.821426512470969015e-03
4.885231489462309304e-04
1.641115212861784037e-03
3.864194121636748899e-03
3.739430486254532917e-03
6.248692371087630378e-03
3.359041422963606632e-04
7.009886772317043546e-05
5.746353295328554198e-03
1.064139509194121647e-01
7.508571236283380357e-02
1.532215206932490727e-02
9.583347841911468365e-04
1.779787064138929967e-03
3.619205329254130809e-03
2.243431646953794080e-03
7.637631973637017558e-04
5.630953768031303659e-04
2.458758573557082161e-03
1.429772386703489053e-03
1.464596038712487726e-03
3.188859929439387918e-03
4.791550241090363274e-03
3.367877801929688476e-03
1.568322032616258251e-04
3.654279977488401822e-05
2.183871598898637269e-03
5.038633698673545408e-02
4.809133924123602799e-02
5.596778661373237596e-03
3.074852052785299883e-04
9.565716452480757005e-04
1.236289173810877808e-03
5.319007033127852620e-04
3.089038687506765065e-04
1.003487636476676522e-04
1.064081104754093345e-03
5.403141601608255594e-03
2.688926439327454961e-03
7.556838796334964733e-03
9.838634727245323605e-03
4.021798328626870330e-04
1.717032344612843845e-05
9.278538470371838504e-05
1.901831184521928864e-03
8.667876730169134930e-03
1.103227366158377083e-02
4.784966905856149512e-03
5.822424449257108166e-04
2.368583753098200181e-03
2.184494767488602985e-03
6.697977102177929670e-04
1.232656231965423375e-03
5.601894608470638515e-04
2.922134927049181621e-03
5.413906835248348363e-03
7.120578569826946499e-04
3.883528717017492929e-03
7.894076660163309306e-03
1.237815518658637705e-04
8.788689441309883982e-06
6.968848291860301586e-05
7.649444753563757219e-04
2.547676661067384881e-03
4.376749408345806044e-03
5.304409266226528183e-03
4.837387554173603883e-04
2.832839337348289901e-04
5.757955255200938437e-04
8.792461134641894101e-04
1.313823988183132098e-03
8.976271859456613376e-04
3.004329558685364492e-03
1.786056610433190382e-03
3.729302348151331535e-04
3.183265879074161780e-03
2.732744107857698092e-03
4.929101137630752900e-05
1.051598499224997167e-05
1.309833753505709332e-05
3.301593078236643257e-05
7.766491610876688359e-05
1.142029001873340322e-04
4.941313994512427834e-04
2.600176771132641949e-04
3.716835059330318231e-05
1.175004016556692378e-04
2.013441732665292947e-03
2.801760370669392243e-03
2.038849911432784410e-03
2.298746370511796540e-03
3.943728854354571433e-04
5.847949471778295756e-04
6.910743648559329079e-03
1.540391346389826874e-03
3.687203071121327152e-05
1.400288855733395386e-05
1.349322257559531348e-05
8.887150420782825676e-06
8.292752781865459470e-06
2.030843245951085524e-05
6.608832560575204776e-04
2.801257507611285176e-03
1.096105014527569654e-04
3.808858422048762564e-05
6.883378198393436771e-04
1.353871991024932237e-03
1.546085534659743773e-03
3.991802501451487996e-03
1.002862083925384201e-03
2.933514992661822012e-03
1.485938069541075171e-02
2.127574516771553632e-03
9.347882246934135966e-05
2.718545247171085723e-05
2.422109722853911420e-05
1.305272528963270918e-05
1.434858763716764569e-05
9.440956050826726531e-05
2.815990979677315386e-03
3.630695308115308197e-03
7.302708974108063241e-05
3.673502616775225712e-05
3.962062764508947170e-03
9.050467797535259595e-03
4.205035484914762729e-04
4.783017971321336164e-04
1.117853785191323668e-03
5.878520442428700372e-03
8.880837492469694297e-03
5.622435150706446951e-04
3.854037504450624790e-05
2.289986984983159759e-05
2.739029441882092402e-05
1.513422420092241082e-05
1.302343577585575439e-05
3.213524043667939238e-05
2.610683583012986123e-04
6.899633372156191782e-04
1.312022105046937494e-04
1.324312309130517477e-04
6.867130553805108478e-03
7.572156676440911123e-03
3.400882304242756893e-04
6.771598076621008133e-04
2.036798662810961318e-03
5.790046297408972531e-03
5.055866339975394197e-03
1.545062968752136223e-04
1.135656315760741654e-05
1.629740732773457749e-05
2.188158971481068128e-05
1.063059683171815134e-05
5.562190550160700469e-06
6.305773980465440259e-06
7.298082211321514656e-05
2.756365536948576084e-03
3.423706637350583653e-03
2.516456267816915920e-04
8.880183887515069184e-05
3.901919974216090832e-05
2.477122181161986892e-04
5.505779490894246835e-03
4.868056113412741817e-03
6.431170481138631483e-03
1.143384963666050497e-03
2.105235605134352369e-05
5.971603626544017023e-06
1.886826577154993601e-05
1.922105278117377410e-05
1.262781564034883487e-05
7.826443656272248363e-06
2.504003328590104094e-05
5.231432555845295625e-04
4.374810828371668812e-03
2.873175148313176792e-03
4.493542317217777329e-04
6.873035865026842035e-05
1.547283828067720396e-05
4.844150616631768733e-04
4.137403687483940870e-03
9.337489054646545134e-04
2.380355290962599298e-03
2.379066976299351523e-04
5.018091934461235736e-06
4.990131326512193421e-06
2.259493239807585293e-05
4.961043696231707265e-05
1.436649358551701588e-04
9.173417007279358927e-05
2.393962663894881691e-04
2.003375866672741767e-03
4.234285395930688476e-04
6.199428296747684576e-05
5.416286872719342947e-04
5.602606772763639963e-03
1.959749120775153980e-03
5.744598003958220102e-03
3.150008889097499331e-03
1.474498456838392178e-04
1.695899500824548398e-04
5.526644127376899247e-05
7.089959979168253431e-06
8.761246120295389697e-06
2.513564931095180996e-05
1.679631333009264809e-04
3.222489175237164879e-03
3.277803495662073591e-03
9.241069501766560569e-04
3.212884230514452522e-04
1.759739545759056767e-05
3.459307345174787289e-06
9.306756840909666836e-05
7.638193320228853569e-03
6.230667921917315555e-03
9.134173688410257824e-04
1.394941763397966497e-04
2.031477691968874166e-05
1.658843500843255284e-05
1.600735651902245206e-05
1.160493916590080443e-05
1.434858683745998435e-05
2.658984277566875008e-05
1.401600703910767698e-04
3.636018847355996543e-03
2.618900417922868235e-02
1.001192722648999202e-02
2.829188948716961712e-04
9.992982265997574646e-06
3.854777747816759763e-06
1.502714500999399294e-05
1.556911542019410490e-04
1.577409140599300317e-04
1.902956170387668967e-05
7.207531999678921212e-06
1.030384599336696835e-05
1.718029565844739242e-05
2.203196485087390624e-05
2.354137766070607004e-05
2.582081121722954985e-05
3.805915857605295338e-05
