2.435733675642597843e-04
3.161793007038742401e-03
1.333874472023141361e-03
1.741681832495698161e-03
1.838814936554837402e-03
6.766227529506993357e-05
3.439986019652436925e-05
4.136897788029122048e-04
1.480816336882930222e-03
5.083365004604992882e-04
2.253224321006587361e-05
6.801155637604995086e-06
1.286540510058888692e-05
1.673704118937488432e-05
1.705502244301102029e-05
1.486113809389829444e-05
1.387016515133097314e-05
2.217099899385844422e-05
2.200513424189183721e-05
1.581113351692915985e-03
2.669151904609315656e-03
4.929969415819009841e-04
5.330894302534560638e-04
2.335281454270644787e-04
3.214572589491590266e-04
8.514730458075267690e-04
1.925832862927189491e-03
2.970467213151015574e-03
2.943387056700760298e-04
7.091930286052111610e-05
2.111815152374140297e-05
5.303826593236443480e-06
5.137965572154004805e-06
7.935956856682393568e-06
9.984638422419221928e-06
1.146325503152484452e-05
6.353008181107245298e-05
7.404022964405801432e-03
3.497432876026230261e-03
1.938360436993435336e-04
1.195103458053006860e-03
4.038628340327757131e-03
2.132089035881245230e-03
6.851959779057618894e-04
1.236941741415579403e-03
2.408544734160763309e-03
3.116526666133701256e-03
3.826586849384021327e-03
9.191144031218480596e-05
2.986070209715563608e-06
3.825328622297412214e-06
3.664774543216445767e-05
1.572982890680485750e-04
4.457870411157233674e-05
7.859450209821462210e-05
1.218736917947288098e-02
9.682093909537631965e-03
9.981909427177594694e-04
1.947121439994952590e-03
3.925234174043110320e-03
5.325919454127413764e-03
3.450465340347616625e-03
1.886671300752209733e-03
5.441680564062109041e-04
1.240217273155072185e-03
6.260842148383192855e-03
6.468212931621110211e-04
3.042023658315803599e-05
1.202912608466488266e-05
1.431304871775607103e-04
1.576279729097602045e-03
1.837926725923020622e-04
1.674169117378794601e-04
1.049700184185936580e-02
7.286718654260619828e-03
3.631339745797820557e-03
2.260352169056673802e-03
9.358112402904270304e-04
2.993188336133942220e-03
1.009291662531798528e-02
3.841122943583012705e-03
7.352252793836550407e-04
1.845265546070459588e-04
9.445373112118958395e-04
8.304844049621572938e-03
1.888701553073584335e-03
5.161355050569231675e-05
3.114974001314880451e-05
1.322654940789468178e-04
5.132648165569892313e-05
2.285394355204166752e-04
7.942798583969205503e-03
3.792400954789033017e-03
1.479243630562005916e-03
1.064001707260696372e-03
3.047902922606051898e-04
3.997252922358525136e-04
2.107139033696575972e-03
2.104825889493338632e-03
4.166070319180147606e-03
1.061794324839916270e-03
1.156808014811029628e-03
8.815379174347532862e-03
7.008771414723924918e-03
3.694624358627033862e-04
1.826204182035368062e-05
8.483939668857861098e-06
1.242101869338043988e-05
1.520294942868413062e-05
6.534082524879687541e-04
2.911378322571553292e-03
6.192907044063054086e-04
1.244708950600103593e-03
1.678356724938286906e-03
5.790820944840580249e-04
2.818726491371248942e-03
2.398055632586086009e-03
2.644664568927086994e-03
4.753551428181794665e-03
4.320664351259695911e-03
3.546753215289666014e-03
3.718830239522294152e-03
1.435753945071992785e-03
2.766913492410716065e-05
2.592791507313579411e-06
8.616930865885604368e-06
2.429532854695808503e-06
1.906470900997941546e-05
2.353386359527052669e-04
2.133502799654586482e-04
1.185552857966338039e-03
1.627352895234487548e-03
2.509097758382442954e-04
1.397116175613226331e-03
1.194814939762741356e-03
6.668733280416201366e-04
3.594305622833810464e-03
6.885236648865281257e-03
5.175172866825198878e-03
2.916615578480486175e-03
3.338204654631752016e-03
5.002094140054551567e-05
1.116250663215408819e-06
5.258331823266321603e-06
6.400991873198904357e-06
2.219430618291456098e-05
3.492277837356889459e-04
1.780185338302540162e-03
3.548197104713456552e-03
3.098371896615092439e-04
1.118172934913472905e-04
1.017838840682394434e-03
4.644793681830349593e-04
4.882488363998980629e-04
1.338410041361290641e-03
1.613860471968907263e-03
1.850983059938871413e-03
1.086865379006724669e-03
1.036060815873007281e-02
9.521617765966941581e-04
6.901424441543085911e-06
7.556400651058105732e-06
7.268529199226717358e-06
5.673006613270812249e-05
1.249020502181234955e-03
5.141588873843603268e-03
4.649768843827404956e-03
9.781532952489367064e-05
1.219444086613910328e-04
2.475830390173708057e-03
6.092545926054635528e-04
9.840592513680097592e-04
3.340320107634979409e-03
3.658729077320052158e-03
1.383728118973587143e-03
3.418028700200391305e-04
2.150332024298737960e-03
1.226738185891797618e-03
2.475034676017030976e-05
8.339509896032708868e-06
1.763955871895715827e-06
6.295942316180014743e-05
3.249202717867516379e-03
4.171261133518225014e-03
6.261483800233104587e-03
1.535306455989485707e-04
6.171468500319393711e-05
1.300224092675109772e-03
2.630297955153844880e-04
1.920743325584394769e-04
1.951735199683993964e-03
4.067753806388142365e-03
1.377388005530218867e-03
1.393348216243931164e-03
2.988133317204043869e-03
6.880106148076070268e-04
1.785522361724356196e-05
3.242175636031625441e-06
4.256540856546449547e-06
8.006577764315795948e-04
6.192714772430536752e-02
8.668710079935144919e-03
7.312416516532780492e-03
8.398705236097420927e-04
5.540148429537593782e-05
2.995706429500674607e-04
5.516296655336910511e-05
7.630236519250739789e-06
1.285750772842669527e-04
2.426729955340863141e-03
2.009277485517163651e-03
2.072304775775923175e-03
5.929584763846076564e-03
5.945140532004841889e-03
5.867144729194354990e-04
2.375864752078415881e-05
3.666731677809648393e-05
3.891596190890181470e-03
1.575692221225153955e-01
1.659860729488889242e-02
6.535417768838698398e-03
7.046460144424676261e-03
9.999448388558077397e-04
1.638481666004994652e-03
1.318549406773200704e-04
3.448280103937228841e-06
5.204948473387737524e-05
4.228757246674023744e-03
1.676793443992904064e-03
5.145327961060736956e-04
3.519152042831630821e-03
6.652252094919606021e-03
3.350039202423062221e-03
2.208009483183243939e-04
5.173901483868670347e-05
2.327651635265012928e-03
5.075145740556556012e-02
1.051610309526948388e-02
3.722284721979423911e-03
4.942761062885631974e-03
2.041790837438941901e-03
1.778074682576625577e-03
7.199782639664354853e-05
3.487048438843556703e-06
9.288126940830295191e-05
4.470396465404431752e-03
5.610957283006961799e-04
2.153819018492561933e-04
6.099887993416359608e-03
1.983691236420318752e-03
1.558557612612396920e-04
4.516782170991016703e-05
1.578080805098467659e-05
2.024826236165430931e-04
1.678146348855219603e-03
1.470250468402563683e-03
2.859193110619608416e-03
1.674316631946475963e-03
6.802416111688616620e-04
3.302152067243959246e-04
1.630705900822876885e-05
7.626057590644005320e-06
3.423587323337550165e-04
5.923279225568425094e-03
2.048706313586791047e-03
3.636854528587222949e-04
8.515248618771467659e-03
4.738361385621480022e-03
5.160358142488896829e-05
1.154349749229742662e-05
4.188607930574496476e-06
8.837115816827853838e-06
8.921771801375532772e-05
1.650775141090152090e-03
7.240305644863119332e-03
1.167929736116533456e-03
9.560924769505802336e-04
1.888620697848698458e-03
4.695765511840724283e-04
2.117841223788445972e-04
1.005442586327054237e-03
1.971554047805689457e-03
2.936516994709106008e-03
4.709442474858689253e-04
2.789472625690630689e-03
1.530359458209278045e-03
1.545292011622027644e-05
6.879425670958454086e-06
3.926289160318055430e-06
8.232473941343036248e-06
9.864481522099662416e-05
7.926432581958155242e-04
3.729619617130007893e-04
1.215409000356090080e-04
3.746265886019568619e-04
1.412238038535938885e-03
3.995572407191759663e-03
2.183875481237418023e-03
2.951480632015882153e-03
3.292640321853518119e-03
3.634361837782318361e-03
1.687919755215090949e-03
8.822600342894790573e-03
1.696350043584644689e-03
1.709574904380616254e-05
9.867473296092095861e-06
4.871584813421189276e-05
4.875005536787213383e-04
1.732993333659236471e-03
1.383237126301110897e-03
2.581986410577771307e-04
3.065972201828379780e-04
6.198877334424652457e-04
3.367866127485146855e-04
1.040953489572042038e-03
1.463474690437258563e-03
2.637328471266735253e-03
6.149686347521987444e-03
4.108629680031578718e-03
3.713326139219443565e-03
3.908459713461591434e-03
2.186632880425413874e-04
1.160187302948080315e-05
1.427400198907694062e-05
1.920859751056210464e-04
3.041103429127599636e-03
3.275564808831532039e-03
2.621229534021803868e-03
1.933416178302421089e-03
1.685546626746138501e-03
1.555360317348028270e-03
1.709802973746511008e-03
2.337506772804347037e-03
1.317150978643748509e-03
1.444602166922778243e-03
3.225291898156900337e-03
4.603722719883737886e-03
5.895667496100239283e-03
1.399480700727358555e-03
4.625552926091520831e-05
7.130672478440290778e-06
1.422475962505457447e-05
5.872312042916609016e-05
1.013497322887278685e-03
1.828075595310205397e-03
1.453779362061557046e-03
2.813948747101671904e-03
2.553301369935086912e-03
1.344358718254951316e-03
2.056624908712856217e-03
1.526677532244026352e-03
1.641461054586668827e-03
2.577730066929016881e-03
3.533793365883380368e-03
8.502765742300617477e-03
1.086149516198726787e-03
7.811836757805249549e-05
2.217010729186495363e-05
1.108067528170948927e-05
1.738097310877836438e-05
4.483321754674427976e-05
1.393910116342326772e-03
2.398469767434917126e-03
5.112223172606687781e-04
1.926197664956685136e-03
1.565190696006508444e-03
6.017748024987671068e-04
8.622837474165563100e-04
3.763178481602964267e-04
1.469254965946331301e-03
2.341677048399926336e-03
8.562555543774340349e-04
4.108386917578745194e-04
9.292548694904131649e-06
1.337496384509751963e-06
4.883479122026709691e-06
1.076725920513491239e-05
1.889175499263082812e-05
1.003584060104328922e-05
4.474287263014254550e-04
1.721970682407820540e-03
4.757235602683754748e-04
2.073487177168042549e-03
3.799371513336266245e-04
2.639756682265603002e-04
2.388383136802312533e-03
7.459306536281058589e-04
1.791329048178538557e-03
5.259703270632404629e-03
3.208222825498273194e-03
1.548262226991215385e-04
2.102897987183931743e-06
1.201562691850988315e-06
5.640454603612434680e-06
1.124164838731112489e-05
1.884743074406934393e-05
1.062586639916855190e-05
5.462878452000191403e-04
1.585071728572373185e-03
4.932809514608747347e-04
3.272751062625667198e-03
6.562243548566215829e-04
8.495543470027896256e-05
4.151812073037113417e-04
8.525980517895862757e-04
1.580704130021010718e-03
2.313875197712082776e-03
2.237971308065984238e-03
1.253107308934145892e-04
5.054438677646934814e-06
4.775039017929381910e-06
9.973493284561112828e-06
1.150317874258638863e-05
1.786978887441866432e-05
1.463199180632174408e-04
5.846350406185498588e-03
2.608299825379873076e-03
2.139618644147075718e-04
7.330500613693532400e-04
1.255138055231628125e-03
1.059203529025343866e-04
1.342710557717701392e-04
1.189480773035021983e-03
4.243393558959561830e-04
4.430159461991072515e-05
3.142657804798002012e-05
1.538420743887737547e-05
6.875836501799210783e-06
9.044144818793243914e-06
1.136912109639812454e-05
1.109871649121345393e-05
1.786719610108398326e-05
1.312201772714557415e-04
2.260266522270691029e-03
4.722610258768867794e-03
1.440799100392545174e-03
2.715215349980120286e-04
1.471934942579119403e-04
4.678701154377098244e-05
5.646380695603646133e-05
2.051764501576237170e-04
3.744323772505466202e-05
5.322818948774593640e-06
7.244317072796207927e-06
1.268274293079630776e-05
1.554835424919354155e-05
1.854520372202893429e-05
1.841472047322880996e-05
1.799700307717783611e-05
2.777691881932621923e-05
