8.031761127266224523e-05
6.649771300059076178e-03
2.257882582564574997e-02
1.516643416261912554e-03
2.923732086323920735e-03
3.170011174948645771e-03
9.081884468469408097e-05
1.181896889808270375e-05
8.192788004476267991e-05
2.929319680377019371e-04
3.012209527668663307e-05
1.256409981318968771e-05
2.265949573097956229e-05
2.161747109900597963e-05
2.170669816069819078e-05
2.318091669363193713e-05
2.374783506820967837e-05
3.444642611093259204e-05
3.595720779777813152e-05
9.797877633274589427e-04
3.740031760922976536e-03
2.647493279914970438e-03
3.155258124077213976e-03
3.108199386492735351e-04
7.585881527698433812e-06
4.909444098696692689e-06
3.551074846629952435e-04
5.462317144386448498e-03
5.108036762229420033e-04
1.669409416041287854e-04
9.133057320281079959e-05
1.844426954769180603e-05
1.185583143184565593e-05
1.412699973630047849e-05
1.528851831790155528e-05
2.353204960130539096e-05
2.255258027096582304e-04
1.866276254206176337e-03
4.361241267012979728e-04
1.144769170900614098e-04
1.191434449626969856e-04
2.186404860658494628e-05
2.165814213871260074e-06
3.153684433192731065e-06
1.141725359755987326e-04
3.001360443835740521e-03
5.040331480289330333e-03
1.468440916600400725e-03
8.731142345926021556e-05
8.364332520893732334e-06
6.483911032304665973e-06
1.075226120738726764e-05
1.455673473517402229e-05
2.343737959361582031e-05
9.294941958114960340e-05
3.333066948186121071e-04
4.549362122720898349e-05
5.952977946590817180e-06
2.654048921538844485e-05
8.741502854310283384e-05
1.725600319850037920e-05
2.711099143310641177e-05
2.361385625177038255e-04
1.088105654839225831e-03
1.089295103092323587e-02
6.044017731703657352e-03
2.443683208088416386e-04
2.849837437364639950e-05
9.499351115353614093e-06
8.096870341946457061e-06
1.287684462691312692e-05
2.458242474746552463e-05
1.727041134878785577e-05
9.110939906569728765e-05
1.382907754419145433e-04
2.092099185704416228e-05
1.309036578321645856e-04
2.920311785457047581e-03
3.359752469174257091e-04
2.949243320674615923e-04
1.809680868732391722e-03
3.818555813274189374e-04
1.006305184290097595e-03
1.193343270357630215e-02
1.632600747081243767e-02
3.790330463810981550e-03
9.198092350013404108e-05
7.481275562761623996e-06
9.371705602388262309e-06
2.404038163554161978e-05
1.582831704339095549e-05
1.196929266058929721e-04
2.253342244289668981e-03
6.164282865231094114e-04
2.993913509778848106e-04
2.390844131285033234e-03
1.825810582279260266e-04
4.415202216027946415e-05
4.975758490827760861e-04
2.278610124121279855e-04
4.748464216573497699e-05
1.069401729649129435e-04
1.107072712938077241e-03
5.253187654156090715e-03
2.079189400950039559e-04
6.202277663700506274e-06
6.601486684917128950e-06
2.252978818719798408e-05
8.433955673904679136e-06
1.232922927521567835e-05
1.044430890997364051e-03
5.626316320374632335e-03
6.976630259177761225e-04
7.868727950452452258e-04
6.507462952387079726e-05
6.360355810154793279e-06
9.077569560887271917e-05
2.183672652369442971e-03
8.906160932495174815e-04
1.943507906634837421e-05
1.978289416491335769e-05
8.676371907503566865e-04
4.891351431045563337e-04
1.657253076764456375e-05
7.536583281781436806e-06
2.163220326334729774e-05
5.958606844821228781e-06
2.026791753022652479e-06
1.128428328623456333e-04
2.534354415884049368e-03
7.292279126922973252e-04
1.262325330820592180e-03
4.844918923049334266e-04
5.982167385543211546e-05
4.495379442384487851e-05
9.434399909950231481e-04
8.342555828701898532e-03
1.818907647434423814e-04
3.672250745804124381e-05
2.461157694023175576e-03
6.003101664746572294e-03
9.197032652504497378e-05
8.312304840242545979e-06
1.825632354638777728e-05
8.880278817817463077e-06
4.433085632664365565e-06
1.036379783848257900e-04
6.263571126549632865e-04
2.454621617212022957e-04
1.129227582879295186e-03
3.620864728883927287e-03
2.809267008614621444e-03
1.323431020329626079e-04
7.987573080893766114e-05
1.140091956409071709e-03
1.035784332676430392e-04
9.462451116775169563e-06
4.967933314467992993e-04
7.403706384782578545e-03
1.356932173786284338e-04
5.153447107981149140e-06
1.299005797596501623e-05
1.063785473953470444e-05
2.434016176468910123e-05
5.377085542116345068e-04
1.156678278410483212e-03
1.212924073823814456e-03
4.889262019118299080e-03
4.326699662591172724e-03
2.532323338844136296e-03
2.069473277767283354e-04
1.141567734543658444e-04
1.767991592324747851e-03
6.630745154468593904e-04
2.161673459883016471e-05
2.546895701294527633e-04
1.251205989210088174e-02
3.398953417080504704e-04
5.782206449946740037e-06
1.189114487375150288e-05
9.231896010501763048e-06
9.656350038087691435e-05
2.443486220807046180e-03
2.604098238290807228e-03
3.002949016469115117e-03
2.936929375136281863e-03
6.420687504857815718e-04
1.367489022920237429e-04
5.821357669926932572e-05
1.642111903266255709e-04
1.154190289942491707e-03
1.981018827741171801e-03
1.548655878638799865e-04
2.329507940882330735e-04
3.043682488191171761e-03
1.409713926447201933e-04
5.004496043562316638e-06
1.232320734999366144e-05
2.038694406057018420e-05
6.551283095967765395e-04
1.685900664140586869e-02
8.879252763367194781e-03
5.302269894932391293e-03
2.988978755394222642e-03
1.406757963920272610e-03
6.115825778824297886e-04
6.139284696299538704e-04
1.872392208991984159e-03
1.043340862984842680e-03
2.514620747908024429e-04
3.547198373728797932e-05
5.250882453956691963e-05
2.783716217929556877e-04
2.968074936640514771e-05
3.719843565547324636e-06
1.197392493445713506e-05
4.129506643203243181e-05
2.651987614309687501e-03
6.136525359244415778e-02
1.524967304581115700e-02
1.485225518421281685e-02
1.082163839815687353e-02
1.604511776412996483e-03
2.266068448907815423e-03
6.844412977635578633e-03
7.404379604140987232e-03
2.205959271966477942e-03
1.203957411577773645e-04
1.316226373816521518e-05
1.180400802456512576e-04
3.021164073363806143e-03
5.305023404284909226e-04
2.163057000420100270e-05
1.705301736711477978e-05
9.547903941940168767e-06
8.059373290246416846e-04
7.797969885585946670e-02
3.623435176974194871e-02
1.330905014777778762e-02
7.466776019104948148e-04
1.818581230413268620e-05
1.717996388653941938e-04
3.130008777460950315e-03
4.636929580061807101e-04
1.176756386913998311e-04
5.660874838184705058e-05
1.272173726118523854e-05
1.067744471179680072e-04
6.200493100689511913e-03
2.639407628901200512e-03
5.675823024192597612e-05
1.492705052105894435e-05
3.956656707297136968e-06
1.646936854467674779e-04
1.623683914704518449e-02
1.583430993081336516e-02
5.726497864189478322e-03
4.422022241512031247e-04
8.871859304877293176e-05
1.295619723704380518e-03
5.949577877815491467e-03
1.240388065882531456e-04
3.924174087949032497e-05
2.343185069860281259e-04
3.808058922079308241e-05
3.648130941314276334e-05
9.924943444808290768e-04
6.504902917921027289e-04
3.280221983673289898e-05
9.666226081477556268e-06
6.693718027035589178e-06
1.060464458545206284e-04
3.372891170959614777e-03
5.790511448277566031e-03
1.044251728443248983e-02
7.585789694232684260e-03
4.935419048814331834e-03
5.912166906715783134e-03
2.903189382075283768e-03
3.225522237083700634e-04
6.326479781476162514e-04
2.111809734139934256e-03
1.026706033156838879e-04
1.537701929193677772e-04
5.529467271870875354e-03
2.803869511869730262e-03
4.435729819941370894e-04
7.040176235657091646e-05
7.308277197036428507e-06
1.131069114202757828e-04
3.251258086771176541e-03
4.783333751502734030e-03
5.937963365453383796e-03
6.055730181270800941e-03
2.116274050021676057e-03
7.945008051699217972e-04
1.618674587769008445e-03
2.973169737525192292e-03
2.797875538790559925e-03
4.793746914156258383e-04
7.553662458650884520e-05
1.301809082583173932e-03
9.643748878862212770e-03
1.597731040453309126e-03
1.664605010761032247e-03
3.566131510609026468e-04
1.185589636974822838e-05
2.965911929785432677e-04
5.908187863414446350e-03
2.902648359059112164e-03
3.456210381795825999e-04
8.287379201206130199e-04
4.879568753263868741e-03
2.987009165101164616e-03
4.391050862925308974e-03
6.951105552377643583e-03
3.637402097433458086e-03
5.493511316914550559e-04
4.350788567302928123e-04
4.343762268129476231e-03
3.455865270369297935e-03
5.427468452367700986e-04
3.348019403005177553e-04
6.638923050368545188e-05
1.469715560582694432e-04
3.468957082650566022e-03
7.766217777322003378e-03
3.456051360212206332e-03
1.048173453647645472e-04
8.032037895619096148e-05
3.015670094248648625e-03
2.326273209175436750e-03
4.817737681074916295e-04
1.634212074058289136e-03
6.254825763883263383e-03
2.286352421356228730e-03
2.388697108579477830e-03
6.734982766622897576e-03
3.537322911169203752e-03
1.996897542458182621e-03
2.550082604448164654e-04
1.788885061957300049e-05
4.256553473264878184e-04
4.971427097585913793e-03
3.615530154138563938e-03
5.865358949828060157e-03
2.111212759665112668e-04
1.473388837488100240e-05
6.492195167399837348e-04
4.253584452326215903e-03
6.935478914630294591e-04
1.254204303810893192e-03
2.862075449488823281e-03
2.162140489489318331e-03
8.261921935237148337e-03
1.601707294016760028e-02
8.951553401943634740e-04
1.645577549466860205e-04
5.438363248329494270e-05
1.633165119431896766e-05
3.368911308131890812e-05
5.022637101531771207e-04
2.297144593189017533e-03
2.499024274270516318e-03
1.311764185647389862e-04
6.658853233091689591e-06
4.061746495445018619e-05
3.862611330761059553e-04
4.776140520552103600e-04
1.111465208026906314e-03
1.954956354450333982e-03
6.859106375816381718e-03
1.331392868723099525e-02
2.700017819567530029e-03
3.602226534033089246e-05
3.734944413872217439e-06
6.937273405499390758e-06
1.715462731339715630e-05
5.351134599697096403e-06
3.034418660428475135e-04
6.599622342508369190e-03
1.365932108538052067e-03
3.640557450145318476e-04
3.652890746678467266e-05
3.500847936455264792e-06
5.402882378140753795e-06
1.290225419825973506e-04
4.440651310528482588e-03
1.345589753681530540e-02
1.200101042178832594e-02
3.939569296733004024e-03
1.426360107068517461e-03
8.930267140309072337e-05
7.025241595998656394e-06
7.763095946271403501e-06
2.165823207189288664e-05
2.690752064833714518e-06
1.156527503633984473e-04
1.969795542005360178e-03
5.162572445689845311e-04
1.375930841488316562e-03
2.711863101372478891e-04
5.904232200755235821e-06
8.153132701518594924e-06
3.149571626725738028e-04
5.207856195400470400e-03
1.334236027858430942e-02
5.329726564468583762e-03
4.849579524092213116e-04
2.886183358390627027e-04
1.094879508560011721e-04
1.745719630462707676e-05
1.217236774125660810e-05
2.346623551979369919e-05
1.068108745526754724e-05
6.253040762076000469e-04
7.794407765230065670e-03
8.298101055305964670e-04
6.250748754026783918e-04
3.926076186183378200e-04
8.025882291267920506e-05
1.844733375690481747e-04
2.468542680545583647e-03
2.469546796654409522e-03
5.492832790784628327e-04
2.002571777380424004e-04
2.861241775574971817e-05
1.201619352056729908e-05
1.324394559085248609e-05
1.164147202018037057e-05
1.328051194755463588e-05
2.375420895898125890e-05
1.091113477629532605e-04
2.998602415387240181e-03
1.442111547777051757e-02
3.206045521548110504e-03
2.951656308848414276e-03
6.836794170682450149e-03
2.750341494613167594e-03
3.858028231676647051e-04
3.394512620492008063e-04
1.810801391070150992e-04
2.390277838007910695e-05
1.163390767349419195e-05
1.028028783833498098e-05
1.062135188698087667e-05
1.535037567954127184e-05
1.989585626544567869e-05
2.327365393153930196e-05
3.510392778237117879e-05
