1.450442997647525872e-04
5.964652674534196702e-03
2.219975738088677750e-02
1.635834714067036302e-02
7.876670126007812370e-03
4.464972483844088270e-03
1.578404265577149947e-03
1.480864950377311926e-03
3.729434504810113637e-04
4.956370562033851244e-05
1.307344977701381732e-05
7.484418402255754313e-06
9.890767805740844897e-06
1.311449837447852512e-05
1.437157241092902176e-05
1.383337904138995965e-05
1.364140247995810072e-05
2.127823125066362608e-05
9.013489187069192456e-05
5.885233316592289841e-03
1.497756048747001488e-02
3.349870687603353613e-03
2.341135693660310012e-03
2.261059800266046298e-03
9.375218971460977250e-04
3.869058800092014649e-03
8.974426123914433159e-03
1.333491014187808280e-03
3.580620266866544883e-05
3.532556556846509292e-06
1.989873635056156135e-06
2.499961735259765517e-06
4.648544013021052090e-06
6.559893022453170213e-06
7.688933830656336489e-06
1.359164968578195471e-05
9.233258138317863246e-06
1.749680392927933394e-04
2.175862383500697106e-03
4.500708486799726363e-03
5.163404586532902019e-03
3.857835367472032834e-03
9.371770491107092897e-04
4.180161317362580281e-04
7.467653419654930692e-04
1.230289124805834366e-03
3.528716886440542056e-04
5.805576886618194290e-05
5.108575391265811517e-06
2.609153112454814447e-06
4.873935813330603986e-06
5.452492950278569592e-06
6.763524035209350720e-06
1.354133319934543200e-05
1.161438482304712196e-05
1.319754052694152721e-04
2.080785077880788984e-03
4.935418461911394994e-03
7.447623052854615653e-04
9.376548107711013026e-04
4.784350559480677646e-03
1.726283711398146235e-03
5.852622529564461759e-04
1.886987803013156963e-03
4.437577931543554809e-03
2.571729589868179070e-03
3.046299770662199238e-04
1.599368918229856400e-04
5.352931290957975956e-05
7.826214181878483504e-06
6.029924089709989047e-06
1.390129623212210413e-05
1.157507406840288755e-04
1.150535347404486528e-03
3.009751123001974237e-03
3.656774622509816053e-03
1.110914062049311933e-04
1.023971503172318222e-04
5.079027345679085897e-03
8.092136226753844641e-03
3.263327391397068296e-03
5.267528430812792178e-03
2.305681819959105785e-03
1.065876070307962466e-03
2.188999640851163435e-03
1.948986866043537656e-03
9.534688640076214835e-05
5.804064782549591805e-06
4.712129876282897691e-06
1.318300729798709358e-05
1.346592931577587828e-04
1.209911771041614166e-03
2.432845098165558034e-03
3.356152888672395921e-03
1.027789700786700054e-04
4.147729271122270152e-05
7.630626934751811490e-04
2.804949845794703963e-03
7.958417141438939302e-03
1.411371739867956117e-02
4.316569282458165499e-03
9.275041810192037519e-04
2.033243146601850567e-03
1.395342657132226608e-03
9.764261167300873666e-05
1.053442266914188507e-05
5.623144364050483157e-06
1.253237886834317674e-05
1.180600670371516388e-05
8.390339560245262422e-05
8.947281681031648681e-04
1.029204283046614285e-03
4.906220739390142871e-05
5.332905902633404280e-05
5.381916800668219052e-04
1.070894729296097440e-03
3.062245961168107676e-03
5.883541649849324470e-03
1.424660850445979600e-02
4.711996751615033646e-03
1.567045549431559260e-03
2.302647431639336800e-03
1.159501051398454351e-03
6.980539342290631346e-05
8.346086733636436483e-06
1.195303247759979644e-05
3.606372193553639508e-06
7.814408653827435182e-05
2.345245880930563014e-03
2.700155956871719753e-04
1.662968287502180774e-05
1.070848213103079376e-04
7.393704291274268885e-04
5.478970443328574696e-04
1.581516283464312394e-03
1.934603443930184297e-03
4.316836602015534756e-03
5.802163712072895378e-03
8.527078600643032708e-04
2.063082769473082031e-04
1.504787535908738445e-04
2.680857497003440808e-05
5.723599376514367526e-06
1.096943876001413312e-05
2.748154268870500761e-06
1.487357350440470232e-04
3.097854148597201096e-03
1.340595377666219893e-04
3.701518872268828506e-05
7.451615714427293883e-05
7.168634323312660398e-05
1.847409078716777614e-04
2.649647893878290597e-03
2.689443768891330074e-03
2.127042226867794945e-03
6.213827308776486910e-03
3.467218740170287250e-03
2.146673430718889955e-04
7.923156229354623881e-05
2.742298320266220243e-05
6.311401384470964910e-06
1.122423750480845963e-05
1.813521407976323128e-06
1.186975854161281227e-04
2.666677720721561100e-03
5.771628485955990510e-04
8.799333459364262668e-04
2.298014650255593102e-04
7.593047707396359926e-05
2.086154354531175416e-04
1.121633599843018924e-03
2.664287697342257281e-03
3.433085675210670578e-03
3.975464812374361091e-03
6.502569171016824544e-03
1.995121493244515418e-03
8.276796048839172616e-04
8.792451063561765941e-05
6.972740763539277841e-06
1.050274144723353582e-05
3.455490933643675402e-06
2.326785059836530042e-04
5.676683134203195508e-03
2.173891979733447426e-03
2.330550551137927206e-03
8.430374034775646582e-04
6.112492194543086904e-04
1.966426877008775999e-04
1.395770238564144792e-04
1.044757365852935294e-03
3.184892399427723467e-03
6.004672264374478000e-03
6.991805212941739137e-03
1.240104791647091967e-03
5.596937293684796713e-04
4.841225763261621250e-05
3.907588576527409017e-06
8.573859007697441249e-06
2.997646458311589360e-05
1.595772093867037916e-03
1.400250955951054359e-02
2.775030661987663416e-03
1.903900951035445745e-03
1.429707294827202045e-03
2.360384159138353196e-04
2.103260163191251336e-05
7.990385168228021271e-05
1.767841666693672521e-03
2.063587802848459562e-03
4.534971953640849936e-03
3.674870567266922457e-03
5.372194802607372331e-04
8.627331446914770835e-04
1.060576018961444751e-04
5.159770600566177361e-06
8.840327789889371667e-06
5.068297522880457908e-05
4.249465526752193092e-03
7.431835481839105251e-02
1.420343486243639750e-02
9.128655159714640227e-03
5.907205211733647550e-03
9.929829651193969992e-05
3.611562260346531099e-06
1.278199756813447013e-05
5.187838102074724929e-04
4.445399653157428368e-03
1.100048284045521824e-02
9.683890216166274670e-03
5.155896466243457994e-03
2.921621989856401386e-03
9.536587114844751996e-05
5.329730684419577671e-06
1.001274283350961200e-05
3.881529542495077029e-06
4.247287206395436747e-04
5.058525460475549879e-02
1.197777903701860262e-02
3.275071290608408923e-03
1.355432285962742582e-03
1.342564933963418460e-04
5.333720765914521766e-05
2.974172508711610052e-05
1.455195020832985621e-04
2.849681636896059071e-03
4.558167773414061215e-03
4.111584411117187761e-03
3.720821852355721618e-03
2.465019348182555638e-04
6.397017717211364910e-06
2.705326872621372175e-06
1.118023688052506055e-05
1.283783189803183745e-06
7.395134238826809822e-05
7.659160196866026879e-03
3.728897971934340850e-03
1.581553693083172099e-03
1.713034890895304141e-04
5.309139976130109893e-05
9.548783011503674889e-04
1.833236848781541603e-03
1.114817023419774084e-03
3.360682480791075608e-03
1.065301254278298512e-02
7.643642299798778655e-03
3.463204000237035652e-04
1.090319069949129552e-05
1.978252284809081103e-06
2.690399035970616428e-06
1.215517983196909918e-05
4.432287764601976980e-06
5.002204123576729284e-05
2.404634567610184227e-03
8.190343408543852496e-03
8.027645359324262972e-03
4.202050557492567661e-04
3.895806716649143271e-05
5.261758837026393135e-04
2.504638797527664138e-03
8.528988503882653852e-04
7.009582528544212182e-04
1.010639241623806361e-02
9.556136889950980762e-03
2.330069098191634878e-04
9.931782835104350420e-05
3.257666199813813896e-05
5.794054815203345745e-06
1.107078641186490947e-05
1.009845438674043940e-04
1.073685902911335384e-04
7.283088317392504918e-04
2.331252647330736560e-03
1.462428784442979749e-03
6.236474692605976792e-04
2.552136802268339640e-04
1.063277501099692615e-03
2.361214053017170449e-03
3.183154255584742277e-03
5.016206185764021837e-03
1.259142173761780732e-02
2.883707975620897982e-03
5.479208971400246217e-04
2.107932219874535541e-03
1.774919098717544629e-04
5.238922915091687236e-06
8.487764449149572859e-06
1.363032471994410485e-03
1.188471629536116568e-03
1.571026651776225112e-03
1.218843231479114575e-03
1.419701868559194828e-03
1.832136320717343793e-03
4.071364504953382444e-04
8.287628613850989145e-04
1.558150286886398868e-03
4.189691428546474944e-03
9.931217546279213701e-03
1.050475007874801872e-02
3.378973541892249348e-03
8.668031288522667216e-04
7.492880290687612592e-04
3.644193836451285458e-05
2.575410778730816077e-06
7.687778719140105915e-06
8.090166599176380259e-05
2.789586507742086046e-04
1.195365682219755614e-03
6.946843758458623452e-04
1.335261642836485128e-03
2.029348050845357701e-03
3.676049813851747848e-04
6.665185789927908361e-04
1.542100433007545426e-03
6.601785553656479809e-03
1.212459855641499946e-02
5.202781113204666200e-03
2.381633800563987685e-03
9.753496344617869568e-04
8.521839369938250409e-04
6.345018243131365096e-05
4.756638677746277452e-06
9.607396999011738535e-06
1.186429159440400153e-05
1.465826651395856081e-04
1.623542135615979988e-03
9.394950659517198235e-04
6.580922966836943088e-04
8.209459028343105754e-04
1.543083304180261272e-03
3.378377738786000374e-03
1.887621852620088381e-03
8.492124751874628730e-03
1.558115631372655567e-02
2.377576782154186639e-03
2.054056281781262670e-03
2.704979281867862968e-03
1.542499036098414315e-03
8.879131869874246975e-05
7.087080147318176453e-06
1.094266755160593348e-05
5.386092218652513696e-05
1.222893158375776756e-03
4.673834378579285083e-03
1.900668799141600656e-03
2.246419584717754617e-03
2.617206165576480004e-03
4.396566246589108697e-03
4.244420500113535270e-03
1.435626085098611494e-03
1.221535857753691581e-03
3.962582638290758547e-04
2.148260229207989863e-04
5.477938845000425222e-04
2.175713416254839046e-04
3.789475472895182046e-05
9.094376606341044014e-06
5.083394518841494328e-06
1.189852463817842103e-05
1.543951456742361913e-05
1.834116054858105202e-04
1.101318783552938680e-03
4.876905311786115544e-04
2.265998362781019334e-04
3.368260338581137176e-04
1.899122319870449622e-03
2.084994081809716290e-03
1.300215983344723538e-03
1.602558257849021886e-03
4.305137350140331881e-04
8.920477465598469075e-04
1.154633424164606395e-03
3.652828759974778881e-05
3.303137782962249569e-06
3.391604503108084142e-06
5.951453535991571718e-06
1.382592826729172174e-05
2.038997493054089399e-06
1.827003835702922571e-05
5.265882155980290474e-04
6.442902243510494021e-04
1.239879494198615128e-04
1.284397820326558853e-04
8.205156090626345962e-04
7.919133028410686205e-04
8.835341062986536370e-04
5.563703307753539370e-03
1.427261607948941821e-03
2.832217069830018225e-04
1.280194188115046233e-04
1.519755305463626589e-05
4.534144616738087977e-06
5.591895513676486159e-06
7.710896757735074815e-06
1.386940208658024201e-05
1.050721206413721393e-05
2.599049990070731756e-04
3.761410195466572369e-03
2.816619747298074357e-03
9.468339652908397798e-04
1.546604787614549135e-03
2.250363918559462884e-03
2.240892847997269597e-03
2.654735886295542680e-03
1.700100611764659726e-03
7.601552539247923414e-05
3.935989935731560868e-06
2.783162751250604831e-06
4.531651045378905296e-06
6.527533422206838754e-06
7.782388343528540915e-06
8.107894066788630220e-06
1.350904855011055717e-05
1.914828914778738691e-04
5.588406258548160935e-03
2.876065560183699646e-02
1.873815195333230696e-02
4.132377478009719926e-03
8.642096010413800183e-03
3.039056328138953558e-03
3.323777455565991704e-04
1.311291747010992199e-04
3.534953061500275867e-05
6.375231589258182093e-06
2.989958606429003705e-06
4.963097491160358024e-06
1.031087219303712637e-05
1.412295258865816291e-05
1.386233319904556791e-05
1.346350106905651943e-05
2.109320456660576044e-05
