8.452497872344108697e-06
3.801502437306354437e-04
8.713429799052598360e-03
6.096282101384318218e-03
2.899627556476976151e-03
1.250286274772409662e-03
9.946557920858438515e-04
3.576725821911129867e-04
2.198289585988072491e-05
1.708704269092288867e-06
1.248605060465382489e-06
5.757775800725243635e-06
1.081971788662075891e-05
9.352873544728629193e-06
1.089397133809353468e-05
1.169391714635537872e-05
1.139795577725830858e-05
1.783570944176987165e-05
8.524196593685592492e-05
3.339595287408228617e-03
3.739568878988279704e-03
2.282450503230109163e-03
4.109280439771977392e-03
2.629803672845691383e-04
2.034661270116557973e-04
3.246805284992700189e-03
3.787206532964303325e-03
2.769616924667616048e-04
3.316529634761070854e-05
4.483869942936254469e-05
2.193168541945086225e-05
5.008480469349275491e-06
4.829911395380242467e-06
6.597880652851665033e-06
6.810575629514448070e-06
1.123228322960336195e-05
2.964165730684038905e-05
1.616752697584659579e-04
1.400713501400647771e-04
6.036961551771837398e-04
1.669836385206204454e-03
1.536779188310322683e-04
1.190847257651849161e-04
3.155418822554352325e-04
1.394977001848726620e-03
6.863426990369738204e-03
4.297212461126250806e-03
2.067173186196063182e-03
1.426098330986292294e-04
4.536433604869300406e-06
2.398978849171404805e-06
4.945847053951916429e-06
6.769615476161300669e-06
1.148433075024995630e-05
2.408803644009667490e-05
4.093437422370910039e-05
1.312925615749472220e-05
9.645568844627436440e-05
1.371256440127160796e-03
1.094618425992963454e-03
6.601950406198923548e-04
2.801273082889264474e-05
1.786858845610544709e-05
6.316133531670847139e-04
4.558512996712821459e-03
1.210865681492123529e-02
1.112726643388936391e-03
8.995521748345349951e-06
1.743697521656214778e-06
3.649020019294257985e-06
6.249771047687179591e-06
1.218499983966412821e-05
7.712590171349764309e-05
8.457281523787734626e-04
3.401268235248919997e-04
3.942413930311505213e-04
1.802897716804554434e-03
5.793457321252673022e-04
3.333160395050408452e-04
4.568410814895111692e-05
1.044322423184699421e-04
8.733227388746680987e-04
5.097378543060268694e-04
4.374202267129772073e-03
7.683246693152825414e-03
2.827875653307123662e-04
2.473731995731255406e-05
7.241597805853718392e-06
4.770163320906348560e-06
1.054675872214266782e-05
1.032108161303278553e-05
3.551347821988804334e-04
3.019483076569567850e-03
2.513246087590329750e-03
1.389046957998457373e-03
2.194066550426154250e-04
4.082284405373068381e-04
4.205046471920185483e-04
9.877196076596254926e-04
1.010016126296441052e-03
8.334684441837761284e-05
5.846748405109947677e-04
6.235011962775395371e-03
7.387912424678712286e-03
1.162124795153510800e-03
2.960167992096165499e-05
3.957757941429964340e-06
7.635560517979048993e-06
2.035555632377321449e-06
1.638077492901158735e-05
5.066880853931438750e-04
1.706127291317143359e-03
8.711128219468772639e-04
9.483940394670838981e-05
3.145459138648199230e-04
1.175819770308194658e-03
2.723297629294283741e-04
1.635793750945512177e-04
2.765702153197231142e-04
1.712862758141746105e-03
3.105319426813073214e-03
8.990343210479560462e-03
3.858635732522651927e-03
1.530122703792357968e-04
1.113245867661193149e-05
6.924814568085255217e-06
4.465189062270890839e-06
1.399105523497486356e-05
5.619609320804040903e-04
3.698889679602186502e-03
1.305879954801406799e-03
8.470389858782146676e-05
1.471467012308769304e-04
1.816174937523516763e-03
5.183171026308616182e-04
5.869970106184934071e-04
1.631153685107186897e-03
1.093998699219466070e-03
1.242642127495498499e-03
7.456252246416168739e-03
3.928692711008811844e-03
9.454263879078998907e-04
6.057826408311677208e-05
6.268658952389956156e-06
6.050230929024314897e-06
1.942843017467737793e-05
9.075322055105617585e-04
3.556117847401780389e-03
1.673740156256352859e-03
6.304970338339733202e-04
5.937939224954689142e-04
2.598731534153050308e-03
1.290806373002996790e-03
1.502568736463502945e-03
9.901835136956783912e-04
3.068465857417799450e-04
6.434618079663166927e-04
2.985267328186130831e-03
3.293050573841034643e-03
2.436902325613786707e-03
1.010161657842441714e-04
8.225874295146171544e-06
3.258168156052813450e-06
3.749165038533189167e-05
2.891262090580022561e-03
3.895816963930631358e-03
2.660411236183460055e-03
2.690661971514749732e-03
2.180694871178411043e-03
3.675618090536298364e-03
1.382192434331954269e-03
9.906505269109200981e-04
3.995373429715596745e-04
7.532142842256135196e-04
7.723178160807558272e-04
6.233826278234008136e-04
4.852024903490276438e-03
2.131601378104176336e-03
9.128223114884927234e-05
9.123954086481957755e-05
1.281093373106427042e-06
5.222237162244871119e-05
9.726138238390635848e-03
9.113969001424315070e-03
4.766850078453927810e-03
2.418466598312236319e-03
7.583705351209548903e-04
6.842608231491088908e-04
5.662421980952393264e-04
9.580222312825533272e-04
1.623300686431895204e-04
2.269463384264283525e-04
1.053082214368941460e-04
1.101477680136156906e-04
3.384220795687480163e-03
6.623222684295416345e-04
1.518811824040359451e-04
9.006212130123878888e-04
8.634472786356296197e-06
5.004006451569859059e-04
4.682240409334205433e-02
3.138431865181688651e-02
7.471394406904874504e-03
4.032454462264300175e-03
8.101921019914184010e-04
2.213565149852832583e-04
1.329599624788092025e-04
6.431087518743212493e-04
5.043282449058529354e-04
8.623745125922448618e-04
1.749331548912609233e-04
6.869702453304541844e-05
1.155299367364411500e-03
1.125606781854385403e-03
9.151903250096023179e-04
3.507535552476640167e-04
8.958382544952002880e-05
5.470514275904791307e-03
1.062769269072251777e-01
4.782473623922562506e-02
1.683134371034831697e-02
9.264709754807053110e-03
1.984736895180096248e-03
8.758159990708134406e-04
1.581433235191322128e-04
3.807774172365467483e-04
1.174680843096888305e-03
2.502289400517984218e-03
9.291462527480830397e-04
3.309292530267346445e-04
2.314640590285369816e-03
9.675817110107840999e-03
2.276236380559984625e-03
3.525143964734204257e-05
5.748506279794184561e-06
5.871660363878761875e-04
8.285838922574284560e-02
4.081107762559903901e-02
7.158994305489221714e-03
2.944321216820408160e-03
1.762757598097959609e-03
2.873598606402175213e-03
8.041953403099687432e-04
4.234138066472126010e-04
1.298113003018661049e-04
6.934810227485938580e-05
2.222267254669398409e-04
1.148126745493219421e-03
3.929644971301435481e-03
6.762493185378975688e-03
2.977167653688759770e-04
4.878223742071138153e-06
2.615059717275470518e-07
9.611315724544961160e-06
5.952192847032809590e-03
1.304391710570184347e-02
1.997812808884325258e-03
7.909577562695748604e-04
2.100363969962932079e-03
3.492774460555977175e-03
1.960355175348834841e-03
5.265837835402610578e-04
8.529526933204741675e-05
1.284284797260386085e-04
2.107613056694696181e-04
5.514269745023986325e-04
6.600908025690351054e-04
3.307295100540567001e-04
1.703475498174512049e-05
2.021759825130613877e-06
1.568108398611174972e-06
6.460198564688680856e-05
4.599343248920280749e-03
5.748335948296870099e-03
7.057298226466774196e-03
2.093010613481699218e-03
2.437717585851408020e-03
2.105315394663405653e-03
1.354347417749382498e-03
8.682117732989554949e-04
4.510717161880483652e-04
1.338385092029491978e-03
3.134296109405850655e-04
4.946946256740919132e-04
2.152327469372120484e-03
9.880130227537826243e-04
3.015311481917575410e-05
3.728099809452797112e-06
4.742755136795992890e-06
1.604170877839493727e-04
3.069778975418211483e-03
1.216712885747501605e-03
2.481735913494490658e-03
1.560365277075684634e-03
1.098617409139212393e-03
1.396573497793221486e-03
9.437710369781558218e-04
4.868142555768561921e-04
4.354057137684114371e-04
6.165320692180550465e-04
2.424347553872037734e-04
1.997419597468935715e-03
6.523795522223071845e-03
2.606458997386458878e-03
8.544613769763964865e-05
5.736986904651724317e-06
4.167810112813390895e-06
3.572859743214807195e-05
9.097011195895378811e-04
9.338324477230130691e-04
8.369945818416576208e-04
5.619521441358995076e-04
3.248151309217469133e-04
1.085006580196973920e-03
1.542837738492718394e-03
7.250327273306837652e-04
2.572883503354768224e-03
1.436476300446754180e-03
3.873071858403030906e-04
4.592600165108733611e-03
6.066088860816874241e-03
2.089017084287817481e-03
1.033047418356422575e-04
6.949231994396923991e-06
5.170270146972448233e-06
1.111248487162150596e-05
1.003583002028036054e-04
2.921390931631167231e-04
5.125638681561766729e-04
3.275334397434148280e-04
1.074020286134220287e-04
1.098336668598895780e-04
4.353439463782354172e-04
1.314464815016058762e-03
2.055331172710148351e-03
5.549200845591544711e-04
6.110110065364060278e-04
4.919953349575861661e-03
7.098874973287461719e-03
1.278551600200380882e-03
3.779348778289842568e-05
6.640530538878965896e-06
7.055817308834673846e-06
2.633664973071785974e-05
1.054448673697713865e-04
4.490735728787977190e-05
7.365248737905970994e-05
4.530049376284842012e-04
5.862075226124581311e-04
2.855796350967208710e-04
1.177776405862342168e-03
1.002770830999261424e-03
1.434444721568980832e-04
4.367693429536372149e-04
4.948649750236617031e-03
3.172692003456504574e-03
1.575811020390849478e-03
1.329761343569554747e-04
4.755946387926041947e-06
4.925602057655817858e-06
7.954121017273120805e-06
1.124119322230169118e-04
6.982580620378051181e-04
9.869109646461255065e-05
1.815894852560498462e-04
8.387289969115695274e-04
2.146307541975570781e-04
1.320535106876055437e-04
7.660858722010177981e-04
2.712875496093325933e-04
1.789365700626634518e-04
3.457631866801019922e-03
9.626985004612181526e-03
2.732270140638654119e-03
1.860249064416729997e-03
8.569325201300988769e-05
3.451494319715663373e-06
6.360962308905748237e-06
3.756332566330249792e-06
4.071818102355106729e-05
2.942571225734506011e-04
1.709730513684667357e-04
9.320862213861920865e-04
2.271910170297703759e-04
1.357256143672059184e-06
7.432596444625031556e-07
4.745869605751179820e-05
5.289473928422853835e-04
3.236997738589818350e-03
1.171548978908598139e-02
3.554591718067917801e-03
1.046178111905944185e-03
3.023050638340269857e-04
1.744554717114850202e-05
3.559190966657089832e-06
9.343180676618480972e-06
2.080414894811855296e-06
4.494147179277037401e-05
8.336179233168897803e-04
3.951065891240353027e-04
8.710435676524195918e-04
2.875984720965253584e-04
3.031723997399699852e-06
2.564733492578200498e-06
4.866413048390280487e-04
6.508384398095873845e-03
8.487834732741532037e-03
2.328198463420616624e-03
1.644054882091359690e-04
2.994161614377192525e-05
6.061316777786304997e-06
2.022950195539006675e-06
3.105387621262195491e-06
1.072539004299053042e-05
5.508788275170742804e-06
2.839381382909784046e-04
8.754850027435708004e-03
2.527923280007420524e-03
1.610788110714229168e-03
3.662439897612508165e-03
7.714000148599751147e-04
8.545597781223183845e-04
6.160917222564905871e-03
2.948512867191132193e-03
1.581624693886725646e-03
1.792456117731729148e-04
6.495848373070825246e-06
2.499710459933378962e-06
2.489641951315000629e-06
2.953974040628075637e-06
5.096244750866615003e-06
1.181002044879597048e-05
9.301549637968430735e-05
2.219657890368036558e-03
1.306329597681105993e-02
8.747891294530666176e-03
5.113755166676284963e-03
3.681314887692943658e-03
1.797106021914175039e-03
1.818786078932138140e-03
9.371032299909479472e-04
4.762205110453279809e-04
3.421512538494407194e-04
2.689274210271672336e-05
3.346224857014011300e-06
4.833061703709582407e-06
9.715480397318453391e-06
1.140650148914133144e-05
1.193434980079312993e-05
1.854873875324107853e-05
