9.964749254654755426e-06
1.234579889398716647e-04
1.026236280637158943e-03
1.350089488331239875e-04
4.656168679735047551e-06
2.758961712697663127e-06
7.674675311313733687e-06
8.485926244069200315e-06
6.995990944354995522e-06
8.206973582739623702e-06
9.148478966863577924e-06
9.025429048855738263e-06
8.890461657411317484e-06
8.916834028394538729e-06
8.915842148626442108e-06
8.682216331225635724e-06
8.967067507208972406e-06
1.293052618252362520e-05
1.836370182752847656e-05
6.069858030060150384e-05
1.211631466678092777e-04
1.129994915642123290e-04
1.351533275178407205e-05
1.394192384904795465e-05
8.510263215843895770e-05
2.913604013370257488e-05
5.443113741892574738e-06
4.760815215164725929e-06
5.903620302235079446e-06
6.003661530374550140e-06
5.841340885907762941e-06
5.797246488196165445e-06
5.774910636803913476e-06
5.581736401232020614e-06
5.771447657742720733e-06
8.968521768858812591e-06
1.149244752899754535e-04
9.350367194300830903e-04
7.927733678782351249e-04
5.655913607924214917e-04
1.189502256345052386e-04
2.352372282956533619e-04
9.442754748538006570e-04
5.470200268435177014e-05
3.658662902222338219e-06
3.430315776345212570e-06
5.156494015739832972e-06
5.809005664519786846e-06
5.863512798457104617e-06
5.769696258997683455e-06
5.660272798866440636e-06
5.424284838927906115e-06
5.579470481581401373e-06
8.681201567183924165e-06
4.061630847697052872e-05
2.818869868920129314e-03
8.066308087155492357e-03
1.799896478692343408e-03
5.644927356478018866e-04
7.076269402330933591e-04
5.564990551271874414e-04
2.397500967557290730e-05
3.102585965703945754e-06
3.677723137244996157e-06
4.278448788213691097e-06
4.751567259026422650e-06
5.637375876756291752e-06
6.044644542809415909e-06
5.993260350015157045e-06
5.672496823534868611e-06
5.778759910558358292e-06
8.914995986267640210e-06
9.899326244940228744e-06
1.741112548424419548e-03
1.730459955690710414e-02
5.913442063462098081e-03
3.076065309894710376e-03
1.203021636408640061e-03
6.074123734316378169e-04
1.402230659788561700e-04
3.623408646929161228e-05
1.809182104274028227e-05
5.480298805538319585e-06
3.155823894372659334e-06
4.026969531539168082e-06
5.241237079805288026e-06
5.925950443013579216e-06
5.791524189552710939e-06
5.826974021840038109e-06
8.929590501443080580e-06
7.384304496703076790e-05
7.059363788882981432e-03
2.625764189795659967e-02
1.062737681899635425e-02
3.167777301952879893e-03
1.020466426516508131e-03
1.488485406096991216e-03
3.326175718769073999e-03
8.916650016080085754e-04
1.584372626183551099e-04
1.969292561383453541e-05
6.023114380479435947e-06
4.710786001812945169e-06
4.120567725986505932e-06
5.140990018511523612e-06
5.799712590869623173e-06
5.882358549976802720e-06
8.904985568115330767e-06
1.170974358325564262e-04
5.022162936995916774e-03
2.058062120684343507e-02
9.855028215101148750e-03
2.051334088290221198e-03
9.247536985177727585e-04
8.724687480936373259e-04
5.656317067760067638e-03
4.240394296308517413e-03
7.401672292888451972e-04
1.034905040407886265e-04
7.891434124453055460e-05
2.735824519849584029e-05
4.187758287656630045e-06
3.917009014071016748e-06
5.606363097196504531e-06
5.968753430671516050e-06
8.910553683900309294e-06
5.956926096794778947e-06
4.109265994225582905e-04
1.573388635249185416e-02
6.155317825669984200e-03
3.251384328845619096e-03
2.531032711259483935e-03
1.540418008570752610e-04
3.401990700342402479e-04
3.677050049499924842e-03
3.063362769338019102e-03
4.256729036238678836e-04
8.097644772243487235e-04
1.248989641342929601e-04
3.696473505051423815e-06
2.876325334257999132e-06
5.381556780555708447e-06
6.046346242592428245e-06
8.915804068393601999e-06
1.236086150817676119e-06
5.165209476228153082e-05
1.028926015432570819e-02
1.389648027825358782e-02
4.910064190464709551e-03
1.139318784389153948e-03
6.245391178312226352e-05
8.343331786852444258e-05
5.198433117209154408e-04
1.797959823441630653e-03
1.952461662391257900e-03
2.923658573839014486e-03
1.076227367267262766e-04
2.322187033479689847e-06
2.512838823441486925e-06
5.475406616849726074e-06
6.127417837384488789e-06
8.910581406927499772e-06
1.085134021802273835e-05
1.946997143168201585e-04
7.058069413473681657e-03
6.665651105696602380e-03
2.248709950404712606e-03
7.777741837280729683e-04
2.331108853000541813e-04
4.402092040321709866e-04
3.415907380320397390e-04
8.607648313165721949e-04
5.272264404818584500e-03
3.896502883421778477e-03
4.349675304866956255e-05
1.399978062593100494e-06
2.391767605902468107e-06
5.593711729358095035e-06
6.175809236660099828e-06
8.915179650983657962e-06
1.908521644774413865e-05
6.898841873347218287e-04
6.264955478528719257e-03
1.681940050145039854e-03
4.430555572522221555e-03
3.808381506161760514e-03
3.009295118563508342e-04
5.914087995932855446e-04
1.231409360604250819e-03
1.887766824537822925e-03
3.238332687212046399e-03
1.848629406075663183e-03
3.373390605909043000e-05
1.346878268182964746e-06
2.198912981751210865e-06
5.262611947666350286e-06
6.097311827028949752e-06
8.928141104701905857e-06
9.168367750856331965e-06
1.295336433399783089e-03
8.150112216023255862e-02
3.069695008416232704e-02
1.475379520602326279e-02
1.871197373631058175e-03
1.738341338485740323e-04
7.005849016149611570e-04
1.835769931334604822e-03
1.847790929533578994e-03
1.718514406546000619e-03
3.265010748112872046e-03
2.952601618115081915e-04
7.403246118729867448e-06
3.516534904228261938e-06
5.233028651820492419e-06
5.967858445584214713e-06
8.925028525933227996e-06
3.425809438845642480e-05
3.099486381552812603e-03
1.441764592773910614e-01
4.949765789290114931e-02
1.226367172399345923e-02
7.150892642557056880e-03
1.449330844286350443e-03
1.210600595723882377e-03
3.195335617457302838e-03
5.088169375399976754e-03
2.712224488600176869e-03
5.183655924653934703e-03
1.041672395834887651e-03
2.497134425309722203e-05
5.504599246995641287e-06
5.480526614212876810e-06
5.923923893784032651e-06
8.912102294297214372e-06
7.869115542399880462e-06
6.510870962789506956e-04
7.833942363647460050e-02
2.989249132052332336e-02
5.715943763432409543e-03
6.007711882084224887e-03
1.577876333541392397e-03
6.381617045223525030e-04
9.952163398272131836e-04
1.387670346040605161e-03
1.923235143834029458e-03
4.808769511393740786e-03
3.006877400809190230e-04
6.449806042663126171e-06
3.351835731433404685e-06
5.253001553142750843e-06
6.001157799576591574e-06
8.917719808461897272e-06
1.085539533401686070e-06
3.616711838843848515e-05
3.585153217796673269e-03
4.752327669098346807e-03
2.864975416499335528e-03
1.256197367602654392e-03
1.685519795369485024e-03
1.803469419633062275e-03
4.581798385938581106e-04
4.110219996191580858e-04
1.142626724602659009e-03
1.700623999559415988e-03
4.006500467276978366e-05
1.384470740350379407e-06
2.143418756862664886e-06
5.275541903229471176e-06
6.202139284294454142e-06
8.980637167862297196e-06
1.727631243873764806e-06
1.296143717096163910e-05
4.293640724210551055e-04
4.722985721956001783e-03
9.135342834939719214e-03
5.691321268722988793e-04
7.316834046439636349e-04
2.358223144093242549e-03
1.444663138946578529e-03
1.944262342709645588e-03
1.793593252747845449e-03
1.219874957562965467e-03
3.257673616218301232e-05
1.330423666746418438e-06
2.046895313399706467e-06
4.966697037898614259e-06
6.147957718850924623e-06
9.110438800901873440e-06
3.088607799600176183e-06
4.292584984900583159e-05
1.105855302607907471e-03
2.288892918831861561e-03
3.041309921730850352e-03
4.788457364688073121e-04
2.206258762705044091e-04
6.671583693386995417e-04
1.549633412632257052e-03
1.732988577831953486e-03
1.701584520215463931e-03
2.602266729439548475e-03
8.887228841169501079e-05
3.216993934152471528e-06
2.674427239709822494e-06
3.964948648505022441e-06
5.347327471874199673e-06
9.130576604662420979e-06
2.571188104928489659e-06
1.215781558179402500e-04
4.103500203853729413e-03
1.018889757921927729e-03
1.458993276408789746e-03
3.111189347234207848e-03
4.714337018139035931e-04
1.959298007801443570e-04
1.414465519507417937e-03
5.652378134285403546e-03
2.771274021912785608e-03
1.197325102759919666e-03
1.924949632315030269e-04
6.758719040286052652e-05
1.926016525874082669e-05
4.387240116327060114e-06
4.297185084434963080e-06
8.873046173976920469e-06
5.193531589726049159e-06
2.011366907165123403e-04
5.311487043570067845e-03
2.280723663990068349e-03
1.196844408320654925e-03
1.163623452891137267e-03
5.415603588926631590e-04
4.507392486227895334e-04
2.780475367989541317e-03
5.290853406650964513e-03
2.440442623802036742e-04
2.793671443998189084e-05
1.186163413618021513e-04
9.584669183249178940e-04
1.144115278119309476e-04
5.284691513248367436e-06
3.775206673374627680e-06
8.673106749908415564e-06
3.704541163347380270e-05
1.240923949928939875e-03
1.046121664710648706e-02
7.743414651164103220e-03
2.745169904802909240e-03
8.623166492460297835e-04
8.130319077718866066e-04
1.989778761269325562e-03
1.827807482359269367e-03
1.536994758145627789e-04
3.593823354594393956e-06
1.119696745588573760e-06
1.207031715821270020e-05
1.055242278464313123e-04
2.556510276658328500e-05
3.852395811558903577e-06
4.045068322088570528e-06
8.887480471012593712e-06
5.060117297516910593e-05
4.088172271615403072e-03
1.845908565130098891e-02
6.159310063311357331e-03
3.373530728667366915e-03
1.378186139348399133e-03
9.484585531497331627e-04
2.240370971563202928e-03
9.157462820289618676e-04
2.808365115780461936e-05
1.753385289538268596e-06
1.293165376950164225e-06
3.223904270609279469e-06
5.743114620562836669e-06
4.247939272479649101e-06
3.561809394348553550e-06
5.030475220096791146e-06
9.202196520155865752e-06
4.081821208138102256e-05
6.079088629323502885e-03
1.837400056861440006e-02
4.241145210408082435e-03
2.169881947879800065e-03
2.751486623282035286e-04
1.857799096274304106e-04
8.969960464654454799e-04
2.452091095981154983e-04
1.183736147265364214e-05
3.332676132009889222e-06
3.929658095479739949e-06
4.467109097045161510e-06
4.158352192597950283e-06
4.245332977073905654e-06
4.914312882715302002e-06
5.839412718026338617e-06
9.144422680291777614e-06
9.500734563978002853e-05
3.778793891679271127e-03
1.529567405546368095e-03
1.870849696412621259e-04
8.332872329485971449e-05
9.908608019205158009e-06
1.059516269505340934e-05
5.981199981490416750e-05
1.908663882850063391e-05
3.424398160683266625e-06
3.552422997854954778e-06
5.576065164084057977e-06
5.948025446046745878e-06
5.582190656728066836e-06
5.580253169701176009e-06
5.567041128514545756e-06
5.728757801865063550e-06
8.727155001753775243e-06
2.718057416908422987e-05
9.851534919213056156e-05
6.821571303114180363e-05
4.059201010680126047e-05
1.101700819764585131e-05
1.741277881829508764e-06
2.301150012063287787e-06
6.579862427215889708e-06
4.776221092910400296e-06
3.355058748355837839e-06
4.691101405628698962e-06
6.007008820403701470e-06
6.059341770183229594e-06
5.937783067198568892e-06
5.899777321162260208e-06
5.667802284063159432e-06
5.795341709350126804e-06
8.945306948816207659e-06
6.326077747079204508e-06
8.072875205981890737e-06
1.055564799443402556e-04
1.077462414129265553e-03
1.194888897899283072e-04
5.967003339671662549e-06
4.491537377821220106e-06
7.383634788245627173e-06
7.825589524277859620e-06
8.104971047415579789e-06
9.042636894278760067e-06
9.198896317106533251e-06
8.956120670485580608e-06
8.909388553829850109e-06
8.908583515125087445e-06
8.671402815825436406e-06
8.951573853003130527e-06
1.291674230134238719e-05
