6.646922219983665873e-05
2.064182987022473211e-03
9.758899256788317739e-03
4.736625328231983643e-03
4.012831397476529678e-03
2.737291247394828785e-03
1.681578394863820656e-03
6.791140575881462506e-04
6.275726350932157166e-04
2.618487019622946243e-04
4.407098840369729777e-05
1.215435131031495970e-05
6.234855282187713094e-06
6.637499681789575723e-06
9.661494858509146779e-06
1.071105707088085090e-05
1.077984782577339090e-05
1.916131996214505781e-05
5.752448006449507729e-06
1.452059374550262614e-04
4.375590896294746270e-03
4.056302616851454809e-03
2.283809354459061421e-03
1.740473266739183669e-03
2.407482288056565865e-03
4.753319108003795784e-03
6.027301578631447110e-03
3.006008736824609257e-03
8.898568929388613741e-04
9.687629904296241577e-05
7.733186632235819613e-06
2.604993474887409616e-06
4.901171510386380820e-06
6.440272381107717668e-06
5.231381878896568407e-06
1.081250106080136967e-05
2.355623217045208891e-06
2.887360306260497664e-05
8.954953362604019598e-04
4.435285315012409135e-04
1.366959991709933034e-04
1.771268252985790949e-04
3.375639697489620471e-04
4.118109627170869606e-04
5.697509361924204055e-04
1.206419865256052595e-03
4.809665063411354587e-03
1.949556774073795589e-03
1.130670611324382569e-04
2.104535041859991834e-05
4.046995101062631606e-05
2.128440821260206214e-05
5.208966419120500459e-06
9.685404637539798254e-06
3.435615153894307969e-06
6.567194833635784908e-05
2.265138287838273055e-03
9.045936215892187672e-04
5.115041707827975995e-04
1.509996087842395895e-03
1.198973301773898718e-03
1.551985077000536835e-04
1.568328065108935026e-04
5.209978915901180728e-04
4.400040036293776172e-03
7.267496612317967189e-03
1.520200112145559529e-03
4.910427635357368257e-04
7.038862714276002608e-04
6.596984193202861605e-05
4.121367615613565245e-06
8.246363779259198378e-06
4.339391982670497984e-06
1.072700030144111436e-04
2.845707995699992346e-03
1.440910107868006301e-03
1.701659698844508635e-03
1.822514854572618304e-03
5.234887058085409663e-04
2.845140009895398103e-04
1.654882591617577725e-03
8.726408465488644760e-04
7.118827968232016579e-04
3.936051957940795570e-03
5.169734808568558077e-03
1.531577154389108597e-03
1.420786906108156226e-03
7.396436837607577638e-05
3.079637999127925700e-06
7.567465818391514149e-06
4.233687670689070798e-06
5.699582756954378268e-05
1.143615065687239888e-03
1.452271878290351459e-03
1.904562282235896598e-03
8.206759010988020058e-04
5.159624069345788251e-04
1.236615058045680612e-03
5.513345654664978703e-03
1.397313530410425287e-03
7.383819789392438802e-04
1.439931928584185002e-03
4.038210555388692911e-03
3.715160996852934303e-03
2.438249533485026960e-03
6.690931497505074035e-05
2.463710426423002894e-06
7.335184720322765436e-06
5.678036975049280032e-06
5.342692986153466735e-05
9.434826760631324959e-04
1.866526292862756261e-03
2.282452886265543511e-03
9.041833743812901017e-04
7.305935104443833520e-04
1.488141915693847036e-03
3.814267387259741293e-03
2.700533635216044882e-03
2.614314928348255001e-03
4.872113200450141801e-04
1.172291996730526892e-03
7.211525613826880697e-03
6.295113965257116175e-03
5.593004234845035696e-05
1.229736821165678700e-06
4.688468605470847427e-06
7.591429810736987481e-06
5.377961863649885444e-05
9.188898415618802860e-04
2.929227764426839062e-03
4.045815192074368044e-03
1.201291399030676070e-03
5.714850843558565499e-04
1.026044513929586432e-03
3.248516357067102785e-03
2.358375349157706448e-03
2.127332969269089043e-03
1.131668780680306595e-03
1.854715314451943053e-03
1.707886162808099507e-03
3.264616000234852634e-03
6.716543500851386843e-05
1.488794305168404157e-06
4.245000184531395272e-06
7.302605405538509021e-06
4.230614788690243566e-05
1.209995944958073546e-03
1.697084718604513313e-03
6.510738970502755922e-04
9.308809262325812251e-04
1.595387126508305544e-03
3.070569371420848927e-03
3.856051720365454884e-03
1.397751775033632352e-03
1.817129854796105653e-03
2.983816278845136030e-03
2.285891659134913715e-03
7.927253852909525549e-04
3.578651592573146335e-03
3.297266347824897225e-04
3.621920030180708915e-05
3.230260827050354948e-05
3.212669778230216378e-06
1.432525880081313589e-05
1.742325612213101475e-03
4.011875994389985968e-03
7.648823981898460449e-04
1.985457553507596461e-03
2.046582320952720913e-03
1.192166093178086486e-03
2.268997372756335266e-04
8.118389564959357886e-05
9.223559481308360236e-04
2.988148607581029691e-03
6.836124889571314027e-04
5.912259164368750819e-04
5.670437677915073429e-03
1.349643043239188468e-03
5.521058071916184508e-04
1.401784162981334152e-04
4.093216715692102796e-06
4.023594852310390254e-05
4.322702337562582368e-03
9.073287513319178155e-03
2.493767826984925884e-03
2.414179810012250221e-03
1.942689329056136987e-03
6.403784736337837097e-04
1.156391619143860755e-05
1.402124907043290713e-06
3.988063503943893964e-05
2.589847836788056862e-04
5.505272804323670078e-05
1.599447194375197567e-04
1.235515198715429709e-03
3.385235964355873045e-04
8.205814842187961048e-05
1.265382975298398400e-05
2.414806465843794610e-05
1.216374820893881183e-03
3.126615486806875316e-02
1.149896677947648098e-02
6.610055351928692015e-03
1.746286333979547249e-03
7.334530248710102122e-04
1.667366168523112119e-03
6.094095164362267831e-05
4.278372913538942375e-06
1.366106287161653738e-04
1.025061437809474292e-03
1.158514165965075478e-04
6.190418930003426965e-04
4.536694774058117052e-03
1.792641773434532331e-03
1.567269888041721308e-04
7.709343814757505737e-06
1.235300783993348059e-05
9.346431857022508612e-04
9.565764884541558266e-02
3.714621382060995930e-02
1.052245831437906114e-02
2.484986521536608397e-03
7.947304690403846593e-04
4.732996391047898654e-03
8.808697945734703322e-04
1.628623801958692266e-04
9.846634628230266362e-04
3.484094056801175822e-03
7.826065148834363775e-04
2.061097197284430995e-03
4.540127618435698190e-03
2.181258888577082295e-03
7.819366099030960202e-04
2.179747993209117706e-04
2.610218754773527497e-06
2.099784106375082780e-04
6.144816455190595800e-02
2.564292833107410102e-02
4.734889811698800126e-03
2.154546538539905184e-03
1.006129336716211475e-03
2.130828871563860555e-03
9.700740854919991368e-04
2.524642814896381395e-03
8.910598829164025677e-04
4.726457812836567466e-04
1.781999288955744571e-03
2.102425065468193147e-03
9.160252412284840186e-04
3.835713415501733749e-04
2.524736570372479796e-04
7.468276847777972210e-04
7.719658555252968587e-06
2.127644565396990010e-04
7.760178783154549412e-03
1.020897884927680910e-02
5.900161524692609794e-03
1.964487623946666907e-03
8.821322039016311380e-04
1.447902501493303958e-04
3.690013250607038854e-05
1.823435156143682172e-03
2.721752688891073552e-03
8.194040912217403702e-04
2.241394586680140952e-03
1.249735237327056743e-03
1.519729783344200749e-03
1.277852607469955526e-03
2.273931730586727215e-04
9.525692044130090687e-05
5.345836894799405221e-05
6.544176865357713944e-04
3.754287316082714505e-03
1.255263058656849555e-02
3.956314011988650362e-03
3.716346833081331930e-04
8.915132218389674708e-04
2.122855981071700919e-04
3.179693315856813615e-05
6.952301643349491009e-04
2.573308739891731062e-03
1.400888793449011661e-03
1.009668482360516571e-03
9.511441243393676994e-04
4.097942779291812755e-03
1.812312480540840143e-03
8.956103398353742768e-04
7.374467328823610811e-05
3.301527679601856842e-05
1.804816557324889195e-04
1.715449535354979281e-03
7.125069475683029792e-03
1.257260286398253699e-03
1.339590234289914496e-04
1.099901199973708299e-03
1.894054395856309804e-03
1.074283631128796239e-03
3.518958339452546349e-03
4.947191467375278325e-03
4.541393146910680141e-03
1.632529274730128155e-03
2.277689718642459619e-03
5.493628222208926139e-03
5.548987514095242955e-04
1.540091696090565773e-03
2.097573077993736940e-04
9.988738369954537697e-05
2.893034988462829846e-05
2.139571256379493153e-04
9.407245082983418808e-04
4.978781951776469318e-04
3.208565272560675338e-04
6.028286022281740359e-04
6.182620358610633159e-04
9.307062598341713259e-04
1.001965708361077538e-03
1.509057917452201079e-03
4.352251410518403682e-03
2.291369953894093620e-03
7.013116859921415987e-03
4.914414891152735568e-03
6.696027517402872783e-05
5.466803676675667788e-05
2.935182209840673530e-05
7.211103924327724344e-04
1.581760075994416090e-04
2.028036710601608793e-03
3.424454633513372790e-03
6.483517342376941090e-04
7.178992619869660084e-04
5.007970120407291819e-04
5.925352576239882683e-04
3.472658284180405765e-03
3.238301070101287909e-03
2.282577979887078640e-03
3.715392770278391505e-03
2.989434704715740639e-03
9.898524018883711126e-03
3.980675290778435543e-03
2.700407213060001342e-05
3.320941958981854115e-06
6.501113724977064913e-06
1.203038673885904270e-04
2.372365586774846083e-04
4.121738628959907384e-03
6.221920289084956202e-03
9.629874686583043313e-04
8.542250843987070049e-04
1.130751598388844703e-03
1.281365285396387967e-03
6.358541588182303750e-03
6.647840483606449503e-03
1.886094427983532563e-03
1.942536242242462550e-03
6.510873589669829813e-03
8.024653927080396473e-03
1.191725569473747488e-03
2.354831349034998379e-05
7.937634855255255016e-06
8.781052791207883952e-05
2.319347856993450141e-04
6.793443701352863727e-04
2.577531795302062580e-03
6.053881779851570145e-03
2.031527626821129275e-03
7.126397328150654029e-04
1.486175323020032983e-03
1.517788398971015029e-03
3.177056132932716201e-03
5.628365959028624500e-03
2.405136070697329060e-03
1.626541197640046267e-03
5.306360012883913103e-03
4.023666879172198979e-03
1.103081084263028092e-03
5.747063139644238320e-05
3.371656505075862483e-05
8.709119458397079168e-04
7.641187177139642604e-04
1.220427909287592760e-03
2.129579614180763907e-03
1.370196952657421006e-03
8.504416155888087263e-04
1.036054217430923971e-03
1.349632883066014758e-03
9.463043330729530326e-04
8.951737793628617660e-04
2.252549102999221956e-03
4.823966341018155399e-03
7.513264133782885344e-03
5.416378543358028180e-03
6.866737753790524718e-04
6.648513937992534548e-04
1.023028976546993353e-04
1.418031794743411241e-05
9.090420596024283411e-05
1.133611212133545538e-04
5.227442630074912279e-04
1.454601610439370737e-03
3.855371226545033941e-04
2.336029428136272086e-04
8.383506786672466089e-04
9.576937141989634453e-04
1.317243044354264245e-03
2.234770388475847917e-03
8.148441741005452502e-03
6.843544892881236845e-03
2.831861552844322592e-03
3.131117275663012375e-04
1.174765797736336582e-05
2.358005707665304665e-05
2.079991933318912662e-05
3.550481871427431166e-06
7.104239273081982780e-06
1.002313876595962874e-04
2.484598237333939582e-03
5.523921934234451298e-03
3.413529474424720211e-03
1.536517471200770073e-03
7.513996308687121220e-04
7.504397784998127806e-04
2.455170199931731769e-03
1.681363052554953616e-03
1.854863485408203430e-03
2.640700325068165585e-04
2.616288693869143776e-05
4.994700731633704327e-06
1.165679304586781237e-06
3.271479425153086112e-06
6.290773107917698302e-06
3.921483869419424768e-06
7.222896166133655639e-06
7.911904770116543167e-05
4.575490556602916301e-03
1.379590829759210456e-02
9.174129942230158097e-03
7.478234035980473211e-03
3.318646902148992845e-03
2.064334600915608640e-03
1.140417751865488178e-03
6.371145362768398696e-05
1.815378703366431144e-05
6.461642912757331223e-06
3.055167581931528739e-06
4.247762182181087645e-06
5.592198733403689091e-06
9.557155647576204640e-06
1.172033119253174262e-05
1.111502872478099985e-05
1.917211448963606938e-05
