2.641347042161981749e-04
1.268886398100286042e-02
1.376373350856852952e-02
7.130933843214864142e-03
4.310166953011196692e-03
1.055507813308588679e-03
7.538869304128546691e-04
3.104324691698254982e-03
4.777221977681574594e-04
5.064596878066247626e-05
1.166597833720643322e-05
7.659253601322192081e-06
9.878706199032873458e-06
9.046424693332758596e-06
1.082691254937666469e-05
1.394402974791378533e-05
1.644567576100562726e-05
2.622922391421669610e-05
6.884666703899993366e-05
5.450844966431426901e-03
2.264523983363096737e-02
5.368555201006845398e-03
1.753489002008302381e-03
4.299066252346136758e-04
1.292024702696845497e-04
1.151769883179051563e-03
4.280764117521629851e-03
2.950351540485815754e-03
3.683082146795723212e-04
9.078823625534823726e-05
2.769419937139437626e-05
1.044547980982058700e-05
7.638128990034982567e-06
6.297764716531940491e-06
8.146274950192003116e-06
1.681168349208476360e-05
7.784459249177422540e-06
2.447445476669168354e-04
1.817225204135063457e-03
1.804738403961142219e-04
3.072743176146484076e-04
1.162572800758232463e-03
2.343369703038238072e-04
8.428420999880000897e-04
3.716150119717149918e-03
9.146559505243167035e-03
1.406680003795390300e-02
2.663239025943430534e-03
2.179704075703928288e-04
1.885938253387608240e-04
6.829342938395102094e-05
8.342241968489735101e-06
6.442714350932249460e-06
1.634084597052255918e-05
4.257911834925953414e-06
8.989226021402945451e-05
1.425800129350550090e-03
2.508314101537438383e-04
3.987162964126902054e-04
1.220522741428344427e-03
8.719257043031745490e-04
1.858907276116480295e-03
3.695059765795607153e-04
3.417127492603500905e-04
1.020868025458522045e-02
8.395848773827931447e-03
6.456467449501092403e-04
6.200929697175887106e-04
1.252878582839978504e-04
7.105580688207419342e-06
4.340148902376836386e-06
1.370145020857688686e-05
7.675021845890282174e-06
1.246439259050675615e-04
3.838508517129910098e-03
3.709766070320315735e-03
1.221517843790392681e-03
5.568827240973132225e-04
1.812054163179616095e-03
1.195187110120116700e-03
5.941244302108829284e-05
1.493103904821944426e-05
4.477116143092732059e-04
1.257626902230403465e-02
9.043377151131818878e-03
1.249853833447803382e-03
1.027176814206110715e-04
1.388798066760482485e-05
5.997059535755355185e-06
1.080922356870721718e-05
6.654392222696657632e-06
4.795812601765573290e-05
1.319890750418064923e-03
2.819659654104424238e-03
1.017591160897095108e-03
1.560747725870583824e-03
7.326581618556879741e-03
2.084639863752763000e-03
1.075087360603781171e-03
2.246352200587856400e-04
2.980196171876940800e-04
1.997508928591002538e-03
1.089964320341997757e-02
1.077557604517122812e-02
1.230774158195626321e-03
2.841538509161422232e-04
4.404160547661480979e-05
1.400030582787797049e-05
3.646186839211290393e-06
2.146221955644035919e-05
4.749498759220512089e-04
9.564328899456190497e-04
9.366665170647726782e-04
2.381368924904242630e-03
1.316829724378061053e-03
7.883300502275840914e-04
9.416594383776772867e-03
3.870247641705497604e-03
2.745203962935567100e-03
5.755735598620886689e-04
8.557074554306116649e-04
1.101872599042760456e-02
3.303553639941936119e-03
8.802826095112779555e-04
1.042211356743020243e-04
1.510166953222781606e-05
1.833218398575922468e-05
3.318017466439980427e-04
1.397848632891275991e-03
6.849972768579331867e-04
1.252713460160097009e-03
1.160439961094464085e-03
3.422307276616165170e-04
5.628936940081039888e-04
5.347450286575494358e-03
2.321649022672629247e-03
4.897924396154731963e-03
1.972013566557864750e-03
9.989825372166076089e-04
1.113723361880065814e-02
6.677939145814349234e-03
8.353507940653688004e-04
5.818623633805904225e-05
1.225352246438324581e-05
8.595419506302351095e-05
1.489666358162185407e-03
1.449477657017540864e-03
6.469861305479944003e-04
1.053926376559386488e-03
2.221520219521687172e-04
2.083521642320963470e-04
4.719131701685252327e-04
1.164915361327573421e-03
2.319142660854232180e-03
4.058439405501878226e-03
3.742204206220638932e-03
1.122060258008025779e-03
3.748433513084370363e-03
8.328699693351123215e-03
8.383439567420712755e-04
3.209226806178453828e-05
1.123791059268778133e-05
1.962459726960140891e-05
1.119815705310719142e-04
6.618286388806265096e-04
1.626016224691859613e-03
2.949681527912888972e-04
1.765468815747620431e-05
1.308541092150913615e-04
7.205917323890319347e-04
3.904304469563426379e-04
1.227688531264658134e-03
3.317526183392329863e-03
6.523000549620976488e-03
1.315215875026547318e-03
1.510479894179252896e-03
9.069138858813932322e-03
9.489596650399573273e-04
1.776440803062600841e-05
7.697219071072100303e-06
1.347806152139871729e-05
1.349186443048626209e-04
3.261909782891981614e-03
3.297890173164094545e-03
4.698586185369779569e-05
1.610763954698742468e-06
1.539554954918833214e-05
1.982466978356682509e-04
2.120698414775657467e-04
4.982103814022700253e-04
8.498355326101069080e-04
1.914362525070633422e-03
1.112033248097357881e-03
7.051151600643971486e-04
5.005189040829704367e-03
3.272883492258512033e-03
7.067703042551243882e-05
1.170574658068453433e-05
5.495099108212979681e-05
1.727736877432929814e-03
2.105422493468891987e-02
4.436475532136340688e-03
1.341698117265923372e-04
1.255344719164884051e-05
3.665060847744849078e-05
4.444616048496951763e-04
1.502141834270793530e-03
1.445104164643061127e-03
6.094841008913579657e-04
2.907700120536250727e-03
5.839529747780620832e-03
1.074187060655097149e-03
3.436657426761339455e-03
3.461234908115614489e-03
7.892182691377734604e-05
1.240505735524230270e-05
4.026566207753572813e-05
1.868845124818566562e-03
5.429819521695120055e-02
1.655476732001821827e-02
3.022100196013776177e-03
2.434814460924140424e-03
1.818349820562235918e-03
2.655229907576506405e-03
4.386944890718632792e-03
3.791765039325376181e-03
1.860135923353988929e-03
1.156563164843308310e-02
7.296841823900063716e-03
8.141069234451661337e-04
1.531892800762935276e-02
4.138806873290984747e-03
1.628851590193770694e-05
5.809473891093200173e-06
7.198820894829988306e-06
1.746573263372358444e-04
2.841710436860378844e-02
1.187791242794559478e-02
9.397237128248756791e-04
2.488493857926569672e-03
2.087553207661260821e-03
1.293953468027421536e-03
1.432791717219785398e-03
3.535141821085757436e-03
2.187293794155832551e-03
7.065843157163868328e-03
5.705212381955986241e-03
5.269747278922497702e-04
1.330012702681883374e-02
4.014695723212122550e-03
1.465098569875832022e-05
6.826185086559364753e-06
3.973223955725890400e-06
3.318977709917723349e-05
5.511277862771338069e-03
4.410123976092650451e-03
2.704700280047222160e-04
4.061564618175389279e-04
8.213131201269467489e-04
1.729092379457689661e-03
8.996606412364260884e-04
1.844619026671555405e-03
2.892667664200568051e-03
5.851968873018774386e-03
3.485705005193416844e-03
7.718331420974742845e-04
7.049611089216169940e-03
1.655698697459322870e-03
2.203811584380708258e-05
1.269276404479976539e-05
6.747010297279218828e-06
2.538998058359329785e-05
3.375026028333672585e-04
3.804985725864149697e-04
5.663088622798004724e-04
5.185028759377267610e-04
1.460712568703184775e-04
3.279042586571552205e-04
6.154659862978307779e-04
1.108408799083791720e-03
3.313579178172523267e-03
4.855223164277674454e-03
6.675989549845319244e-04
1.209919580027591984e-03
7.784984628485442509e-03
2.444017796304059085e-04
6.694248686926640496e-06
1.086120012463929251e-05
1.477631888870171364e-05
1.301204647244397650e-04
1.171298130440687202e-03
9.551023036725657086e-04
2.351915830170166113e-03
1.501953717966624403e-03
1.703344746295524972e-04
1.797513610092401552e-04
9.089907945110299202e-04
2.388863537182424595e-03
5.115507021734831856e-03
5.076340911921824878e-03
8.389860830374900854e-04
1.667185920198700723e-03
3.478067878777176079e-03
6.262602235899192955e-05
3.238210212421411132e-06
9.448908038100086267e-06
1.113944473041360774e-05
6.785395683114117682e-05
1.891981300899527128e-03
2.990576466305484241e-03
2.577765884874108539e-03
5.203434295782181571e-03
2.409180795560201833e-03
4.787234107421369346e-04
2.887497987760309246e-04
1.810485125095232482e-03
5.774071478503699749e-03
2.947433746947734304e-03
2.108181814070392464e-03
2.854863343599018180e-03
1.788079191239029531e-03
6.556890530933398814e-05
5.541101991615987244e-06
1.201181813266282027e-05
4.109545314895634054e-06
3.796681517094300791e-06
1.268049830764393193e-04
5.707717504888283914e-04
2.507670482425813636e-04
1.008915978163968646e-03
2.356344357956158004e-03
8.088585258155785510e-04
3.588657431863829725e-04
3.921698530017809527e-03
6.788863078492579639e-03
1.783119116109315415e-03
2.776893770824587649e-03
5.123224451249948873e-03
1.711692373174741010e-03
6.758439858236582479e-05
8.064810142179227093e-06
1.408881031252982994e-05
5.085176031901108391e-06
9.760498389675312220e-06
4.246762680383459922e-04
5.587937916663025285e-04
1.159012321044250221e-04
7.089061018566772052e-04
2.057236780735148020e-03
1.828476490234520616e-03
2.403786949749140214e-03
6.684255495065885913e-03
1.125153467534389289e-03
1.227442918149884710e-03
7.552549494356407787e-03
1.847687731678077268e-03
1.147036972226601025e-04
1.380570298066304132e-05
7.146144872857200098e-06
1.535075565904325695e-05
1.065022227912518484e-05
1.225712560251123275e-04
3.249184979236916394e-03
7.999909871996155547e-04
8.157953090018903912e-04
4.506214587264955988e-03
1.446257376253349495e-03
2.294482413092507282e-03
1.821934133614907646e-03
1.313271110448658218e-03
4.626709666221353484e-04
2.015472485138283636e-03
1.476640131482247209e-02
2.823875264009902261e-04
4.319238478130333073e-06
3.040101684182849941e-06
6.985373316077742636e-06
1.691278904268262887e-05
8.194915549280391262e-06
7.226960896047450315e-05
1.526391710522802692e-03
2.060895156657201622e-03
6.759686420727293275e-03
3.368527798495082187e-03
6.521687986143765142e-04
3.607357788706671425e-03
6.166558042856149120e-04
9.744371294597784904e-04
6.278842966333057600e-03
8.255142455994100154e-03
5.245904646091924771e-03
7.570579816244760120e-05
2.695702103142823715e-06
3.771748963092145835e-06
8.980825282298289080e-06
1.763464271064352294e-05
1.637203242954732719e-05
1.190420465714697197e-04
7.391962422078368102e-04
9.167085804346443781e-04
1.079233961330852568e-03
9.812981029936762459e-05
6.745421183354875750e-05
7.032971069342553675e-04
3.940171978727313078e-04
4.536663616773093342e-03
1.032110091534371547e-02
1.302256487658315538e-03
2.439003912067806126e-04
1.715090743918335888e-05
4.540686275156423981e-06
6.934313784673129316e-06
9.944855933071247738e-06
1.649741052236623127e-05
6.353966160245836791e-05
3.446169912152117955e-03
1.065081521597251515e-02
1.231284058014554773e-03
7.797284355944988790e-04
8.536535922746741364e-05
1.098784260656887732e-04
1.044474419238748631e-03
5.530538258319631084e-04
1.417880580546738989e-03
2.574744047259843838e-04
2.236790739269218462e-05
1.328818576602185719e-05
6.878994171888738991e-06
6.690790124689112680e-06
9.123694413441259645e-06
9.885600813899177291e-06
1.616468085337725440e-05
2.265791892680272358e-05
2.301652090849155841e-03
4.490310219425329430e-02
7.588841880550664318e-03
1.839461896190254520e-03
1.467551090718140672e-04
2.118758217025130117e-04
1.656719872702793785e-03
2.067910423373466608e-04
4.647445515580931919e-05
1.330688881168874429e-05
6.417532064085699640e-06
1.070101331755072773e-05
1.363866535300479035e-05
1.581642517968106685e-05
1.665004778448933893e-05
1.641726925251407889e-05
2.542889813839729698e-05
