8.683298209961456200e-05
6.396228391689381780e-03
1.226843486940162181e-02
1.877539492059409829e-03
8.654530096310538443e-04
2.213779354929422578e-04
2.124968843440101101e-05
2.372812029607595071e-05
7.289438843852014279e-05
1.268444557285050979e-05
2.783205169653639970e-06
7.064954707346725564e-06
1.163833472267561336e-05
9.982188204971486541e-06
1.155928050752398319e-05
1.192685227570250529e-05
1.134111768784734723e-05
1.784237762088003015e-05
7.532869673258619733e-05
2.031794712326844606e-03
4.174670389083142558e-03
5.282158244939122275e-03
4.392450305487272631e-03
8.096121334624296114e-04
5.700395591068502222e-05
6.717280673528094089e-05
9.118554028289644568e-04
2.527513579589749136e-04
2.599661221854489916e-05
5.602299633938087175e-05
1.940200949034064724e-05
3.166553919542264687e-06
4.148288916614899944e-06
6.833220441382503136e-06
6.917819362622559691e-06
1.118292552360632953e-05
3.567300814015537459e-05
2.904613549801902039e-04
2.263094120647665089e-04
4.996068825728909504e-04
1.076657625727835610e-03
1.293537644018768042e-04
1.098528818948250885e-05
9.424727947016213480e-06
2.201203119690097886e-04
6.673883683403151589e-04
2.931992298464221780e-04
8.816842499145395671e-04
5.287518599414614166e-05
9.612742993816087327e-07
1.192459223596091614e-06
4.739473270378170483e-06
7.111006206292811708e-06
1.149204651171373886e-05
5.061728076341141455e-05
2.131271052391063396e-03
2.222387037867629752e-03
1.040867159943566645e-03
1.121461955227534470e-03
8.407970606355123246e-05
2.833307307211350621e-05
2.097913683023411779e-05
1.048843508834303102e-04
3.595275532685490868e-04
1.554942221648799704e-04
1.050889904801273131e-03
4.055018123490273531e-04
3.522412917373020281e-06
6.841276348355371409e-07
2.366032571277025488e-06
6.222267928659643252e-06
1.228051095437915156e-05
2.690264064876065231e-05
2.842859794107194162e-03
7.427633314499281110e-03
2.077699391750410015e-03
3.004833206950449555e-03
9.210105669491665346e-04
1.770328637587761716e-03
1.552019819722753186e-03
1.080067997875000822e-03
6.151779418414317314e-04
5.600023787337942680e-05
2.300353402891641588e-04
3.028792540398135731e-03
2.261984086654915209e-04
4.503442185076105887e-06
2.069953365500456930e-06
4.717099932411735388e-06
1.198307282708171188e-05
3.539532564359621094e-05
3.648922697098313725e-03
9.966995160762109549e-03
2.112450203073490407e-03
4.178922002948871894e-03
1.818659603855897174e-03
2.808906861198421506e-03
4.993758830111594965e-03
1.357532623960377126e-03
5.230340027840412473e-04
1.041881609510672655e-04
3.221942724691416216e-05
3.694824168220545981e-04
2.292849904193168271e-03
1.425380635716373440e-04
6.904901223683244349e-06
4.619865949476709777e-06
1.153505953925290940e-05
4.381295380947193552e-05
2.468219630545099436e-03
6.292262618120211988e-03
1.731763902121503029e-03
5.732136675562824087e-03
2.192962171639224224e-03
1.091762030515586613e-03
2.447284259898195938e-03
1.066417133979347641e-03
1.207053612376698211e-03
6.253286199041785268e-04
2.442933069840109319e-05
4.259379415253367512e-05
2.452468265266790487e-03
1.071705592625204389e-03
1.815410484537719824e-05
4.287753471113193395e-06
1.085828398396148902e-05
4.797634398833074770e-06
9.457332014314202156e-05
2.129003051992062537e-03
2.781717999856670072e-03
4.986557905344465164e-03
5.375283465421352297e-03
2.925373531289823109e-03
9.204114253023094232e-04
4.312160336043865255e-04
1.028431290801636684e-03
6.421198130660645854e-04
7.944466911239313081e-05
5.726849662987244072e-05
1.093764133448730689e-03
1.592762946523139118e-03
3.125829083050069831e-05
3.580897477351007009e-06
9.480927359833975058e-06
1.519605763266048042e-06
3.060254658177149789e-05
4.328014672186128627e-03
8.180168477604417634e-03
1.661668568220398077e-03
1.944502319805162683e-03
4.662579496695037559e-03
1.588458364240892930e-03
1.250991522702304308e-03
2.368814193473521828e-03
2.404160405626274994e-03
8.134383349624504499e-04
5.053004218864876626e-05
1.838466744993969427e-04
2.006116630307157225e-03
5.186341108398704935e-05
1.969451987246530162e-06
5.546234114509870022e-06
1.369869665151915290e-05
3.307383380494495072e-04
3.886675348107700243e-03
4.519874337805452995e-03
5.818305466176244486e-03
2.464011909249887080e-03
2.077724684358883342e-03
3.946731987921622310e-03
3.336192410770722969e-03
1.410124391545470538e-03
2.548488691881035332e-03
1.578219229544218548e-03
2.796950145640195168e-05
4.888671592534960176e-05
1.519307947863782812e-03
4.761020616296019782e-05
1.435109484136477044e-06
4.000406732059445748e-06
5.319528413286805972e-05
1.854140639864772060e-03
3.943111594994591802e-03
2.192767782247443016e-03
7.405077542678468495e-03
1.197893065680559954e-03
6.575371743343371442e-04
3.845240629449435052e-03
1.224887850854802654e-03
4.324250230636683331e-04
1.144258431133138732e-03
1.930279100363453465e-03
2.554862534027369176e-04
1.270370470923602409e-04
1.669400734181795791e-03
4.246079500133782630e-04
4.903372365377362614e-05
2.707492883123776198e-05
1.917305248370851169e-05
1.990892671188703757e-03
5.098800028846074694e-02
1.968985216982901965e-02
6.129845936026093525e-03
1.662822134032931453e-03
2.193257442589652967e-03
5.204696297948715154e-03
2.263523407371287668e-03
2.699964377939700379e-03
2.762609820366339168e-03
3.437590990967011491e-03
2.891417040197827998e-03
3.621652715120476126e-04
1.897865108906532112e-03
3.456188831802048042e-03
8.338338198004490668e-04
1.090308839541143104e-04
2.139277417280348813e-05
2.006653218770040881e-03
9.622131093756988718e-02
4.310235331153210170e-02
1.028727252542711856e-02
8.320399479989755431e-03
5.179899482112951085e-03
2.577931741906144911e-03
5.208291439273969939e-03
6.205524517092228867e-03
3.109661557562016631e-03
3.486699927901305059e-03
3.816018536962758126e-03
4.643423940848524995e-04
2.448415034791462039e-03
2.127820103452522042e-03
9.879700105157238597e-05
1.859033551715160842e-05
1.557328064194408938e-05
1.523315467212358774e-03
4.746716545954852290e-02
1.722494666203440439e-02
7.670756162585455444e-03
6.532325672533033020e-03
7.222283668023208279e-03
3.220139576282710688e-03
3.820067373097338955e-03
2.163581297333714865e-03
1.419110687427430420e-03
1.952197160287269919e-03
2.010150961861641161e-03
1.958267817940916684e-04
6.196869378423325910e-04
5.669894827473007408e-04
1.750539293860310921e-05
6.114878070801162686e-06
1.609338574770620145e-06
1.090057660053046822e-04
8.459419621362878824e-03
6.396307473983315652e-03
6.054889174881989029e-03
5.038886509426306060e-03
4.240633264953993370e-03
1.097705966297829981e-03
6.966880884926677240e-04
1.015255769530055627e-03
1.477671339096699133e-03
1.550975154741915255e-03
8.489474154389888352e-04
1.720749495570955028e-04
9.451434264345032286e-04
4.545698413189136694e-04
9.987439592629505488e-06
5.932332385007309887e-06
8.011136055798674854e-07
3.467782364838907576e-05
4.903981418172881704e-03
3.226642266158804249e-03
1.943491271165982779e-03
3.141216646877088847e-03
2.454716584692255999e-03
2.409548031105304168e-03
2.514774812563929339e-03
3.237252517400905031e-03
1.974834987902920891e-03
1.066399946682860351e-03
2.861408242401118130e-04
2.149749045302178356e-04
5.944560073992113426e-03
1.170946227143635247e-03
1.098016964238252528e-05
6.977093928037877273e-06
1.124198916843224916e-05
4.295140798643890087e-04
5.035461693081736724e-03
2.297907328234846062e-03
3.176652985085264089e-03
3.129706752718323329e-03
2.589028396720613988e-03
7.816973814786520869e-03
4.413132631931703312e-03
4.785997922651158767e-03
4.853901244701479441e-03
2.698258603904590651e-03
6.516943230139295943e-04
3.940499797426648128e-04
1.111263651158052746e-03
1.083802789347674303e-04
5.981748142298267599e-06
8.683707093994804380e-06
7.659684613690949015e-05
3.958743283087627803e-03
5.448469908613649652e-03
1.556044072329834530e-03
4.051846279682700183e-03
2.899726360030881016e-03
3.215177073366294862e-03
2.362805297124854174e-03
1.637883338388169832e-03
3.725650667987019920e-03
3.984488363965673144e-03
8.910646024298467900e-04
5.618889292200877818e-04
2.167397302902497949e-03
1.857345172882694101e-04
2.927996871666780040e-06
1.729582349707960888e-06
9.157798383975085241e-06
1.409734416607019009e-04
1.279009288316461422e-03
5.100883798444648572e-03
5.936782471940747589e-03
2.371663044056531843e-03
8.829415424186986498e-04
2.915264989641926877e-03
1.525534302973017816e-03
2.621130176018887127e-03
3.820748974030366459e-03
1.290859091581340054e-03
7.063666205497387844e-05
9.739040186208179324e-05
3.356289691961585400e-03
1.309350414195134006e-04
1.243721527327323286e-06
1.709908675581463926e-06
1.074430021292681002e-05
4.701595560784066138e-03
6.595371017946012777e-03
6.253453690369309426e-03
7.457925109598606030e-03
2.462231632608280485e-03
1.239570063593873391e-03
3.516056327834932421e-03
2.060624320909916311e-03
1.218404371971756319e-03
1.003931758625524603e-03
5.651479925936415049e-04
7.063738639670877264e-05
1.899675556174760518e-04
1.340901480160579728e-03
4.246912529594069240e-05
1.911572159362308980e-06
3.309926048278512801e-06
1.230213056468965659e-05
1.452956103711244059e-03
6.973654530456245906e-03
7.679145754824673320e-03
5.486389708027725361e-03
1.316167103795497402e-03
8.398744332654041337e-04
2.023267475467350855e-03
1.301816136530914089e-03
3.371591576792472246e-04
3.634878287708088280e-04
2.525459118526845212e-04
3.740928033815995495e-04
4.627969925572741720e-03
1.227336105379832776e-03
1.538219543617199919e-05
2.991721359024332462e-06
5.360468444050533195e-06
1.255337739717106510e-05
6.605637193465324793e-05
1.778629763402263383e-03
8.846928062300642506e-03
6.622546441948767501e-03
2.838644548461977525e-04
1.032605756328526335e-04
8.360744622516600366e-04
8.034499043514059611e-04
1.135794921488111295e-04
1.917629365996373087e-04
3.170161981497362992e-04
8.547923626775914612e-04
2.524131797186963348e-03
1.256758028042039249e-04
4.868088844211697892e-06
3.711432057197279352e-06
6.528493406262270467e-06
1.219552260051978027e-05
2.851984748228808455e-05
3.468283983819909501e-04
3.399862492180334922e-04
3.066881705204308937e-04
1.301791685700555261e-04
6.000577281249657889e-05
1.526649921374755015e-04
3.093306812345637900e-04
2.277678568670855083e-04
1.058465572154308710e-03
2.261825528565075683e-03
2.535430212707229843e-04
2.288799785091385252e-05
3.823740516334107413e-06
2.447895969588626050e-06
4.525523117552470482e-06
6.632785909956057807e-06
1.137463339595943382e-05
1.914772176952498576e-04
1.992178301342000229e-03
1.290163088521274065e-03
1.111533244037884137e-03
2.422189671156830138e-03
8.229386404699242210e-04
3.967922070823627916e-04
8.425518640598023091e-04
9.775900752227104085e-04
1.475125444296020638e-03
1.115318670535599393e-03
3.767829157848448198e-05
2.311538792647656555e-06
2.077622999557659723e-06
4.243473134844819081e-06
6.252295827433537349e-06
6.714089712927823550e-06
1.125219955024676429e-05
1.089517491176957530e-03
6.650906543884194458e-03
1.481912352840778976e-02
7.807911930829875696e-03
2.257335489128849040e-03
5.763426872535758584e-04
7.146952136599821767e-04
3.615091830601891701e-04
5.319218283615919176e-05
2.923633229682417087e-05
3.790565367006705976e-05
1.440519170399543124e-05
6.210186113706023329e-06
8.666143935886387524e-06
1.231097488203142376e-05
1.197980257907811358e-05
1.136759530131511575e-05
1.792811233863540177e-05
