8.126582277614895840e-05
2.398355357125792064e-03
4.696851767220684704e-03
3.689800906245079871e-03
9.784397303547445659e-04
4.638020971208689530e-05
1.750445030567362615e-05
4.332436789938397221e-05
4.357973247244752705e-05
2.883814554224152499e-05
5.257873048465189718e-05
7.455464823977201924e-05
3.000023254956921180e-05
9.836904881731177498e-06
7.622126365423598712e-06
9.487797309666776193e-06
1.076233474510556445e-05
1.668549547424922849e-05
8.036855281898783914e-05
8.693227933059785887e-04
1.318414693301171205e-03
1.142141736026973473e-03
9.712182341730660944e-05
2.544157048088809385e-05
1.872036845613332277e-04
9.142075703859971116e-04
1.340924400124745468e-03
1.050105245649068323e-03
1.378032690701861112e-03
6.754958284654256255e-04
1.626091461899007351e-04
2.731262137036197894e-05
6.324208974276557203e-06
4.889638867068144874e-06
5.942619803726753016e-06
1.088887086668566812e-05
1.466330746864302787e-05
4.155134866425798346e-05
3.439704641289163182e-04
8.540552713383625259e-04
8.605060133611727139e-05
2.567850287020189402e-04
1.732775179245067123e-03
6.216762537614574195e-04
4.885945493668965561e-04
5.469545137188837249e-04
2.652845327696729590e-03
3.842759262065441241e-03
4.718068008765166502e-04
3.214067481933854535e-05
4.178126440425224994e-06
2.752990121629237694e-06
3.955112273553798178e-06
8.925181595020355844e-06
7.235509096470164669e-06
3.664505165438659113e-05
1.081071432560165059e-03
1.070466832744461664e-03
1.653441332433261163e-04
9.736087095539531838e-04
1.277146512832414826e-03
2.388219686227488047e-04
1.479870866559773203e-04
8.664920089798648227e-05
6.749568966108581433e-04
1.027445139097499585e-02
3.269187479856326337e-03
1.081737326224932390e-04
5.995736126509775777e-06
3.922636365037525281e-06
4.509733713772848954e-06
6.331187982285702805e-06
7.780995278795898988e-06
3.832278643894500270e-05
9.411005114440443948e-04
1.386949713365327698e-03
4.378949238117204592e-04
4.980487103138960935e-04
7.725696485962623870e-04
1.434465742453381112e-03
1.466696136032712627e-03
5.400019310556225961e-04
1.818497757428495277e-04
6.841449739595781634e-04
9.263112407861224390e-03
1.904614745193838497e-03
5.946289159536833697e-05
9.776637187311498257e-05
4.335617196331673789e-05
7.138582968708238745e-06
6.470273841103011057e-06
1.356764288272988727e-05
3.010872505482668250e-04
2.231393044995368894e-03
1.585660926720261531e-03
1.123881780125876844e-03
2.775358912874819912e-03
3.247349987237615511e-03
2.185712756984806680e-03
3.051655467946569420e-03
5.848519061366744308e-04
2.685271510642806177e-04
4.631546630549958007e-03
4.864658914426039232e-03
7.407383253652647954e-04
1.612338210603807883e-03
1.480528124222078477e-04
6.973390235738457996e-06
8.091637666840955279e-06
2.658341788597784179e-05
9.661627889234419928e-04
1.433681155765214547e-03
3.809380728779671065e-04
1.683912393857531957e-03
2.613773862810081852e-03
1.739908739995259593e-03
2.660763265117823545e-03
4.076866300648240848e-03
1.782435521052184437e-03
6.823373988878888479e-04
1.327432678601993309e-03
7.187627029818306930e-03
5.432592254163808899e-03
3.773337114950256433e-04
9.385815808611100972e-06
3.061635627309734330e-06
4.673590274430817584e-06
1.732571186532452811e-05
2.312020306712908677e-03
3.232536789383808149e-03
4.263254069165227974e-04
1.226175481696930528e-03
2.304249249118104042e-04
3.843377701560904891e-04
2.290269821911984378e-03
1.534356974095019881e-03
2.130657960080227335e-03
1.575800209255494690e-03
1.905307521355224635e-04
8.856189214742226810e-04
2.479522740296547217e-03
9.474129596605511004e-05
3.921607767968256678e-06
3.949538995243652569e-06
2.980634977063437293e-06
1.351722509646729826e-05
1.910087102755459072e-03
6.391686258087171148e-03
3.012651766082819014e-03
4.554836994967146474e-03
1.104794418599455534e-03
1.462357341828315720e-03
1.274405830797494107e-03
1.021624894305983924e-03
6.377648339725539017e-03
7.483348243008487374e-03
1.405896564853404730e-04
2.034316332942012436e-04
2.710922491921274272e-03
8.455343704573503420e-04
3.177070706087144989e-05
7.945608182614004051e-06
3.857773255737806999e-06
5.649456696843580770e-05
3.658538593927227085e-03
7.118876986536653260e-03
6.553545428351566053e-03
3.854459399098165290e-03
3.468249567332730345e-03
2.974452317649751380e-03
4.578069185322751434e-04
8.328744488364863644e-04
2.329482808084173701e-03
3.850385324257814181e-03
5.635035206014029447e-04
5.922520561310992606e-04
6.797583327385550364e-03
3.799248780683723691e-03
5.551446504813584842e-05
4.777226948337222983e-06
6.719967157684552769e-06
2.024149465228082556e-04
9.103442009901773629e-03
1.130668649546849418e-02
1.053896568779079390e-02
3.731493694821591978e-03
1.632102632552140517e-03
1.106801254624012118e-03
4.700638020895377481e-04
1.797940732108330164e-03
1.141539456519767310e-03
1.426954314534968410e-03
9.887356035592034017e-04
2.362692203454738250e-04
1.861406900501827097e-03
3.229075741037640192e-03
6.177250779423842486e-05
4.333141318260200288e-06
2.423524291463742796e-05
2.144414262293264668e-03
6.262044365067379048e-02
1.598223693420770461e-02
7.807217170850594065e-03
6.612387330604759667e-03
2.059118156669282555e-03
1.247657460901313532e-03
7.898266474137891199e-04
1.574970407095280418e-03
1.027301992239184909e-03
1.258368866421924600e-03
9.316628916373662474e-04
2.013533283627655889e-04
2.986954458825012704e-03
3.480151478531806099e-03
1.533299382904394401e-04
2.045166341423775437e-05
3.332364580847600445e-05
5.030818100187238982e-03
1.438455893869101387e-01
4.617340307156336116e-02
2.578472451026986648e-02
1.105114012985575211e-02
3.035295180817002784e-03
4.384525223778482951e-03
3.085719491512513638e-03
9.470822692937198341e-04
1.065513139169259153e-03
7.768200465514642737e-03
4.434043540799657152e-03
5.539592241609981671e-04
9.102028742803859943e-03
7.042493303580667045e-03
6.009262523050500071e-04
9.586617018068348977e-05
2.172016683304697928e-05
2.182552239434342508e-03
6.268023346634114812e-02
2.812807527730251320e-02
1.090341173197657137e-02
4.362799651976152424e-03
3.259175012353013150e-03
2.592923896177651635e-03
2.537703988002949947e-03
1.647783523313000242e-03
1.296054173647768733e-03
4.001740950428893731e-03
2.032948883524068277e-03
3.843053702191348499e-04
5.622548144187282555e-03
5.344003342759463988e-03
2.126305679178179184e-04
2.590696641884135469e-05
8.179434886923555290e-06
1.636510536521291624e-04
9.902942729371205441e-03
1.649081775315790893e-02
1.129704025101236145e-02
3.958868346141826075e-03
2.408138120976977773e-03
1.025338553951840332e-03
5.410978648573963514e-04
9.318247554120995604e-04
8.539885303472537128e-04
1.239926159485748528e-03
1.677302083267064124e-03
6.375286454553529556e-04
1.860799951128014242e-03
1.973570776598983158e-04
2.945294145764003634e-06
2.118462536873666383e-06
6.280112960130525724e-05
1.083071960970593314e-04
1.915196263768002968e-03
2.541822539455351054e-03
7.745752184594387364e-03
5.144215169907008327e-03
1.893346089857212994e-03
1.890498023686434112e-03
9.984261843555555186e-04
1.466647325616661415e-03
1.368969636586069277e-03
2.408675113487907752e-03
2.606687471485677216e-03
9.231004742748558740e-04
6.083069270188826150e-03
2.520125087462027434e-04
1.254527799429949432e-06
1.877971983760742069e-06
8.483559206942807617e-04
3.025713084686871310e-04
9.714343519556795222e-04
5.923747215567409016e-04
2.724604571193449572e-03
3.297588033431119153e-03
6.113643665823721880e-04
2.196087339915677632e-04
2.421008436821342220e-04
8.804682534275738758e-04
8.169068420401850300e-04
6.109796048774640814e-04
1.010223436065237502e-04
6.161573753190256037e-05
5.053184908298401397e-03
1.098148522220837716e-03
7.196044235545079107e-06
5.795040388814861757e-06
8.389872482956861448e-05
7.421420858922007924e-05
9.389538984945210469e-04
1.146368548618342418e-03
1.364011567660667647e-03
8.381903261965827079e-04
9.923685773257657084e-05
3.811049890242363173e-05
1.531110941332805618e-04
9.650342126305948027e-04
3.276040586088802518e-03
2.622599189672563877e-03
1.694070328363664378e-04
7.345774807004933104e-05
7.879130821103158371e-04
1.464456466337530651e-04
6.062405174392526183e-06
8.009451940735707275e-06
4.372923815086409834e-06
2.410219758116476468e-05
1.454671315722533883e-03
1.071312449210416523e-03
6.342451386547379426e-05
2.386713105055932076e-05
2.989180487145434871e-05
1.828615862501730099e-04
1.674913421249172793e-03
1.937985017133661819e-03
1.204083467990385483e-03
6.434815393839528677e-04
1.088325599500002388e-03
1.232489618661810390e-03
1.211983805906289050e-04
5.487251989567013357e-06
2.221159525715133019e-06
8.074919205515061752e-06
3.642651590974289293e-06
3.523967874557921743e-05
1.890132214977437858e-03
1.443899862061268731e-03
2.057127461321115177e-05
1.268873691513123963e-05
1.606162775229609465e-04
8.921450559913294154e-04
5.391574644050541737e-03
4.352918863664813169e-03
7.301953593386543160e-04
3.178527576424239288e-04
3.173984786215499308e-03
7.146288005083128135e-03
7.480422697891517985e-05
1.704815120073687811e-06
2.095263720203836974e-06
9.704244626388328264e-06
2.541605315065736972e-05
1.294854606511951787e-04
4.724410855189275908e-04
7.239375937918712681e-04
6.873289030173885834e-05
1.609706985489289864e-04
1.859766703678029367e-03
5.170558459358148753e-04
4.851323384308692558e-04
2.371120555840379039e-04
2.905641637143179185e-04
2.017077194506724028e-03
1.686673706882708046e-03
8.923744797115325733e-04
6.181169715119893345e-05
3.831529335490597117e-06
3.722726158011556252e-06
1.097247696009741370e-05
1.278406391170047035e-04
5.963721669257118210e-04
1.026292380619948908e-04
3.056495953305570689e-05
1.304202254616773208e-05
8.033400242950579525e-05
1.023409953755178865e-03
3.159099824121413430e-04
1.467378059129801780e-04
5.486564163457492992e-05
3.593435660201196955e-04
6.706576638282131693e-03
1.976211295722152456e-04
1.361710021349782780e-05
1.189358711997958969e-05
5.947061831269852331e-06
5.455933196240760081e-06
1.096117479286236108e-05
1.742460945762576920e-05
1.906971235028648705e-04
1.681506821101450542e-04
1.138604311918281612e-05
1.475547225748847634e-06
5.085557672734161404e-06
1.394540984533312454e-04
8.231180975615568851e-04
1.180052540054566182e-03
9.333183032302518186e-04
2.249373220654267685e-03
2.388524819751577759e-03
3.064184858050228026e-05
2.164103302913874510e-06
3.991917723013749753e-06
5.618585187535487908e-06
5.847030271711501215e-06
1.028547001057758783e-05
2.913882027513049429e-06
8.978944567984272558e-05
1.967087788613188382e-03
8.762845122141859570e-05
1.797082674119869728e-06
1.665779729980875853e-06
1.403606074130325046e-05
7.487260190255062549e-05
9.057997331593497104e-05
8.299246074216809922e-05
8.124652226485752843e-05
3.741356168703836128e-05
6.127713817211260439e-06
2.989720775448305758e-06
4.879378096672027030e-06
6.003887202932035428e-06
6.027895187359832231e-06
1.028876594887712400e-05
5.591099286479095264e-06
7.225758250058407289e-05
1.170215888424785185e-03
9.010606379883219171e-05
4.205007701398762210e-06
3.734760798743411704e-06
6.453661849222599124e-06
6.019194119381603015e-06
3.548109662409743788e-06
3.119356140221908949e-06
3.936757310822945538e-06
5.156624918919148347e-06
6.685159651567172653e-06
9.065118346963555129e-06
1.105085119734187715e-05
1.060653544721543389e-05
1.031905073551794681e-05
1.629712220760561753e-05
