9.390863472228887069e-05
2.176492859069800029e-03
1.511567904524580529e-02
2.881981780334680592e-03
1.614676353786674221e-04
2.221582311922807429e-05
1.218163231350663940e-05
1.497144573517942945e-05
1.688764897349355888e-05
1.552793045594076906e-05
1.442872727880071854e-05
1.339202471177843876e-05
1.152913422830988482e-05
9.967771827719822220e-06
1.037672884549819474e-05
1.239373560302550003e-05
1.565062653522409012e-05
2.591853840811731289e-05
6.390439994708290504e-06
3.343815964969171499e-05
1.211900528056697891e-03
8.044804407416004596e-03
1.958610273511796930e-03
7.164345644946965702e-05
7.317901434701697945e-06
4.783190938548153302e-06
5.028377178473580368e-06
4.675714918769623543e-06
5.992106719832898617e-06
6.784637458829175323e-06
5.481557251466033502e-06
5.794776031065088514e-06
8.156180374150782137e-06
8.196788421134921604e-06
8.144465356164651154e-06
1.515862289398289359e-05
4.837373906107052734e-06
9.574907742555531401e-05
3.740014222905282178e-03
8.021150613989391559e-04
5.907272596078980695e-05
2.175462992767539260e-05
6.193635574467919592e-06
3.171683824220022563e-06
4.926428430767154317e-06
8.723710793520199024e-06
3.672051713933156152e-05
7.428481498373011496e-05
5.868479208594287229e-05
1.174063099383196995e-04
1.891527465564323907e-04
3.802286526964755405e-05
7.507998830260338264e-06
9.709843706555045995e-06
7.261527135804129588e-06
3.056219868120817087e-04
6.227198792826013803e-03
1.287463950727829229e-04
1.178313221525342502e-05
1.028209653900529136e-04
1.348966928992599047e-04
4.310779529677329438e-05
9.437625913256226986e-05
2.752574640282263768e-04
2.204802812780712589e-03
4.544191013182027894e-03
2.021972056218733580e-03
2.304876775552889244e-03
1.479986997102714606e-03
6.613438308645566536e-05
6.227401383912490296e-06
1.194544607882074748e-05
5.413933235994501723e-06
1.806541577748602901e-05
1.233961341470879783e-04
1.047205037748318956e-04
2.052926325585167553e-04
1.781104240583260279e-03
3.831796967698148770e-03
1.110868469620607908e-03
7.093723873097970787e-04
4.980596858318972649e-04
1.463180379369871144e-03
6.731436156381561710e-03
9.776471555152406803e-03
4.249656104687854832e-03
9.985228465998038840e-04
5.034450761675343178e-05
1.826851156952883615e-05
1.867685489085715346e-04
6.443836629759585084e-06
4.569045773702754993e-06
1.360833276681971726e-05
1.250263454067031363e-04
1.154830617562299612e-03
1.756453832627130054e-03
1.902435945187296333e-03
1.712878599535135006e-03
1.312936222336388457e-03
3.341608058189245124e-04
1.962529906188290225e-04
1.273058432245030439e-03
9.268536233452986939e-03
1.036363640788310302e-02
2.979822974572320440e-03
1.422933157034303182e-04
8.429923477180647454e-05
1.758617085989939424e-03
1.306216151629609372e-05
4.735559002914650236e-05
1.973431488216987500e-04
1.606414451253539437e-04
5.139888121815249953e-04
1.027106327246985222e-03
2.876882642570251442e-04
3.885075397289083888e-04
3.214061995903703516e-03
6.068401330851258893e-03
2.494674138195882365e-03
1.018863038750565967e-03
1.599847902751929578e-03
1.099344298666570310e-02
5.176730419468584046e-03
2.118517296497183188e-04
5.210011520755962374e-05
1.854804269703442458e-04
1.245521773049553411e-05
1.504467063094220983e-04
1.156354296776262698e-03
7.244577215188885736e-05
2.359868737745762326e-05
1.087088789877228211e-04
1.189950222562865303e-04
2.061439871930782276e-04
7.307591924929974407e-04
3.211211265333824196e-03
2.099629582070420067e-03
1.591522075963606444e-04
1.258433769745592832e-04
5.307264729428394327e-03
1.435241661931401305e-02
1.728776684010971572e-03
8.336742377647451355e-05
1.592686371927692993e-05
8.374332535158226162e-06
6.915494758828158624e-05
1.125546041850658194e-03
1.238781924664024165e-04
1.640830123084200719e-05
7.902155365819698110e-05
3.696691937700469785e-04
9.226257782205361324e-04
6.080524925584225278e-04
6.632970822923834947e-04
3.002768050999194945e-04
5.981555771610641347e-05
4.336839199520954195e-05
1.162379388205850338e-03
1.781950950607086998e-02
4.345836346729088639e-03
6.155051530803724033e-05
5.742573976891950595e-06
8.060327858679638675e-06
5.333640239042706236e-05
3.034330630797936034e-03
2.103740675878881718e-03
4.563935259523923486e-04
1.572826089713168360e-03
4.423931500123969452e-04
8.427124805374930079e-05
1.763424636874596173e-04
5.410585369826321567e-04
9.098160590487800034e-04
1.439536217735256198e-03
4.062257299880594422e-04
1.311612086027161284e-03
1.614537615436802132e-02
2.746432523456934088e-03
3.068239388659249996e-05
4.399367597737941726e-06
4.449126559925032600e-06
2.538846185899026666e-05
1.761288764258105329e-03
1.601653868844915476e-03
3.405037540053579086e-04
1.662703891040645966e-03
3.201493375679672184e-04
2.557659073591880375e-05
2.725618572813885590e-04
1.358744160231211383e-03
1.855359465178645605e-03
2.032280082366752765e-03
2.028191710925240975e-04
2.462312742697047338e-04
6.711391613683053738e-03
8.233736451551300004e-03
3.945291363818202420e-04
3.295565582836694029e-05
2.541684780819898254e-06
9.476478731416314001e-05
1.427722792256017927e-02
5.144991990214677416e-03
3.759567959182891109e-04
5.941419399171123106e-04
1.281654895961810946e-03
9.108284300471439741e-04
3.368269830036474139e-03
1.128605476205681414e-03
3.385504825616418665e-04
2.330269241656919457e-04
5.707307429571294719e-05
9.954130723343768020e-05
4.688294529548836173e-03
1.467306552448120228e-02
1.372206386764982617e-03
9.035561322777564501e-05
1.273551005697489715e-06
3.307454299795461279e-04
1.076116539665133848e-01
3.198285174373272782e-02
7.390776315800504613e-03
3.347280621398958985e-03
3.972816139846097050e-03
2.829859307966604582e-03
1.707920528816809710e-03
5.549106085428523244e-04
8.312148314917292436e-04
1.198311961274996099e-03
6.999349425891521681e-04
1.216573869801834381e-03
2.139450401772561086e-02
2.019873015519673548e-02
5.926838219684817674e-04
2.755630920706674870e-05
1.447980500448282381e-06
3.950780745443892034e-04
9.156763127697147009e-02
1.116194138340800487e-02
4.009250408932212538e-03
5.060139814156364678e-03
1.630472845874212902e-03
1.190561203759221411e-04
2.254581190180219278e-05
3.545576668924119943e-05
3.134541299029308171e-04
1.305719119112901073e-03
1.346173013183747050e-03
1.270407112161207712e-03
7.851000906084829034e-03
1.602770077175103003e-02
2.103374595552519061e-03
7.379837995894682028e-05
1.442432394444883867e-06
2.698524542994835412e-05
4.753902149716577631e-03
3.353142568446080933e-03
5.313615781104793524e-04
1.401037354356757204e-03
9.570928732546609558e-04
1.610981840598781328e-05
1.533593381477879305e-06
1.000560332576500168e-05
1.960921364664194692e-04
1.128803706385859149e-03
9.253611250068428549e-04
8.556725578890172395e-04
6.405675352313599732e-03
6.712979466537483120e-03
1.633015095316245379e-03
1.305815213136342443e-04
2.558914232882217989e-06
1.056367181704330447e-05
1.077311757271948557e-03
4.411281899885640366e-03
5.428468047532809815e-04
4.894493624058102047e-04
1.141896282658385947e-03
5.706284887192184137e-05
1.017964735418158052e-05
3.013431356298277674e-04
3.661987247408108118e-03
1.712765443757175527e-03
1.764057400434508930e-04
4.482444445104282350e-04
1.688638897796425689e-02
5.824486449715365888e-03
4.167816403755291539e-04
5.641428054049210807e-05
1.419814600647994737e-05
1.804126224692859343e-04
5.265238989269773948e-03
7.074299330306286701e-03
1.305420542479438818e-03
1.603370547101300961e-04
2.724897702956818402e-04
3.407267537641409105e-04
2.713458862837054273e-04
3.836015152018294998e-03
3.431261767090965954e-03
1.011946630886265217e-04
1.675952393672051652e-05
4.079003496527486977e-04
1.629192431110389888e-02
1.522520355056163587e-02
1.547498796850138624e-03
8.068791008342816905e-05
1.201552616414090057e-05
4.514452643756195258e-05
3.983660075026475788e-04
1.230206079616378992e-03
2.058117732961409381e-03
4.089785860765740447e-04
3.681833930577749756e-04
1.078287589197841597e-03
5.684416108108744691e-04
1.867157819093410867e-03
1.767076686094413507e-03
9.566737922893677728e-05
8.567370538212929832e-05
5.833442345713069598e-03
1.395198684338955913e-02
4.846055338904596381e-03
4.733460644438932329e-04
2.136614161884649706e-05
5.531249344274170096e-06
6.004936080973840877e-06
7.094920851910103499e-05
7.500729013313285403e-04
2.688087927187302658e-03
1.375615147642625293e-03
1.876178586178829861e-04
7.159939176063660272e-05
9.603425961739172148e-05
3.809667950648659923e-04
6.915665824959210846e-04
6.689351699369311226e-04
2.277691598054402966e-03
2.603720306438864901e-02
7.857943126730130776e-03
1.315178085733610495e-03
9.153356841568095780e-05
7.335476472754206287e-06
9.607598991829091489e-06
3.354131580924148598e-05
3.190595842133256746e-04
4.354842822468395409e-04
5.166394065646942894e-04
1.786051165310638530e-04
8.910792215766258736e-06
1.358810449044036095e-05
5.736121827792319992e-04
1.055134832515886847e-03
2.144786988001050635e-04
1.184147090777893860e-03
1.360073670373261254e-02
1.704034731201763825e-02
1.824646850724034050e-03
2.527308194410477870e-04
3.351724380873574423e-05
1.028946724838554071e-05
1.607858463248697432e-05
1.848654102988254999e-04
3.387404765398725846e-03
3.232595186533179527e-03
1.147978201752323200e-03
1.014685142982412537e-04
3.200691355955431771e-05
7.239605116321337413e-04
5.594755401777886002e-03
7.066494889578654650e-04
2.791254647111145008e-04
3.336261251606325706e-03
1.356000466630943868e-02
3.537401469611125074e-03
1.860309246656515619e-04
1.820733427811620803e-05
7.917332409540671004e-06
1.227087868592644841e-05
8.459219214822146982e-06
2.034273507983856764e-05
5.891204085723398577e-04
3.745261616769612976e-03
4.968963599545287834e-04
2.863895191669230735e-05
1.481619152121554982e-04
3.206060696040090308e-03
7.680024001497531188e-04
2.776669398798644554e-04
1.954212170770361270e-03
9.571411261777146989e-03
7.766008394296636599e-03
4.913846787105173499e-04
1.653882603918269999e-05
4.257035508464504946e-06
5.873044507704134377e-06
1.504697221133817471e-05
5.602700430511185893e-06
1.504931081662559939e-06
1.184593258620332750e-05
8.277271515716120578e-05
9.685890713576954340e-06
2.453480839648308797e-06
3.934206597788424516e-05
6.414558316304962149e-04
5.225881295723961524e-04
1.451912526708366890e-03
2.104748105842989790e-03
3.345650501410789442e-04
1.531020705853454965e-04
2.894950281420407800e-05
4.365596212904016658e-06
4.316417066138752202e-06
8.286195945455084093e-06
1.701003155524723705e-05
7.058515592963446690e-06
1.710709512349143143e-06
1.962031253070044832e-05
1.227399029668306660e-04
1.912736012421143532e-05
3.407361879630411804e-05
2.816579819627102453e-04
1.534210790248840585e-03
1.787819457774721945e-03
4.711090492765539119e-04
4.373601899189165311e-05
4.311700054682604510e-06
3.947562713360556370e-06
5.490769935900450135e-06
5.517351170752981378e-06
7.810744302645719058e-06
1.051546519186489771e-05
1.725258449811519488e-05
1.146420419079841370e-05
7.081730982202539389e-06
4.168594948000539581e-04
5.681606915480757677e-03
1.136759061381084016e-03
3.557711132358478204e-03
2.478295232785160656e-03
3.252822639025511591e-04
9.724280114475753714e-05
1.487678958835767866e-05
4.210118723853931166e-06
3.979714154245652770e-06
7.378294060204620495e-06
1.279050144549526422e-05
1.596157142252544893e-05
1.692707681768885312e-05
1.720817076758544820e-05
2.490770971705737798e-05
