5.357961501822864756e-06
2.090050488968412019e-04
5.184101879493465889e-03
8.645945965722561096e-04
5.240314715324861233e-04
1.251091263479788842e-04
4.216191350765676846e-06
1.756353207754587362e-06
1.222813531962408602e-05
4.231050674629489595e-05
1.243734696328452908e-05
6.597314375047532605e-06
8.950408601008089232e-06
9.952634191940806536e-06
1.093873752877316548e-05
1.090479616468633241e-05
1.070659125776443374e-05
1.707172869579092630e-05
1.484679744745759096e-06
1.910496111656350817e-05
1.540968986757319933e-03
1.713779781745829872e-03
5.107875560198762597e-04
1.445072294356594808e-04
1.027054808597294017e-05
9.390176152586330815e-06
2.708596942159140057e-04
8.752189410842136849e-04
1.573267436721223413e-04
5.539472827435995165e-05
1.250967457993304243e-05
3.608309402053941437e-06
4.307598699908021541e-06
5.729165656810911294e-06
6.053386126140358653e-06
1.053981751277922994e-05
5.581868270641158378e-06
5.598278984778526699e-05
1.021087334660445572e-03
1.370437266545895122e-03
1.053639527515207392e-03
6.452172234818225787e-04
5.170709201946871664e-05
4.286434183853394847e-05
6.610156283269705713e-04
1.251837524818577270e-03
1.325002792439204788e-03
8.137169186147272812e-04
2.710740804522010334e-05
3.022826183868447099e-06
4.097225130646868710e-06
5.789409641313231652e-06
6.086244384525467395e-06
1.047397899959777546e-05
5.325183731809242046e-05
1.124674836615449213e-03
2.260183118046908430e-03
1.252680769384858931e-03
1.301421319655042758e-03
3.566894325894874379e-04
5.635819510238280854e-05
1.143517172683466358e-04
4.190302105592445510e-04
3.084179026214142012e-04
8.073346610953446379e-04
1.415592621039672401e-03
2.876783938710192746e-04
5.858847509797460168e-05
1.640439819608756100e-05
7.247218278988321710e-06
6.609690546692315408e-06
1.149373066828586137e-05
7.499129758752962473e-05
2.116743949789416743e-03
5.119441890118817812e-03
5.653579479610012018e-03
9.150937922242649916e-03
2.311642289848768721e-03
1.037091078188175954e-03
3.443870307988673111e-03
2.998945217473979619e-03
7.780961409466389481e-04
4.864192469700352761e-04
7.877764087904834660e-04
3.280077130043682152e-03
8.234936754275661019e-04
1.307271283830268594e-05
2.216606890934010832e-06
4.324737946917653128e-06
1.191544934553908654e-05
9.530401305457206597e-06
1.350878198965427919e-04
4.064695225560021295e-03
1.357725865415376938e-02
1.163742452948026904e-02
9.621522718967259399e-03
8.158590925735410490e-03
9.679559448169460650e-03
4.841949143656113820e-03
4.516859459526028145e-03
2.531430854403881291e-03
1.116137685971924998e-03
4.365487030362104684e-03
1.944404602265594004e-03
7.692516171552046038e-06
4.016154935456489648e-07
1.683244696175051606e-06
1.037122095817631744e-05
2.436924316514279891e-06
1.683348362576129803e-05
3.135559744043681703e-03
1.310401316284500427e-02
2.957754453717206973e-03
5.117184180059356630e-03
5.452404744294658129e-03
4.903372668332638823e-03
5.487492827796715787e-03
6.471015977975272913e-03
5.842831887116881409e-03
3.434649735873668546e-03
4.055624320312107428e-03
1.768474065266797610e-02
2.726982874737282365e-04
1.597072229313808216e-06
1.668727586863426760e-06
9.311706591660115660e-06
4.884706589613950740e-06
3.673516406421673404e-05
2.773044133318111441e-03
7.641707106561770879e-03
6.026007535431725758e-03
9.778413849080371673e-03
1.812215809452179596e-03
6.935240773090507044e-04
1.669137092287823441e-03
1.405768091508184658e-03
2.222381901243113394e-03
2.502646472504320256e-03
6.015741996248640672e-04
7.326476216948725646e-03
5.862508760559312360e-03
7.067513094274342062e-05
7.972759418557416386e-06
1.120575679362128745e-05
6.686400478213799042e-06
4.606013816205455384e-05
5.495728162823406739e-04
9.300479871562839429e-04
4.051517269076240595e-03
9.018965375593091666e-03
2.956487956785039482e-03
9.286041216942782185e-04
1.551108092026210047e-03
2.397046455781210849e-03
4.627129350419131870e-03
5.492163580942239186e-03
9.836216113454010132e-04
1.946346278629186403e-03
1.305428489756370845e-02
9.485788225351095195e-04
1.837437366321468607e-05
9.524006225848633653e-06
4.838905645997743397e-06
4.811758672078092117e-05
4.486876919925389222e-04
4.722421543025768424e-04
7.000366651341292153e-04
6.116289796149367150e-04
1.443709685448339849e-03
1.266522048733207534e-03
8.854168181790461958e-04
8.960871927162575041e-04
2.608527045927040190e-03
6.418658416188664090e-03
2.184882563643090504e-03
6.796942351804858727e-04
7.870196951371513996e-03
1.564061603747073440e-03
1.139499233977596224e-05
5.529483270378447375e-06
5.593388153205791105e-06
1.262666371033025284e-04
2.655014487712979623e-03
3.730957910886254902e-03
1.846220357822035869e-03
2.844611808553056250e-04
2.511972040615684113e-04
4.354905732150463581e-04
1.272871844412835083e-03
6.824270814715585479e-04
2.640505809462378225e-03
6.115540515095686629e-03
1.521014106703147406e-03
4.104533092979263231e-04
6.697290431378162198e-03
2.130688621999944545e-03
1.028917828717688441e-05
3.755112044414197327e-06
1.966454064270964101e-05
1.177262591199839835e-03
1.257146534021033255e-02
3.272400220906215591e-03
1.529646431185798612e-03
1.211918806363951719e-03
1.707188276976398522e-03
1.603242990220646747e-03
5.555404892520451540e-03
1.784394708281147402e-03
2.448231327192556834e-03
2.360210535565806286e-03
8.951603677067673662e-04
5.919416023822582406e-04
1.460768277909682555e-02
6.160846049579067618e-03
2.170235227670740130e-05
3.507054530967377557e-06
1.331522329454716806e-05
1.167711841057381822e-03
2.344025717445793675e-02
6.961088979897929116e-03
4.932889087727377643e-03
3.159376942564282465e-03
3.850220386211312615e-03
3.428728099361842349e-03
3.814760195585881197e-03
3.856906331820283713e-03
9.598962182048909747e-03
9.339285113614665540e-03
3.942049835233371602e-03
1.538416250296876023e-03
2.012834572614455309e-02
1.254440873339241272e-02
1.657217796655175801e-04
1.586162406790082044e-05
1.690665917229376413e-06
1.652115370352335720e-04
1.752036790352793152e-02
4.030058853882513732e-03
2.277484127416518934e-03
1.189921244092811969e-03
7.209870942316390667e-04
3.471775463759175021e-03
2.282225539290481768e-03
9.584909991857053051e-04
2.740341104399245629e-03
1.005033295727879826e-02
4.726805642584334423e-03
1.443764755600524148e-03
8.787209676512561934e-03
6.817261237671990402e-03
7.285100476498874295e-04
8.058879260643879655e-05
1.305822031323433851e-06
1.243781866110341551e-04
6.917638655346797921e-03
4.909224385378978088e-04
1.053351832695982810e-03
1.293664750365333162e-03
1.118603468562714504e-04
4.734052951432954760e-04
1.498547973570513734e-03
2.368456968998387292e-03
2.761275359099367097e-03
9.185990635637590954e-03
5.400128811475544445e-03
1.729277321910004063e-03
1.362447491049230061e-02
5.061024023607438825e-03
1.552086942622250159e-04
2.060926323923833848e-05
3.258273862936018469e-06
9.499276825116814086e-05
1.794245836283914382e-03
4.302750663143655482e-04
1.749284476428626407e-03
1.039544260445352669e-03
1.747510140123500176e-04
7.590766751857723309e-04
1.142386281401634425e-03
4.311261462485779100e-03
4.011004624639612909e-03
1.011875986269912368e-02
8.028214568816062491e-03
2.481291426864376797e-03
9.483424321811036867e-03
8.244847678712285185e-04
8.058045172461958785e-06
2.932077251436363861e-06
4.110966159482153879e-06
1.852356912544628271e-05
3.866104933364171415e-04
9.082027278363323172e-04
3.946558345170893788e-03
3.943665400947473851e-03
2.441879561458704280e-03
6.525228862214882929e-03
1.976576300800358434e-03
3.359506073818756614e-03
3.684832691242714408e-03
5.007332377774809454e-03
2.274979929155797331e-03
3.799833410844309818e-03
8.973564128434328990e-03
6.559691662858884408e-04
2.041239977087008095e-05
7.373380665497291406e-06
4.921601824154118780e-06
1.919557940382907543e-05
9.382518272845739339e-04
2.418085692372556363e-03
3.402818322189994898e-03
4.827826924935845268e-03
1.611693944655442608e-03
4.618785095161342599e-03
4.902294480453125818e-03
6.240708464901406627e-03
6.520453480627743173e-03
3.426972006506895634e-03
1.160149751837100899e-03
7.211269420364542840e-03
2.054273034467657584e-03
6.630243379939828859e-05
1.811550030381830706e-05
1.455295116923781852e-05
3.367337637793652064e-06
3.443626403195366992e-05
3.697104967166172339e-03
5.530004525129593278e-03
3.166888856266612384e-03
3.752265135310938957e-03
1.712460610611890111e-03
5.459442023952178029e-03
4.508602804081882250e-03
2.970530538972519265e-03
3.407882301205439595e-03
2.917033021061184780e-03
3.194619842699439414e-03
1.550872009226176088e-02
8.407288241681480125e-04
1.037270416099519730e-05
4.694477634182392114e-06
9.981226625038047616e-06
2.081755908387497093e-06
4.962756271134762209e-05
4.537883209641538004e-03
8.412083809543434779e-03
1.117847807957187203e-02
9.041512596778475408e-03
3.076919783437746976e-03
5.803212337037478956e-03
3.328644209699877649e-03
1.290835836284948352e-03
1.443864281142711757e-03
1.832102393142790407e-03
1.348405994024737091e-03
1.001937620182931539e-03
1.159181078728953735e-04
8.874676879979682129e-06
4.964017782461282871e-06
1.016304857788326506e-05
1.100803584750929085e-05
3.059752369816597160e-04
6.540247147070473756e-03
7.846796809327547320e-03
5.530909315283352896e-03
6.645599118822168548e-03
2.915163685761318953e-03
3.505632715918343117e-03
4.873430572641465272e-03
1.073528698864829531e-03
8.771917869606887103e-04
3.923271601288410432e-03
2.520934835028193575e-03
8.923222200199284093e-05
5.211573207804411209e-06
3.264315889772708096e-06
5.319428154431662080e-06
1.129345299561962261e-05
1.003586675197778327e-04
6.197932583251669148e-04
1.984443204368300726e-03
5.709476430511154291e-03
1.154163902398439327e-03
1.047645085154301622e-03
1.775412836022024262e-03
4.813783938925529312e-04
2.145336650745441169e-04
4.681019241984387628e-04
1.656010281884734599e-03
3.000925122336827507e-03
3.037081233685935688e-03
1.014531648731304943e-04
3.165529073170544918e-06
2.751800805657366090e-06
5.717813709803231378e-06
1.149525430989529862e-05
4.433621801465399530e-05
2.559969951189648645e-05
1.672775611018087244e-05
3.782194300446311500e-04
5.770321959676048829e-04
1.184386994102499646e-04
3.320718127635257245e-04
7.234813960540131469e-04
2.680992962312402170e-04
8.256363742929901913e-04
1.137515811627960336e-03
8.312934044140652084e-05
5.123940113703261628e-05
2.275689498153897646e-05
4.459041995282193236e-06
4.209865251342907281e-06
6.112759010278911340e-06
1.085248638233309296e-05
1.015483638911548397e-05
2.417091452574201120e-06
8.526073558861367494e-07
1.074196807039498102e-05
6.491847309920212512e-05
1.229756882258525359e-05
3.385562122752427689e-05
1.127803876654808347e-03
9.954064035662788142e-04
1.807294784226021775e-04
3.321623907599263379e-05
3.520519829928908254e-06
2.984353703079620301e-06
5.224383641859163901e-06
5.092136331275868143e-06
5.594926948755300470e-06
6.246471860505910995e-06
1.067171806545689087e-05
1.591568359718827132e-05
6.923854702094038558e-06
3.570505367939291395e-06
6.375321668887864181e-06
1.241319718620757788e-05
5.295957748460702312e-06
7.619202154627824862e-06
6.026094724941309281e-05
5.409376279048106671e-05
9.097657037173738373e-06
4.112013558107762101e-06
4.343744334462295874e-06
6.795105681885815330e-06
9.851879695618210594e-06
1.083547150609639959e-05
1.073176500307405577e-05
1.075043743531562308e-05
1.703093369800979585e-05
