1.616389816894596012e-05
1.003101960913498196e-05
8.961100557907989529e-06
9.280311692514827009e-06
9.163198900334982501e-06
8.982524198312023938e-06
9.131246909117639047e-06
8.861620157427840740e-06
8.554868337777099210e-06
9.687361514461482751e-06
1.126817160446459236e-05
1.142795750571918011e-05
1.097305753144851434e-05
1.079700899308166333e-05
1.072382178100095699e-05
1.038002485936424895e-05
1.068394014690855130e-05
1.573118095715246985e-05
8.682439031425163002e-06
4.064717986384082898e-06
4.984800753748696432e-06
8.221722238814684736e-06
4.574348006541360199e-06
2.833119619583328027e-06
5.627955390354745350e-06
8.444028018707267169e-06
4.451913491509407749e-06
3.258909868200960315e-06
4.857893235296823030e-06
6.576057277145695120e-06
6.861771081698675673e-06
6.869933813990828453e-06
6.894076036042420770e-06
6.595022137375329305e-06
6.736995864947746296e-06
1.068970627327532775e-05
8.074939173910048050e-06
3.902861900636227417e-06
1.319852659572811455e-05
7.875297139690099456e-05
1.316598392638993008e-05
2.762133759921000048e-06
2.056539738504666962e-05
9.310034871038545021e-05
1.924467384658960518e-05
2.483480137048640306e-06
1.933825924468934840e-06
3.751865114436417953e-06
5.277275204694033926e-06
5.866207269270283823e-06
6.486344965547934182e-06
6.473188401875659147e-06
6.572579548119509894e-06
1.037808035320193434e-05
2.777244178117402218e-05
3.809094643578367638e-05
1.577816557229670669e-04
1.118464503686718639e-03
1.779321783575066643e-04
3.226063044153565910e-05
1.713382177530009250e-04
8.946322016858122795e-04
3.547891386168285674e-04
1.259484114706563866e-05
2.089538816132900159e-06
5.056822913882239891e-06
7.676401316435995815e-06
5.823270868378025296e-06
6.169898102584862800e-06
6.665805421178393460e-06
6.849420670640855632e-06
1.068113937214517911e-05
7.935838432769416241e-05
1.116847852807298976e-03
2.245197763615672856e-03
1.316697629363532129e-03
1.641304803230698214e-03
1.802902574301190478e-03
9.479773272082986715e-04
1.459725153029353554e-03
2.091593642293360089e-03
1.932857309196745203e-04
3.737605301496785916e-05
8.913381643375293531e-05
4.294142179218128841e-05
8.362464435917483041e-06
6.064651789421782661e-06
6.738773906158502488e-06
6.932452977154160957e-06
1.069029066281600630e-05
1.240555565985846498e-05
3.956084673724753406e-04
2.019904578094515284e-03
6.735184617047197154e-04
3.175292443742521592e-03
4.122924247115773190e-03
7.089240691948984997e-04
1.687363538104117355e-03
4.350644643835446627e-03
2.879761108701273456e-03
2.036835165022470810e-03
8.805616670053413413e-04
5.092967232791895083e-05
5.545245313713451847e-06
5.196481904077658237e-06
6.856076784313690129e-06
7.095711314948485317e-06
1.071965280596126534e-05
1.124078886555982289e-06
5.326335951912671871e-06
2.854384135142064923e-04
2.189002238977103519e-03
2.343306146902302250e-03
5.886764819560123168e-04
2.177731156678421292e-04
4.462497241296935614e-04
1.081811056744470898e-03
3.040215492325834806e-03
5.654939559568398014e-03
9.974413508280234857e-04
1.530876344568525403e-05
1.637277525281395862e-06
3.024385444704677131e-06
6.006762447484239066e-06
7.067460201318803334e-06
1.085378087010509266e-05
2.045418327486312135e-06
5.479155951421121884e-06
4.458538744712373537e-04
4.439879528159394566e-03
1.436307275344585839e-03
1.201164855043473532e-03
8.894338218847034358e-04
8.640883584312030645e-05
7.193233568013837783e-05
4.634829502506216032e-04
2.371361765093529979e-03
2.002833407920154990e-03
3.693020831486632026e-05
2.198032339690651247e-06
2.835673455659782517e-06
4.876194975852418474e-06
6.411076865934003487e-06
1.086032787249836317e-05
7.365077140347537287e-06
6.389721548199196548e-05
2.529235168558261436e-03
3.816138479497211636e-03
1.823080055928210123e-03
5.026471659606377568e-03
1.957198545815390118e-03
1.048469797925694302e-04
1.675354103886979198e-04
7.436874510245936867e-04
1.258654462476282857e-03
2.038697802006353161e-03
4.220759128259460704e-04
8.400931282464750799e-05
2.184394162553509347e-05
6.349199067911387361e-06
5.737763210974090106e-06
1.071023468781416776e-05
3.297278309104437206e-06
3.632409749332403517e-05
3.106606989413486942e-03
9.688657961699051815e-03
5.389645213642585593e-03
8.185359814314287566e-03
4.313262122187612457e-03
1.555441366694712427e-03
1.575476780870449381e-03
4.583980612439315276e-04
5.644334886769043162e-04
2.835097559883784264e-03
2.754160184350708598e-03
1.163403677874379595e-03
8.255094136391276567e-05
6.852873289261726457e-06
5.201057022366192047e-06
1.069897716276591972e-05
6.628419913340075741e-06
1.391899882423369337e-04
2.487572567308349997e-03
3.063658362063751729e-03
4.015428314146086454e-03
4.996964774861474903e-03
7.119032696537253187e-03
5.039201934816760556e-03
7.936377766895474526e-04
9.049381312820393183e-05
9.227985421440178943e-04
6.438997898464382010e-03
6.452307416106352073e-04
1.042950981692664612e-04
1.577116753963433870e-05
3.530258072165015414e-06
4.578951845902354608e-06
1.080728596266217686e-05
4.899359133562869418e-05
6.322145988394965201e-03
3.618211064395886883e-02
8.337258347211417772e-03
1.187315521839058322e-02
9.103545150044160469e-03
8.203518917442663427e-03
2.827088278062488570e-03
9.643919488007143088e-04
4.009547290181064857e-04
3.447172327489994408e-03
1.274060064327362136e-02
9.732108102890873070e-04
2.696343666243715821e-04
4.085890492438282406e-05
4.801759786013517742e-06
4.680350701962183589e-06
1.085711196345742413e-05
1.623615917403628181e-05
3.098408954201554554e-03
1.132603383963672744e-01
3.362195669381128765e-02
1.709446555988113070e-02
2.864003210496331858e-02
2.713320159818541702e-02
9.698619830113183390e-03
1.567807083240071314e-02
4.449562548671929726e-03
3.099728227479425866e-03
8.936482909881977854e-03
4.439851616721319713e-03
2.045710953393928971e-03
1.085372027915003156e-04
5.580573867371915809e-06
4.608251320541221031e-06
1.093269048900598351e-05
1.143411644841609126e-05
1.924576641321210004e-03
8.750145187664357116e-02
1.798747409102006978e-02
5.020134117271067738e-03
8.673462230836639572e-03
1.115334259057259789e-02
7.904966428676539827e-03
2.956018379312756045e-03
2.353412770987702485e-04
4.473578408815456070e-04
6.747898620171681808e-03
8.590813224504450715e-03
1.022946683898937319e-03
2.287975730002815325e-05
2.650486398094849766e-06
4.062693747721312458e-06
1.106927012831134994e-05
4.641563280553428659e-05
1.580514061373339664e-03
1.293127594022107536e-02
9.487095412798999053e-03
7.325528970839857712e-03
6.826785353998715902e-03
4.617576809323238607e-03
4.532594993427212920e-03
2.296100117317266716e-03
2.102483474865187091e-04
6.096366551965260372e-04
4.699034668387586967e-03
3.531853493912281029e-03
8.875917801668810423e-04
4.038423337841658616e-05
3.957583662720717725e-06
3.902405976914088922e-06
9.820994782470933795e-06
3.518603692563844845e-05
8.868750421902842204e-04
7.820143631956405494e-03
9.304058020943330870e-03
5.369660143783610076e-03
4.910513783932632381e-03
8.087922437743968671e-03
5.770681932622112077e-03
4.385113937936629784e-03
1.822187065899732355e-03
2.588965006311207996e-03
1.486654374172017602e-03
1.468145995169425400e-04
6.503290926640249725e-05
2.867746042894157231e-05
8.402450152554255200e-06
4.671819404587148392e-06
7.240906997377710908e-06
1.713110987559511233e-05
1.071016266786904789e-03
1.516894210995559621e-02
1.215006067141307690e-02
8.374491953961336541e-03
3.687614535058043961e-03
4.089838933439392775e-03
8.223906822269923386e-04
2.518364404834849929e-04
1.760670847126005615e-03
6.629003282397296151e-03
3.122775436340650187e-03
2.458032662350265424e-04
2.156207614742055754e-05
3.151363745137790516e-05
1.044377717457532979e-04
2.517297420032804889e-05
7.238134279189513180e-06
4.218733723670801543e-05
7.924975174112226708e-04
1.244011316830912275e-02
1.353578536094335663e-02
5.224839219586330241e-03
6.186617480675193383e-03
5.903356528614293192e-03
1.218946187658707415e-03
1.583308195720127239e-04
6.626206463196762132e-04
1.679338130404604270e-03
1.590184322369769246e-03
9.242224076617297198e-04
6.214575538446223820e-05
1.060165898352670097e-04
1.114872827403576468e-03
1.204036307455900139e-04
8.807105943993351948e-06
2.666697602101688810e-05
1.559933403457092389e-04
6.541474023924284675e-03
6.484258380178958316e-03
5.981474243361799541e-04
2.415624667687982490e-03
2.254185568837308116e-03
2.030969856797243921e-03
8.443189996446200541e-04
1.930946419036192472e-03
5.305655395940515884e-03
1.542554515157771059e-03
5.905119176079925720e-04
4.314280926493516951e-05
2.094358154973669037e-05
9.617524716983476350e-05
2.883564379694892227e-05
7.382154463103634383e-06
6.521911723463433367e-06
4.060158276674231313e-05
2.827778065186310752e-03
2.595178382833525799e-03
3.437348742489173452e-04
1.384415889933808671e-03
4.821906585964741399e-04
3.509949303043768628e-04
8.970149642724538916e-04
1.650040664078822501e-03
1.516313320660113949e-03
5.374367765168945902e-04
8.036283423761405925e-04
9.283421955677617426e-05
5.525969013413431113e-06
4.730927207964644324e-06
5.212390008558043543e-06
7.352639879358534699e-06
5.508437898554391219e-06
3.989823705279416582e-05
1.856159289637885311e-03
2.435365176149510442e-03
9.346465724647936906e-04
3.516150058544705113e-03
7.758428113001968399e-04
1.132088025787307735e-04
3.338321070292943338e-04
1.238191540807437709e-04
9.291913353683984585e-06
9.551485404020909793e-06
9.897104821626420430e-05
5.037726408754155083e-05
5.209413838322726387e-06
3.456105590405555550e-06
5.091558258007807606e-06
9.922312055594651074e-06
7.745972785904951254e-06
5.008627454456038617e-05
1.255008327636335979e-03
3.634027902714515295e-03
1.182889282225501985e-03
8.197790504959419269e-04
6.904461997645902280e-04
3.814783657082976114e-04
8.916716141720873413e-04
9.596629841256750643e-05
2.332933699532176074e-06
1.607995088101938372e-06
6.621811023683396908e-06
7.665283430374676912e-06
4.884827384569634349e-06
5.416959668379315536e-06
6.836429908340641033e-06
1.120140104344492152e-05
6.528722059432904494e-06
1.272147007647041368e-05
4.802704721717418717e-05
1.318414746188143784e-03
3.103401686235108224e-03
1.698425558291442037e-04
5.220595946930778195e-05
7.049699043456976444e-05
1.309039083283656515e-04
3.352502165230493718e-05
4.195987295430597149e-06
3.165900637727116085e-06
4.630005376857026825e-06
5.212344358441955771e-06
5.725476911601537665e-06
6.389441961539267164e-06
6.821987709046503232e-06
1.057390560901958172e-05
2.396157696507199148e-05
7.585240712270684908e-05
4.902390710812989754e-05
9.038308867707088362e-04
7.318589568142478937e-04
8.068277223967504293e-06
1.892598029733425755e-06
3.340582203803803103e-06
5.361889503090967953e-06
5.501360625558038183e-06
4.976485996346827953e-06
6.043225439457467740e-06
6.769924888294949410e-06
6.759969295421884848e-06
6.855871927610725362e-06
6.697886443888727210e-06
6.802981441983416938e-06
1.066345305222272054e-05
3.042152563868008282e-04
3.968433255911940453e-03
7.610568101995964039e-04
1.147037564771936956e-03
9.104287717869425061e-05
1.463307975962620603e-06
1.494659275961974294e-06
4.688603707550620004e-06
6.744004216054690567e-06
8.110981571241574744e-06
9.873008158183516793e-06
1.112059567394785587e-05
1.117500939954734215e-05
1.092739777468934882e-05
1.079816927310794507e-05
1.042287286390576548e-05
1.067937806898686394e-05
1.569613858257869454e-05
