3.885568567464381282e-06
3.487182809094008422e-06
3.383725658612373909e-06
3.382693405447010131e-06
3.388166951324699587e-06
3.389395131155033204e-06
3.389377768847738456e-06
3.388179841679162506e-06
3.387121192218066033e-06
3.387361085547748398e-06
3.387564728057916651e-06
3.386710340279954486e-06
3.385642757717562925e-06
3.384775571179099802e-06
3.380764248220784859e-06
3.383410448991062294e-06
3.486856434517133266e-06
3.884648232530953801e-06
3.487491238394032786e-06
3.032684993671059605e-06
2.919858074621522227e-06
2.920129289647256890e-06
2.926103248049270801e-06
2.927130049201576847e-06
2.927008261346524032e-06
2.926051594170228831e-06
2.925418648284744385e-06
2.926129359883840038e-06
2.926718898855662113e-06
2.926030842809977255e-06
2.925503990657774929e-06
2.925490362759550289e-06
2.920876235303252765e-06
2.921401173130955543e-06
3.033265437408418661e-06
3.486320325095556236e-06
3.383698438440398207e-06
2.919549003846368183e-06
2.807616716801150962e-06
2.809160046236471533e-06
2.815227442377802081e-06
2.816075074238608784e-06
2.815661496354145404e-06
2.814794413388180047e-06
2.814502310922775505e-06
2.815372591431482361e-06
2.816845751766998835e-06
2.818929142292241046e-06
2.822726629400036746e-06
2.826249978060661924e-06
2.822254508895428814e-06
2.819945809479869509e-06
2.928346104472818810e-06
3.387765455144312535e-06
3.381844133155585835e-06
2.919975098915394943e-06
2.810387995546984219e-06
2.813061307731408868e-06
2.819218487101772576e-06
2.819427656611174514e-06
2.817842349984215157e-06
2.816075706983078498e-06
2.815587575751375948e-06
2.817320007768965683e-06
2.822722359935995541e-06
2.831961034655653106e-06
2.838230949969954077e-06
2.833366012740930853e-06
2.822498569507303145e-06
2.826568052640529609e-06
2.943316108528937173e-06
3.402335349055344102e-06
3.390459857385978883e-06
2.933082554886463552e-06
2.828802115349767507e-06
2.834980162251463962e-06
2.840432099772500846e-06
2.836823315659359743e-06
2.830622462336111999e-06
2.824848563904646138e-06
2.822676430095660024e-06
2.827584780431686629e-06
2.839501981777042583e-06
2.834792974859682620e-06
2.761638943567368796e-06
2.630066073535051748e-06
2.556076401428835229e-06
2.624714267499054683e-06
2.865517524902262001e-06
3.406906709317040229e-06
3.386501919540694134e-06
2.931803567060804634e-06
2.832154262129871394e-06
2.835225194563449805e-06
2.833967240468989919e-06
2.831935285029181061e-06
2.835100928787268579e-06
2.834288274279945808e-06
2.831116011417401787e-06
2.838639849224102307e-06
2.834980248408226991e-06
2.697141437089121678e-06
2.356030003949034421e-06
2.054071073777846817e-06
1.959096217018734412e-06
2.051337943573815535e-06
2.447801658271092863e-06
3.244645958229259084e-06
3.285015196551633973e-06
2.795442426521765422e-06
2.594381810765959158e-06
2.474146196569697447e-06
2.478770713559822127e-06
2.575225435424177976e-06
2.702621589634934240e-06
2.805875066017578552e-06
2.842672503121560031e-06
2.849884619805695013e-06
2.761994852745184802e-06
2.355251915520593102e-06
2.031640223452045034e-06
2.830828663211584137e-06
4.074912131660670246e-06
2.828903603437395294e-06
2.112904389458031227e-06
2.833228661842278478e-06
3.179551403017237564e-06
2.759226122132907814e-06
2.076351259217723938e-06
1.567184580793062098e-06
1.830402038106306513e-06
2.202231518162909894e-06
2.349743640853512370e-06
2.626985761799111551e-06
2.826724336384883462e-06
2.855029113844852500e-06
2.632950145421653767e-06
2.052595149282630041e-06
2.828819406926777934e-06
2.415730826996959540e-05
1.307869065205840263e-04
2.414672362907049224e-05
2.942203564753008247e-06
2.465903437583894167e-06
4.198774582607773087e-06
6.188560740618382140e-06
3.625028995926945698e-06
1.905590541380660110e-06
4.636498593161129249e-06
5.421302924724281037e-06
2.597165482519112431e-06
2.321297291711904650e-06
2.737710253116934473e-06
2.861372345297560334e-06
2.570119255774984575e-06
1.960656007786669465e-06
4.074977420584470299e-06
1.308254350351173271e-04
1.799629465461754282e-03
1.307601996298128448e-04
4.236947140559672302e-06
2.352519130821030802e-06
5.272928914063629551e-06
3.314681146678016127e-05
4.958423269554854454e-05
3.076380489528370753e-05
1.374880168217198888e-04
5.479102862473504660e-05
3.710455840116143243e-06
1.852042067169846027e-06
2.516456121371341289e-06
2.867281460307315556e-06
2.654546255759493287e-06
2.056932331475599069e-06
2.832479201591241520e-06
2.418429197237170595e-05
1.308971997346591138e-04
2.417776287581064790e-05
2.946711227604256210e-06
2.468358943173741478e-06
7.082169896972595836e-07
2.747007985903960779e-05
1.420733445515966111e-03
1.400635829703911596e-03
9.134189228381489308e-04
9.029259969831445387e-05
3.060330749731211567e-06
1.310147211780828862e-06
2.140574592074631693e-06
2.812059026827850996e-06
2.811069641376519651e-06
2.376842076795300840e-06
2.042788128492586375e-06
2.833942710302889467e-06
4.070678633564763178e-06
2.840155729941009302e-06
2.132874549434916952e-06
2.857688239792780043e-06
5.413300075535294562e-08
2.609365306923513004e-05
5.607583947833962718e-02
2.025779846758255995e-02
1.782749132562105746e-03
3.561696073783410742e-04
1.126933358092655164e-05
1.516026319277928072e-06
1.696734200659364714e-06
2.568531557550497375e-06
2.888702425017270771e-06
2.732804856375975637e-06
2.300406009265760947e-06
1.903687074133763862e-06
1.774145532787719551e-06
1.918587413154611586e-06
2.404134307758215218e-06
3.259282182753915889e-06
7.505179658190133121e-07
1.334117089814696377e-03
6.540232214683762146e-01
6.730776629419282786e-02
2.087775970290378993e-02
8.785211996759401815e-03
1.002519256247049487e-04
2.797414483865718722e-06
1.350115417173276809e-06
2.106586183771989471e-06
2.784271180312599444e-06
2.736895505707822768e-06
2.295436769536562707e-06
1.908595764257213959e-06
1.791660679332543142e-06
1.887096269281737792e-06
2.233646882825857665e-06
2.950531702165538161e-06
5.826932769925973697e-05
8.574358183741548692e-03
9.151910540582508524e-02
3.137560923944574670e-02
7.269581875852996686e-03
1.111569657195330026e-03
2.313075928698889920e-04
1.806095579438203886e-05
1.967955107689209890e-06
1.733959031988298749e-06
2.509837314806436065e-06
2.364540785532398759e-06
2.018457533861519574e-06
2.878553234836308064e-06
4.152856269276447152e-06
2.491069744095098615e-06
1.544221709774603847e-06
2.059351839183712580e-06
2.956253045756207764e-05
3.911503634087139768e-04
4.317419348739343250e-03
7.018104810776890773e-03
2.453657310096405081e-04
8.213000299655500477e-05
1.346294677787132892e-03
2.086515035858962821e-04
3.783862864180857485e-06
1.610549185809282052e-06
2.264444105115480324e-06
2.012474624472807080e-06
2.767896925006371347e-06
2.538403184710761256e-05
1.322045069768394395e-04
1.904512047796826755e-05
2.717619614341374429e-06
4.093912585316343204e-06
2.362293256211944496e-06
7.591848320806075348e-06
8.432248337580021218e-05
1.259442915354292466e-04
8.637973234185758800e-06
1.223477604657601701e-05
2.092638773430871828e-04
4.640496543511551036e-05
2.564365677009811468e-06
1.689273859177351131e-06
2.268047467138955815e-06
1.912654037123207239e-06
4.007073410880869408e-06
1.410029595270593866e-04
1.774160816649248762e-03
1.418640172010456372e-04
2.740433948422148303e-05
1.350784770106459995e-04
1.384713640687982168e-06
1.381808866837681729e-06
4.626992986372633181e-06
6.928733898179155281e-06
1.852531589042605095e-06
1.515594668489191041e-06
3.689194961716507300e-06
2.655288631002262173e-06
1.617630058797128266e-06
2.087370610462986540e-06
2.516557849623511179e-06
2.034242415147215341e-06
2.834447419185417293e-06
2.549035485131275394e-05
1.210053317566383939e-04
3.646358655159081922e-05
9.200089739316373962e-05
1.918379646105360407e-03
1.980665391368994945e-06
2.262801020343555776e-06
2.050846913103174189e-05
1.117571858730153240e-04
1.757786096656581710e-05
1.811858869289977865e-06
1.236699539877732675e-06
1.593187879091711880e-06
2.084618510808915971e-06
2.627160338311317573e-06
2.775247439395369939e-06
2.363706472514870348e-06
2.053721176266982324e-06
2.869517337997621757e-06
3.495956261389921997e-06
2.933209792035329829e-06
1.378554015273055866e-05
1.494366406387476957e-04
2.347773446096237149e-06
4.203143065013093736e-06
1.300808618827401192e-04
1.812172614203951286e-03
1.312090329254395255e-04
3.836866854122308059e-06
1.719159162089828983e-06
2.278059785248290311e-06
2.718347235105839110e-06
2.865451492073655165e-06
2.867021861231014082e-06
2.709132889286646760e-06
2.375636167492540529e-06
2.056673068086314210e-06
1.730318446140939056e-06
1.513919230602130423e-06
2.231598032304981842e-06
4.944863669872294121e-06
2.495452871721335700e-06
2.978571955893582669e-06
2.406973472457744215e-05
1.290033985817674292e-04
2.419699629700705257e-05
2.864556222434774682e-06
2.067188071328519096e-06
2.646794831539015134e-06
2.869485126509741307e-06
2.865030093559030197e-06
2.853659580420024802e-06
2.841305533330040318e-06
2.775068186947867473e-06
2.646465850449130314e-06
2.467944549373930576e-06
2.211879205103053634e-06
2.046353947005051203e-06
2.376241153436066433e-06
2.842849926815068219e-06
2.119333517268355826e-06
2.814940387931513903e-06
4.025700963435510939e-06
2.813268309709321006e-06
2.039069571970992341e-06
2.372244319158367066e-06
2.779513067526186072e-06
2.856795189543370501e-06
2.838132761435097241e-06
2.832874736421755766e-06
2.841265368435944521e-06
2.851529380656452644e-06
2.856818910730743897e-06
2.843955790297568747e-06
2.777530413622121327e-06
2.740176621944665606e-06
3.065948301740398625e-06
3.245217538034484148e-06
2.449664569611579530e-06
2.052709407963189310e-06
1.959236190657821890e-06
2.054462174322655377e-06
2.357781858992170505e-06
2.699406277953083746e-06
2.835792641233769138e-06
2.836286350913360381e-06
2.823726585808691942e-06
2.821802322972487402e-06
2.824671713481055866e-06
2.830070885922993979e-06
2.837590310467573992e-06
2.842257996869896879e-06
2.846139792096632146e-06
2.946753293652797043e-06
3.388633641007409847e-06
3.408438691259474683e-06
2.866225238925175596e-06
2.625275940122891408e-06
2.556974192488072050e-06
2.630416087067496097e-06
2.760963466294469040e-06
2.833382813995248537e-06
2.837393086187030218e-06
2.825287719262790172e-06
2.820385017850179987e-06
2.820241886435863480e-06
2.820777936695689085e-06
2.821460695820560885e-06
2.821871333552186410e-06
2.818334933571822373e-06
2.821120438035053399e-06
2.936699821361302610e-06
3.400692135617821870e-06
3.511495415320645760e-06
3.060976268066017211e-06
2.942384255435476728e-06
2.936479802687584041e-06
2.947031307480449021e-06
2.952051610669591494e-06
2.945465430665782471e-06
2.935893284552453432e-06
2.931105897150991973e-06
2.930278865082417593e-06
2.930529778278268070e-06
2.930747290049252820e-06
2.930948413650523352e-06
2.930181635092283709e-06
2.924590422860381876e-06
2.925410133122929251e-06
3.039052754764938279e-06
3.493684809602562677e-06
3.893574283052889871e-06
3.500131679595047413e-06
3.400937865674504985e-06
3.400605429857157741e-06
3.403052314436516840e-06
3.398911126698634146e-06
3.394045208681104397e-06
3.391491224553203131e-06
3.391101163702386092e-06
3.391304432055708109e-06
3.391386019843953183e-06
3.391495752684255129e-06
3.391756414894877121e-06
3.391177623630203593e-06
3.386517897796759968e-06
3.388606355689056134e-06
3.492317183315406455e-06
3.890231945242457870e-06
