5.896428575445290972e-05
3.054230141144739785e-03
9.316213763671001707e-03
2.477970228342335837e-03
5.050177442007405815e-03
2.923452985942074939e-03
1.470962011006312969e-03
3.802472665734392410e-03
2.728112447017596426e-04
2.605704734312449524e-05
3.458233997031733836e-06
1.010286126284473426e-06
4.728806310855556387e-06
1.069235893225322812e-05
8.619545619944797289e-06
9.399076104030666050e-06
1.073793516222572708e-05
1.708426460161193035e-05
2.347942521579841381e-05
1.168838844407807951e-03
5.249423193876637424e-03
1.671763605003013988e-03
1.261113002903929605e-03
1.141314023122471429e-03
1.044695671693448040e-03
4.937619366347338612e-03
6.643731895306860709e-03
5.776617984870588245e-03
3.906332774951377473e-04
1.805273375722455217e-05
2.711498806784271522e-05
1.798840597719648918e-05
3.898838083625063753e-06
3.364235458941867175e-06
5.394836583792805725e-06
1.080531686410459490e-05
5.936979317348374817e-05
8.617274751667839154e-04
1.505844844872209246e-04
3.267431529891209364e-05
2.653671473747411767e-04
6.594037241310449779e-04
9.578973036670007592e-05
2.127103238963152739e-04
2.941510992955021202e-03
6.598725545584803627e-03
3.479527434190181692e-03
1.390576917624459629e-03
6.741094307692277899e-04
1.179301189767467125e-04
6.418102384836880176e-06
1.877123351364932812e-06
3.643228725106298850e-06
1.057319966710670625e-05
8.101215478940411625e-05
1.872651950985213453e-03
2.563975566618561554e-04
6.680729808411720321e-05
7.959840865898208315e-04
1.175464266189189377e-03
1.454926499031412000e-04
1.301402730001949845e-04
6.781863350387571559e-04
4.008457673591887664e-04
4.170171950476386259e-04
3.936046865651836139e-03
3.498209565692068229e-03
9.626321096882590675e-04
4.582088422067091051e-05
2.585237724207403517e-06
2.710094670215323441e-06
9.808223713512883855e-06
2.899395441151118231e-05
1.243687791685753460e-03
3.602743009530877220e-03
2.455154945551821493e-03
1.811172610514748347e-03
1.280540747132017211e-03
1.805179065528272984e-03
6.996802430662788517e-04
6.700537893316998181e-04
1.088631688627971546e-03
5.262635988951628587e-04
3.378463952560060296e-03
6.985597164658477465e-03
2.388844211699686203e-03
2.874876489981013613e-04
1.511113421912786701e-05
4.793652501601104462e-06
1.022516260476020046e-05
3.724735413718529962e-05
8.548783366738938383e-04
2.904999416372059783e-03
2.316877161442789865e-03
1.678048570759394734e-03
9.546303359814790066e-04
1.969160781152329200e-03
1.721544002996805260e-03
5.819955089827717016e-04
1.591517434238926693e-03
7.927880210212480015e-04
7.895978310068414198e-04
3.173489458660655287e-03
2.256252378985104407e-03
4.754120084427374297e-04
3.437512836707824027e-05
6.437061089425272740e-06
1.115005358513404451e-05
3.411353789201927277e-05
1.004440702940067372e-03
2.527420920972024178e-03
9.015911356948497603e-04
3.506865466098354426e-03
2.028216187045946226e-03
5.618586886330467853e-04
2.896386003079443310e-03
1.936955178431617542e-03
1.487906301180977938e-03
2.099809869916314988e-03
9.223702882929296154e-04
1.437153787232189417e-03
9.757281524963154137e-03
1.448529067738051545e-03
7.014443557755409872e-06
1.033962513370751019e-06
6.448001864859359732e-06
5.279222865936569872e-06
1.226533292616031640e-04
1.212374035991432061e-03
6.038576420807466056e-04
1.489344746292343329e-03
1.835174733990706502e-03
2.104206322821365409e-04
5.305446215588877816e-04
4.805196822423508929e-03
2.581039297497516455e-03
2.136257267959161717e-03
1.796467638240899743e-03
3.224533911364773709e-04
4.086319030929918932e-03
5.198862919359979913e-03
7.378423225266501364e-06
2.913908781659210746e-07
3.010049603653441476e-06
1.619178178500835431e-05
1.566707909298701575e-04
8.362193843522546920e-04
1.308430075314127297e-03
1.038259329945966092e-03
1.083254420569345483e-03
5.743050960320410410e-04
2.161094188974547288e-04
2.839211038825059392e-03
2.938248850297288817e-03
2.696893642126779061e-04
7.123178213778700880e-04
1.853017714697834757e-04
2.735171918243649086e-04
6.864995546177541166e-03
4.603486458321348596e-04
5.340185791362702838e-06
5.265857504879488560e-06
7.831867403086636341e-05
5.746205054538627626e-04
1.399789285008722160e-03
7.136702601924282095e-03
4.872788858956148689e-03
6.398173526495769562e-04
7.826952888762966085e-04
2.392908478678027080e-04
3.379910020159617215e-04
8.155515055905993059e-04
7.761615932157654480e-05
4.444456318704865616e-04
4.544079290964187661e-04
9.470618039924177988e-05
2.465223638606094114e-03
3.474774638091823655e-03
4.956413945715275034e-05
8.362231970762965658e-06
7.169435346478743465e-06
1.148755851649991525e-04
2.208231376792915181e-03
9.452251937225654779e-03
6.508154685779500397e-03
5.321386053245018202e-04
4.018092499771719795e-04
3.093353374381034387e-04
2.397525049895309361e-04
9.149711248375459998e-04
1.846367619973474756e-04
5.477542488615958416e-04
3.058284262091502887e-04
1.506176145125937493e-04
1.803501153110002213e-03
6.129305196436355503e-04
1.127942091773968880e-05
3.433186574638944282e-06
6.645268800505600784e-06
4.725148455423691359e-04
2.444023036937650883e-02
1.816119360875322400e-02
9.411366360972806336e-03
2.190152706688092924e-03
1.349097504802558101e-03
1.138055483017473470e-03
1.595762444678999921e-03
4.468503354634415121e-03
6.948341644201869605e-04
1.714994226972996454e-03
6.561203995204059614e-04
5.142170919610585325e-04
6.363699911173316057e-03
2.810113160251419707e-03
7.759143971837974599e-05
7.769641163959621876e-06
2.152455276807537440e-05
3.429513652225156181e-03
1.331705165754344944e-01
3.448278474958906686e-02
1.548432313622120741e-02
8.517474103758561343e-03
4.747901417761886400e-03
2.829653865020424330e-03
4.225707065143118751e-03
5.071386030889542436e-03
1.396952246191552520e-03
2.743460179372222453e-03
5.903185677666530776e-04
2.313909775089009095e-04
3.531319704489365059e-03
8.268211290596072516e-03
9.823591721983928379e-04
3.581991789741433707e-05
7.771784122539677372e-06
9.867588478363134314e-04
5.240443436839408581e-02
1.734931183918872119e-02
6.113895986618525860e-03
5.591247488123041696e-03
1.291750017306976311e-03
5.161563902613144038e-04
1.792332675752898513e-03
2.659018396899077812e-03
2.393515661750413286e-03
1.799720797842129264e-03
2.821207289294237275e-04
2.166590037413458701e-04
2.393166936495471405e-03
2.548924308650227927e-03
9.619497144525092271e-04
7.469689874114559657e-05
2.284074735057270834e-05
3.099760338320034980e-04
1.705206329709642961e-03
6.974218036250612665e-03
6.828183689831038468e-03
4.406669504512326224e-03
1.957990403435277971e-03
9.546572128236720202e-04
2.948622390533772123e-03
3.034776762781687086e-03
3.577961708744464321e-03
2.610179785018063806e-03
4.660028868588174237e-04
2.098715928617334036e-04
1.018295787122352981e-03
1.240628417384646506e-03
7.215079473309497175e-04
8.123012439442509221e-05
9.739065461550772953e-05
2.478264550709637494e-04
1.169083149117926192e-04
3.047315378994641753e-03
4.631514232927827837e-03
1.137230533037048453e-03
2.060893866044578339e-03
2.020863785835502920e-03
3.488270114118998885e-03
1.112347088789297604e-03
1.437154472263506679e-03
9.283636434377592114e-04
4.118814044288354552e-05
3.582495186090345330e-05
1.214086850793360964e-03
1.974049070792315876e-03
1.229443965131904936e-04
1.078970297324835757e-05
8.816260162477761197e-05
5.055778308263121548e-04
2.812542343653136019e-04
1.963750011239531225e-03
2.556663613144377102e-03
1.537965367268807676e-03
3.408725774359866196e-03
2.267763042849760963e-03
2.799184218537348074e-03
7.109887592478093344e-04
3.474350800677746074e-03
4.491613991092234526e-03
1.000042304907798097e-04
3.015395588737006553e-04
7.780282242503780421e-03
2.217559861787456524e-03
2.734149367824906582e-05
2.275861101203009997e-06
9.261218796577443902e-06
1.540049001999495065e-04
9.987912619169824185e-04
4.114867456002148718e-03
6.271131859351645500e-03
3.290603325600111560e-03
3.068390827395467077e-03
1.668646278291735334e-03
3.567919484145280415e-03
2.440985966221695218e-03
4.125557157098592130e-03
9.903854242583136867e-04
3.050820381245977482e-04
6.677612867472306965e-03
5.079865461882905435e-03
7.380565418399744277e-04
1.420593217802533113e-04
1.249333856514530206e-05
6.676810938191362363e-06
3.412170319563628449e-04
2.836722447261171096e-03
1.490874607437556523e-03
3.437573106307159447e-03
4.871806455112854747e-03
6.864883284013857147e-03
3.159572172492814551e-03
3.510788566357868519e-03
2.753508136686037486e-03
1.160096738712099954e-03
7.218404887132637737e-05
3.940077500876777716e-04
1.137385150933773945e-02
6.987573412228831110e-04
2.273421326178440944e-04
7.311312944249659515e-04
8.413402236605100530e-05
1.159237365481394498e-05
1.533596114441513909e-03
4.214476416958115590e-03
1.665840589265955667e-04
2.460757167528636628e-04
9.345160191056681468e-04
5.817059942013321806e-03
3.034253900449783523e-03
4.441534189026632908e-04
6.357797862773977363e-04
2.973546873103466350e-03
1.874365497791154016e-03
8.399255562381189796e-03
5.798126058685426111e-03
3.893765798411724796e-05
8.997103628682197625e-06
5.113792100693670639e-05
3.017595287998289054e-05
1.280442389683480691e-05
9.597613067145502981e-04
1.531072762742980830e-03
3.475270432347529986e-04
5.085373175115319184e-04
2.776655693991646103e-04
1.787710697763355422e-03
1.805612291348555366e-03
2.019598996296844231e-04
2.376903200199764028e-04
1.929775193389619749e-03
7.000153852859279137e-03
7.722625812879370041e-03
5.061808617347883857e-03
4.628663299378971222e-05
1.070005529775494415e-06
2.332902829192755612e-06
7.717863944509978114e-06
1.210984678153919188e-04
2.090085720277131548e-03
4.886744750981503052e-04
9.273435465782059418e-04
2.173212005683037261e-03
1.882457689386016729e-04
8.573593515330457573e-04
1.632647492442421350e-03
6.019336595989341994e-04
5.582010086186880429e-04
2.024513632677962457e-03
5.672726047428696718e-03
7.720625144518399692e-04
2.473212957308242033e-03
2.056920269930901854e-04
1.648056280640292064e-06
1.542344359408351317e-06
8.106868306467470133e-06
1.882170866167752525e-05
2.856973405031181727e-04
3.351249258095280654e-04
7.963612445196589567e-04
8.792001758521544646e-04
8.571730494291910740e-05
1.313690736886674950e-04
2.010532217632670390e-04
9.290341985305036916e-04
3.166084453681071442e-03
4.882815435834041151e-03
2.846505155520903056e-03
6.473973554460286440e-05
6.199110088009713259e-05
2.901776380386927043e-05
2.230355936974396312e-06
2.706410723358472048e-06
1.040139879125464310e-05
4.973918552998387883e-06
2.843528952808503001e-04
4.257768764777927935e-03
1.961004905075691609e-03
5.533779637687522750e-04
5.629959441354232159e-04
3.976351371561585250e-04
3.392810840115449331e-04
3.167977245424937523e-03
1.822638654785897500e-03
5.693221902889439258e-04
1.683434430647042803e-04
6.209170269623596061e-06
3.060747663371279926e-06
4.246319179380215847e-06
3.224633486730511849e-06
4.605046815484405490e-06
1.088759364990965906e-05
9.353474566981059563e-05
1.691685569221565346e-03
9.184883449142779849e-03
6.475235919827978734e-03
2.801117485730586932e-03
5.627199334961890953e-03
4.017465327454149745e-04
4.002153163976053703e-05
1.164473195221536950e-04
3.130115689833513491e-05
2.000070395990376156e-05
2.024568705358214491e-05
5.448551841805694268e-06
5.099774379823445820e-06
8.553280335264797158e-06
9.749093231970962421e-06
1.052692597405318557e-05
1.725644997544717769e-05
