7.879675179232303850e-06
8.439026129183504847e-06
7.170879952822402438e-06
6.522283199324514355e-06
7.560948122787811548e-06
8.518891022806488570e-06
8.907750631313389306e-06
8.384487703233036457e-06
8.640854156351048432e-06
9.669643961536023881e-06
9.878054138197159408e-06
9.573294435595631588e-06
9.452071480471693573e-06
9.489668965182473698e-06
9.485435146880310406e-06
9.330940866701521692e-06
9.715263183184846236e-06
1.297787141077956691e-05
4.616393543177893039e-05
2.141071880310667927e-04
4.367759539230270952e-05
4.482006172474011894e-06
2.604581294669514034e-06
4.456439145013374044e-06
7.133442098071273796e-06
4.488496435453817571e-06
3.374016362836478141e-06
5.115310308404064874e-06
6.923995529782156460e-06
7.004719786541924504e-06
6.725414901038527895e-06
6.657763035716362736e-06
6.643635836807134507e-06
6.510657935018815740e-06
6.816506439904852306e-06
9.716828664581855394e-06
1.031105607345013462e-04
1.199363394456531189e-03
6.486654543164979529e-05
1.798219729935055222e-06
1.858544230519639476e-06
1.256109984958770331e-05
4.628942043982337478e-05
1.357012522788735090e-05
2.568963256655534470e-06
2.842541797424708879e-06
5.613474470655076277e-06
7.027869287661655716e-06
6.794784321047716673e-06
6.508344006923193681e-06
6.384522684548260015e-06
6.230643437026030195e-06
6.513840956818070476e-06
9.334116625161152021e-06
6.232940330153308520e-05
8.404283755018907009e-04
4.968909672966956715e-05
4.292630235055495776e-06
3.042868383489533347e-05
4.222590113180721546e-04
1.438081457933266518e-03
4.515999651326479112e-04
1.168810305447880847e-05
1.531021259501380581e-06
2.640461556732858254e-06
5.445339059801846813e-06
6.865635205928187681e-06
6.928594530760536795e-06
6.652209411641398721e-06
6.389514080941406627e-06
6.655854199765814840e-06
9.494695498981212594e-06
1.745571062058745690e-04
5.135255848465593818e-03
2.195470307069536612e-03
6.082429572646955119e-04
1.590893676507367177e-03
3.639927939966608288e-03
2.902196723923272138e-03
3.272630721540642235e-03
7.198750129166665173e-05
9.267917341979810800e-07
6.308166998377643652e-07
1.915709058089843690e-06
4.564626604357188541e-06
6.642111706753040465e-06
6.865344700476219804e-06
6.476897500182079492e-06
6.678646579529988915e-06
9.523126020428118700e-06
2.594427302751335578e-05
2.965021083559397550e-04
2.397084426213001371e-03
2.554258430150498343e-03
1.229781578289980241e-03
1.749535861845014821e-03
5.509284067963687338e-04
1.725092256345807547e-03
7.940334536126854780e-04
1.422279020598131599e-05
2.077743199081790487e-06
1.664649921179830016e-06
2.631323217106158166e-06
5.222580836976862054e-06
6.833727019215118596e-06
6.592252330163555340e-06
6.681597214696229703e-06
9.498006946343839419e-06
2.304880409135599100e-06
1.049481863984300048e-05
3.415848190898946798e-04
5.942790367233270364e-04
3.802393793981767101e-04
9.817916016953821910e-04
1.280661833605879470e-04
2.760998725372029988e-04
3.119243807052055669e-03
1.771398281125165664e-03
5.442979329087511281e-04
3.390857886645176275e-05
3.278056635169564491e-06
3.656287259852348174e-06
6.326390192876364958e-06
6.746431551365293231e-06
6.739568182427829367e-06
9.480726365888073761e-06
3.052921000903491900e-06
5.503904471264274025e-05
3.488674382584930084e-03
3.782273727194793156e-03
1.798902481268226236e-03
8.579263087558063614e-04
3.333340750618955323e-05
1.223472827516122268e-05
1.914670417474858004e-04
3.498153988358106235e-03
6.528441340903593827e-03
2.086784117937172183e-04
4.795334435026616463e-06
2.639556726851714540e-06
5.302540228037445924e-06
6.779071927608228468e-06
6.863596759573289282e-06
9.495685388428330508e-06
2.645358790984114136e-06
1.364216265458525134e-04
1.081943459056700606e-02
8.959139346260646536e-03
4.238393080421060458e-03
1.141419666488132549e-03
1.456149313199501063e-04
2.477850403793591650e-05
1.565612000559651418e-04
2.951154424204586058e-03
1.517678478289329969e-03
2.604041044347657897e-04
1.767064188080103582e-05
2.661435043627342888e-06
3.695267979727420886e-06
6.258060691366393506e-06
6.967099023765945762e-06
9.553796357602653916e-06
1.471301328826181060e-06
1.521693751534491988e-04
1.588750417023570422e-02
1.072560356059629010e-02
5.537742548632970663e-03
1.820976651474854723e-03
1.142448120262264241e-03
1.418216370013493290e-04
1.613556558090972564e-04
1.788104800067225140e-03
2.153064703056604794e-03
2.937202117653312308e-03
1.458416564060880825e-04
3.093677522605386845e-06
2.415510115071149023e-06
5.335240612042455526e-06
6.901562351926764614e-06
9.605877327802081998e-06
1.521007089445378302e-06
3.001766802884274043e-04
2.510512531573207487e-02
1.134378311381360575e-02
9.892662214439214632e-03
3.417754553601144805e-03
2.407011512416434938e-03
9.029310279044211701e-05
8.313213102929789517e-06
1.414265339153770497e-04
2.552041711470150274e-03
6.627488302897731158e-03
4.761338466071230596e-04
1.182808746115702258e-05
3.899083905321402445e-06
5.319209759246614671e-06
6.744207769754650735e-06
9.597073044589856836e-06
3.598397485971124350e-06
1.962333491279324646e-03
7.339209623303769026e-02
1.387973030261268129e-02
1.555863639705193716e-02
2.656378176633454862e-03
3.656018648341018487e-03
1.645317747061387722e-04
1.981590069802523997e-06
2.043841968444517901e-05
1.124240897305207659e-03
4.350219380002728724e-03
1.207278550387339434e-03
6.571429910285529134e-05
8.715166127251761544e-06
5.938983196539105812e-06
6.683853002666775075e-06
9.566019935081998269e-06
1.236058689664841704e-05
7.086297423945943537e-03
2.208747140065937531e-01
4.362401545754222842e-02
3.353538554574549829e-02
6.643538601440394931e-03
9.318865499442970449e-03
2.924064044442777023e-04
2.106442032550571277e-06
8.999965959863783117e-06
6.437853116864094465e-04
4.601425360882821156e-03
4.416082276384015277e-04
1.495023832570206456e-05
4.709355650094026607e-06
5.606258070520491320e-06
6.790997267505801709e-06
9.585358394910778327e-06
1.921727349089094396e-05
1.513323897058600157e-03
7.640231652564273557e-02
3.329010822300908917e-02
8.968830118809204346e-03
1.550837320046799354e-02
6.538311277189747493e-03
6.761868827224663911e-05
1.066949939614441828e-05
1.900369017506360299e-04
6.184164142037079821e-03
9.083615689326630244e-03
7.540751965044573926e-05
1.540933706143430013e-06
1.966384188593128635e-06
5.280131061444864646e-06
7.022203497047382766e-06
9.644315559752683154e-06
6.471574475118559050e-06
1.979729734052103937e-04
1.326081409935604347e-02
1.031032328602203389e-02
6.585127687043120827e-03
9.955139683649753130e-03
2.393633923866815018e-04
6.521977945335986970e-06
3.806485976388878598e-05
1.243846984113052608e-03
8.600682159982810104e-03
3.424210362360272011e-03
3.474214421569814720e-05
1.297426727200008967e-06
1.886065214660045398e-06
5.146691482139403425e-06
7.023990488613723879e-06
9.677346702238957184e-06
2.469207133398614495e-06
2.527319206206806715e-04
2.348510953066260121e-02
1.000184403085975157e-02
6.972337048261867919e-03
5.806361276983515018e-04
5.129089477415712330e-06
6.230484596772862003e-06
1.671052038636997050e-04
8.757525049233965374e-04
2.058509234459788423e-03
2.454789860055069453e-03
3.713369144800868129e-04
1.860899803674400676e-05
4.323940871112793384e-06
4.986378256668301504e-06
6.700553761380544097e-06
9.663232768736445532e-06
1.264671691268773984e-06
1.252700356983890131e-04
9.021457916398772925e-03
1.534155515029934436e-03
2.717333142979996494e-04
1.547834750881888060e-05
1.675024082852354813e-06
2.552606115824932858e-05
1.375721929492557030e-03
5.870101235217292657e-03
4.121973667628382396e-03
1.871156894368872919e-03
1.211926780276386144e-03
1.167455947480112782e-04
8.371329669627427535e-06
4.938424582538189102e-06
6.451442611399392406e-06
9.644789037091416358e-06
1.579050710334193861e-06
7.272870626722985213e-05
1.430689809159598879e-03
3.096362637717187290e-04
2.283398873207789835e-04
9.284645199843528777e-05
3.043674315976763618e-05
4.907638776826274668e-05
5.562084000905159319e-04
6.776265289580842011e-03
7.605510373687273187e-03
1.373913068501687222e-03
2.707495978346830499e-04
3.112495096240798352e-05
5.691039560547576893e-06
4.917854295744366489e-06
6.517287529427795920e-06
9.646911093926640728e-06
1.211744478564171931e-05
4.206976755211656849e-04
1.634195998621733661e-03
1.088983041424091336e-03
5.010899441416083455e-03
2.294120334903301459e-03
1.416931620812165744e-03
7.513930217773347577e-04
1.143392467852129670e-03
4.301301688582315728e-03
6.509980291596579411e-04
5.571935215140252727e-05
1.502294602809426575e-05
5.391461904961919251e-06
4.160888286729320263e-06
5.490204697932673020e-06
6.747965615929762564e-06
9.624360538089556287e-06
5.310895400884946488e-05
1.524508373325542511e-03
2.465395623855280369e-03
1.495497637728502313e-03
4.098269906188241503e-03
1.287424346240135208e-03
1.862841130160855464e-03
1.405806954024700064e-03
1.037496586009737645e-03
3.227048228880099925e-03
1.126410920998474369e-04
3.037367406919946026e-06
2.404575699130006711e-06
3.916998651937524249e-06
5.390359440490310449e-06
6.359814646664290303e-06
6.837615923852721441e-06
9.564289161256889869e-06
1.249668052190511579e-05
2.929967784860431647e-04
1.549207484408372283e-03
1.090750234218249536e-03
1.829444247392795217e-03
1.164702644704167754e-03
3.178205869065966354e-04
3.800280861092129007e-05
1.762392703389075346e-05
1.101311569072260018e-04
3.409719235621167020e-05
3.364673116146170828e-06
3.315540913222717922e-06
5.718911630541308732e-06
6.750052358251188620e-06
6.633841997744244335e-06
6.768013378237472752e-06
9.526372942263373317e-06
1.494860447572576890e-05
3.206774583300261734e-04
2.099299886860510160e-03
1.246108319957376243e-03
3.933507969462907454e-04
1.325063284948903687e-04
2.029749097804132350e-05
2.783827690146672859e-06
1.804271895785726014e-06
5.775555280146055381e-06
7.613031361879620362e-06
5.034406603196452298e-06
5.687620318344035759e-06
6.829957829934294342e-06
6.832711958585047561e-06
6.476570662448118173e-06
6.668609085581191457e-06
9.484301248440287150e-06
1.353893261621226204e-04
1.296664672659828552e-03
4.466678043956746739e-04
6.525521656849143654e-05
1.186240096527423722e-05
4.283842831835617070e-06
3.159489031233646530e-06
2.803052892276463618e-06
3.211386872953108254e-06
4.451418693342547962e-06
5.407744599255906880e-06
5.880806091444566781e-06
6.454554304479830869e-06
6.627878139117305699e-06
6.468948396528500091e-06
6.242228737267789979e-06
6.509787028934923494e-06
9.334399145523516881e-06
5.649629643696653576e-05
1.191493805844776635e-04
1.376514496787885671e-05
2.975367625907321478e-06
2.530145466885456584e-06
2.843624489337817042e-06
4.151830875250028964e-06
5.706749368304779681e-06
6.474592028698284758e-06
6.587820909386407312e-06
6.601646969959399545e-06
6.710429431992227824e-06
6.780445370457778490e-06
6.743209264194672543e-06
6.663815381125007919e-06
6.509887136656117705e-06
6.820571163708534668e-06
9.727002264871106426e-06
1.052901162445974167e-05
9.357018899456222529e-06
4.415330493765568144e-06
3.842695317901693173e-06
6.229637729563067267e-06
8.413533013223560163e-06
9.592521449685835212e-06
1.006879182959120863e-05
9.997627298855107212e-06
9.774929078155541532e-06
9.634758183247000833e-06
9.578243721124356014e-06
9.541800780322042490e-06
9.524532002978924314e-06
9.487194821894381392e-06
9.336244152501181495e-06
9.727953854582696382e-06
1.299228084708610998e-05
