1.175388640618715304e-04
2.946058861426388651e-03
8.202472779442332440e-03
5.755200350131836097e-03
7.669445627702836969e-04
1.308522961106576817e-03
5.884816516383690327e-03
8.717997126516390145e-04
8.147668364042511685e-04
1.689739063003622825e-04
4.374591210009755802e-06
1.871789748209899310e-06
5.697966363836511498e-06
1.171194062912399921e-05
1.317125629138056211e-05
1.305921261779912622e-05
1.308608327045303264e-05
1.960457660821969848e-05
9.563673652405623902e-05
2.919331771218497754e-03
7.696373337506036416e-03
2.075286489290235903e-02
6.691355148398235066e-03
8.807079714324998667e-04
4.224520392446770231e-03
4.410114609446048883e-03
3.573527754211190417e-03
1.832282706145244890e-03
4.119471175331041580e-05
1.658336237013214475e-06
2.188526152936898366e-06
4.464010021244309486e-06
4.428274808634423983e-06
5.900046959514162586e-06
7.771151487746504657e-06
1.304948390600939616e-05
2.150672198013723878e-05
6.968187513622570617e-05
4.746838294230824840e-05
9.543900232631438545e-05
1.577665376238025666e-04
3.026312620883774118e-05
4.359762508935167519e-05
1.649761389463894154e-04
1.280744524679523679e-03
1.636436142401990340e-02
6.386611705000872288e-03
1.762726524565040760e-04
5.411315858750494635e-05
1.507298333457447325e-05
2.527657902228180012e-06
2.901426380782203857e-06
6.273374704603408989e-06
1.301134852974277548e-05
9.091178652359866550e-06
4.656740154640502171e-06
1.510191857510267006e-06
2.217556691582673409e-06
2.515627341239614855e-05
5.715982367929741564e-05
1.211453760904837507e-05
1.201820539958641550e-05
2.302444002822432237e-04
3.043449049841939757e-03
1.303131318414084069e-02
1.321998590685162164e-02
5.541381939035360492e-03
3.288718587672107745e-04
9.001613727677588092e-06
2.843257009284086976e-06
5.174686138155607671e-06
1.297766197603125169e-05
1.157665172320198173e-05
4.098841167470099454e-06
2.167198320850581616e-06
8.664154495768404345e-06
1.542337559746920651e-04
7.997915675569736409e-04
3.559036242950646702e-04
2.034736990604390876e-04
2.437800324989418572e-03
2.212751979998251167e-03
8.458530851043499256e-04
3.876309308745620741e-03
6.960786082267293728e-03
2.619379253144522076e-03
1.788153865431008874e-04
1.142050754241807239e-05
5.826059147814643401e-06
1.262114921996169081e-05
1.257412377150659555e-05
3.815541922754463644e-06
3.627537316828956676e-06
8.990365373867160483e-05
1.284130409346855971e-03
1.361983858330595605e-03
2.024486238432550000e-03
3.444085102908995828e-04
1.801777941298197982e-04
2.566340226368986994e-04
3.247338590296298282e-04
1.598211249892733882e-03
4.825670269560137018e-03
8.086942894579382535e-03
1.306620319548171000e-03
3.149090415064977457e-05
5.813026313554690669e-06
1.178455159892097276e-05
1.069012308745513107e-05
3.601892489234370573e-06
3.152338694105801029e-06
1.302225512546292526e-04
4.028836589333436267e-03
1.301342653942227012e-03
1.675446019617869535e-03
3.147975062591548928e-04
9.757093349902057531e-06
3.467124884213511712e-05
7.524776842103156685e-04
1.715880860708589393e-03
2.748322804082676402e-03
7.486041998647947893e-03
1.855248018000949352e-03
2.975338893600182124e-05
3.408248234689092314e-06
8.996576857869116562e-06
1.271110314793153362e-05
2.139653821254001585e-05
3.877163442414683514e-05
2.656719918272342591e-04
2.018445004080778472e-03
1.736886711753957461e-04
1.829283187264287480e-04
6.973076480049918797e-04
5.975103471336451830e-05
1.090569168463976249e-04
5.755664855460305854e-04
9.683640109272426588e-05
1.239136919419199035e-04
3.863323354689170933e-03
5.827696361166576078e-03
6.273446656072127682e-05
2.960509693268549867e-06
7.134305230318055947e-06
1.017231392005309763e-05
8.765627462734960440e-05
1.183245555057801240e-03
3.092581721916404756e-03
2.380452758085174411e-03
5.792319646137744746e-05
2.356779508113896100e-05
4.114140491994522125e-04
5.494223649170937611e-04
1.159407573413365287e-03
1.080499848074737345e-03
4.015406473153094893e-05
3.363118044510691936e-05
2.413971927847306798e-03
1.242901916646537569e-02
3.035788933923072759e-04
1.016546405023574298e-05
1.043007708180531792e-05
4.682318209555804733e-06
3.488195152995569940e-05
1.445738969421840560e-03
3.934593424417211563e-03
1.473109709145786154e-03
3.008600695382915909e-04
2.332924435103823793e-04
1.000975309478856039e-03
1.012984026630866325e-03
3.701501420026102711e-04
8.632165667256323891e-05
1.539764484530283854e-05
1.356620058750021989e-05
2.975717539333263607e-04
6.970134282260689873e-03
9.844162708779549426e-04
2.316061765237111128e-05
1.142846336749295679e-05
1.401228613276978329e-05
1.985205970603727034e-04
5.173321720941558011e-03
6.123811152584209862e-03
2.878063832119229573e-03
2.096505632167846959e-03
1.325966479593603149e-03
5.967410293112001933e-04
1.832132950459855231e-04
7.222091632255922186e-05
1.995363978865905322e-05
5.122596435208933818e-05
1.102335622602220914e-04
2.211309718538898906e-04
3.397258931363085401e-03
6.467300453508173768e-04
8.807466836607657555e-06
4.931970964416669569e-06
3.556244522137189134e-05
2.658990100015744783e-03
4.652938997746957489e-02
1.299018997068582780e-02
9.106748015459539478e-03
4.560860827052755188e-03
1.657350692363411320e-03
1.137335379934320502e-03
3.332377193675219390e-04
6.676602153506445850e-04
6.159188847178580228e-04
1.283183898488914586e-03
9.669292833563895113e-04
1.214488232894363467e-04
7.878537835815100417e-04
1.436486626935522867e-03
3.432289997332589197e-05
6.028362741152022939e-06
1.988923990837089160e-05
2.368167196707048235e-03
1.457250199974302607e-01
4.144966467888160089e-02
1.221257346431134372e-02
9.516852914967862884e-03
3.920500718880290739e-03
3.509400454317515659e-03
9.927609002289585188e-04
1.580527369543566945e-03
2.954349306582846127e-03
1.654878694684942635e-03
5.462055652762964940e-04
1.517953147610161127e-04
1.148361903571755698e-03
4.175358460617608833e-03
1.262573127345743287e-04
8.521583904102312182e-06
4.314990516894576152e-05
2.370749521623297627e-03
5.868923310640817431e-02
2.007356908998458173e-02
4.861317111424752653e-03
3.274609935453914791e-03
1.436330018917856199e-03
1.154533562759646947e-03
4.019375006757534038e-04
2.679334659463816683e-04
1.155706930687958826e-03
1.940806386024926432e-03
1.029227804424676139e-03
1.183879546122729816e-03
2.101903193835103802e-03
2.262048760648055837e-04
1.401679359536205232e-05
5.780763425793881186e-06
1.612007452473711471e-05
4.083653977980632589e-04
4.105801992232575685e-03
3.808414506933130873e-03
7.379416927106577893e-03
2.158691196341301632e-03
9.301522149050436925e-04
1.199655567352128811e-03
3.454514822131298695e-04
4.409785271328376700e-04
1.971965435557456858e-03
1.166965113954257114e-03
1.553491617403830152e-04
5.966144381615366525e-04
5.556874087959244764e-03
1.970055422227679756e-04
4.974250379600390312e-05
3.664456378354429429e-05
3.691247570554932254e-06
7.773802026143726953e-05
1.507703702179914252e-03
1.809302718519154593e-03
3.969076751637200598e-03
1.242114635616128199e-03
1.056983827150855676e-03
1.124190874754245123e-03
4.012273782418631632e-04
2.344069827448321073e-03
2.561409636366654852e-03
2.545052238999049405e-04
2.820581810486595125e-05
1.579517750067182039e-04
7.092997074623286040e-03
8.626501862488059448e-04
6.636030206866258292e-04
2.480390970780252261e-04
6.515081392595597931e-06
6.937138374300213411e-05
1.229681148274449623e-03
1.602278386579683144e-03
9.070070612798401821e-04
3.065099222202326908e-04
5.574334070788351326e-04
1.848529136174353112e-04
2.413444698003472101e-05
1.126710860455759438e-04
5.751719664576801332e-04
7.125220095932080023e-04
3.182639275951124817e-04
1.096770674239877421e-03
7.597023860050987516e-03
2.421700414301738199e-04
6.348345103031082556e-05
4.577284789474007746e-05
9.317611814144096638e-06
1.372969702340329856e-05
1.167151416418372528e-04
1.624226955381568660e-03
1.909394682553992298e-03
2.558910003687003029e-04
3.406303914103117375e-04
1.813063545741164077e-04
2.753853578112797646e-05
7.338148060440765144e-05
2.970082765518660371e-03
3.610505502708802501e-03
8.001555548042594852e-04
1.054099560216710182e-02
8.882592313656591937e-03
2.898825157504594913e-05
2.770386183820974976e-06
6.878799786624128570e-06
8.402369423969420687e-06
3.616672173096244747e-06
1.825614417770587243e-05
3.719128106950669171e-04
2.940330908154392296e-04
1.225243357565901955e-04
1.385496052836322290e-03
3.085976402532282937e-03
1.134904748861314920e-03
4.187942454274302798e-04
9.745505333215536119e-04
5.904636819749195173e-04
8.973962666725802430e-04
1.321938562771247071e-02
9.738703061239639041e-04
5.044893069385513415e-06
1.686738016856139535e-06
7.498785230459003863e-06
7.201521413271718070e-06
4.647610679489310253e-06
3.047276302495220435e-05
6.550491180562760139e-04
5.557470462716539248e-04
1.391542522595101315e-04
6.549539714178661794e-04
6.799408317525474504e-04
1.107321389643221203e-03
4.657062795158664831e-04
9.236407059558535213e-05
4.151657346763551796e-04
5.850068608816803330e-03
1.535307449668694459e-02
7.918025927874035612e-04
1.689401665513638449e-05
5.749413076682490827e-06
1.277859115082911419e-05
5.121308049323718490e-06
2.376597459602968314e-05
1.878655344224216856e-04
1.074349006425198965e-03
3.221154794526984080e-03
6.015523772298818697e-04
5.350263143194799184e-04
1.603619239873232906e-04
2.724751594426263611e-04
6.650615786358977629e-04
3.170832155696232547e-04
2.379401636563796638e-03
3.595817844426640007e-03
2.053432923459711044e-03
3.827731375089824342e-04
2.086915762468737363e-05
7.192282578288243466e-06
1.324219614062038896e-05
3.002365635619431176e-06
1.800128422179937346e-04
2.156237573096695184e-03
1.950210806558403255e-04
1.281185494510822434e-04
2.649046286785055183e-04
2.117754650926088542e-03
9.929991250652483569e-04
4.580287627495592865e-04
1.509659971680929946e-03
2.583520546188797923e-03
1.182935861695874960e-02
2.597262186785636359e-03
1.975411800279774682e-04
2.209399830165805842e-05
3.961010434724817326e-06
4.491319490188297822e-06
1.219876238160531241e-05
5.064213339635799810e-06
3.107820027268097247e-04
1.682752503646986345e-03
1.250418591083967247e-04
9.652103679703793017e-05
1.135993979822724032e-04
3.157559739489637705e-04
9.572418482344237324e-04
2.670116458020632428e-03
9.381915853729145757e-03
3.846151532098040452e-03
5.212020034836894805e-04
7.092026884193496604e-05
1.493449674006261304e-05
4.523167616717221341e-06
3.216183779626367247e-06
5.467142666941265476e-06
1.265117978131102660e-05
5.398224144535502107e-05
1.303235250825222381e-03
2.819309205042552693e-03
3.840706007651000214e-03
9.988551669348821188e-03
3.243307423329337691e-03
1.754756799867863678e-03
5.200162294525535397e-03
6.751369955602598907e-03
3.028129947339844221e-03
4.769028387104067577e-04
1.018438209034344930e-05
1.288192478929282638e-06
2.499339579565664742e-06
4.871791350093881589e-06
6.207987942570650534e-06
7.575854615700990039e-06
1.314048724383015180e-05
1.343345941219981315e-04
1.313743857554571653e-03
5.365173187808086781e-03
1.936972845722939596e-02
5.649050472322916967e-03
2.964716221740563030e-03
4.349803101514350054e-03
2.377942572779041721e-03
9.313633703974687119e-04
5.524832634179011959e-04
9.712494497699201848e-04
1.023893761983732869e-04
6.746963808927013983e-06
6.962478059873437472e-06
1.251669241827903825e-05
1.345170637228510211e-05
1.311066198664379550e-05
1.966578293571441159e-05
