2.014264357557372584e-04
2.829488304749177511e-03
3.192623962847760625e-03
2.303920223324943273e-03
1.315723719357394812e-03
1.172044121046934969e-03
1.436086094258504043e-03
7.053985743084882284e-04
1.689674763312923452e-04
2.361819634205887636e-05
4.071755660900327638e-06
2.448889390963001304e-06
5.357682410277322720e-06
1.239088771814082425e-05
1.572869850193817732e-05
1.488589410438335087e-05
1.466853905367032698e-05
2.237662353686252435e-05
8.969708927072339737e-06
6.031135189003303211e-04
5.860629473213301889e-03
3.271132101518598595e-03
3.796274342918922948e-03
8.416334433318488220e-04
7.476265273955120692e-04
6.113483298476506816e-03
8.332070772515775756e-03
2.211435317579253570e-03
8.335635978188256942e-05
2.799057419199086868e-06
1.884054098390712187e-06
4.725790093664581296e-06
7.273936874474892060e-06
8.346503050106078483e-06
8.973290000876576038e-06
1.468679813332298514e-05
1.475533058615291675e-06
1.981453927195510125e-05
1.230871906569565267e-04
3.986574192749487594e-05
3.117871645299327569e-04
1.780932659616942058e-03
1.114590158746773044e-03
7.729985573428963365e-04
1.784861426079147658e-03
9.936733767032095502e-03
5.352213842592591815e-03
3.869307472527375082e-04
5.611063795393226499e-05
1.246921973153779528e-05
5.251522142415362608e-06
6.055517394860611812e-06
8.430458761915772019e-06
1.474827388361453524e-05
3.458512621130540426e-06
2.874099839559831780e-05
1.859615107803625628e-04
1.735228446246879085e-05
2.919669264380184121e-05
1.535798019674298326e-03
4.055776007023829954e-03
1.533516812778661391e-03
1.862464035201464880e-03
9.333495605115356072e-04
1.771892945149546256e-03
1.434953057867453287e-02
5.150477505378666526e-03
1.185958407710353113e-04
7.256937553888152256e-06
4.447041241519245534e-06
7.345464349720245216e-06
1.531207901255031222e-05
9.064392953736285233e-06
1.657554273329422945e-04
2.939204400274912123e-03
1.165302746154803096e-04
9.856248877718581168e-06
2.574528771821537644e-04
1.507210772855433444e-03
4.198967882108239273e-04
6.224751493458876997e-04
1.112670168742967906e-04
4.805757196659130840e-05
1.680781830545870692e-03
9.676468828994977400e-03
1.787652242550459569e-03
6.718321193145878874e-05
6.880072920992641738e-06
6.254279742012707170e-06
1.510922528207048513e-05
5.508656380657977774e-06
2.766486489521034311e-05
2.375012448427685522e-04
2.367755117921736658e-05
3.339921640842869071e-06
8.557891836425646714e-05
1.395701656524488479e-03
4.705459208263844915e-04
1.309940916882998451e-03
1.481518251660631814e-03
1.550928142903556964e-04
3.853205020051503706e-04
2.988687185987598006e-03
1.632591864052569675e-02
1.881258523833055077e-03
2.173528776231532702e-05
5.363538225551260520e-06
1.427856598268120975e-05
5.122367535131359504e-06
2.306349339946860976e-05
1.051354363501680501e-04
1.124209005766687343e-05
3.116413427253747389e-06
3.477494210736975370e-05
1.915813902292859503e-03
5.240265012088596644e-03
2.348462196635653886e-03
2.975172772101128578e-03
2.748119411253866721e-03
2.291965547332503080e-03
1.602227149715181563e-03
1.797246108217560867e-02
9.195047853186583478e-03
3.112104820407287004e-05
2.411971713460801737e-06
9.662737396407817099e-06
1.088441379594361555e-05
1.988334673040499331e-04
1.226907779009136666e-03
7.152488716503594822e-05
2.249710382052383145e-05
3.665018454822943037e-05
2.323379836664930082e-04
1.174718922158267875e-03
2.724882387103776745e-04
5.180317316250743946e-04
4.928727556662610906e-03
4.178166257638424134e-03
1.010689068594175424e-03
5.374838641083288723e-03
9.168655812551863848e-03
3.941592877895655668e-05
1.104472994107834545e-06
5.266148420916017172e-06
6.952724250326472784e-06
5.434055800135163881e-05
1.528004956659825050e-03
1.397417815975584600e-03
7.598182746269579969e-04
3.950111901872267696e-04
6.221220893082514858e-05
8.405061619035333648e-05
2.758006907914172683e-04
1.076232437542762321e-03
4.142669019322251130e-03
1.667206068472982129e-03
3.144500259607874745e-04
6.920712152772585252e-04
1.030874937793089044e-02
5.911527789584425157e-04
6.220249737081428317e-06
6.789760040864459464e-06
2.091574370635410240e-06
2.290367569540356738e-06
2.898354491673992440e-04
8.997768933046865203e-03
3.629153029007855993e-03
2.248913635925342287e-03
4.808781487209758143e-04
2.171744213395767448e-04
1.189019008591936117e-03
1.048833043474707441e-03
2.369293521227771628e-03
4.891754095572045831e-03
6.841655452603099185e-04
2.658641368971115812e-04
5.572030971177311699e-03
2.911844778566459804e-03
3.776519713146540944e-05
1.119361227988474967e-05
6.798973869481171054e-06
3.189441979921559558e-05
1.062527001435608319e-03
5.636175767910690977e-03
3.298510931079478865e-03
2.933622753196557954e-03
2.733731289075415176e-03
5.415130631038616313e-04
9.352308206750629569e-04
5.386383362667560059e-04
6.071290441258317665e-04
2.550378280192130628e-03
5.077849677239561470e-04
1.753295104785545025e-04
1.490555398222616302e-03
8.909900178002348433e-04
2.920605974132396316e-05
9.976477102248220734e-06
1.674356004097174666e-05
1.925125799522536037e-03
5.257422623915432303e-02
1.663514719653706037e-02
1.117160256228214021e-02
4.224390848197524112e-03
3.049375331161125434e-03
6.595733185039278712e-04
7.767534243202683019e-04
6.853462340095600822e-04
9.913410514629759647e-05
2.523364111258493791e-04
7.069660263545150944e-04
1.128880244119336148e-03
7.979280847440206603e-03
2.652197472673102283e-03
4.431649758982574830e-05
9.764411834659921251e-06
1.908537736075494467e-06
2.434622328124235629e-04
5.102266822757275250e-02
2.299396094365850976e-02
7.634974932592538885e-03
4.150050718801371469e-03
3.922326029264393277e-03
2.766106742147414650e-03
3.306610257438182508e-03
7.649172474638702996e-04
2.564572671546209499e-05
1.102822750472602756e-04
2.249678769542990276e-03
2.684505949610068755e-03
1.757192988584123025e-02
6.333834383692707806e-03
4.834062238902348560e-05
8.203658577060062994e-06
1.734235507482379126e-06
1.766785355477136434e-04
6.472221462212998655e-02
1.883281877013824601e-02
3.768756835221302118e-03
6.695834750022004907e-03
3.201248253712805393e-03
1.202375766147394326e-03
1.668582079465557449e-03
1.285010750833418935e-03
1.261540135131904703e-04
1.080064853982161914e-04
6.175754955215551935e-04
4.046917616762765128e-04
3.375239610741662035e-03
3.230240125411893651e-03
4.566400296710455061e-05
9.733163016368189056e-06
4.136067447894962579e-06
7.408492686495603285e-05
5.456996433806472063e-03
7.500605630919164601e-03
7.456922053177247704e-03
7.358919215379156574e-03
2.707063117242658294e-03
7.234717502449690679e-04
1.236331399038717452e-04
4.924945752925424499e-04
1.337753193119643009e-03
4.287105327498994325e-04
1.064551340994789432e-03
1.120334484125012388e-03
6.645404327025518365e-03
1.638856277765081502e-03
1.427480277532772690e-05
6.158672988524307316e-06
5.843909596312427831e-06
2.296400393011882636e-05
6.382423688501901024e-04
3.556810167695698566e-03
6.458147523183351696e-03
2.521822738452882129e-03
2.313978128977280200e-03
2.788063137733538463e-03
5.964955978263935464e-05
9.438456372519012723e-05
1.239931381226818449e-03
4.769171821292467303e-04
1.395366954392417624e-03
2.107302212117347692e-03
1.551996528722604518e-02
2.900937757031892168e-03
1.332330691395439434e-05
4.867777593692102720e-06
1.031457505800005870e-05
7.927816820396367883e-05
2.554606329496924167e-03
2.181210041716100025e-03
8.010250729286532648e-04
9.362687722149636059e-04
2.057015902531718777e-03
5.710642461317828704e-03
1.551331423191893723e-04
1.333594544037897101e-04
3.660343844338411617e-03
1.106403535535061770e-03
7.723271528722258986e-04
7.112233857058719490e-04
4.270841131326411598e-03
4.407442599403806234e-03
7.891792373786535048e-05
1.290276896098946874e-05
6.202570191552889419e-06
3.544592136962190478e-05
9.990374554646054128e-04
9.428900106343505441e-04
3.991106606146430048e-04
1.309554044013578906e-03
2.842952925984671472e-03
2.358497979376760010e-03
2.622596884017973015e-04
2.631540711865697495e-04
4.367421518928650721e-03
1.143778815520698957e-03
6.757192441211261726e-04
3.232898957186450869e-03
5.263798999635076192e-03
4.937981611547296885e-04
1.784555379611049754e-05
1.048611116194647504e-05
6.553994309666605460e-06
4.476659927995293721e-05
1.023858468663115364e-03
2.827354958642309436e-03
1.224991665588353673e-03
8.661152482464056206e-04
1.993090325307016446e-03
2.137037364263019105e-03
2.803406100052114637e-03
2.251112183692724217e-03
1.196162584294703946e-03
3.058612090064549292e-04
2.050521626763807982e-03
1.627900849397887970e-02
3.489817695696111055e-03
3.542017464518521853e-05
1.874260321232228008e-06
5.658082664474903304e-06
2.552105400223576666e-05
2.610443952850838431e-04
1.763813102678385251e-03
3.357241598492839447e-03
1.371835742370982030e-03
4.852307537834162879e-04
2.268541519898862897e-03
2.739524722567081814e-03
3.089995334679746918e-03
5.821040215142641965e-03
3.114468602231139967e-03
1.343702288246747872e-03
7.408696088693084332e-03
6.414865382000381477e-03
1.949382936443516852e-03
1.057123512953125351e-04
5.660005914729512293e-06
9.186648227200783215e-06
7.101119581782080873e-05
1.315123183824255804e-03
2.466927418046318751e-03
2.796579443177426498e-04
3.446806337724499665e-05
2.384292303578706878e-05
5.138762428629153499e-04
1.672519172372232722e-03
2.596595321376938561e-04
3.977098385124757589e-04
1.527108848282927303e-03
2.940211347439136789e-03
1.357185029820473336e-02
4.279760427665708911e-03
5.267584376531129695e-04
5.443401228048216732e-05
8.586917309490435364e-06
1.293640709112645008e-05
9.065305185895632218e-06
3.554535530105394203e-04
2.561695313209472798e-03
4.702086582052252358e-05
2.015552013570231172e-06
2.760456846965751422e-06
6.280506668010308192e-05
9.995690727847320826e-04
3.997437589790476717e-04
9.918640511913023525e-04
8.051904077146091951e-03
1.186712203598203931e-02
6.764314377316383436e-03
3.473404276588801698e-04
1.135112096523126897e-05
3.002708907820044656e-06
4.314885202311865963e-06
1.329634612836710885e-05
8.368411539442661570e-07
3.516077117725586543e-05
7.905530154364341861e-04
2.455555167312587368e-05
5.961946309570712798e-06
2.855969926388630890e-05
7.011695264452549783e-05
5.933123439092184053e-04
1.705884346787980453e-03
4.548094914553280251e-03
7.837355020019708823e-03
4.720593796410409333e-03
3.352502431933484248e-04
6.821530128178391762e-06
1.212888270324438687e-06
2.078607315740128340e-06
5.697784424810341318e-06
1.463890842331229289e-05
6.946703281314263051e-06
4.778724313122827724e-04
5.838112080395532581e-03
6.656465065225235667e-04
2.858106771406152837e-04
8.114932406908476146e-04
9.807726310703318226e-04
2.506687768892076375e-03
7.824766763115118332e-03
7.848368109260199510e-03
4.184602100082505374e-04
5.372166707392009169e-05
1.302948308526586827e-05
2.516544046686603074e-06
2.725333064100518310e-06
5.998111172098983936e-06
8.992823136167667387e-06
1.538731374957639559e-05
2.219656188244313610e-04
2.832808713231094871e-03
5.048279215785624746e-03
1.191225952425941856e-02
3.601518375136517937e-03
7.178993910481538520e-04
1.129861455431548176e-03
4.474193274381723946e-04
1.539523485980220366e-04
2.077220171634942055e-04
2.449749209020573792e-05
5.088159137454706075e-06
7.007822431453424153e-06
9.327016391197022908e-06
1.318305982673898182e-05
1.572960959340048194e-05
1.553350685243883622e-05
2.253413805332681817e-05
