1.511947549070676902e-05
1.022654682343842633e-05
9.312552329016866726e-06
9.776896702151024749e-06
1.043254918709653495e-05
1.058991075486493655e-05
1.045536046030145312e-05
1.039485004215230588e-05
1.038733688981103144e-05
1.033299338542184447e-05
1.022649360062476803e-05
1.011813633441906747e-05
1.007256564480640101e-05
1.010501175095950143e-05
1.009465551984824865e-05
9.856653844980792865e-06
1.020260921750815987e-05
1.432530984828325885e-05
9.168051961194361089e-06
4.138334082748276963e-06
2.966638438894223263e-06
3.458249192058460858e-06
5.093114724477863842e-06
6.659018802862338326e-06
6.932304377308209659e-06
6.508320804107355166e-06
6.356357758711423934e-06
6.556832941814777521e-06
6.812230135661954893e-06
6.906900224407854688e-06
6.875118472391666049e-06
6.873757724112417901e-06
6.862113109116416132e-06
6.648358364423961912e-06
6.850720128282691811e-06
1.023830202613516128e-05
5.886039623744395748e-06
3.075392088643825841e-06
3.324110958843944042e-06
3.310118622976823674e-06
3.284899366644494363e-06
4.436905357093517185e-06
4.831090935906395604e-06
3.758078927389242521e-06
3.757513455298949923e-06
4.564785988347697178e-06
5.592394245948818572e-06
6.631825126785817514e-06
6.867228078294130153e-06
6.522119909630659969e-06
6.278268948383810221e-06
6.221024538992696456e-06
6.653654694573457935e-06
1.007910337935575496e-05
4.450667915300375019e-06
1.803423576072242442e-05
2.087443858546690633e-04
8.544906774706301992e-05
5.656871896446730801e-06
3.262283981701312259e-06
4.967246157598664354e-06
3.869867636310607740e-06
5.691279040270057216e-06
6.117689353456641939e-06
4.635732936486312508e-06
5.619348169710928581e-06
6.154256008904047765e-06
5.200628215097181982e-06
4.583161387212437791e-06
4.761647585056957460e-06
5.979491108628557341e-06
1.027874367980957979e-05
4.755485222462120431e-06
1.116527681432213334e-04
6.525069999882648561e-03
1.698592250606508923e-03
1.915037768772847175e-05
9.373872270595544356e-06
4.693932005895989099e-05
5.532364176404400537e-05
1.386733212090444077e-04
4.612809680012988568e-05
4.904156913225033222e-06
3.255167033787259032e-06
4.006517207692174935e-06
5.409304164604128775e-06
6.426086681740118380e-06
4.698863710969487536e-06
4.602553793334968686e-06
9.246400312798107020e-06
2.093380396399806769e-05
2.715980112423117257e-04
2.074227829311453379e-03
1.727690360071125952e-03
2.843276154989711436e-04
2.499963471596868447e-04
1.116808801239647930e-03
6.318481832011630739e-04
8.404501544757948589e-04
1.205961946212036020e-04
6.359391147584969227e-06
2.157895194512822390e-06
2.744025102388973737e-06
2.541481157936294931e-05
1.223885202141419945e-04
2.504397483310317362e-05
5.049651374430493608e-06
7.837647737532377979e-06
6.641220450329963023e-05
1.095736592106229864e-03
3.542730788093353608e-03
6.180271609741726929e-03
7.479136445809127405e-03
2.715560907470088332e-03
1.251545394864254966e-03
3.149041045019670493e-04
3.775301757879932643e-04
1.903269674075858359e-04
6.845394297161416710e-05
1.164689976645526118e-05
3.608088350106587775e-06
8.349121833898383272e-05
1.304286124617456532e-03
1.140905797024986104e-04
6.494495971625144332e-06
7.282487572510090406e-06
8.134723037532105931e-06
5.051584861553997004e-04
1.104159304658515472e-02
7.482486565983970626e-03
5.196038345681284858e-03
9.882126669968965479e-04
1.340565910278847738e-04
1.040097767401534245e-04
9.415047617966565896e-04
2.436237842638174899e-03
2.603930711567011003e-03
4.543945596176436749e-04
1.819521344155122176e-05
2.311117727345306092e-05
1.115912888408437898e-04
2.736808532912646477e-05
5.239301646836050536e-06
7.808981508718100504e-06
1.061832351217173191e-06
7.973515640661337704e-05
9.204813018417272105e-03
1.027000822109877531e-02
4.925911864079342631e-03
8.482925627356371163e-04
2.051650587808291539e-04
8.226566663535660271e-05
2.722692894171416787e-04
1.071317254089022408e-03
2.890936986935683985e-03
2.811383238181997327e-03
7.790637102132836147e-05
4.650117296973501547e-06
4.509824401960810121e-06
4.830152164667772451e-06
4.829997887083935019e-06
9.266615105653553240e-06
1.965755990986257748e-06
6.033500134914181082e-05
5.023538307850677377e-03
1.654421019076574018e-02
8.646827734767341747e-03
1.983564511906375089e-03
2.194432444701642764e-03
4.547523915987263183e-04
1.196615213802532937e-04
2.433957511537953699e-04
1.529918592802934248e-03
2.013015593229438172e-03
4.888882982793452733e-05
2.025444892917536920e-06
1.790882155168477012e-06
3.771560859958462273e-06
6.048088206761192457e-06
1.046577752525235009e-05
2.201615410766007147e-05
3.820891467577571584e-04
3.240531337177929294e-03
4.086381792527610420e-03
4.968766245559422950e-03
2.455220718089020249e-03
2.391135563268918015e-03
1.815660802984232682e-03
1.016609621120510842e-03
5.563188016938375993e-04
1.032669351973149576e-03
1.825040697890067129e-03
1.332436392836741862e-04
7.113210602970368627e-06
3.249420411762946079e-06
4.296359946287323140e-06
6.287757672929957416e-06
1.046073166436539238e-05
1.692950345880626093e-05
7.778508664569380596e-04
1.516289316721420796e-02
1.181615766739752341e-02
1.666995274274459676e-02
1.507612768484450742e-02
7.188739309663695273e-03
3.360250545251613780e-03
2.498144550201619827e-03
1.089571018127674174e-03
1.143560800224839797e-03
7.270289890868370485e-03
3.114024299503841391e-03
2.145208143068143606e-04
2.367720986213242307e-05
6.689491583045450656e-06
5.985465116072477856e-06
1.007476510255857282e-05
5.908982558717020303e-06
1.542599218401674317e-03
1.012165109805875374e-01
2.579397283882516045e-02
2.829935593818971862e-02
3.883343981004445944e-02
2.459093871314859889e-02
5.770747243413705541e-03
1.416399751911979771e-03
1.811045563742938241e-03
5.248175554876959373e-03
1.470626027864927431e-02
8.345451223876337865e-03
1.131826050186880532e-03
6.258689098130026788e-05
7.951982647858928360e-06
5.858612028394304127e-06
1.001266864917663767e-05
2.344686333519493152e-05
2.598080200293066428e-03
5.297262489487386539e-02
1.775369107951899755e-02
2.186065035575567375e-02
2.154927367332528168e-02
1.091214286037574428e-02
1.522281677862936684e-03
9.258150600268536304e-05
2.180569606973297402e-04
3.060331139364775264e-03
9.224185491128352593e-03
7.938266499814697688e-03
4.357905621119875176e-04
1.155504059908258138e-05
3.774240754028686500e-06
5.509110311301820007e-06
1.021676021543170596e-05
1.561113788753146428e-05
3.200467494011838407e-04
4.100845766271781802e-03
4.118577678619237195e-03
5.873427832030122392e-03
4.990363789392732001e-03
1.468194147271916590e-03
2.469623573375258189e-04
3.300974704358598306e-05
1.818153411469432344e-04
3.836017670131819119e-03
7.311484764190910243e-03
1.838369527060936849e-03
3.615406676571363757e-05
2.166081344685734140e-06
2.733718249072767540e-06
5.937502542955082606e-06
1.044440993281345691e-05
1.493588567240713668e-05
3.180380919907550537e-04
5.463921772897543765e-03
1.126070283612204230e-02
1.021421405727998728e-02
3.381858867426666259e-03
1.438511838127073776e-03
7.295539584343820700e-04
5.993375520574176002e-04
2.962268353503442770e-03
6.897163992718917912e-03
1.641965625586330356e-03
6.200778704677920776e-05
2.905558597122307983e-06
1.784474787323963359e-06
4.312316380981108001e-06
6.970270401725004812e-06
1.043027650856596944e-05
4.997854685381896371e-05
1.252958816472479449e-03
7.475267041991682550e-03
1.687805337021512989e-02
1.474757829630940660e-02
2.288678146291935316e-03
3.435406053762978668e-03
3.060796499447148312e-03
2.790720219394354686e-03
6.032328694695379342e-03
9.149833097624709977e-03
5.686190066322342404e-03
1.165455768480934379e-04
3.299910827239828851e-06
2.884995986858710524e-06
6.041324484855152984e-06
7.353860719358706947e-06
1.025649877707142445e-05
2.029520034679000167e-05
1.938290483002763067e-03
2.326821861731710045e-02
1.948976948567338052e-02
9.717185701707587581e-03
5.987026994870809976e-04
6.523265215887560746e-04
1.460400936852656152e-03
2.287828431806927017e-03
4.328397372378216257e-03
6.198235043911455057e-03
2.010662134533374324e-03
6.296852030084007523e-05
4.262128211393142063e-06
3.356136571906983541e-06
5.762116921972399896e-06
7.105807150851811594e-06
1.020854906869780044e-05
8.274001249875282004e-06
6.291265008191870454e-04
1.098682885120475829e-02
8.809356294845010343e-03
4.844761233026954883e-03
2.040314534229656709e-03
1.519092988804292667e-03
1.392401091349331887e-03
5.320424449268785182e-03
8.377333827741783798e-03
3.970047700507661412e-03
4.604033143996943923e-04
8.557824789876373138e-05
1.778145581518874631e-05
4.529074087026536793e-06
4.716652987645892178e-06
6.666734852366582155e-06
1.027746911554999305e-05
4.465586764487175996e-05
9.932109769650566099e-04
3.673938707727725239e-03
3.791934463171529619e-03
7.177906762763294757e-04
1.634546298680204660e-03
4.466230116461400272e-03
2.033422267993275582e-03
7.352143226008344204e-03
1.862623743189966482e-03
1.863187300202170612e-04
2.385268062140314337e-04
1.093199291191080790e-03
1.573150587598772746e-04
6.759494207296393015e-06
4.125286175516882856e-06
6.389705735550535146e-06
1.033683291430807312e-05
1.601077365268990577e-04
3.801577033354343587e-03
4.287432457285406465e-03
3.891836718138877004e-03
1.227870005328696623e-04
3.399030776597789590e-05
3.885713305296295897e-04
2.377833464648303110e-03
2.793237156808144658e-03
5.580302208674604110e-05
2.382520977834922308e-06
1.087674977715016202e-05
1.332401663607512567e-04
3.998480390722209744e-05
4.841505651710876213e-06
4.333338000462981718e-06
6.559480274259450280e-06
1.035971484025026493e-05
1.686175996555897526e-04
6.312322363511282258e-03
3.739636636940880422e-03
8.824408488472049433e-04
2.063791242514979087e-05
1.216722935293131645e-06
7.821007101966525140e-06
3.900203268263769253e-04
1.177033382150516599e-03
3.577623760214186405e-05
1.774458735071969252e-06
2.226693039428035026e-06
6.110532598666201649e-06
5.219653017752012271e-06
4.076269711649034094e-06
5.414597970341331249e-06
6.856721495178455946e-06
1.025269387128020232e-05
1.827402168910028201e-05
3.299724398266157114e-04
1.673827640280945361e-03
1.128093941586369138e-03
4.230121133078688873e-05
1.575798331836034432e-06
1.243813549137161291e-06
1.410171000184004342e-05
9.432060094350514087e-05
3.018198985711657967e-05
5.509005877832871550e-06
3.863154073921793211e-06
4.342874743775944784e-06
4.681025228046910573e-06
5.510551454078723766e-06
6.292068346362535630e-06
6.706298227263713635e-06
9.903286033865350203e-06
2.711921279801455833e-06
5.598683800185351949e-06
5.557746127050652542e-05
1.704829604078653897e-04
3.361075247103494963e-05
4.736664286825637048e-06
2.426427573346772046e-06
3.758766401365932529e-06
8.058623035803724190e-06
8.136062263011457736e-06
6.227824120766631886e-06
6.296118459133065378e-06
6.571908434275878228e-06
6.677996769908029360e-06
6.854170497743010076e-06
6.696103804196365075e-06
6.838701818290259433e-06
1.020486382024213533e-05
6.405981170252045918e-06
3.491277234260181983e-06
5.343157794475250639e-06
8.617793099183993717e-06
8.004502496165870999e-06
7.721561850908667510e-06
8.265212809092270963e-06
8.012528457632719361e-06
8.068197028295732146e-06
8.529502984621840824e-06
9.376680351808813895e-06
1.023537157415989852e-05
1.044308095947592079e-05
1.035096379565827307e-05
1.022027110224147956e-05
9.896299880004059832e-06
1.020650768275586440e-05
1.433750802483095016e-05
