1.928890940729718746e-05
1.437705105815573133e-05
1.201961142828646785e-05
9.215709172932825044e-06
1.162621315655011787e-05
1.655649930660298288e-05
1.217026445197985627e-05
1.026076808036043403e-05
1.362490657141479627e-05
1.681411688124484442e-05
1.765883132000852150e-05
1.762360820255136850e-05
1.740967960143644511e-05
1.728886995428089289e-05
1.721023918230004366e-05
1.704477882671262312e-05
1.778277871443190622e-05
2.247112264452807366e-05
7.145869790578842360e-06
8.268764009203673015e-06
1.144565947253750498e-05
8.607587503661802571e-06
5.091834431390300758e-05
4.049219243384057109e-04
7.719873107567509730e-05
8.181547081019410967e-06
6.460510069934867952e-06
9.075521572042632523e-06
1.119057421979384164e-05
1.272472559106032112e-05
1.313217322804547815e-05
1.299035109993922986e-05
1.285072977976000812e-05
1.266585197374596190e-05
1.330457912379575636e-05
1.778857569278140288e-05
4.940929891626782889e-06
3.547103560493228481e-05
1.944823547317790519e-04
6.345071874574323098e-05
2.245573400984354285e-04
3.349717236601050269e-03
3.070432249844435722e-04
1.316934009985510193e-05
1.042075886537232561e-05
9.916135989559509117e-06
8.273262849477997917e-06
1.044119945840204548e-05
1.238801652619631920e-05
1.251300298122396314e-05
1.229757427039972147e-05
1.208320585360363606e-05
1.267382513258989810e-05
1.705807354166564830e-05
3.970851374544193986e-05
1.192605144254440652e-03
7.840840069334688994e-03
1.252477696184355277e-03
2.083928027070307612e-04
2.944590587666945890e-04
6.929583912793607474e-05
5.574405713523452531e-05
2.799890070316746866e-04
7.131878345856538148e-05
9.799499096184848898e-06
8.787496084422463527e-06
1.214464223471412272e-05
1.281594243318067939e-05
1.251758721487232769e-05
1.226635874812477627e-05
1.285268995321633822e-05
1.723331690351455456e-05
3.606733669647993619e-04
2.712106924145485549e-03
2.854590462147406447e-03
1.968528262503905970e-03
4.898935931938355574e-04
3.460968922137793672e-04
1.100022136120699354e-04
2.858750865269661439e-04
3.554242834223220876e-03
3.468364124876873421e-04
1.254459801603429439e-05
8.115161840371002436e-06
1.213726073563693257e-05
1.312199346970328958e-05
1.265673968707714856e-05
1.231798014616035120e-05
1.289755046077805085e-05
1.728939783907955789e-05
1.100559387789217219e-04
1.557623041131463311e-04
2.343252097423215098e-04
1.154481229606225262e-03
1.281401817074055488e-03
2.710999697823653857e-03
4.600549938100708552e-04
9.209106939050374242e-05
2.450134452153701387e-04
5.760793664664039465e-05
6.894020854147935179e-06
6.587346946540156571e-06
1.129975686399137637e-05
1.316402950919411780e-05
1.281849693205372524e-05
1.236429254165639154e-05
1.288524735224071801e-05
1.726854863376080208e-05
1.433997517334537045e-05
1.608870293826353829e-05
1.958786108900848800e-04
2.070788093613209254e-03
5.826229188877081987e-04
2.693208394218092735e-04
5.371614633070091201e-05
9.311794944831515111e-06
1.856516998767852443e-05
1.773937058727986145e-05
4.283213731996302035e-06
3.405656056634737378e-06
7.368460225483116969e-06
1.160650067341666141e-05
1.270327109228094278e-05
1.248016697861477209e-05
1.291916660362718638e-05
1.724788330466550792e-05
8.111509711675608239e-06
6.259258035212340008e-06
8.063404613460966957e-05
1.664942084260022772e-03
7.058966810456802649e-04
4.832247972885097967e-05
6.829023229652912108e-06
7.171386214224048506e-06
9.880614676222265703e-05
3.096764243212354775e-04
2.561464860948490008e-05
5.074775451189888786e-06
7.049584997955782575e-06
1.004838334749986977e-05
1.183176236166972449e-05
1.252926671244842348e-05
1.305174565085448442e-05
1.726503641298752207e-05
9.521573896707470497e-06
1.472875544480645421e-05
2.538981436629356744e-04
4.165439370311742155e-03
2.697010263377073308e-03
1.305654849564871799e-04
7.662992650196091054e-06
6.186359598404376864e-06
1.554854452883712727e-04
2.661738161090010987e-03
1.192945039803113656e-03
2.063774396278953327e-04
4.031153753219868469e-05
1.140356513177467199e-05
9.785335642707646529e-06
1.201724125336438801e-05
1.327233916509434978e-05
1.738803153826799959e-05
5.903860825971064837e-06
6.443867653911365310e-05
4.732842961801059928e-03
1.030818708541996268e-02
2.278072025194174347e-03
5.504065743144534451e-04
3.526221661300311722e-05
7.058716366433823316e-06
6.693287582442288919e-05
2.639063579180011762e-03
1.396055509418134451e-02
3.764924189537827495e-03
1.664292776486549642e-04
1.222620320696158052e-05
6.580416874631825316e-06
9.969023241442560843e-06
1.321632698217169764e-05
1.763046317653447213e-05
2.591058256827150796e-06
1.264908110166385209e-04
2.480408983793953859e-02
1.937374295185028197e-02
4.520033297975872832e-03
2.594884358072408522e-03
1.841686678081606203e-04
6.591795904795660931e-05
7.608769746769192092e-04
6.751486281706369288e-03
5.886978937418628141e-03
8.834814688448804337e-04
2.806025287379289497e-04
3.385031397374420981e-05
5.280799789792762157e-06
6.856581737571016097e-06
1.234989610662154195e-05
1.785160092710043775e-05
1.473213044765750336e-05
1.617172719503614511e-03
7.881120849713720011e-02
1.700467625284986586e-02
4.043390175550791790e-03
2.430257436219239453e-03
4.208313884961150352e-04
2.749572953157918844e-04
1.948138480364765843e-03
9.880409868758812872e-03
3.027584232013924830e-03
5.918407958090833977e-04
3.719497583225667408e-03
4.429198714564239019e-04
6.672054080730636548e-06
4.746087149336602467e-06
1.121667647620373886e-05
1.793125249995631916e-05
9.890396801376426456e-05
1.752465054065360447e-02
2.874922139642716035e-01
4.442922169423454970e-02
2.038505803698165142e-02
1.974029803205122613e-02
7.224188028852949854e-03
2.265867105942904591e-03
1.363329750162577169e-03
7.539832329635075964e-03
8.688754611426069419e-03
3.192633623177145580e-03
1.298901995965104882e-02
5.530613168331556138e-04
5.706959900989289979e-06
4.401488064279851242e-06
1.111414342254875897e-05
1.793973335130315808e-05
6.622120010445027767e-05
7.746678381519427926e-03
9.915676386811826670e-02
2.023402810185938316e-02
9.605427175497269210e-03
3.887324251299572025e-03
3.357959587431203711e-03
1.115699101056122182e-02
8.617002765281528811e-04
2.377356076578659874e-04
1.210920077997011072e-03
2.603152551345810656e-03
9.476993012411294610e-04
2.955931420330702489e-05
3.429559588762938352e-06
5.948739980445584305e-06
1.222009505391146659e-05
1.788295174863859891e-05
1.065949135465350941e-04
3.007696517959237374e-03
9.492248465886966163e-03
1.658059178239792856e-03
2.465570918221327468e-04
1.698134529540414910e-05
1.546235822727101640e-05
2.890789800700882496e-04
6.852231598385916036e-05
2.182255483736522583e-05
2.876282614824219827e-04
4.889137505779408369e-04
3.320262318640652965e-05
3.800567363509623263e-06
4.185337646491468797e-06
9.316872408323815158e-06
1.329701343262636936e-05
1.766199338891258800e-05
4.398669971114471948e-05
4.715413494915996861e-04
2.138483141245293290e-03
1.942014972699596369e-03
4.908178787385415135e-04
9.969428841242031737e-06
1.051719487774487211e-06
4.827685273768388272e-06
4.665608879622739193e-05
1.035891552617392540e-03
3.428557440037078869e-03
1.831887631020562984e-04
7.822019776043869087e-06
4.271685057745169202e-06
8.256948449181651697e-06
1.229108321555795049e-05
1.343205022078661319e-05
1.738012001153396756e-05
1.037519941800773468e-05
2.745255902961565918e-04
2.768770679119173048e-03
2.681878932912916142e-03
4.398970542720719371e-03
1.727760290563450042e-04
3.324973740557441662e-06
3.539533379948184999e-06
1.983721640474196820e-04
7.902186974065037242e-03
1.098138549121558142e-03
1.801355271648683536e-05
4.634053445795230765e-06
7.784537300441935162e-06
1.222376708642825986e-05
1.296928759685205497e-05
1.309784682856642218e-05
1.722421612281293396e-05
8.276393535610820045e-06
4.446691324632720890e-04
4.329467028793121570e-03
1.064489241273763615e-03
2.286626206713525573e-03
9.168353062070063245e-04
1.027403130796777247e-04
7.603026490802683196e-05
7.438191920945437779e-04
7.106073323515933304e-04
1.364081948312907889e-05
1.823194085669078317e-06
4.311860298610030523e-06
1.077356691507394514e-05
1.323517150408110839e-05
1.262887021774965992e-05
1.287942530023704446e-05
1.720798529169034153e-05
5.575911060986406441e-06
1.673256029806344594e-04
4.244032052010072477e-03
1.115951857131328162e-03
4.543080648349327798e-04
1.543119870264931430e-03
2.544768496969663542e-03
1.302697999478743922e-03
2.807678664689828869e-03
2.994832159633320349e-04
4.779621921065738386e-06
2.443249452926816663e-06
7.499043950345514146e-06
1.277198045355200713e-05
1.305447982831662367e-05
1.236807179298132871e-05
1.283914380050077190e-05
1.724038402103320167e-05
4.079041420599126036e-06
7.265026269218223347e-05
5.394342510469781783e-03
3.255320602989330257e-03
4.742916382762832296e-04
3.429350317628442057e-03
6.370557709103816246e-03
4.187763733782655243e-04
2.426043809918931144e-04
7.893105284285809389e-05
8.975578619971304254e-06
7.045496812917125355e-06
1.163395151624774507e-05
1.327918992822663017e-05
1.273940719909905110e-05
1.229093813437839755e-05
1.286643652943708088e-05
1.726878091937938825e-05
1.874817175790431721e-05
5.442957604292485195e-04
9.789313629977902317e-03
8.144720439920483980e-04
5.479908179079312735e-05
7.420519864048942624e-04
3.522851229905877776e-03
1.319137867448526107e-04
1.436138962318938767e-05
1.107742191120974779e-05
9.550178075073280885e-06
1.107148126646628086e-05
1.294196244521039532e-05
1.293755103872678229e-05
1.255890016598748267e-05
1.230332094730776294e-05
1.289947250152473437e-05
1.728691635069703003e-05
1.158277955950776528e-04
4.327728276558007701e-03
9.280497027198124360e-03
1.063719406799823155e-04
3.973667244153242595e-06
2.636913578001223821e-05
2.341158980168981112e-04
5.634451647036430684e-05
9.504029294628987758e-06
8.136399886557396327e-06
1.076025721534273117e-05
1.246911044541197169e-05
1.280030056383133881e-05
1.260964181675042249e-05
1.245870891205490464e-05
1.226915341616788764e-05
1.285308162215307607e-05
1.722807613419001860e-05
4.479223264473856421e-05
2.643764641509960983e-04
2.799954329592861039e-04
2.209380847892700785e-05
3.690718648037559528e-06
6.285678057540408860e-06
1.662061208884253898e-05
1.467191857753902723e-05
1.009905397651549866e-05
1.074756265019528689e-05
1.223136293320010350e-05
1.255854899715374144e-05
1.241764173555990128e-05
1.233114713411923563e-05
1.226955623771908161e-05
1.208597839774059254e-05
1.267006299813504825e-05
1.705067499311360607e-05
1.184032906433914895e-05
1.050837551015006072e-05
1.050975896405472717e-05
8.581367617742765167e-06
7.975221337245605780e-06
9.078560501158080453e-06
1.029412254432097538e-05
1.088609711390866800e-05
1.173500203314566378e-05
1.277729183739031826e-05
1.312074379164944614e-05
1.300063547780608942e-05
1.290139829514882973e-05
1.289616929182247658e-05
1.284973396851411804e-05
1.266947470715696223e-05
1.330104896835493642e-05
1.778119003835819983e-05
1.637410140036311843e-05
1.070600532184960687e-05
1.044336925658502713e-05
1.320548410711096394e-05
1.632401949704505263e-05
1.724396513321370560e-05
1.682240116240843659e-05
1.680015618363577920e-05
1.723184193619084457e-05
1.746053467617259138e-05
1.737876782658634111e-05
1.727282721897688085e-05
1.725516749731304022e-05
1.727750821449170740e-05
1.722566335000551876e-05
1.704999105274371818e-05
1.778113872396316187e-05
2.246577334428375518e-05
