6.184231510732377900e-06
6.052427852598260731e-06
1.868929667991297118e-04
2.708046406787747128e-03
1.930846920728532322e-04
1.081544114404584565e-05
5.988410953406122172e-06
6.622016238730642268e-06
9.961896085322602192e-06
1.286489139595481924e-05
1.243624044970862704e-05
1.158045670379349081e-05
1.167014861331831533e-05
1.208541540446943405e-05
1.202372576397778194e-05
1.138669397554553965e-05
1.158134058444726158e-05
1.742772934388342514e-05
1.169917300022473906e-05
4.347284031932176256e-05
1.200850602885839935e-04
7.028427682911645379e-05
4.227868937522167263e-05
7.096950895460624740e-05
2.477506938599511081e-05
3.642713782042469061e-06
2.959558075631713008e-06
4.912096008882715769e-06
5.263820748066175073e-06
4.904518014911543535e-06
5.235992844542956817e-06
6.446001197033644775e-06
7.523016312531446786e-06
7.305465801954309363e-06
7.226705402300692138e-06
1.157835605010450141e-05
8.630160889077238264e-05
3.155232752065348367e-03
2.987774560543421474e-03
2.658760255920876534e-04
3.009258091061242321e-04
8.798926808946404320e-04
2.772482082473548114e-04
1.227787746489465335e-05
2.169924458261413600e-06
1.975280902911173173e-06
3.413901035537278173e-06
6.529770699505686557e-06
5.275495410004014734e-06
4.364690801519898543e-06
6.046470488391008337e-06
7.212731424391436005e-06
7.313701036048185915e-06
1.138945091448383580e-05
5.473803985542681684e-05
1.449330965282766238e-03
6.259664722238794665e-03
6.611458637144812349e-03
4.008358819417539090e-03
1.199256348631487718e-03
8.939319874418832955e-04
2.368421955303659802e-04
2.113698275774746025e-05
3.723441194183453716e-06
1.403698402895356058e-05
1.387235820783920982e-04
3.309692630105872763e-05
3.869717848358012803e-06
3.640893190053240909e-06
5.966358675357102608e-06
7.519692067972023139e-06
1.205571931831955295e-05
7.623607854667853353e-06
8.141782312459801925e-05
2.374374504191964930e-03
7.900226355649415944e-03
6.519431051338555813e-03
4.948141890991594391e-03
3.061365360868443988e-03
3.410175899353137200e-03
1.397984871131576715e-03
1.290686118121609697e-04
1.919618588659875128e-04
9.950827536153530623e-04
1.196231260577173411e-04
8.400761617457068396e-06
3.825507990417336120e-06
4.116553526564771795e-06
6.316572153190630591e-06
1.212974688785242815e-05
5.221731869990048323e-06
1.050967728930002766e-04
7.071812971985644986e-03
6.288197753839654472e-03
4.422689660287150090e-03
1.277547064523264567e-02
4.658193431478991134e-03
4.124934777160946080e-03
9.679968465461525826e-03
6.596288697253607780e-03
1.619061868171799406e-03
1.383733561659123128e-04
4.935838301498766365e-05
1.343427751436403780e-04
3.504674139154818630e-05
4.771581695491060115e-06
4.941507211093782684e-06
1.168757912097533153e-05
5.714742261092712403e-06
5.979431373452085612e-05
2.205384521469920100e-03
3.703282741314660280e-03
2.012334172411557858e-03
1.587686843079515533e-03
1.940260846535935392e-03
3.735511199063053320e-03
5.800427095932962455e-03
1.007213659118535130e-02
1.159509320409135916e-02
3.435360180101131207e-04
8.190196972192821862e-05
9.288466696091169511e-04
1.591184942899470298e-04
6.092874467190483689e-06
4.580340225996589869e-06
1.168928261323246943e-05
6.211029568095605474e-06
3.973621071851677998e-05
1.065756709902587838e-03
3.026876983664552115e-03
2.016527491893830518e-03
1.346468101879825076e-03
2.102815729555793881e-03
3.198997872071672553e-03
2.878971827733604882e-03
2.863845398290400072e-03
1.157820256658070347e-02
4.366314824969146427e-03
4.598539408161011078e-04
1.781453899096884083e-04
1.938920051419186965e-05
3.522867925325013513e-06
4.897117893160918141e-06
1.234253332483006705e-05
3.537799962194598093e-06
3.578713101019846617e-05
1.750312734063593509e-03
2.210912189497443118e-03
1.014461620544287752e-03
1.634597232825996766e-03
2.367319642323591992e-03
1.035404272878894796e-03
8.877969111394114730e-04
4.009597960255705841e-03
4.691011203300545808e-03
5.295457390727045278e-03
2.692237915987001195e-03
6.364282808779265751e-05
2.541660943918284131e-06
1.919422529227309001e-06
4.355214690211088194e-06
1.074516104844928343e-05
3.526445013428015004e-06
8.843784601024174102e-05
5.042404116651501289e-03
3.534022256818780162e-03
1.482530501199504341e-03
1.262161501311408543e-03
2.993358889858182149e-03
4.301656294012783793e-03
2.707307412293749431e-03
7.423394299521924450e-03
3.972396476859584372e-03
9.504560775044671242e-03
6.508447871434570008e-03
4.796375013650457683e-05
2.317887335186998808e-06
3.893894446404766205e-06
5.553121896662441651e-06
7.619741520658970376e-06
1.418304223615090812e-05
3.786656655011849562e-04
8.263334641635445080e-03
1.070246717543758309e-02
1.055981162985920006e-02
5.047014294942490410e-03
4.465045883649810393e-03
2.600288922034783238e-03
2.394747742477227291e-03
2.102651492441369886e-03
1.049933585561743698e-03
9.532198820482853940e-03
6.611291384373486207e-03
9.864780191385954090e-05
2.477151479896036131e-05
1.215298051705948650e-04
4.317848634079710123e-05
8.503293099274170195e-06
1.906310777613761057e-05
8.813852918793230575e-04
3.285816734137218115e-02
3.617883309532327063e-02
1.003651868667125406e-02
4.055859349325882657e-03
3.566809436400403006e-03
6.425580315252151604e-04
4.052191062195909682e-04
5.979233252771460260e-04
1.790848946856884397e-03
1.394985014808870077e-02
1.646183499315547263e-02
1.226094711923454922e-03
2.800369355766115713e-04
9.295032093231561741e-04
1.419418543354343759e-04
1.020933023876564454e-05
1.436367324882671152e-05
2.621794119812597551e-03
1.190968280757462860e-01
4.130661112431551624e-02
2.097563212856653689e-02
1.233266236601217661e-02
9.418639294025563796e-03
7.351175347589311224e-03
4.341006018387435356e-03
3.333851875403220054e-03
8.617897953489822918e-03
8.889909950214271508e-03
2.105239233783430530e-02
6.250246458694537315e-03
4.954699970279230134e-04
1.728551826932809112e-04
2.068045514538616810e-05
6.356212571934947543e-06
3.364031202664988246e-05
2.604382353772754285e-03
2.885972231888519687e-02
1.543883806506054363e-02
1.839994721533596764e-02
5.595815477306497789e-03
3.196535488848106007e-03
4.460034879771286077e-03
2.675694844368811578e-03
2.351520484556334032e-03
5.094660535164558489e-03
3.607783820803061627e-03
1.043751119485205291e-02
3.921656081471950640e-03
7.916571593284921042e-04
1.066029754531847045e-04
6.755209644883021653e-06
5.740998757363590806e-06
1.912054457179576558e-05
2.629049908098801073e-04
2.376598140133565074e-03
5.166381038972704676e-03
7.191288078422213709e-03
1.927300508459881250e-03
1.094462053621167224e-03
7.913565617756127945e-04
5.101891603138105974e-04
1.359594935656920642e-03
5.507772860696977420e-03
5.202616814405843296e-03
3.220102033003505605e-03
2.086598879866008991e-04
6.939261129950555153e-05
3.668807013468813525e-05
6.969788019696275069e-06
8.525758723524627696e-06
5.624738801593385700e-06
3.550205707222307995e-05
4.595737813899992670e-04
1.714250250066357874e-03
4.036266150439515171e-03
2.662733650329965687e-03
1.990477428135687538e-03
9.744517249111430334e-04
7.605108092953837950e-04
2.158258879865800148e-03
5.480136830756069007e-03
8.093239981830663982e-03
3.008849650127246814e-03
5.115464766037118029e-05
5.174508723534491929e-06
5.808747369992111225e-06
5.997234922555421728e-06
1.092914555759347626e-05
7.842659882487850584e-06
5.823658310041004781e-05
1.026615479996239623e-03
3.409900613235541771e-03
2.252594036098519697e-03
7.262973478065937356e-04
1.269818535751491163e-03
7.631664125308813265e-04
7.594992579708887510e-04
2.704038614750486815e-03
5.899178654196831836e-03
8.148137016271395430e-03
1.509751275166846055e-03
3.338585893135755057e-05
4.181645182430706631e-06
4.720571628007368505e-06
6.699928073984205366e-06
1.192292720921412541e-05
9.061561943699826562e-06
3.405461284320387418e-05
1.588842889714874506e-04
1.096528728933852313e-04
6.419868576866686650e-05
2.404015335894866732e-04
1.380764291736914394e-03
6.864612357993019314e-04
1.379227965859400936e-03
1.726613134236075053e-03
2.225502463342448039e-03
3.221548381742005054e-03
1.502686644640327919e-04
5.621010843059818843e-06
3.579134285898080156e-06
6.315309193146564771e-06
7.796817349418923626e-06
1.201566136213211705e-05
7.809903171362321872e-06
2.985776257249553206e-05
7.412633029494214161e-05
7.587057735440564131e-06
4.577851698581771609e-06
1.362639508621221599e-04
7.359006023147773162e-04
8.081110340973752344e-04
5.403769992125223229e-03
2.255887746037275616e-03
1.046697311790722442e-03
1.260026572112740240e-03
5.393616745879079830e-05
2.703312181219969005e-06
2.782034956400115457e-06
6.213070870542586715e-06
7.868872312968277767e-06
1.188040356269028252e-05
6.031696101523493821e-06
5.323632394556285555e-05
9.447721618995614384e-04
3.975123888408811906e-04
1.767568270655927155e-04
1.237437755200811043e-03
2.721849425780585845e-03
2.796487607004816047e-03
3.508713303081800218e-03
1.490364300090209941e-03
2.798442364109011223e-04
2.205124343627827403e-04
1.696086317228132675e-04
1.715814571697675469e-05
4.073899073707239897e-06
5.325352451206084248e-06
7.455171290965191543e-06
1.189178196507236194e-05
1.463594123653770668e-05
1.684481003122031756e-04
2.407058412973138006e-03
2.431675559378388557e-03
1.496371297583849302e-03
1.700967427942736213e-03
8.059726144066744775e-04
9.535224916520678492e-04
1.078713981129121114e-03
8.549844043644813912e-04
9.259519644237021387e-05
9.957683987423057053e-05
1.033604849965969819e-03
1.309482307320329066e-04
6.604964394736831085e-06
4.833698567167940774e-06
7.172235936668673684e-06
1.197675787103715383e-05
8.330240646951425252e-05
1.211318328257844157e-03
1.137217586700439362e-03
2.922135356928664651e-04
8.601529322059774368e-04
9.056192880749227257e-04
7.299374439593669375e-05
1.601948043083904294e-04
9.661764360796067921e-04
3.083568075635290421e-04
1.674425124781353682e-05
1.851397660458140124e-05
1.315898143584692391e-04
3.499681317260375831e-05
5.221040285367163358e-06
5.095408108172586070e-06
7.265525505844609397e-06
1.195444627116224416e-05
2.719458925431200865e-05
1.412806042146334340e-04
1.217942426165557313e-04
3.391600188156656311e-04
2.229589655694926443e-03
3.319453677230094798e-04
1.029336353521998966e-05
2.006726196837083380e-05
1.006855368145630593e-04
2.073296168067854567e-05
2.651615485944000329e-06
2.921856426727602194e-06
6.274563513818582933e-06
5.160646721299223443e-06
4.469088392429551102e-06
5.967845438017901758e-06
7.205622644847559452e-06
1.148595313437689604e-05
1.876271220610496471e-05
5.318334606401167101e-05
9.151267617870753623e-05
1.216186390125371421e-03
5.087347826059367053e-04
6.315616597314705033e-06
1.064018308902304413e-06
3.409454321267277784e-06
8.236868833560039325e-06
4.832187595386915417e-06
3.252709138838666072e-06
4.075636417211633575e-06
4.849560089389610249e-06
5.263013400700788217e-06
6.331024151628984722e-06
7.082068697973159308e-06
7.363050183999519301e-06
1.166294244136067751e-05
2.061580155291836117e-04
1.023238402838019985e-03
5.518047471981830238e-04
1.245473328313873029e-03
8.640289608543553926e-05
1.744082039889736877e-06
1.861811439024913567e-06
6.834492730219304506e-06
1.010106761891202981e-05
9.792770035019460908e-06
1.076402296024868469e-05
1.200703301608926615e-05
1.191455359809642438e-05
1.183238294181988750e-05
1.205765651781831631e-05
1.163588260000614632e-05
1.170240867523510606e-05
1.741526464866380153e-05
