2.128017823439746082e-04
7.696428690542369763e-03
3.882187168994788266e-03
8.427489125504313136e-04
5.072163384734773312e-04
1.584564971740812494e-03
1.367689112181865851e-03
3.079343303523142937e-04
2.710615240794829280e-05
2.825328813558740975e-05
7.824235099098040777e-05
2.396137613759628237e-05
8.437292819767379647e-06
9.362707532812994035e-06
1.290155396669950728e-05
1.396268499505371549e-05
1.395624265834721558e-05
2.123031436958128544e-05
1.213497549345569047e-04
6.024124045807872745e-03
1.508250354055493516e-03
9.232265282225983385e-05
3.030062216080190232e-04
2.221571059368424982e-03
1.185623129045361001e-03
3.555414446106330492e-03
2.214000117694707968e-03
1.499544236801794977e-03
1.301474348006118878e-03
1.248201821439297819e-04
1.085716899485421745e-05
3.378331168286497352e-06
3.670446102110202152e-06
5.713498975074751296e-06
7.638224755642022279e-06
1.393823308867602671e-05
1.096698107205148196e-05
2.009974522190554019e-04
2.441461333037188018e-04
2.029507701378029292e-05
2.480128600922912283e-05
4.569304940594773480e-05
1.405182165532985429e-05
1.687984443845479371e-04
1.510301257039901651e-03
2.803641437527727102e-03
3.842613194499460740e-03
1.363670532959499219e-03
8.907102134789679981e-05
7.223715376340940770e-06
4.013894794398185296e-06
4.717092376171146810e-06
6.170384875619308685e-06
1.344493807499800943e-05
1.506931124917134663e-05
2.215704797885116898e-04
9.478433592134151691e-04
1.038324444303347289e-04
1.062477898636870001e-05
2.608787640292520676e-06
1.306475543491470342e-06
2.814983190195474740e-05
2.636971126423911485e-04
2.537589508777229473e-04
1.026106892619141082e-03
5.015901034276600348e-03
1.313246940602892784e-03
2.412514614976702363e-04
9.730290321743352826e-05
1.518755442709506847e-05
5.035986370655245252e-06
1.103386459516390335e-05
6.676385689765982788e-05
1.113139363821412636e-03
5.674821168844836582e-03
1.381105280358368124e-03
1.760177225879925797e-04
2.899637198196690485e-05
3.743350460241871332e-05
1.784323246715069583e-03
2.566035783319394522e-03
2.684973468419509131e-04
4.949843451897889329e-04
6.019007783867155910e-03
8.787398926061352686e-03
4.314318079602503554e-03
1.297830596682956333e-03
5.350867588588431882e-05
5.045136428588507259e-06
8.037482684590130388e-06
1.594587977924388249e-05
2.719351567174927743e-04
4.232512561061767264e-03
2.980325998930588669e-03
1.900676322375970768e-03
7.974556031235765542e-04
8.727933374039294114e-04
5.277157338671321224e-03
1.072633630728766661e-03
6.749611052051011049e-04
1.771063031173853233e-03
3.324358071672320336e-03
7.217918464302538507e-03
5.529758155277432474e-03
1.704266260199994217e-03
2.596709212247119507e-04
2.258205962381906723e-05
1.024106029174948708e-05
2.510410935389614081e-06
4.946212339940087461e-05
1.739783361633826355e-03
7.998122555474500685e-04
9.784746425643621893e-04
2.322446809229157354e-03
1.374202488934462294e-03
1.945751587788053974e-04
3.168584186843223136e-05
6.554759446894089289e-04
1.244979116678380290e-03
7.484417915038563791e-05
5.127814249702674406e-04
1.245704580810209558e-02
4.925785853489346271e-03
8.892913149169205103e-04
7.388068195952756268e-05
1.216158011891926266e-05
2.810793369858913673e-06
1.229681338450089344e-04
4.521250365203887192e-03
7.217515313268193155e-04
8.455925712900706336e-04
4.114437401824473303e-03
1.555271964342548087e-03
2.808708847005284118e-05
8.937095995028931608e-06
6.219369477650396431e-04
3.714869830235746780e-04
7.377046378735260328e-06
9.677363287361552329e-05
1.240103462524430773e-02
5.152346918331301116e-03
5.845603083870270968e-04
5.394724048589887830e-05
9.855732055934698587e-06
4.404960230738473088e-06
1.903134553303699038e-04
6.016678029352739120e-03
1.786884120425325613e-03
1.842991142679183993e-03
2.348029368155346228e-03
1.685057894765975076e-03
6.746155409563261388e-05
2.042596056212300152e-05
1.099066098398158867e-03
1.177475833948045695e-03
1.528264744857340456e-04
1.578808390126029096e-04
1.471535804712261180e-03
6.865041089916297176e-03
2.281607149444904968e-03
7.353620817835507001e-05
1.024495313003169277e-05
1.824209010017544921e-06
2.395586588583343581e-05
1.390615060183096781e-03
3.676428730185846930e-03
5.333361634954711210e-03
1.995549570773882692e-03
2.387312436049457334e-03
1.477486917037687184e-03
8.690260222003812467e-04
4.311710642922796446e-03
1.173795975039589913e-03
6.587856269967170804e-04
1.312398782684701657e-04
1.824628629255726749e-04
7.498634803216496468e-03
2.287211282772584793e-03
2.007394578727910028e-05
4.909598594265914299e-06
8.129250318072984614e-07
1.422553769875425717e-05
2.144901345386557735e-03
4.324859992193271462e-03
4.232112462197742432e-03
2.613360583737255917e-03
1.335004804512747965e-03
2.532004148644076674e-03
3.114423115478907531e-03
9.377609684057537469e-04
4.128284926305878514e-05
7.236532569318772682e-05
1.580345352072339308e-04
4.350262580286390693e-04
7.889223450685335301e-03
1.418998545161466625e-03
1.435766059434061373e-05
3.795527871323415291e-06
7.337019630104211805e-06
5.919097138382664386e-04
5.981210187669618733e-02
1.707961120808807257e-02
2.429955007802793270e-03
3.049148834771809192e-03
2.930343304485220641e-03
1.678166069179868030e-03
2.057054873478696925e-03
7.044463680591877934e-04
6.162697982641665378e-05
2.311820113239711357e-04
1.340717922779724978e-03
2.388626327086463847e-03
1.179806151118143777e-02
4.681627124443055524e-03
1.711537503151586701e-04
1.583439197596305166e-05
6.426739835833401729e-05
4.042759442454854808e-03
5.470873807733604016e-02
2.765010175056148087e-02
6.220601669344286676e-03
3.261064595392015788e-03
6.282242962418075304e-03
1.739996773714597546e-03
1.295209222886581661e-03
3.491557279037798135e-04
1.060533722677734880e-04
1.048234620382566167e-03
2.019867895807431982e-03
8.594796821971543597e-04
5.964155044678562563e-03
8.117834542129479317e-03
1.341753135961302763e-03
9.170893378705906643e-05
1.701198942863987336e-05
2.115854145298066893e-03
8.113174758101297790e-02
3.746304200509414928e-02
8.235860533338612219e-03
3.330316297084591134e-03
3.634800359403645830e-03
1.003354385903652271e-03
1.083505332505596205e-03
2.222323009542541623e-04
1.199063409919659464e-04
5.721926236714906583e-04
5.368130198557755778e-04
3.069357970003670582e-04
3.978030894058464002e-03
7.477448591964184522e-03
1.286260377189627846e-03
9.989941389346732384e-05
1.416063000705624945e-06
1.094820155767943910e-04
2.538469830567757768e-02
1.204314252191045383e-02
2.234799359320483510e-03
4.025031563731245807e-03
1.638762934006572159e-03
2.129203726299902467e-04
8.076859811671903986e-04
1.087653523501611258e-03
1.520825221147050930e-03
9.073270278723223788e-04
7.996449530142160352e-05
1.146976744087593099e-04
7.319136730744619720e-03
6.930907300012380430e-03
1.491653915927905417e-04
1.487208160696044120e-05
7.966685492093496756e-07
1.017254914607440146e-05
2.159343587153474044e-03
1.021106864178900238e-02
3.381702937292149162e-03
1.539970688472761320e-03
3.150642965499144982e-04
2.648284399880940402e-05
1.574407426888380383e-04
1.159952692846632615e-03
2.924464439074012274e-03
2.242403476804899834e-03
5.299771662908707334e-05
9.779024059361863337e-05
1.485831945295377869e-02
4.443943507693759107e-03
1.946116514210747672e-05
3.336461464148597237e-06
7.787480136389397483e-06
1.920583492181857511e-04
4.435671226793793352e-03
1.046278019775617740e-02
5.967514539183975397e-03
6.794178673659022772e-04
7.918616328005396564e-04
3.096966713188917903e-04
4.686365827441616046e-04
1.064022638130670021e-03
1.379475495703962919e-03
1.770641902607173780e-03
1.448140488237574823e-04
4.278326432457091994e-04
1.028232956223557558e-02
3.826252111303402297e-03
5.138541366364632963e-05
6.256820738571272494e-06
4.901377942197321765e-05
1.535273374818442536e-03
4.223468387158597903e-03
3.871793747313887098e-03
5.461000351680061517e-03
7.076775161771239192e-04
3.010633784371071105e-03
3.292607944798504535e-03
7.599053102128694535e-04
3.876371663675777296e-04
6.307229880681431561e-04
7.948889104409247956e-04
6.739759118672615469e-04
6.634507556495752682e-03
8.395439801674621852e-03
2.020687400124977166e-03
9.752961231540242316e-05
9.812406720389123637e-06
1.332632018436124700e-05
4.528941246110145316e-05
2.547117552131550008e-04
1.831658276693320497e-03
1.494231959111599331e-03
1.888197128219672334e-04
9.817658118315569522e-04
6.614440669396548468e-04
1.517892175223454793e-04
4.329531230846718763e-04
7.787076106505560645e-04
4.078870885255868784e-04
1.906018454835127236e-03
1.325235756231114316e-02
3.474787299527539071e-03
8.742488038764648474e-04
5.548716170092846415e-05
6.693395443205422253e-06
3.661808216266571412e-06
6.854248116168928020e-06
1.502809903096949840e-04
8.232979460212895865e-04
1.807402108292809886e-04
1.329562074233289390e-04
2.084842576213766750e-03
9.660601202344468869e-04
2.479402737684160193e-04
9.011630480313413466e-04
3.750632530548853928e-04
2.739597233730265693e-04
6.912554995361286023e-03
1.161677401843273783e-02
1.089110784062855344e-03
6.904963172735160233e-04
6.007283853217622755e-05
5.941909644911275803e-06
5.186733455135120976e-06
7.721809010836080077e-05
1.564661773430239735e-03
5.097163861294253190e-04
2.719095778390169527e-04
1.374167484389565274e-03
4.341118401446609175e-03
3.096595529587674767e-04
2.856809477338020229e-05
7.110179962251613243e-05
2.085944452004933757e-04
1.341457276541160523e-03
1.105374119332692799e-02
5.320369416267576972e-03
1.346717975740326523e-03
2.063471321472100124e-03
1.501669655264219422e-04
9.249475920638694203e-06
5.338557543894793590e-06
1.894136225487385910e-04
2.270069922129984343e-03
4.794406995437502689e-04
6.823928073857393013e-04
4.600357742891673647e-04
5.617215573557756791e-05
6.002911449081631185e-06
3.809012302951532486e-06
5.482261464624263941e-05
1.743312672596122794e-03
7.428555881286137696e-03
2.485275295720524788e-03
6.644878972569775478e-04
8.146390061991289153e-04
4.763534047763995165e-04
2.626436991989062581e-05
6.982477916152819564e-06
8.577500108396517728e-06
1.249816732579605053e-04
4.930702113158624529e-04
1.920499768389826313e-04
9.066012297022462264e-05
8.512603549187152448e-06
1.941572035824255025e-06
7.090385727953500240e-06
1.174112719004433001e-04
1.657301691517353275e-03
5.868175338898414320e-03
1.178439697538321900e-03
6.149600665246649617e-05
2.308854054118490527e-05
4.855141078538983794e-05
1.522788720892323595e-05
2.727530666865244791e-06
5.612075143695883473e-06
6.531625797266855937e-05
1.386527683902830013e-03
2.957644397031290381e-03
1.305383871598619037e-03
1.784367032122623437e-04
2.372347259726848866e-05
3.593784078635417283e-05
1.575847417680710126e-04
1.091275650622406702e-03
1.765535831068624877e-03
1.824665836458728941e-03
8.029265067042326391e-04
4.211730361760802801e-05
6.211769904694401487e-06
7.123069055623685305e-06
4.978564135377815755e-06
3.659296319841849257e-06
1.031396850201365008e-05
1.238509848841144235e-04
1.442469801098870876e-03
1.908704922059139110e-03
3.311381074162581418e-03
2.886628236199206485e-03
1.976599025505315198e-03
2.642522978585239331e-03
3.308659176313956851e-04
6.237643207918844160e-05
2.848398776993595568e-05
4.990040473279214840e-05
1.712924104077572570e-04
5.251980973486913861e-05
1.108472985587681497e-05
1.031537402401943025e-05
1.187245754791251928e-05
1.284319005129136550e-05
2.269506645542055837e-05
