1.829422779647042708e-04
2.548958015575056475e-03
1.266560009022544425e-02
8.652070331581220367e-03
2.094856344450658238e-04
1.268630615398803743e-05
4.543329217239734994e-05
1.224474859055851655e-04
6.419173857620928832e-05
6.990872032042840846e-05
2.305522559357769841e-05
5.014267047013757511e-06
4.350957553692846702e-06
7.447568699653793944e-06
1.260796495901602743e-05
1.536674177561000285e-05
1.604613695605213933e-05
2.133738523940828806e-05
2.026099945005048738e-05
1.609793385754634874e-04
8.023756766035483904e-04
2.385791068657959642e-04
1.326704084374811074e-05
1.569611596318291416e-05
4.018636987751090356e-04
1.742075769322445206e-03
1.442886525879589002e-03
1.785511367111162258e-03
8.174345992955537417e-04
1.119519132562883684e-04
1.531096826598406170e-05
5.807743758407177226e-06
6.745416436375846037e-06
9.433432159393751362e-06
1.094703114735803234e-05
1.575302446876536544e-05
1.148420937899333250e-05
1.788220119508112207e-04
1.862123396469610431e-03
1.406529674678365371e-04
8.351764039001745646e-06
1.124118416033743168e-04
2.589742334900510447e-03
1.544380556671615633e-03
1.218504978493974459e-03
1.385794422734461673e-03
1.918139832204464323e-03
2.463303023435810604e-03
5.278120912738769191e-04
3.939323202496080911e-05
9.449213182586918290e-06
8.678651892284499727e-06
1.036788136621013684e-05
1.521152264252091990e-05
1.104623447731349179e-05
5.931943282547489570e-05
3.051380779584538113e-04
4.044415322195686542e-05
8.788308705412882735e-06
2.726970208550345181e-04
2.311734808382426287e-03
2.110001495781669157e-04
2.168679690717849849e-04
4.202977059890487203e-04
3.074494209513142285e-04
1.390625396137012233e-03
1.710741304006804320e-03
9.131654321419198936e-05
9.817613927629859676e-06
8.109385262993666979e-06
1.054237702539010700e-05
1.559514139206394273e-05
9.783707190314189993e-06
7.943981523557314307e-06
1.011819887653675346e-05
5.816623650459622478e-06
5.338732161549876325e-06
4.474883279549758750e-05
1.079296429561515388e-04
2.655614839568280094e-05
2.081635125419600244e-04
1.629723027212894720e-03
5.964076594079227665e-04
1.576067378707599574e-03
1.444918138531394586e-03
4.523949249110592596e-05
5.699869340288294870e-06
6.977986262202726613e-06
1.056823649416647874e-05
1.579897602840425719e-05
1.332994463528004971e-05
7.442855399299562542e-06
6.453167657349571548e-06
6.074698071341726904e-06
5.483478392883421126e-06
6.539648841343850129e-06
7.253838086945842088e-06
1.929317609030252933e-05
3.158631807402112034e-04
3.933644939762735650e-04
7.352302423407726319e-05
5.532299642894820567e-04
2.039896091950654800e-03
9.945971983761326101e-05
8.331477468527316745e-06
7.368136873981991606e-06
1.058935882058290934e-05
1.601762982047097989e-05
1.708473195500287913e-05
1.061954559254707056e-05
7.806869399018974613e-06
5.728472757617484946e-06
3.681738219068356072e-06
2.132973752764909529e-06
3.923840523956671364e-06
1.373998938554200368e-04
2.520182147019494386e-03
1.240790708714434006e-04
3.367754838438470461e-06
1.771914444025247400e-05
1.771696399291500051e-04
4.928926246310007687e-05
8.111517922061231770e-06
6.461169804368621343e-06
9.287631838944438668e-06
1.572797748161444952e-05
1.450927036938720388e-05
6.003322546372763977e-06
2.544342585472038476e-06
2.156880565221160474e-06
3.922858759848811043e-06
3.515205496199461286e-06
4.405210230487100515e-06
1.510176875145733289e-04
2.794758478365684355e-03
1.413591272722965967e-04
3.387658659548015753e-06
3.249004950376192424e-06
8.827945783206394358e-06
1.025232073328219052e-05
9.296793391237018382e-06
7.274414177992210416e-06
7.355246238178082451e-06
1.394044807720540569e-05
7.889006665848628881e-06
2.449819922832085235e-06
1.712795588626195809e-06
8.223991206325333522e-06
1.915912839993762782e-04
4.149598692601578413e-04
3.756799478879838220e-05
2.201486624987431141e-05
6.873131558711285559e-05
2.653591177884714186e-05
5.157046709300952347e-06
3.387354405640615305e-06
5.748466650936926900e-06
4.068714997675445020e-05
1.898905557801407813e-04
4.353548132422346823e-05
8.343861586366114799e-06
1.176746210124168735e-05
8.739258170215354743e-06
1.074806381319519914e-05
8.826138430916454349e-05
9.251702170858619890e-04
5.289113375361068417e-03
5.151165791390979742e-03
1.844431172498224364e-04
8.063722038120933522e-06
4.537338232451057263e-06
9.347337718804204509e-06
5.569331835780044236e-06
2.504478830159204059e-06
6.226632499813089019e-06
1.900162685197905141e-04
2.282530635558320878e-03
1.982380340402204258e-04
1.065980982324491168e-05
1.090929731459463586e-05
3.541836079262227833e-05
4.251420852341673698e-04
1.240262463354663107e-02
1.650108268222436406e-02
2.198732647985747642e-03
4.055483584320721500e-04
1.017448927120688659e-04
3.215388928870031821e-05
2.045493364898950866e-05
1.052245874955353143e-04
3.144313168728088881e-05
4.435128811607607767e-06
5.697667093891251933e-06
3.704887401175842245e-05
1.879503503738075916e-04
4.540131773898246496e-05
8.413064531862516870e-06
1.170858989942748472e-05
2.382168353733486518e-05
1.764992144873216238e-03
8.903749002309531424e-02
4.260599096489474380e-02
1.440389237018503341e-02
2.644709593581707086e-03
6.127255635490390850e-04
1.708319162997748789e-03
2.009967954365172484e-03
4.433372461454724786e-03
7.482072251984994704e-04
1.707398295656697854e-04
4.672141113427998374e-05
7.349977566480313501e-06
6.861131272732543935e-06
7.563012142075648988e-06
7.592751828592910912e-06
1.390003681800987751e-05
1.484814988962681222e-05
2.583019888819256676e-03
2.108720893604233426e-01
6.610257777145260583e-02
3.732777959977551935e-02
1.209564157126527192e-02
1.290943967718243771e-03
5.214290747526298571e-03
6.396527652527256129e-03
2.596896747029616998e-03
9.174457859186015965e-04
1.484012665187001883e-03
2.811131555443661142e-04
7.505837218480921064e-06
3.115285317003920543e-06
6.111821547848501700e-06
9.744357197099643992e-06
1.580919051561591131e-05
1.082012296169342205e-04
6.962711853043870684e-03
9.997096592800552850e-02
3.400694086471158645e-02
1.172158148854859742e-02
2.079178499435414135e-03
1.060018888617554432e-04
9.766012251824297060e-05
1.400363974778674454e-04
2.537716249668232676e-04
3.781116053730946831e-04
4.274729115066686763e-04
2.890399946823442442e-04
2.495325922098933226e-05
4.875554260161685938e-06
6.706077078933543084e-06
1.090172471118706015e-05
1.631985356267218683e-05
3.264685381599399973e-05
1.083336249405678466e-03
1.806047152674319575e-02
2.427874882762702871e-02
1.698883718914130300e-02
6.281569455823209341e-04
7.961700186215606284e-06
2.710081413675425682e-06
8.637650286655087429e-06
2.174120815914383563e-04
1.351550514390522989e-03
1.019655796404151347e-03
2.198195734002332449e-03
2.013964493837605986e-04
6.777903901443960044e-06
4.950537131084113323e-06
9.648185731920535315e-06
1.622134857825868794e-05
4.223259959441772565e-06
1.435719367371221403e-04
5.291988152089658649e-03
5.714204161450031801e-03
3.435644072228163839e-03
1.107834348179293155e-04
2.427002296544735019e-06
1.292735103690446087e-06
2.606579224511512796e-06
2.708189355623258061e-05
5.378092797159046137e-04
3.762176286129062606e-03
5.532579704180084178e-03
2.034673488876843222e-04
6.304153920633810461e-06
3.922216169093017775e-06
7.709004071432974716e-06
1.535993544059113743e-05
5.491340257124197975e-06
7.227118976083535436e-05
3.142718383355916963e-03
8.133493756851416928e-03
2.419140478612616298e-03
8.897210764281862367e-05
7.769967236287895790e-06
2.869272035781770422e-06
8.545424391278911034e-07
2.144720932588448290e-06
1.212175854095152175e-04
1.745573868160082932e-03
8.581578109302426781e-04
2.712275725238304518e-04
7.274611321342546214e-05
1.314705106121293912e-05
7.387173597899846316e-06
1.355073398616790984e-05
6.476010062421994136e-06
1.504514451560234119e-05
1.513512736677233110e-04
3.796336609577719554e-04
2.348534394951074986e-04
1.572405179555851388e-04
1.753148614522190838e-04
2.702122814081293030e-05
1.572246207578311922e-06
7.733196320156425935e-06
4.005189202835392507e-04
3.290760215864726589e-04
1.348921542561120701e-04
2.026419568943753444e-03
3.119094297613945414e-03
8.893517272187783089e-05
9.171410079289794333e-06
1.227602103295216491e-05
8.005974210681423951e-06
2.796039562784459213e-05
9.714646130157267301e-05
2.556038702792015534e-05
3.733218996207881684e-05
5.033691428473577876e-04
1.682664309206634854e-03
4.065599135663548573e-04
5.642099457070495278e-05
6.633964071895610565e-04
4.844062510251356465e-03
3.412366259765478018e-04
2.635944377511434638e-04
3.987152906960743370e-03
2.798256930205040866e-03
8.541866939086055943e-05
9.824845144845501308e-06
1.253542134615876660e-05
1.202571172367896401e-05
2.527495169109376396e-04
2.468824925462739101e-03
1.613204259910582178e-04
9.998911046267203043e-05
1.452979674582922150e-03
3.020229406934240787e-03
1.447995519821794865e-03
6.908507265176085663e-04
2.088210292055005246e-03
7.325440708357520980e-04
2.025522726502096687e-04
2.225356451048797219e-03
2.631851617181877375e-03
1.479734294615414711e-04
1.565535281611920719e-05
8.279003418595017104e-06
1.385946359102353967e-05
5.708753347217549130e-06
7.710017647640920058e-05
2.477267349286191994e-03
6.589996845956336106e-04
1.005946217108956214e-04
7.829784970856151121e-04
4.372319102544516660e-03
6.800799360769280936e-04
7.014645581674042011e-05
3.612807827721952175e-05
8.555963628392523218e-06
6.076697563900990997e-05
3.518097659342086115e-03
4.622948854293326931e-04
8.798739623518758111e-06
4.223963549432103206e-06
7.856230196756170143e-06
1.532765544233496993e-05
3.755392065615875101e-06
2.454737526793723262e-05
1.268496834615325452e-03
1.951259227839274033e-03
7.826346724192546781e-05
5.577138193399067172e-05
2.147288523304961068e-04
4.631095961354837509e-05
7.657109506326874562e-06
4.664960826579398703e-06
1.073017044831382797e-05
5.905420388351940650e-04
5.129854285970810064e-03
1.101057610623018741e-04
3.658822172706067163e-06
4.187786968337466509e-06
9.297309793187141937e-06
1.603901292813150650e-05
2.821202343307200461e-05
3.310080437037204244e-04
1.665145511577133123e-03
4.809100187102595533e-04
1.704917086266497479e-05
4.935737173240271146e-06
7.178920661500027563e-06
2.700092936497809807e-05
1.022331969539647697e-04
5.122768506242332949e-05
1.356105454478693910e-04
2.237402669958503485e-03
6.948809947846356760e-04
1.497152474918258942e-05
3.694363878165730242e-06
6.675916168601180889e-06
1.059510561275797424e-05
1.563765577566369393e-05
2.083636252799071808e-04
2.308302661551151023e-03
1.244802964066509931e-03
1.935056905376463085e-04
2.557780242164284668e-05
2.708113115414223794e-05
3.648435035349080545e-05
4.355182333703885248e-04
2.236878919196379906e-03
1.556271784054218707e-04
5.701967837558953215e-05
1.170849709163839045e-04
1.862599498632732685e-05
3.152683659894759888e-06
4.701413869919700555e-06
9.406855180305335188e-06
1.142015563891452258e-05
1.587026075318040589e-05
2.242798569686348608e-04
2.693458209312115086e-03
1.014859058945156295e-02
1.364590941572502679e-02
1.788707722008210654e-03
1.440406324271092811e-03
1.149454329758630615e-03
2.076448054668177806e-03
6.822512069283954636e-04
1.865921500207681319e-05
6.666803601125394011e-06
1.170089582333594328e-05
8.003982616624527962e-06
6.975540623844834939e-06
1.196837428596905254e-05
1.585748237627044896e-05
1.627987664566357372e-05
2.126725507836379765e-05
