9.180578270720161623e-05
6.790380027931546339e-03
4.680185123781523127e-02
1.546704019549802016e-02
7.730375646392208255e-03
4.357951220408519226e-03
2.200928497210851049e-03
1.076701056422004659e-03
9.615791479593767963e-04
2.288716426242743351e-04
7.458779193380173490e-05
3.471842298503752798e-05
1.143887873772263697e-05
1.014480822800523004e-05
1.473426478273534408e-05
1.593122466158664022e-05
1.534699745917108454e-05
2.394806780917856884e-05
4.600637921162270110e-05
1.465262198274399231e-03
1.652061196705384427e-02
8.803479173460809423e-03
6.649088721196104619e-03
6.163657753376403266e-03
7.961874612003266936e-04
8.323775025476608507e-04
3.592500466021532335e-03
2.286420173317107573e-03
9.319615373902638295e-04
1.667510732692723257e-04
1.273466737462465783e-05
3.807837558278848612e-06
5.164561442610793090e-06
7.861807484333875287e-06
8.918618975462834419e-06
1.521868828875042921e-05
1.001621430879671722e-05
9.517695756340757934e-05
2.639843484819505513e-03
1.921461654202436973e-03
1.238419264049351980e-03
2.697490673892096510e-03
2.018426551295388982e-04
2.906398839337689336e-04
3.528617401635653940e-03
7.020026901121790425e-03
1.141886880394073385e-02
3.016333040487651808e-03
1.094144154729678308e-04
8.725398222347907813e-06
4.515405883163243849e-06
6.022089953223792659e-06
8.323812565266726845e-06
1.548029782416736057e-05
6.915391983165182575e-06
6.813698031647935985e-05
2.138490516975748938e-03
1.353867043216310656e-03
9.345879680138039500e-04
3.347750219464220699e-03
5.981037118573350169e-04
8.126832827740771825e-04
2.009340305845302294e-03
1.189131704448854673e-03
7.044817720454547676e-03
8.529312559135193705e-03
1.525276935390388082e-03
2.011524979093189060e-04
1.697707878217992754e-05
5.617347938316081808e-06
6.966594920967515471e-06
1.500107057709499954e-05
2.078745100750045954e-05
1.771421509224414337e-04
2.403456331002881349e-03
4.064103891683133046e-03
2.496249217797601866e-03
1.368125022635876663e-03
7.679645159037790016e-04
3.262812131097087964e-03
3.294702231483528140e-03
4.217630697793939266e-04
1.952585117385064622e-04
2.921480757303476067e-04
3.523231117812579503e-03
2.870770171755246663e-03
4.808879586541302595e-05
6.660364092498344614e-06
7.250535223517358250e-06
1.290624446574204240e-05
7.923101545767021955e-05
1.206366159804904501e-03
5.131547903130444753e-03
3.533879606838549649e-03
2.539533691758209810e-03
8.188167569341650749e-04
7.678758671453759068e-04
5.246690130472666559e-03
3.618628935872938643e-03
8.532876026354747163e-04
6.323424230993262836e-05
4.399006647487443717e-05
4.712672224121843695e-03
7.109649949125713790e-03
1.444602045595903047e-04
5.247035889298154720e-05
2.795339822583163189e-05
1.341490228405738935e-05
1.697165647375242745e-05
2.978344303766897660e-04
2.602267876685869421e-03
6.010526933418931534e-04
5.275988115484832536e-04
2.078722224232778908e-03
1.905039624156150239e-03
1.517317580179654551e-03
1.001076003385134887e-03
1.644310088370873075e-03
2.653862587899465000e-04
4.160834104946913465e-05
1.469381911166488036e-03
8.042701897164040298e-03
1.927326889837135439e-03
1.194942806130742073e-03
1.024444980224870029e-04
1.240252338605171323e-05
3.679948295596700065e-06
4.707506001017119522e-05
2.521836602107823625e-03
8.760809022797580708e-04
8.605991982211541765e-05
4.319261292607023050e-04
1.870534716055775306e-03
4.931326035681295791e-04
3.559530221923095121e-04
2.044757118688734533e-03
1.113185429793324887e-03
1.177869832560436291e-04
8.083488277698268245e-04
3.170572661749330220e-03
3.352197359199554118e-03
1.880044219370922238e-03
5.869361668849573568e-05
8.501607080223838099e-06
6.593110634243448980e-06
6.252051667912528351e-05
2.277287303973701913e-03
2.028057442240657066e-03
1.835738983311786495e-04
1.875973525964886408e-04
2.158635530485402028e-03
1.848450215881875707e-03
9.580795813192475403e-04
1.796205887146899499e-03
1.376881023779187758e-03
6.630349512785370164e-04
1.684100580852362526e-03
6.588309702004801821e-04
1.512359064773801569e-03
1.445748982023367744e-03
3.381473276441154520e-05
8.271638168568280436e-06
7.838101090804997989e-06
3.343135606092087904e-05
6.001645559137157044e-04
2.555299607213427568e-03
1.902814864567788740e-03
8.243263429356897281e-04
5.865417513778579299e-04
1.509657160107506107e-04
8.681012071740658819e-05
2.696636049416021924e-04
1.705544321073801904e-03
1.923683196763378194e-03
5.161121152677140963e-04
1.943488488212484814e-04
4.930344295675893190e-03
3.683540670701611775e-03
3.062249571488084545e-05
8.838584545910364450e-06
2.426686526213770733e-05
2.137627687428259515e-04
2.821051914375976612e-03
2.259717894817502709e-03
1.082785720735626083e-03
2.767456077811324827e-03
1.058848265702906763e-03
4.516478409683495583e-05
1.984885112463857218e-05
1.058349431115237626e-04
2.588164207676914297e-03
5.044821683361958714e-03
9.656829592805575915e-04
5.822355273862487787e-04
7.698280279488808019e-03
1.304727342541555767e-03
1.057035834471460287e-05
6.214442696067035073e-06
2.883461143135088137e-05
1.178711728979139244e-03
1.411890475857354062e-02
2.060597842971178054e-03
6.667953814905616628e-04
1.080562211608753929e-03
1.934229407823502382e-03
1.014929635550542884e-03
4.310257310649776258e-04
8.594939643828341342e-04
2.213673385655960495e-03
1.575569058366196179e-03
2.426930576778176755e-03
1.022051431892114903e-03
2.067261559187801023e-03
1.005341665612421824e-03
2.311836632084961833e-05
8.373933225071190705e-06
2.962333638311012968e-06
6.542748373315754318e-04
6.285483517391488029e-02
9.130016262572581212e-03
5.534450193001853868e-03
2.543780939082595800e-03
2.606127710618670861e-03
1.053445570785300871e-02
4.838672503325138104e-03
7.496524531425585031e-03
8.829608656017087082e-03
1.538372297787628630e-03
2.880664735351804850e-03
1.438749301464685697e-03
4.839586553590728701e-03
6.756109046623924932e-03
9.288064305149026283e-05
1.073054887874095442e-05
9.695926145769993680e-07
9.706861438781857424e-05
2.447969310138018578e-02
7.331154152843748391e-03
7.432446300620998252e-03
5.829634295911261845e-03
6.630697774858554990e-04
2.461811605821037814e-03
2.342094777826615043e-03
9.082108842871042687e-04
2.263025640937557908e-03
2.336993821090233448e-03
5.090292065975301344e-03
2.426124556271253441e-03
4.737168550912988774e-03
1.650317616815829853e-03
1.663198525480245047e-05
4.436182309529394819e-06
2.495104609509411264e-06
1.852628730458877565e-05
2.588080171019263836e-03
9.097857304598815781e-03
5.115643864102975384e-03
1.323616987330444297e-03
2.088535065298431626e-04
1.472086646671763718e-03
1.311975402877377022e-03
2.843692761332533895e-04
7.218946602218800392e-04
1.196417970207810976e-03
3.170057259173461768e-03
9.615351823701028672e-04
3.398966950919768502e-03
5.564254738259115547e-03
7.386176854663392948e-05
8.943340261727743422e-06
8.420130082285413395e-06
2.075375634113325708e-05
8.393143504313836396e-04
4.099518051808584244e-03
2.918854734655407495e-03
2.679717956825962075e-03
1.571081856093383680e-03
4.427202402027780731e-03
2.743562280926367409e-03
1.578813411728358313e-03
1.668813028261139416e-03
1.554365348414407286e-04
1.292589657373170622e-04
2.685078858266443189e-04
3.261590628865365573e-03
3.645048241379799953e-03
5.907464368054911899e-05
1.113978192011509664e-05
1.010605457862911835e-05
2.862058248571788661e-05
7.571864582929604091e-04
2.581460134417852981e-03
2.974708274991937160e-03
3.058034466420799825e-03
3.092361438979266200e-04
4.684143322788382924e-04
2.270628378887214367e-03
1.660934595447468437e-03
2.979199551830688866e-03
3.634158664051386758e-04
1.246417091666928323e-04
1.313508768979660670e-03
6.560513718120111575e-03
1.632294530776459631e-04
2.773222840229822305e-06
5.185577689857124304e-06
8.518871485410297342e-06
5.881784104759531326e-05
1.075803944852740278e-03
4.000060282728699988e-04
9.812309645661440615e-05
1.564331338184037708e-04
6.063192887813375541e-05
1.602591522786837473e-04
1.783256204719451017e-03
1.159700003619906078e-03
4.970377855260690175e-03
2.975753622063292622e-03
1.215252637541550584e-03
7.451236261060677386e-03
9.686317487015384461e-03
7.042164600562016792e-05
1.690107951620563088e-06
6.265242851871602273e-06
4.202334479034258048e-06
7.413546254653291642e-05
1.720934380131496511e-03
2.758155400057337066e-04
6.155074810878019748e-05
3.590379286371609682e-04
8.179680907846642634e-04
5.415154994116316324e-04
2.129947432568428216e-03
3.348874479993112479e-03
2.318990788578109436e-03
9.111737299204026967e-04
3.767976801703618126e-03
1.285684651841319942e-02
5.269358103897353422e-03
9.484149900045358325e-05
3.972017486528148284e-06
9.655272135276883155e-06
5.128677251817808065e-06
1.898639426001467209e-04
3.157121496627293689e-03
1.271679764544216299e-03
1.198548158092691733e-03
1.705604942815301629e-03
1.638992991722605002e-03
5.875433542762725390e-04
3.987244636906824079e-04
5.506377838906287119e-04
1.775041485467021877e-04
3.504568098660192110e-04
1.027646470634136465e-02
6.095755344493363967e-03
1.036196430254905133e-03
8.653959103011674028e-05
7.808567162351487515e-06
1.228143296990519140e-05
5.205508043680822408e-05
1.790831420710606216e-03
2.825456660158578038e-03
1.412717722650548525e-03
1.605147038281987950e-03
1.833035501327162945e-04
2.636254757411384572e-04
3.866822205130477069e-03
2.281102809932850518e-03
4.809430065112674972e-04
2.966827828393938304e-04
1.482792258231948115e-03
8.992742511349290785e-03
1.623199110198708314e-03
1.543586610495981191e-04
2.270295315346123902e-05
7.109643087187927597e-06
1.374219423968439190e-05
1.379146092625392855e-04
1.057545359756226124e-03
6.836934754268596389e-04
2.018883047542514592e-03
1.413820932852806597e-03
2.164363929800205470e-05
7.339283659267641544e-06
4.852939624790755823e-04
2.672608688796945624e-03
1.136475903396270189e-03
4.711965969891496360e-03
2.028560513299952975e-02
8.214687914712604302e-03
1.284525116481645413e-03
8.748882948998289925e-05
8.471952084038080681e-06
5.720398038423271027e-06
1.462248745708742216e-05
4.918782422699682970e-05
1.728187903186753692e-04
2.067997646912669016e-04
5.486108670103860595e-04
3.838146493847471017e-04
5.440174375122451751e-05
6.993073227500962798e-06
9.458795393168832816e-05
3.595566729116593616e-03
9.761834102150366774e-03
1.513561907389230493e-02
6.294684232889953025e-03
3.553585302162071027e-04
6.467657757421773007e-05
2.055339626464458319e-05
6.585004726606069909e-06
6.557294606847524235e-06
1.500695053645575432e-05
6.180450743778227035e-05
1.387182067014751429e-03
6.885798311574493034e-03
3.952118684897689034e-03
2.630830542283705154e-03
3.703210893694253766e-03
9.591731999739822653e-04
2.629457523820234992e-03
1.367092379296398763e-02
7.832712563777466039e-03
4.463604909986764791e-04
2.774786310290273733e-05
4.643388838535292467e-06
3.376676569478530655e-06
5.804475825650689806e-06
7.002554479851862970e-06
8.153235068828019465e-06
1.537928228184790356e-05
8.946102118027807464e-05
3.388839988683316033e-03
1.660614859219419065e-02
7.318945571849520305e-03
7.821282957460177696e-03
8.914611610411609516e-03
4.862541140590263128e-03
3.212351085417144720e-03
3.458372598528192642e-04
4.373329969560791263e-05
6.379097362930376760e-06
2.551106017276618232e-06
4.151212473247502171e-06
7.945987607110515213e-06
1.321530737609785263e-05
1.518438975667702025e-05
1.540979878653753630e-05
2.428808134180912440e-05
