7.408534222267848900e-06
8.955807240042545664e-05
2.620971146332158348e-03
1.145621461972552539e-03
1.844060424235785837e-03
3.611852588362881450e-03
5.088383491036734419e-04
7.757368528989829533e-04
3.553237498192719388e-04
1.968666807661825839e-05
4.836554590265406142e-06
8.936306898350273247e-06
1.300504707830400679e-05
1.059724343060243285e-05
1.060621835659860186e-05
1.135214003619405194e-05
1.285540511404438654e-05
2.157637957313469107e-05
3.176817294504429367e-06
9.507754760594860791e-05
2.458790170346331419e-03
3.372715167452637565e-04
7.870911187505901614e-04
1.102163879008182619e-03
4.433735529013716034e-05
1.237835346942334463e-04
2.513354354842942551e-03
1.256006295491802734e-03
9.015440924182795720e-05
4.167478432282615614e-05
1.832327119327592562e-05
1.076160143596337020e-05
8.019614176308280200e-06
4.743511575679737738e-06
5.640726834645632847e-06
1.323722182640852002e-05
3.735887120364109354e-06
1.597315783337712597e-04
3.778570433653371651e-03
3.050794893994416917e-04
3.046584847909468300e-04
5.158907155280740425e-04
9.716880893317539737e-05
1.427447636592269332e-04
1.402059499813886013e-03
4.875009946071378816e-03
3.341601541447515762e-03
7.543443388066353077e-04
7.274834049942718569e-05
6.816645222035192886e-05
4.132541486552173245e-05
5.604155073245466374e-06
3.860915974971438674e-06
1.209193988585766825e-05
4.272003197266453253e-06
5.700473277490639173e-05
2.284174165140619422e-03
2.835139521627647301e-03
3.467344699847927248e-03
2.232177848179145527e-03
9.380916075271475679e-04
9.906550907580371611e-04
3.848804091477498477e-04
3.565663446392048708e-04
3.331273684433424913e-03
5.542276088313957336e-03
9.980120785892465998e-04
3.771265777481853194e-04
1.905742983631858781e-04
1.763606330450008517e-05
3.910948102554314780e-06
1.002474821276376188e-05
5.670798258152935416e-06
2.242815980836274667e-05
5.805197190458306249e-04
2.510448721603882310e-03
2.908325834028764687e-03
6.856151174718060331e-04
3.936430913228351433e-04
1.892101333072848364e-03
5.136732071754923374e-04
9.615023314603815324e-05
4.771619957287079089e-04
4.022989555836277431e-03
9.063895719447578533e-03
1.587234354162040490e-03
9.626610613616871795e-04
1.132706057107910177e-04
5.188883698389188281e-06
6.560261148192393149e-06
1.022506286425937050e-05
4.704677813844312869e-05
6.543937976590468537e-04
2.703698648540144803e-03
7.017830991790776317e-03
2.992628654727311210e-03
2.670575386749263376e-03
6.121263529176006017e-03
1.663988434816731591e-03
8.717730989447859073e-04
1.069329046302521869e-03
1.500615191353375268e-03
5.678184098442650915e-03
4.982734509911913856e-03
2.158164246183796615e-03
7.464086924404787890e-05
3.566581277754702576e-06
7.751656645621141968e-06
7.333774637864162697e-06
3.160808010492769553e-05
3.419055679550237641e-04
1.805976893260726607e-03
3.190814104031739970e-03
9.128767315566706751e-04
2.897256877080851487e-03
6.513900120420908907e-03
4.970572334376189422e-03
5.932578480591987197e-03
5.006975276623653985e-03
1.993321473894602101e-03
1.337520095029293057e-03
2.700688610387920463e-03
7.195818627230167854e-04
1.386931119239075522e-05
6.692880878353176525e-06
1.087838782373892440e-04
9.320414692407878642e-06
9.300282828941799852e-05
1.084062120326747050e-03
1.059065787289718537e-03
2.766092745322728716e-04
1.496454264120220467e-04
1.717781211647034572e-03
2.445128244953709198e-03
3.388241191207044724e-03
4.110904182147927244e-03
4.413036922918810341e-03
1.637403876081487686e-03
6.748502874448041294e-04
2.345639015859470478e-03
2.055240308761564338e-03
5.167049382357607763e-05
3.230096238290579470e-05
1.081189602552629948e-03
1.047373903094655816e-05
7.551570153781695836e-05
9.225703303514379890e-04
8.795617778516056674e-04
3.887636898559315799e-04
7.397675902229111341e-04
2.396053411928172113e-03
1.165812224111931498e-03
2.649536756608958724e-03
3.410273035810833589e-03
4.035185409353106260e-03
1.784224798920635213e-03
1.307873487303908575e-03
2.052860843134905744e-03
4.259772353617834878e-03
1.248592616931176475e-04
8.369506538964721268e-06
9.682724027096668309e-05
2.332568586007239684e-06
2.498491683963606589e-06
1.066033931975338405e-04
2.391772139007188047e-03
3.266806328024115819e-03
3.589166254215986774e-03
2.723443329964364730e-03
3.332818906055831469e-03
5.286845077083480310e-03
1.604390901649763342e-03
4.314042123505167602e-03
2.470667727217685985e-03
2.279318223648800230e-03
1.432051604501744825e-03
3.236253200905073527e-03
1.121276396946556370e-04
1.254264798644103332e-06
4.494970085796118604e-06
1.148507428872347949e-06
5.788844603543372134e-06
8.010813269093361184e-04
5.696463044440796229e-03
2.868705594245917704e-03
1.272873321315291101e-03
1.205964022902937700e-03
2.756014555329867801e-03
1.973202150362931596e-03
1.418904082466428563e-03
7.660073801037347446e-03
4.827731279859465499e-03
4.372380694772892359e-03
6.604705897703732958e-04
1.465512424591650011e-03
2.148426141066520870e-04
2.152055511064005817e-06
3.137260981477068684e-06
1.144052183111993487e-06
1.772745588490986406e-04
3.336924676556697611e-02
7.251979550087924407e-03
2.035963809519673092e-03
6.287413943192066710e-04
1.062653616278911358e-03
2.934105867272752098e-03
1.114557849854239677e-03
2.013382140796025205e-03
3.061385256344163145e-03
1.250309121956322874e-03
1.340826710854495750e-03
3.546527436154070490e-04
3.531735089633199990e-03
2.605823276661308179e-03
1.656827391065524675e-05
4.821367314909012814e-06
2.007262788326955079e-06
4.188865235681925856e-04
6.887349229641384629e-02
2.092067622241095687e-02
1.018755747815635812e-02
4.005046326408080205e-03
7.064926896466314395e-03
1.122548658510032389e-02
3.345416790310064281e-03
4.543656525923405604e-03
5.130975912475519915e-03
2.857788059838725549e-03
3.696583989236674160e-03
1.557005170172809198e-03
5.191905017928297866e-03
6.864646435665403348e-03
6.665049360216374779e-05
5.154589782628446088e-06
2.229642708520935561e-05
2.331334636218285530e-03
1.033391518010678689e-01
2.337364955756153148e-02
4.443491651666729193e-03
2.830687095344164555e-03
3.445637975224778195e-03
1.179218587940338665e-03
1.433576403691745604e-03
5.513847700716111543e-03
3.551930692877587354e-03
1.441912874369059199e-03
1.720283512267080936e-03
6.281889646036979257e-04
8.437914760201754112e-04
3.491768235536613779e-03
1.334367635191326985e-04
6.933264127410177573e-06
1.584127460685068943e-05
2.597038303058167401e-04
6.404071696763021307e-03
1.034281938219762734e-02
5.139842484236890538e-03
1.503547428381426512e-03
1.166895797823105799e-03
8.709163682387780197e-04
1.470170075636370024e-03
3.097828712545639199e-03
2.635746151926607155e-03
2.244779604916604786e-03
1.273128050514146358e-03
3.827484906443745505e-04
1.028312916564243749e-03
1.326106036719527665e-03
4.020888111418206932e-05
6.707406258786950337e-06
2.069807023469616907e-06
2.499767004475107485e-06
5.493053077935427012e-05
1.040939841067608194e-03
3.108748868790733519e-03
1.712138955842334737e-03
1.713840427882066695e-03
2.920266576533657975e-03
4.624705459026468533e-03
4.819352929726501353e-03
2.888959996248123465e-03
2.515625574375546323e-03
5.862210875510003548e-04
3.462292972784675031e-04
2.475450221138136148e-03
2.022551437987558964e-04
3.161955319170572728e-06
4.418322350810500928e-06
3.273054023481999260e-06
1.001042234014038136e-05
3.738258147501502060e-04
2.574587644393908602e-03
3.000394383135286495e-03
2.104381394533502442e-03
1.985244931848092337e-03
2.684512613640378104e-03
3.780678539967279646e-03
5.017786835025710677e-03
3.348686173038474632e-03
3.711517107176886838e-03
1.271834864718939147e-03
8.909055885902626790e-04
3.941579689272564115e-03
1.023367245301609417e-04
1.794579888025481117e-06
5.200448896777254084e-06
8.689039796362918986e-06
8.069608450610786889e-05
6.110260718090414342e-04
1.102993945478137434e-03
2.629881726491365909e-03
1.267699220678587769e-03
1.541729952231171447e-03
5.870476107698292464e-03
5.135207719561414932e-03
3.666455225150438545e-03
4.054846724355008238e-03
1.118226889854007696e-03
9.515834388685091199e-04
3.947333064308330280e-03
3.535152505196945648e-03
5.591097221937712597e-05
2.336182753802811243e-06
5.945776015164293712e-06
2.772185978582815660e-05
1.714125084293316133e-04
1.858226858314614843e-04
2.994586618901816117e-04
1.469292067334708853e-03
2.521980182198848945e-03
7.247823833005009181e-03
6.930081649636013648e-03
4.152757871191378562e-03
3.567636589955780306e-03
3.220274898952174818e-03
8.168867100356977298e-04
1.023845026700455222e-03
1.489431690873265282e-02
3.186784478602054486e-03
1.819337732647302499e-05
2.108191657960079773e-06
8.130666237141793482e-06
9.573675161914113217e-05
8.679191995062742219e-04
2.863775991375582582e-03
4.837353854498013112e-03
3.584012683849592540e-03
3.673349008299866235e-03
3.313159113140630527e-03
2.220686217881183509e-03
4.962282775247230278e-03
4.502127265974888680e-03
1.072715626142527277e-03
3.772346848321157884e-03
2.393949360686640961e-03
3.265300242144995521e-03
1.054710168656282452e-03
2.004031303866276207e-05
1.137662813113142408e-05
1.163867517587003546e-04
1.890777789357111854e-05
1.215592585637305590e-04
1.508300559762510394e-03
2.306357775088567312e-03
1.592496158122413486e-03
1.643246849101642629e-03
1.142925246758612172e-03
4.425248631942334081e-03
5.878278535169548236e-03
4.105396420220153685e-03
1.332051088566953796e-03
7.936669774249510353e-03
3.829077513608965429e-03
7.163320118431321321e-04
1.660094717141700875e-04
1.656537993963804790e-05
4.967928299571899793e-05
1.069501652133011699e-03
4.029643319403608281e-06
4.591424330397723378e-05
1.412187278392101984e-03
1.528581407266474878e-03
1.802792107523815699e-03
1.450230913148941063e-03
1.152757644940625992e-03
2.378598470064220618e-03
3.718724612215718191e-04
2.107229255317608161e-03
1.108306900084849410e-02
6.453872409305233190e-03
1.883643386201324125e-03
1.762560617656567586e-04
1.235824326493121694e-05
3.505359901016730649e-06
1.234628732439259049e-05
1.202546887416018818e-04
4.535197448988170090e-06
1.211992507705570462e-04
1.993524676080631573e-03
3.019326378505569680e-04
1.071024018531482430e-04
1.203864748831833366e-04
4.579662604241836006e-04
1.158146178914700418e-03
3.754033285857319847e-04
3.135853210164485285e-03
5.973515657554864279e-03
5.840175235993908844e-04
5.826145214954712255e-04
9.919186672730714589e-05
4.280879444649984639e-06
2.116760151104102231e-06
3.644624491651420237e-06
9.701265648525367617e-06
8.828457561374795083e-06
1.046292734810181361e-04
2.969726165648167281e-04
5.498781276489760750e-05
3.701123463340193616e-05
8.556772611607007856e-05
6.788156010512433206e-04
1.711823218894680280e-03
7.206251336327616688e-04
7.893397839191889070e-04
6.266038820534671492e-04
9.190486642880536284e-05
9.157530467823697521e-05
3.879502022268777918e-05
5.717929857075138724e-06
4.376120552438419519e-06
5.404614964431036817e-06
9.080222601041906149e-06
8.650727821520371352e-05
1.157587871517700741e-03
2.564946453374452803e-03
2.769879612485306227e-03
2.306143151707293944e-03
2.550368810448414014e-04
8.558696094202156949e-05
7.687230021149365003e-05
3.464467667500648984e-05
2.411463228694606372e-05
6.569016859133527183e-05
3.655616789409613457e-05
1.438106420896272665e-05
1.117699042847392287e-05
9.831197612894519534e-06
1.201728733490863185e-05
1.374832446861416027e-05
2.122907778220298704e-05
