1.641730708993712010e-05
2.626005845335612431e-04
1.759039043828881585e-02
3.968244048685238244e-03
8.107691068999378246e-04
4.345468931799580103e-03
9.958109541813315712e-04
1.848306195306355100e-04
3.191031685676083826e-05
6.673097510721392734e-06
2.718174511642679016e-05
2.116680490127920145e-04
7.481578686208348729e-05
1.488728038042196740e-05
1.657753564619913577e-05
2.294472698710643864e-05
2.399572123669092141e-05
3.539333643178168957e-05
5.178411649295269391e-06
4.132028620402679770e-05
4.909839616435835580e-03
9.661283251887028273e-03
1.235302822602599290e-03
3.639523408857280799e-04
4.011351705274861213e-04
1.400811760933720401e-03
5.510107640866064842e-04
1.767109424014334275e-04
4.831197708697545384e-04
2.114276200382142305e-03
2.535169725043264887e-04
1.388426450940431180e-05
1.001336897181128722e-05
1.384929093080351709e-05
1.459735726407191244e-05
2.322388110873603286e-05
1.129835869715177867e-05
1.673243628852539092e-04
4.498582980774185058e-03
3.248383839565201301e-03
1.070430784498108438e-03
2.836052424045908994e-04
2.034448442396920428e-04
3.291213505082116295e-04
7.588248015333409584e-04
1.422887020473935981e-03
3.047290940923200924e-04
1.230672753134594277e-04
4.287193698321144089e-05
1.131438009993789540e-05
1.126493870474813436e-05
1.440673908344179382e-05
1.460157113187244021e-05
2.280171351654765514e-05
1.083341892519468740e-05
1.778386118832573737e-04
5.895858222385771605e-03
2.441049014359744120e-03
2.623099561685626876e-04
3.631504453322010923e-04
1.908841731829936592e-03
1.426447938700846612e-03
1.875545966681218309e-03
1.680997078986926204e-03
4.125797546046925697e-05
3.574920776160845040e-06
5.588643927904733624e-06
8.918548334823756088e-06
1.120317912496234105e-05
1.408771228582555072e-05
1.543237258730033461e-05
2.423211650670174816e-05
2.293541420033376707e-05
2.801501322842575559e-04
7.291244085582826093e-03
2.613001422579475097e-03
1.614918030550777474e-04
6.587439222139817663e-04
6.785103527351873769e-03
7.010825064531262321e-03
8.085151714163667930e-03
6.847236346200171429e-03
6.927745117651167798e-04
6.874673308443553124e-05
4.965915907290212848e-05
1.682751986740115523e-05
5.781059406275363564e-06
7.925818404120607165e-06
1.294664641092678053e-05
2.425828948784713627e-05
1.073342682505450265e-04
2.420857758312848062e-03
1.184904971185443516e-02
2.434456173516451848e-03
1.716193263012911986e-03
4.143517590923545546e-03
2.701341282007989775e-03
3.553625607298948469e-03
6.850157998383013362e-03
9.603963843319554897e-03
7.477933729136678961e-03
3.635525825112658448e-03
2.833052024059239810e-03
1.118063250431385568e-04
7.484093591846951837e-06
7.444393486380639366e-06
1.066962036316347540e-05
2.231651903817515577e-05
2.562678270464955902e-05
5.198265415948104826e-04
3.208216058525328526e-03
1.966500008795875418e-03
3.647688537268879184e-03
1.502370664641872189e-03
1.518337242331423620e-03
5.238936217249285862e-03
4.559455839645600896e-03
1.096012720148479072e-02
3.632715418790650932e-03
6.046649096769692597e-04
1.888703528609968554e-03
7.254420644885523810e-04
2.211740305817610618e-04
6.538843954677649021e-05
1.396400025289824637e-05
1.982607081907872994e-05
5.389366156711283281e-06
1.021330588229333740e-04
2.223417360139125654e-03
2.230182036696001530e-03
9.663783137400753110e-04
1.622484691251328739e-04
1.114526731390697370e-03
3.292808520485701346e-03
7.279986237564314800e-04
5.153162043630130085e-03
3.959759028206289930e-03
7.207961173908642837e-05
3.954820022104960065e-05
2.451044952810991226e-04
1.590124101160756906e-03
2.069962174127290772e-04
1.046750846376653691e-05
1.540759132461188554e-05
9.035617861725641939e-06
2.251815604385679472e-04
3.700866703670660507e-03
3.873195273622929286e-03
2.544946415099724312e-03
2.489616438901718297e-04
1.058490030748402777e-03
6.397033239881659561e-03
2.470999278142910812e-03
2.266096429626798976e-03
6.458279730805571370e-03
1.187257396309023515e-03
9.032351068970235488e-05
1.370432273260051021e-04
1.253286446173811812e-03
1.191859955329687565e-04
5.208518867110709875e-06
1.195513107095504018e-05
1.240441080160341938e-05
2.213764702201265243e-04
3.989358308859944705e-03
1.462828252452142049e-02
1.623070612975991908e-02
1.470321294388871698e-03
2.114189826371061683e-03
3.242689442286677756e-03
8.250568685532005953e-03
2.669876717300174399e-03
2.033781523258125761e-03
8.546062037469753098e-03
1.983022907312071044e-03
7.693471658643411199e-04
4.339129516690816597e-03
3.018270066820051101e-04
7.471836674630718548e-06
1.287681946327664444e-05
5.635273751509370287e-06
4.257248030376508806e-05
1.615121635319262004e-03
1.751081943786862369e-02
7.293174548709805381e-03
1.035380666712167703e-03
3.163036764201342544e-03
6.457021149802869616e-04
2.087614709529361269e-03
3.969866783787077621e-03
1.655157381028954681e-03
3.530337630186564969e-03
9.208538425637019824e-04
1.230534876486231446e-04
3.750124552129110739e-04
1.011856368611623724e-04
8.076255477277105382e-06
1.482692820337714417e-05
8.972497654546979389e-06
2.684724748220235647e-04
8.273126062093965824e-03
1.648217203870990660e-02
7.730976495046127869e-03
9.663545380516622499e-04
1.306261438460392527e-03
3.237716545429090639e-04
6.359352941800843883e-04
2.361991247098635307e-03
4.189362581476228573e-03
6.545838067088617651e-03
1.910928932616488048e-03
1.100239289479174769e-04
1.022742710683089974e-04
5.964944636412105732e-05
1.054667288917894882e-05
1.719532161284302010e-05
1.491455720550763529e-05
3.245167508370885509e-03
8.698149646213398922e-02
2.361324699623937318e-02
2.758524576449111407e-02
6.841344255641982480e-03
6.820600497779273109e-03
4.621536314690563411e-03
4.009419547696599188e-03
2.777920299233680064e-03
3.332626567827001555e-03
4.118236470872929135e-03
8.607446979068044887e-03
4.994143643968601901e-03
1.777104359690239669e-03
1.881417318537280240e-04
1.694477591354230197e-05
1.972853007530234504e-05
6.266121778718358519e-06
5.986198832356377265e-04
2.082740899046810548e-02
7.065746985631326041e-03
4.217194065717350462e-03
1.462387919186501975e-03
3.318275995359995251e-03
3.356000644606166664e-03
2.996415548080442678e-03
2.087428522502873546e-03
1.444031795140381840e-03
7.399721482516344751e-04
2.839815329484331186e-03
7.888238789056917569e-03
7.329277254786823077e-04
2.764749763595136537e-05
8.081164697426005024e-06
1.954643306398448261e-05
5.289888360728544978e-06
2.380130382244538683e-05
1.208173692683942561e-04
8.111287889694139607e-05
2.484839989142575436e-04
1.279413430395525721e-03
1.630567227778632411e-03
3.594766921936256177e-04
5.087952886238234461e-04
8.216368396917799128e-04
1.566502786698120275e-03
2.205251001954184730e-03
1.118146721295265470e-03
2.547200483743038038e-04
2.478405457494297571e-05
4.367034126099214016e-06
5.013667111178109618e-06
1.945115162903337223e-05
9.494676041996998153e-06
4.138397202014253726e-06
2.728910201646855646e-06
1.045914848996472010e-05
6.372703098921062275e-04
7.087226978036677977e-03
3.474912642353007730e-03
1.860209124319090433e-03
3.620336560645883058e-03
9.749443877009964649e-04
5.978167217780246470e-04
7.194377473590762156e-03
5.130406511125367407e-03
3.115738311024152888e-04
1.516461076802469801e-04
4.469876782720761537e-05
1.071722105237026710e-05
1.912113535843948931e-05
1.594338244855498569e-05
6.319988398328510824e-06
3.925865731829049869e-06
1.216066319525975389e-04
5.861793901938169675e-03
1.418015579554584345e-03
1.088575605736942639e-03
6.176286828667740779e-03
6.413220315742512723e-03
9.198808098134975998e-04
5.610994068705086549e-04
5.382610747720356463e-03
2.927418773342904245e-03
6.525459906384180114e-04
1.800305677584514846e-03
2.780358978862471141e-04
1.537103579181339706e-05
1.750935422800998652e-05
6.634611328450585850e-05
1.769725482193308110e-04
9.289220575938432088e-05
5.548756089255603950e-04
4.307398491798551145e-03
7.588834985637529090e-04
1.644003152502257785e-03
2.258096454352294738e-03
1.423348099294253436e-03
1.108412176032160662e-03
3.494861760243905303e-03
3.375092798486115011e-03
2.929159175207623664e-04
3.031909144945588034e-04
4.577594274528058640e-04
3.980895995246536660e-05
7.681184285603588792e-06
1.748302260383145356e-05
1.087117807896195330e-04
2.548541004605697421e-03
2.561966826254963043e-03
7.404491284225938599e-04
6.800968921482031205e-04
9.003003664047993333e-04
4.947166854038512022e-03
9.066833763323360953e-04
1.520278124470446444e-03
4.667059579182055926e-03
7.346073644997880465e-03
2.754787763087321057e-03
8.822280426309804351e-04
1.732628073187305554e-03
1.964660925254631881e-04
8.477354614470509266e-06
6.190223423422981560e-06
2.084854277104068192e-05
1.204412284138579447e-05
5.770577795533994407e-04
6.275146615083266981e-03
2.908901629979215690e-03
1.521476851445140643e-03
1.134610995337028598e-03
5.014449575141100360e-03
1.504125488223468417e-03
6.573977557705197074e-03
8.870414379235424390e-03
9.836950368668061911e-04
1.185625401035472239e-03
2.092830307712199422e-03
6.088388207659080386e-04
3.298764298956773897e-05
6.423180628999389825e-06
9.520644965888017811e-06
2.448935043145675317e-05
3.044284885398790237e-06
2.053421622355799372e-04
8.325536881578483525e-03
5.063024941801018419e-03
2.325506914671424293e-03
7.064233460664975841e-04
2.984077719244003675e-03
2.411801236752977775e-03
5.314142902806556074e-03
2.796669921178597269e-03
3.762979550200055610e-04
1.597802495409918330e-03
5.891047131209099959e-04
1.524001201772794484e-05
3.672712569934310552e-06
6.718804995309439305e-06
1.345534636747290517e-05
2.521410872290242192e-05
4.022471343696172086e-06
2.601660895490938777e-04
8.962286170719665698e-03
5.821503636323821333e-03
2.903633900884535456e-03
6.368792362775254571e-04
2.042166703197120098e-03
1.606408655282137504e-03
8.568562236801489712e-04
2.328709551287205923e-04
7.177170160570108231e-05
2.307465981870521004e-04
5.035568366301044162e-05
3.941375909994181876e-06
4.315635317311226927e-06
1.095409479907471355e-05
1.551666499611537234e-05
2.432356572528625522e-05
1.374865949384922643e-05
3.934113238164235770e-04
2.450922990484754021e-03
1.973878835480061093e-03
3.850695198072326235e-03
2.007388935053336983e-03
2.095878327525570704e-03
2.702612732349252925e-03
1.687711032431724783e-03
1.270975166524255465e-04
1.205709869070001963e-05
1.245935985340559711e-05
9.569745317599015770e-06
6.790272165765837805e-06
1.063071645724085510e-05
1.454042399448559483e-05
1.477952617129981565e-05
2.282003693545945003e-05
1.137030827663640126e-04
2.695615228164190396e-03
3.558610272630287948e-03
1.930909339440565683e-03
5.161513778053952381e-03
4.412416092880618729e-03
7.425077792431623988e-04
8.921608321356458947e-04
4.561199130496702142e-04
2.443543693338554897e-05
6.023029429447450767e-06
8.299675384571287288e-06
1.114350841200415526e-05
1.306052660307016628e-05
1.518775929458667664e-05
1.477743354314399601e-05
1.437611816185062565e-05
2.317995769376514831e-05
3.235206814282619542e-04
5.640051233776709021e-03
6.973818842041153501e-03
8.819052377505560633e-03
1.581848516455146292e-02
5.662546066815012796e-03
1.266491490685692179e-03
4.418478832330982771e-03
4.953006645930076385e-04
9.489589588549023552e-06
7.542762433302512321e-06
1.959955128739552832e-05
2.532222628906084276e-05
2.488467617752222231e-05
2.423779143765457733e-05
2.288749939254656172e-05
2.320113543043647488e-05
3.533986016288617131e-05
