2.360577072889938430e-03
7.298008080818414170e-04
1.912963525752771343e-03
2.951649673216722477e-04
2.144412478641124294e-04
2.280486866104921261e-03
3.048684390977661994e-03
4.800595711123101326e-04
3.504426449847977790e-05
8.014978194387962238e-05
2.485203000101804480e-04
5.078869288435124894e-05
1.877942575302728279e-05
2.042564600290792059e-05
2.273113792097018672e-05
2.330970666908906312e-05
2.389383887786011721e-05
3.623602769865579779e-05
1.209353215943084547e-04
1.262786474003520633e-04
5.622753117979112673e-04
5.324077551767759443e-05
1.286981376567854186e-05
5.223082527183621341e-05
7.581305390523871259e-04
3.954369955231669051e-03
8.260311449172584976e-04
2.808950211213614902e-03
2.040575830044438332e-03
2.950214365866696281e-05
8.760542433424348577e-06
1.360811249687569549e-05
1.156602882098070473e-05
1.238285242514982759e-05
1.449776651062419910e-05
2.399541976183291106e-05
2.478878476561783965e-05
1.457476798031637113e-04
1.695208016421882215e-03
4.621112110430017263e-04
6.519639374210665851e-05
1.564591118968420127e-05
2.601975034257210549e-05
2.776159464363152146e-04
8.358456975836548938e-04
7.265053549641238388e-03
4.983502041246135744e-03
6.463006581799463242e-05
5.398771576562568051e-05
6.491284495615195311e-05
1.188977022921068374e-05
9.179355522757624342e-06
1.362934457869287785e-05
2.434708071267667739e-05
1.232102198629290928e-05
2.830910236937949633e-05
4.882685079731456787e-04
3.234925042430654516e-03
1.987856574659777747e-03
2.529349211479445031e-04
6.210167466492794912e-05
2.542126273496315785e-04
2.010451385213671630e-03
2.498812194486938702e-03
4.666215551988469289e-03
1.599710568212307782e-03
1.852532164107187958e-03
2.880079837619085870e-04
8.337722551132163378e-06
5.226730937512960786e-06
1.073237032905541394e-05
2.250823831396823180e-05
7.187261442373459673e-06
5.479180830175392689e-06
6.469256229450479122e-05
2.003774605639724402e-03
4.241032270464987694e-03
2.860049116110354329e-03
2.101915469243683179e-03
1.336590099954001369e-03
3.363238273483369362e-03
8.707813952918836949e-04
1.734881462269815709e-03
6.486206333453399878e-03
2.377377199642241503e-03
8.583711278170232399e-05
4.545477872717850390e-06
6.049004094629577405e-06
1.187945509334198106e-05
1.803122194596825070e-05
1.602702117851307961e-05
6.158849375726258197e-05
2.348362453478443216e-04
7.975173814049885124e-04
1.186185902474407678e-03
1.222705134088405022e-03
4.542900397274397296e-03
1.204695667216055394e-03
9.649390313360859056e-04
2.849715127344879927e-03
4.547708052273277853e-03
3.896657917967142823e-03
1.308614921540030528e-03
3.151841100094331864e-04
9.213061323633835100e-05
1.445364323573126715e-04
7.101514822397108490e-05
2.191041457219318304e-05
1.076337522291502438e-04
3.144672497597669932e-03
1.875467235794323105e-03
3.983005524084187905e-04
3.378155202335808680e-04
7.985516417324062201e-05
5.742566890122263821e-04
1.157703191442815537e-03
5.434047877676462983e-04
4.079385752821317046e-03
5.432882252808009758e-03
1.300139819943416835e-03
2.951454833234616777e-03
9.640622111683540621e-03
3.945367969724494252e-03
1.855692494106582621e-03
1.995390989013896702e-04
2.502092618876817094e-05
1.609078677635874231e-04
2.312023490788560690e-03
4.580563244788778284e-04
3.756269751614681749e-04
2.303861642360185806e-03
1.844289511579036227e-04
2.395916967181220959e-04
6.373333166666732622e-04
2.921943775488601916e-04
1.372634290862093489e-03
6.289353865509545241e-03
2.158137263415887703e-03
2.313943872574354514e-03
1.091049580466265691e-02
5.593161343432696483e-03
3.793890746475259493e-04
2.172805216060908664e-05
1.101268861240866228e-05
4.112926836431362606e-05
2.371405344542489198e-04
1.831250047457650798e-04
4.188261717862622625e-04
4.131382925385883656e-03
1.729494679897065337e-03
1.009224497096354286e-03
8.217059139403722155e-04
1.526858587948385802e-03
3.411090804587079556e-03
3.882071503213865935e-03
1.275008643949384268e-03
5.200415931192339065e-04
4.359905736140205941e-03
1.123376042475317770e-02
3.423182484026022370e-04
7.836291887086704565e-06
6.062808272979743677e-06
1.138529267946413201e-05
1.068854374483551044e-04
1.662255054962016995e-03
8.951958140537248166e-04
6.131293526669921983e-04
2.688002770501440528e-03
5.748394023299553245e-04
4.247929181573705215e-05
5.053643286801975422e-04
4.792126059544656383e-03
2.944153415717807535e-03
1.309064758729766489e-03
1.898384352361495101e-04
5.218770172647292692e-04
9.470856980618794219e-03
2.750961106616542536e-03
5.127021017187000166e-05
1.622931409821648795e-05
4.684350773320614292e-06
6.393282763111766184e-05
1.023660998639668029e-02
6.982591198888937235e-03
1.151558053104991984e-03
4.467083865430831330e-03
2.005863456130680517e-04
2.454139287926168521e-06
3.121661832936786486e-05
8.658633261295438626e-04
4.546179942124338306e-04
2.078172171356374928e-04
1.235439024157513027e-04
5.359991379649398221e-04
5.344180220527358117e-03
2.100646414873551162e-03
1.560778907766634130e-04
2.874820816013489246e-04
6.583649001546615915e-06
2.030623980111284513e-04
2.234879609932467759e-02
1.534308716182577158e-02
3.362534403048143394e-03
2.616950819857041029e-03
6.258669596863308251e-04
8.847916189556165843e-05
2.038917363197160723e-04
1.087454010772314099e-03
5.238879784838621932e-04
1.351035997975239282e-04
1.987929267039657518e-04
1.195334620786947391e-03
3.432232178211033508e-03
1.417693274066387675e-03
3.171994353936957571e-04
2.065322565206171006e-03
2.899243209804461046e-05
3.213297259929248206e-03
9.152126603188848186e-02
2.491650752578074279e-02
1.519129146672060227e-02
5.553979588194348817e-03
4.241691969352874569e-03
8.505403824131006416e-03
3.569267076597593819e-03
1.194682688433858827e-03
2.699934074637705492e-03
1.668643428947391314e-03
9.974449092719577491e-04
1.126158531699657326e-03
3.670153990395105120e-03
6.095752703882188067e-03
4.733723114236923967e-04
2.128616989380730884e-04
5.047454903722552595e-05
5.811810391053033424e-03
1.168669133440864150e-01
1.758764057054882160e-02
1.257581895323485292e-02
4.325331954350986226e-03
3.775937358684776043e-04
1.269904074353882511e-03
3.271770043439213831e-03
1.136167980572943582e-03
7.287547761794866893e-03
6.031665641382584486e-03
3.271815452937061088e-03
2.417221793743709862e-03
2.421284276688538076e-03
1.462583214326295148e-03
3.423924148911324742e-04
5.531865379832538238e-05
1.156884371728080261e-05
2.057246855185717693e-04
6.192438819332906838e-03
3.555708347437023468e-03
2.635902014726921802e-03
9.103037547892067240e-04
3.735010842375960117e-05
1.528684980049403058e-04
7.916625710742492472e-04
7.196831918535776624e-04
8.298747387760461308e-03
4.307870462460386927e-03
1.520304542357204169e-03
1.500458820413089547e-03
2.042541103094892146e-03
7.173680426698936805e-04
1.247679321859067629e-03
3.636489394337189657e-04
7.776011139942702382e-06
8.754986889297544433e-05
3.416213618215424141e-03
4.254966909833679534e-03
3.991431988945682435e-03
1.446490604756688232e-03
3.196086966909397276e-04
2.589111295606019540e-03
1.810063192230867502e-03
4.769395741744701309e-04
2.078269749577076400e-03
2.710702269902034046e-03
3.359515003860584145e-03
3.145697288960922714e-03
7.957206119845383271e-03
6.941604498748953469e-04
1.509760586764447650e-04
9.736536035119319407e-05
1.489499098151156206e-05
2.036078249462856707e-04
4.088229140833874592e-03
2.678744654860001993e-03
1.588261085034543092e-03
7.571981626934761464e-04
8.595666202963724023e-04
2.278832748334853019e-03
7.515634806155114872e-04
6.849750854827368765e-04
1.930993730941540139e-03
3.138474164457110728e-03
2.180476494496638284e-03
1.971682594923860384e-03
1.090572513380373698e-02
2.698051929690282579e-04
5.275317948833367354e-06
8.568396804845698701e-06
1.255338225647213867e-05
7.375702761459379043e-05
1.319935390530925685e-03
1.084788412211766181e-03
2.153546172504175113e-04
3.406613099786815813e-04
1.827540312821396935e-03
3.117331647597104509e-04
1.105378010771245726e-04
1.557856584454520845e-03
4.574275517366793546e-03
2.040635945230302294e-03
5.513966221075631679e-04
2.564300198081139858e-03
8.539522005248614822e-03
1.016325087424473989e-04
3.603812716898476733e-06
9.744621847923369250e-06
1.120831618113265557e-05
5.853368921690067030e-05
1.869051321686335384e-03
1.569168472390390602e-03
5.319404480385349083e-05
9.464711834090283604e-05
2.465259063885773868e-03
1.034288299456561071e-03
2.824639226381877970e-04
2.544203766773937402e-03
6.223309968328204732e-03
1.966591626397192101e-03
1.807619130971693019e-03
7.216836703322492171e-03
6.265499447921339671e-04
8.147787839849416266e-06
4.010787354296220412e-06
1.922131513040649167e-05
1.261542202775123513e-05
3.771920818403343714e-05
4.317505621959232833e-04
1.273376413146318697e-03
9.290266745673919678e-05
5.440640232224359512e-05
7.143464150243855528e-04
3.952508044748209888e-03
2.971733269027751739e-03
4.116932636962313853e-03
1.854119286838708594e-03
9.301352439773874579e-04
7.102000646623318932e-03
4.125357108017730680e-03
2.894938303111558372e-05
1.852548200643446233e-06
5.131074351554193025e-06
2.432112530602660876e-05
1.099873134414769182e-04
3.421613973002864259e-04
1.282459945050480046e-04
7.364227586426992569e-04
1.193566492491399296e-03
1.531207200434709986e-03
1.319857316826379386e-03
3.926300888877104381e-04
5.030939532971023115e-04
1.378415921558289988e-03
3.878034409184681185e-04
8.191162765323683429e-04
1.219073195634998857e-02
2.261667513071378977e-03
3.099681158513860449e-05
5.892626796514940475e-06
1.055560942692131635e-05
2.587947125376948787e-05
5.756821329956048668e-04
1.178096286485926653e-02
2.972206995173799510e-03
3.047933160466303939e-03
2.889716348830125448e-03
6.313649823003715696e-03
4.337614370740984840e-03
8.702882003419310463e-05
3.771127223283317142e-05
4.205598131863834475e-04
1.214705193317133520e-03
6.916703861486981318e-03
6.011816948476275506e-03
2.526519424497047613e-04
2.347267820738601493e-05
1.305807657989783145e-05
1.481693373169782474e-05
2.501876765815801851e-05
3.694123822476033138e-04
1.778080923408376047e-03
3.271841841771573611e-03
2.157808103928682275e-03
3.557218252218147421e-04
1.573348285441028419e-04
3.873639431904453943e-04
3.190137080350542958e-04
4.599331780664800613e-04
2.136423835287520282e-03
2.314434580777719082e-03
7.789497224827394593e-04
7.154968204028761220e-05
9.191312739213385529e-06
7.754837095770239510e-06
1.167932187133220586e-05
1.404622292743513875e-05
2.318804551240495680e-05
1.632118698915370784e-03
4.843896537902725712e-04
5.369043128550490991e-04
2.580973377186196200e-03
1.784646386902965587e-03
2.620697505787709307e-04
3.888637992660331122e-04
2.168796473553164308e-03
2.436422700427273626e-03
5.739227949352501516e-04
7.356345158661886175e-05
8.883968111298390258e-06
2.966217459661056264e-06
4.177822985651830704e-06
9.156364436764015532e-06
1.315658063179362423e-05
1.421211617117749253e-05
2.342680779690228809e-05
1.007473018755200784e-03
1.729694217578927901e-03
7.852429478884630481e-04
2.286670170060455063e-03
3.804064929839217138e-03
2.744862886001019769e-03
2.405382377582094243e-03
6.396937869202483536e-04
8.562769237630360073e-05
1.487861797189379278e-05
6.910849543048607631e-06
6.484152965719053104e-06
9.650915639234591579e-06
1.827724224776588183e-05
2.513149036346853008e-05
2.444663706409028233e-05
2.372784793348326637e-05
3.620052398051661497e-05
