6.060797110344900030e-04
1.270907499299430560e-02
1.921142453632424321e-02
7.069414202105085698e-03
3.663900635595079055e-03
2.288454176038540178e-03
1.671644794743528274e-04
4.464409142089409053e-05
1.438502528280214310e-04
8.335548214193423710e-05
1.003972813756923800e-05
5.875004777914864553e-06
1.493063057314000150e-05
2.688136631355476499e-05
2.698660552493293164e-05
2.403818380991539752e-05
2.416624394186562110e-05
3.667009761066698532e-05
2.797165544628318467e-03
1.615591329369206464e-02
1.527959728041264342e-02
1.064290778588236966e-02
4.022928206577684913e-03
5.712762295514793977e-04
1.016261300583709256e-04
6.397228719019135276e-04
9.067297494261312638e-03
3.628265866040525627e-03
3.075529435354662283e-05
8.025121334018543596e-07
1.399382790205648096e-06
7.783254061459787051e-06
1.483470046795402478e-05
1.484208860096448920e-05
1.491734751461029367e-05
2.425766555805576575e-05
2.578223463961157292e-04
3.120936703249820292e-03
7.950333202832667728e-03
2.493059306083355003e-03
2.427990906096314828e-03
2.714059800361958569e-03
6.626083806749069301e-04
1.273530841322347224e-03
4.708428402742083352e-03
1.128769073061015003e-02
1.052623112300070645e-03
4.216822264867659354e-06
7.030435035692273453e-07
4.016160753194699010e-06
1.193431619282268213e-05
1.368393053576580491e-05
1.467310068681712624e-05
2.404585034592326783e-05
4.605312258752616362e-05
1.034603843728127337e-03
7.042164107456935773e-03
2.129135989697858271e-03
7.467165811743718901e-04
2.211470307404813512e-03
1.016195616095798629e-03
3.923068260784545909e-04
4.179129341482608535e-04
1.648032794498033565e-03
1.415707260312425685e-02
1.077101396582556521e-03
5.494566202591965627e-05
4.452550049644325838e-05
2.356213582462096879e-05
1.244905291623963985e-05
1.434028234479400875e-05
2.585028647220434471e-05
1.963000485914135273e-04
1.567097201435592533e-03
3.755166801571576795e-03
5.779400952276594026e-03
1.205668261893763421e-03
6.760002427233212114e-04
1.485993578782108951e-03
4.835939399568461687e-03
3.830106767702482103e-03
5.074828947084169097e-04
4.342028538403873081e-03
1.497235806369725392e-02
1.002234027448593336e-02
3.211730772320837372e-03
6.521786049505206694e-05
6.138601546054471286e-06
9.492130305050412289e-06
2.576546848891562153e-05
8.220482410761967122e-05
4.130191745555585763e-04
1.164182151985069646e-03
6.595416353975118093e-03
4.958246917045786017e-03
3.863454073277825212e-04
3.883579771771630612e-04
6.118727134365501384e-03
4.309098258723865170e-03
2.710653834564970993e-04
2.055909585456758889e-03
5.485230164535908996e-03
9.005360866726045549e-03
9.546987471345916992e-03
7.476473602526791887e-05
2.297368168379244135e-06
4.899130154273849284e-06
2.299543213929911603e-05
1.990816619038698288e-05
2.134253773201524689e-04
1.401830974435055392e-03
8.102997467755176193e-04
2.101775663593009327e-04
1.971163881517749169e-05
1.308998108142030655e-05
2.997555435020730105e-04
1.724399241829948802e-03
2.164571981769621446e-03
1.198270910252122179e-02
2.245034431518835773e-03
9.668824573864501833e-04
9.642390710299431067e-03
9.065837971550632897e-04
1.300539736213583570e-05
6.457531150447837467e-06
2.203732663935608892e-05
1.339625403640201506e-05
5.027199813153014613e-05
5.077636151567442796e-04
2.919990575864983757e-04
2.065025352881412685e-05
3.022154425276748750e-06
4.129381121203118744e-06
3.528024307466968708e-05
6.723991594032157357e-04
4.361238215797516929e-03
1.052921851944753524e-03
7.040471316197242783e-05
1.196992347938912187e-04
5.946386346797601606e-03
8.535736099710358391e-03
1.300086356652287124e-04
1.146363682773175822e-05
2.169032805540866153e-05
8.193061241590802801e-06
5.041958473352950786e-06
1.579945042902893286e-04
2.400434130457957706e-03
1.222690214206009339e-04
8.430643834413184144e-06
5.198371476167127074e-05
1.863455030154690729e-04
3.499851375963293270e-04
9.752855831762592340e-04
8.286859611189552951e-05
3.874671283860255610e-05
1.417503553452623870e-04
4.961250445708903110e-04
1.079557723375971839e-03
6.189684195948861125e-05
5.708239623670437684e-06
1.527204656808832606e-05
6.982894198393020756e-06
3.584625286843776513e-06
1.229573232519047175e-04
3.222184838234663871e-03
2.105254229969382655e-04
1.163475419186648287e-05
1.971113729056847964e-04
1.625796247493811568e-03
8.290293106070134241e-04
1.207432646983762608e-03
7.205807635202384235e-04
3.290423969859448180e-03
2.344350423224022054e-03
5.775543909495957015e-04
1.973030450713385200e-03
1.091033029478363748e-04
3.479056526840093124e-06
9.238475954085793802e-06
1.251322780634184997e-05
5.066553760374740474e-05
8.938548062762782971e-04
2.301907225664939164e-03
6.359418577555938767e-04
2.906455232114246045e-05
4.287723719420211485e-05
9.541423828796473123e-04
7.831034787198661029e-04
2.167028804018521020e-04
3.608081514025722881e-04
2.079269480012692697e-03
3.838308969565499846e-04
3.851165694988596547e-04
9.392683363505809416e-03
9.248697988146478222e-04
1.227350992774422136e-05
1.030727819206780421e-05
1.182456845807641336e-05
3.248978534942232568e-04
1.030762697970537441e-02
6.431742932361416212e-03
7.334032136690134783e-03
6.117643854756764366e-04
6.563922418129533956e-05
2.126217818960903557e-03
2.296410819179450433e-03
1.286983668306578975e-04
4.317806345971662548e-04
1.106519861515673723e-03
1.440222293815142417e-04
5.420414015116441870e-04
6.351863188504906256e-03
2.181203841690512474e-03
7.557420578414004541e-05
1.634954909565425568e-05
6.068529450541594880e-06
1.935365757427220642e-04
3.179501418079623554e-02
2.070290520979172627e-02
1.516034835394103678e-02
1.543700507213159427e-02
1.503606732825562165e-03
3.447544170428290273e-03
7.413236052549334156e-04
1.110937863349785372e-04
2.558245352531698501e-03
7.300931004574449414e-03
1.754038176069599086e-03
3.294187567011224067e-03
5.378554428164549622e-03
3.796733372393976385e-03
2.117663640259913489e-04
1.786223003991326168e-05
8.626309448871852991e-06
1.499603314384785851e-04
4.384508335459713635e-02
2.735913447590903810e-02
3.394107576007188501e-03
1.489750292063244524e-02
6.351202699924092879e-03
2.005597722018640644e-03
1.031544455783862626e-04
4.208272278829439344e-05
8.759643657451487032e-04
2.188259381468852724e-03
2.136193023081494821e-03
2.774133751887992647e-03
5.223617924260623609e-03
4.881128574160165795e-03
1.545747152910356725e-04
1.329154769866117586e-05
5.842351955989799985e-06
9.479607110916454503e-06
1.266032175375772549e-03
5.522210437923789732e-03
5.738638145828617526e-04
8.477710474463672407e-04
8.599512374843346811e-04
8.216966242660096688e-04
9.784739219344944260e-05
9.351629355599659936e-05
1.370766103485162321e-03
2.884655372385055809e-03
2.628082828280319232e-03
1.876377279075837345e-03
3.996158595879290877e-03
1.780415846401923845e-03
4.535958579433310939e-05
1.001218443787794776e-05
7.282583383486411976e-06
6.526770322303356004e-06
5.571963991091358594e-04
5.829026803576748718e-03
1.076973662680748766e-03
1.098851901015756661e-03
9.550604566685650309e-04
1.116062445545602929e-03
3.706179781747389137e-04
3.418348314861978810e-04
1.556254231489795185e-03
3.304145703831062094e-03
1.043433480427912157e-03
5.185489640831384859e-04
6.032888799725320828e-03
4.983416686695479186e-03
1.032209742600376126e-04
1.901129804989652551e-05
2.456754914231571671e-05
6.997087751203601256e-05
2.457840538178827222e-03
2.985053960152375674e-03
1.849183263172796826e-04
1.784650485158113971e-04
1.943026947843120439e-04
3.900054882859974818e-04
1.515821152711270591e-03
1.534478459516522416e-03
2.318375018523151886e-03
1.337535705192917194e-02
8.267927415172250313e-03
4.867405689358210268e-03
9.623481751905098650e-03
8.381156031826300992e-04
2.738772904232574310e-05
1.728714264655238910e-05
1.749656354055865613e-05
2.115218410782567814e-05
3.870191085890703009e-04
8.473030647752882033e-04
5.822037807126692859e-05
6.936606712783679031e-05
2.278788406742434779e-04
3.506661413324827924e-04
1.147206834100323106e-03
8.503946000048133880e-04
2.572517321506686151e-03
8.222607235409077481e-03
4.838700563483486899e-03
1.719955508209067632e-02
3.243059599186271305e-03
1.969627120706371302e-05
2.812304794942944582e-06
1.211850731117084659e-05
7.750184227405824066e-06
4.950104312428295242e-06
1.450275454617410613e-04
1.564964955599980291e-03
2.097319860548523549e-04
3.087231366139160400e-04
1.693639070260575825e-03
6.671498688694358368e-04
6.252176684288781802e-04
1.317204708733491587e-03
6.069117206219968794e-03
1.308179926824312202e-03
2.220303476776610619e-04
1.648638829550903677e-03
2.704927339487976775e-04
4.618109299575611241e-06
3.344015279933035726e-06
1.854712721336087520e-05
8.679752779996160946e-06
3.443470973819631720e-05
8.484460862104033869e-04
5.445638643625257515e-04
2.130399629110548511e-05
2.450271076637297352e-05
3.450085386423586359e-04
7.664745114650554827e-04
1.904105424833598759e-03
5.918885025751004225e-03
5.780763869143713991e-03
2.784967898529348753e-03
3.087258703550865412e-03
4.640196394962116909e-03
1.816428472626849581e-04
7.029881353167914791e-06
7.868649139677495055e-06
2.600136335758109821e-05
9.443293194563563581e-06
2.077125055200138221e-04
4.130833713985406809e-03
8.609696601011658425e-04
4.525777510830853481e-05
2.477036779882088452e-05
5.052142266904980023e-04
1.969931225616576922e-03
1.382469950067907261e-03
3.059934260149191950e-03
2.154623256468159252e-03
6.138081122986195973e-03
7.080489892292012553e-03
7.594661242572328490e-04
3.238510887088236391e-05
6.168090635193272046e-06
1.031422053280423556e-05
2.680489255856116537e-05
4.086564774384623396e-05
7.221612725519303789e-04
1.755717980275442154e-03
2.456921017964815331e-03
2.811456092062756228e-03
4.748527931120708639e-04
2.303946669760010332e-03
3.544685141446777578e-03
7.421890383777984216e-04
1.999883390443665289e-03
2.042802146498956008e-03
6.394920823390054174e-03
2.826676955654001001e-03
2.937005597680977429e-04
3.127819538551231549e-05
6.747259116475282996e-06
9.740679866776159364e-06
2.520155996014183806e-05
2.615914737439259071e-04
8.015898130614316705e-03
2.374704721353748920e-03
1.479909956350455814e-03
2.155229140683593506e-03
2.786573688038089698e-04
1.253724399283700835e-03
2.118889340402905185e-03
6.205198679164620470e-04
2.343804164081545773e-03
3.728178180127003118e-03
4.798449913896558026e-03
1.724826097323772138e-03
1.717590397508283627e-03
3.051374335104213836e-04
1.445093938235465769e-05
9.338714611422539640e-06
2.324820509329501668e-05
9.122403408744676572e-05
4.514400896757477313e-03
3.823281881930161268e-03
2.280997780834854126e-03
8.946806101952870047e-04
2.227762120854900082e-04
2.080621418671244321e-03
6.655659256812581151e-04
3.914553766963668334e-05
9.069869289619729175e-05
2.296924168639340874e-04
1.628120330808747356e-04
6.001539840318579494e-05
1.672467293783416232e-04
9.963569934755205451e-05
1.278796131173747956e-05
1.032246420354365001e-05
2.408747973816761952e-05
3.087811272533922281e-04
1.529222832642538298e-02
1.648170068120860532e-02
1.369934390813864165e-02
5.320507732362277954e-03
9.949943950495771655e-04
2.726856706513240865e-03
2.366075586893389934e-04
6.555661026759035167e-06
6.822108698478638284e-06
1.365412668772091333e-05
1.211152840309197233e-05
8.523984473795930542e-06
1.654788728993935313e-05
2.137457490445204275e-05
1.608665332438397375e-05
2.065582569434815501e-05
3.798243010364567496e-05
