6.468804719310842961e-06
1.274985475800181445e-04
9.200805312282973186e-03
5.656032631939182480e-03
1.378655762475008376e-03
1.149757809393899726e-03
8.224228152415121633e-05
6.384397628191645961e-06
7.019078438405314777e-06
1.068600184043860610e-05
4.493315702905419170e-06
2.898492968712665334e-06
4.734346251331867395e-06
6.724403526611992978e-06
7.714478135076132580e-06
8.925736596928438027e-06
1.017108553838855494e-05
1.499130583489631558e-05
3.777215637929641840e-06
4.650447306813228893e-05
2.996640027243510033e-03
1.083592856581316920e-03
7.200121342737961466e-05
4.476162762803509513e-05
8.708309810377149813e-06
3.062496097671005138e-06
1.971456068039471882e-05
8.130328463299712105e-05
8.592267780313048446e-06
1.132449306326554789e-06
1.954969868904376958e-06
4.023902549708997449e-06
3.382527851951730171e-06
3.382313056941430248e-06
5.265933865994794645e-06
1.014457583697298362e-05
5.646688156510849272e-06
3.350380100066695921e-05
9.882999750401150457e-04
3.400622524661629635e-04
2.397206320260700723e-05
2.424254233394866051e-05
1.490169121014587100e-05
1.783184723101368044e-05
1.236208357107496656e-04
7.770112457990594693e-04
3.644002804704140589e-04
5.368697280049744455e-05
5.110944224671191586e-05
1.004339455330540532e-04
1.659230637574396797e-05
2.822810627289267265e-06
3.790465763361018958e-06
9.611924012929719987e-06
4.410240971583014689e-06
8.524189170976365508e-06
1.932781582194188644e-04
8.255069824240017897e-04
5.578114915768337800e-04
6.507636020023502624e-04
6.159977696682350339e-04
8.323633679685648245e-04
4.686045851346028949e-04
2.985368286709098483e-04
2.249389840549033230e-03
2.711138916877418696e-03
1.200663380741246507e-03
2.427245877240866937e-03
1.463904796301620159e-04
4.339612550245535288e-06
3.476999833401725753e-06
9.693054935859130378e-06
5.653264674023995716e-06
1.876754949735253233e-05
3.385590838376512264e-04
2.807944606380702746e-03
3.720273916644904148e-03
1.837846068482496117e-03
2.286441854137329175e-03
1.758085161883556850e-03
4.222495836963061078e-04
1.017592667576532517e-04
7.428882882339731810e-04
1.813248864343931441e-03
1.341617882301102647e-03
8.142482208223902678e-04
3.698586788789644323e-05
3.276516483982023385e-06
3.635096647856385408e-06
9.753312697391928993e-06
7.332451326097782684e-06
9.149548493843755463e-05
1.666478271339910276e-03
4.865940863872504803e-03
2.251729993578080978e-03
4.181208216883952914e-04
8.669924950924181488e-04
4.560988488551747863e-04
4.237205383982779348e-04
6.016509421898027545e-04
1.236484931830206897e-03
1.707431055672619432e-03
6.324923272371445367e-03
8.747283886163367741e-04
2.090657713517132812e-05
5.101003705021590178e-06
4.534796208073860410e-06
9.454643661440363068e-06
3.927330541165396107e-06
5.260078979421886023e-05
9.618802534124638913e-04
3.495510867131745598e-03
2.696737343503318937e-03
5.112923354415435705e-04
2.300643728795629100e-03
1.965906532382343409e-03
1.331013781881144713e-03
1.350635466688863756e-03
1.958528252845470868e-03
8.006941078036266092e-04
1.748395950639653395e-03
4.059715921183013748e-03
1.123189601974742321e-03
5.384944366226861108e-05
5.469044538450438628e-06
8.140371718889974261e-06
3.678442910849985092e-06
1.030189730923140791e-04
2.757974507601785100e-03
5.450506279644783819e-03
3.173127494217440388e-03
3.113034937552969813e-04
7.934533884035906018e-04
1.320992908034864747e-03
8.385500906110879412e-04
7.486348111341695720e-04
4.487408234950335251e-03
7.045759138449177433e-04
5.956188825168620129e-05
1.113823011816906508e-03
5.458734063006639645e-03
6.478553305617611472e-05
2.021925249821318799e-06
4.949813362935459379e-06
2.300235148361977873e-06
9.882178971830727634e-05
6.243884910175680376e-03
1.150869057577880161e-02
5.808109601825406886e-03
4.197553434880166301e-04
2.456906901245858562e-04
4.659766954953550996e-04
1.513673795481162163e-03
2.322767260554858392e-03
8.758733170244718813e-03
1.902695293091149044e-03
7.947588682276991636e-05
3.334790862379817858e-04
1.224499566151762394e-03
2.086269056087085047e-05
8.770386756433218758e-07
3.052927812406135899e-06
1.436534894786239994e-06
6.749108994705015541e-05
5.828790962475489425e-03
9.363469325101136248e-03
1.535792979341378713e-02
7.156146225984394774e-03
1.553600342647992912e-03
5.694819289163141401e-04
1.458569113216416548e-03
3.918625307601867822e-03
3.404796064107246285e-03
2.139062089072528601e-03
1.396452812114561647e-03
1.198230799034792106e-03
2.550699064529070477e-03
4.330814949075374601e-04
1.315625905406370159e-05
6.255204006968899153e-06
3.889417330758358291e-06
2.266345030404858115e-04
1.406421421839820773e-02
1.044372604749896870e-02
8.903001346217621209e-03
5.238979907744079935e-03
9.828954972690912614e-04
6.614837180587695986e-04
1.739155813796148566e-03
2.606842781214801456e-03
1.565244056568606277e-03
4.157831373176552013e-03
3.318757612971742679e-03
2.754459261899558690e-04
1.536394551849265457e-03
3.221356453671901134e-03
7.125436746332469424e-05
9.312892193262787917e-06
3.959400524423881400e-05
3.964643449335502300e-03
9.668284117838404912e-02
3.854535858840264090e-02
1.608435482603845154e-02
9.201707155450348716e-03
2.885539017489132003e-03
2.530652922773388505e-03
3.055661565231031131e-03
7.134790073582052356e-04
8.117311494111287577e-04
3.328983798017451368e-03
8.255279977298421576e-04
7.216139777379017273e-05
1.471353731082074984e-03
6.785862955253307805e-04
4.697091184522999317e-06
2.644732804838753888e-06
2.865855685547091328e-05
6.649173193593918216e-03
1.716193357003522324e-01
4.209157456361360683e-02
2.481470611366147494e-02
1.713831504461212074e-02
6.957879515290315772e-03
4.078320028194627050e-03
3.826278242796317570e-03
1.912353428407120642e-03
3.778018536997284054e-03
2.521344469782828539e-03
1.656929111267680093e-03
5.710473714289433572e-04
9.540480007376159199e-03
1.423254822354250116e-03
3.944021540970786635e-06
2.719802872297013828e-06
1.685479046702872819e-06
4.490001125312185733e-04
4.249310298181822876e-02
1.333949826396873053e-02
1.807378939085610078e-02
9.839658465493103523e-03
1.742744131491678937e-03
9.933799228902693776e-04
6.152922227235164184e-04
5.813420065669046722e-04
2.641620694503390900e-03
1.039217357042283374e-03
1.583610214546318264e-03
9.585395314106022685e-04
5.002373512288976927e-03
1.246808994308103375e-03
1.130725080552928917e-05
6.286130738827943530e-06
7.205277179538576563e-07
3.565836250800374110e-05
4.381972339317172054e-03
4.227880344876267134e-03
6.964988931339675601e-03
6.871657403756373586e-03
9.697755217240076149e-04
4.133316692480848106e-04
4.167307541788075969e-04
3.291191133725232879e-04
1.767640006922020475e-03
1.339634405220819060e-03
3.733450877837592901e-04
8.969815006278801170e-04
5.618993014766410395e-03
2.300246051415605374e-04
3.757060400761490583e-06
5.294787200149742562e-06
3.257825563887253508e-06
2.460195594321725468e-05
1.205387055780614324e-03
5.037437319271142154e-03
7.118795046259691200e-03
2.615729991058108640e-03
6.136630824876571359e-05
1.140474933181760168e-05
2.684952007532892060e-04
1.497647353738967542e-03
2.270051828794206368e-03
2.339320133962387825e-03
1.281271028784203975e-04
3.113502184538985851e-04
2.205759226780521290e-03
3.900236624125347391e-05
1.516824877486669088e-06
4.716747864890422284e-06
8.672532147694207255e-06
1.005390490887406517e-05
3.822253263099849129e-05
3.057425211282522736e-04
3.750392455233128933e-03
1.467160681402063802e-03
9.167363692844949775e-06
1.760104766912702798e-06
3.359494067772384580e-04
7.026571096885037872e-03
1.580338479275526526e-03
8.536653293890055253e-04
2.922319075895225804e-04
2.523738180763471228e-03
4.658731124486503727e-03
4.213012761541326393e-05
2.920621029502829658e-06
7.392401178416472950e-06
8.165499775969943072e-06
2.630658097344699639e-06
1.043046445101829276e-06
2.859811211328133611e-06
1.319094972133039634e-04
1.124117556345222493e-03
2.390278242450170475e-04
9.290581287087024359e-05
9.599746175027366012e-04
2.270157457791438949e-03
7.971783381353139957e-05
1.556524486453354751e-05
1.610941317439897947e-04
5.252815654549396543e-03
5.470076441806426010e-04
4.862696729483308039e-06
2.279204605393436431e-06
8.922767625508925472e-06
7.061111781443872686e-06
3.911984779048017384e-06
1.604936833886348587e-06
5.377297241722278341e-07
2.551256643600395153e-06
1.194818896807273406e-04
2.455508032636856668e-03
2.482798979675428057e-03
1.726600597537894608e-03
1.958525807432412620e-03
4.809214855489733276e-05
6.649200424270377641e-06
2.329334527434138860e-04
1.066145733217088287e-03
1.192895790283526217e-05
5.446629154275956727e-07
1.707303353575280355e-06
9.251886075034593547e-06
8.639712527365871506e-06
3.417496098508677598e-05
7.639780091162340630e-05
3.862766264508591734e-06
3.660327008261165834e-07
2.434824697479722277e-06
1.902706341024733348e-04
2.651262050127316076e-03
3.246292306254457138e-03
1.260462824577647653e-03
9.159929936664322524e-05
1.762611958382262901e-04
2.283401243991879225e-03
2.388776492347414581e-04
3.078136392733583996e-06
1.116749747473427863e-06
3.640556524499735225e-06
1.051282096238765562e-05
8.014230376178430387e-06
8.891866222931312576e-05
2.224744316803597965e-03
3.519086626605720915e-04
3.491595107470534733e-06
7.971618895281922718e-07
1.573825330178173481e-05
1.341114935254464607e-03
3.450901845289454026e-03
1.428369239728488876e-04
4.392507402351941427e-05
1.229090137357433761e-03
1.472323589028402000e-03
1.826753945168157361e-05
1.655941497550245064e-06
2.880274651237591292e-06
6.130884189329624737e-06
1.068033524092883937e-05
3.352948792532408147e-06
6.963155489100326279e-06
3.509316893755934125e-04
2.227411852651165706e-03
7.981635973859249427e-05
2.908512282287457209e-06
3.877100298975089643e-06
4.689329534359997225e-05
2.507090119722025275e-04
1.433442752206163997e-04
2.237380489903152952e-04
1.067038676265708117e-03
1.046786044841739144e-04
3.063053360403299234e-06
2.032245496298277223e-06
4.819140704006935935e-06
6.701222625589514299e-06
1.008867676229035850e-05
3.253204206516973693e-06
1.730571973872213412e-06
8.564316061199129002e-06
7.911594635411648086e-05
3.301275551044858343e-05
4.392597348914490017e-06
2.037190189468803981e-06
3.219871756248372411e-06
4.560636266783750330e-05
9.814663376764016633e-04
1.215157273550942444e-03
1.372597733043671097e-04
8.008224023453486452e-06
2.272210519576266338e-06
3.769349859743268213e-06
5.952861306099980628e-06
6.239459999863871530e-06
9.485241733359510349e-06
1.788451343676161271e-05
3.214163970989953017e-05
9.711776167265803565e-06
4.399471813383278285e-06
4.522052188133799091e-06
4.425224756678663990e-06
3.614939672056730691e-06
3.260190896587198120e-06
1.489020559263504530e-05
1.213432459866616568e-04
7.123701748722256256e-05
8.117494915402263648e-06
2.769922659211535124e-06
3.627467181578717322e-06
5.826128650468496846e-06
6.279353827571609043e-06
6.125208402794681243e-06
9.692762251955175490e-06
1.303193110355707770e-04
1.081238988335621667e-03
1.092499435794626220e-04
6.714109917473404269e-06
5.428587401789554492e-06
9.045820528187115291e-06
9.840214912111299413e-06
7.358169454733720760e-06
6.364014687869629235e-06
6.811994249924431385e-06
5.424766488643552461e-06
4.509342011372931878e-06
6.188519662246223671e-06
9.319204701793381532e-06
1.052067417305255091e-05
9.765001386293903753e-06
9.712355050329517589e-06
1.456542251704861097e-05
