2.829394625963925708e-05
4.539644405089735425e-04
9.366354917307438688e-03
4.512018693256458768e-03
3.753915731917609666e-04
1.254494069786090413e-04
3.552442680095248403e-04
1.726639054871850201e-03
2.432203190151599568e-04
1.553946811577869909e-05
7.210632043431857552e-06
9.873254764565473902e-06
1.602232119983562958e-05
1.957613476661672699e-05
2.040312585153438484e-05
1.937673887338253723e-05
1.917651751264791595e-05
2.934889852484691062e-05
9.834084259181668250e-05
1.725186593742921663e-03
7.623465592271035443e-03
2.795467000057185857e-03
2.133789786894247763e-03
1.720233139643457003e-03
2.288973572793468012e-04
9.105403651574068007e-05
1.367371117837349400e-04
1.158704619031736689e-04
1.833102647544993620e-05
6.006384858310095925e-06
6.727758865840755115e-06
7.703846044139489799e-06
1.002184964979367021e-05
1.170741150317448522e-05
1.190457216836381353e-05
1.913852394165645068e-05
2.851105879876471777e-05
3.358698659821813420e-04
4.536921334183079829e-03
2.321305316118169905e-03
3.330270642444938477e-04
1.403042697482588628e-04
2.859558926748082206e-05
1.024757492219525149e-05
1.125563646621324652e-04
1.546745849800285457e-03
4.456104119986222141e-04
7.116536247359165615e-05
2.298447090471350014e-05
6.972886064074190803e-06
5.993475752188277220e-06
9.469870645178387559e-06
1.191247797099418142e-05
1.928766722220027406e-05
7.689793280596571895e-06
5.716581157911914079e-05
2.743626054615266614e-03
1.844806106923240711e-03
3.563115452933930108e-05
1.644967182918488232e-05
6.778670612381187900e-05
1.815689707671402648e-05
1.351222177275135780e-05
3.601682150085501466e-04
2.582629582454838181e-03
1.584364422285134810e-03
3.843860091861173774e-04
2.776755367793562614e-05
4.927646129809757558e-06
6.076036347303600922e-06
1.081881890410351128e-05
2.035026797012869508e-05
6.710648895316406387e-06
3.220980586982362046e-05
1.600380569319739344e-03
3.386784386365599125e-03
1.768620136285951481e-04
1.266261853486157587e-04
1.915452715798593572e-03
2.404743652348454754e-04
8.127745813759468564e-06
4.964807505813295012e-05
1.438623347348524494e-03
4.222325618030299543e-03
3.609580229516653332e-03
3.044486918585321850e-04
1.262554969668292744e-05
5.124289379152310837e-06
8.527187714990112455e-06
1.971349876908493146e-05
7.956913156978158595e-06
7.522477605806363369e-05
3.577772215646598131e-03
8.573961735771290851e-03
1.475616102606436926e-03
8.242923193818203764e-04
4.577981158742934660e-03
1.939817413974726824e-03
5.620159965833058067e-04
2.861747248938188953e-04
4.606364558416952814e-04
3.222187786822308317e-03
1.345552873231564868e-02
4.418098018300163111e-03
1.942078209055457755e-04
1.619854886081155984e-05
8.829009284677235758e-06
1.856454481608506564e-05
1.424572001410596616e-05
2.567714423188708055e-04
3.082065688109444142e-03
1.386930976652843211e-03
8.630921006615581729e-04
1.708495322123230846e-03
5.013386426262377710e-03
3.730160008625148065e-03
1.294719553259984432e-02
1.857128231080978995e-03
2.200099857801595283e-04
1.319904421610767781e-03
5.749293466521797694e-03
1.003600198782912331e-02
2.197619665870656838e-03
6.115777480133849592e-05
8.813273948163846572e-06
1.588167018616979027e-05
9.105745559587266264e-06
3.396744646583483115e-05
2.222524174346384091e-04
6.217967704093674665e-04
2.084439587424553875e-03
2.989162088645303840e-03
6.473950214202814357e-03
4.013581951345671084e-03
6.333967339580347591e-03
2.894165193682965691e-03
6.999358959674216191e-04
1.996612817995531593e-03
1.148041896226119829e-03
2.501062874890446191e-03
2.131481328572486667e-03
5.907327953245850884e-05
6.934241008004102316e-06
1.301812653142156716e-05
8.425039698501977583e-06
3.147865375174337929e-05
8.529103246193725247e-04
6.264521642553383222e-03
7.316524926306722763e-03
1.900922876467615050e-03
3.678281681031790682e-03
4.871848916544690641e-03
2.248806476451009183e-03
7.200915482705200037e-03
3.964438528438551414e-03
2.959373687034306567e-03
6.882609038132375765e-04
1.360963602261765822e-03
3.039873748213541699e-03
2.510883458128187074e-04
2.308166180213759515e-05
1.669574005371712139e-05
9.665301881737242196e-06
1.157869652536099437e-04
5.434352331265466379e-03
1.038523888167851641e-02
8.025427701500017705e-03
4.390824447442675561e-03
7.822396242232146357e-03
4.726667103197363350e-03
4.189946641768250903e-04
2.340716700360639339e-03
2.970732273837874485e-03
3.074024017149421494e-04
4.463944686689042587e-05
3.032650423899699971e-04
4.689285556984652478e-03
1.585353611299982922e-03
7.499589412418667333e-05
1.923479036038532611e-05
5.690429034325191881e-06
1.313476585785541871e-04
6.872169979723361487e-03
4.804707090829224425e-03
3.628858356757474687e-03
5.098496264563149270e-03
6.930276983881133654e-03
4.060612413158753639e-03
9.378552884181483307e-04
1.936895750813096917e-03
4.056595504558052970e-03
2.923686096240510996e-04
2.559844753138729241e-05
2.959312863159248362e-04
4.509599512633234893e-03
1.033779044278465738e-03
4.277769546726863413e-05
1.486791482925527105e-05
3.558047043956848798e-06
2.238560115570338192e-04
5.749314818940526317e-02
2.488237457321985924e-02
3.228737091095635996e-03
5.103251038383793160e-03
9.826559534181182262e-03
6.607709868794654079e-03
4.786338984628302727e-03
3.833389027699842834e-03
7.799842863586267140e-03
1.811439792116778394e-03
2.159365100118209571e-04
1.399789554595937124e-03
1.061561038503386172e-02
1.026972574580330925e-03
2.753089065970551599e-05
1.285679534537732505e-05
3.511791576141677194e-06
8.823128539665910769e-05
5.367742240270855641e-02
3.653953559224647207e-02
2.948390039454921487e-03
6.064589609393466682e-03
7.368279687657304511e-03
4.621010283481828337e-03
8.485698132838241994e-03
5.054571633764261447e-03
7.637389579551918679e-04
4.441822957265321808e-04
5.754962249249620044e-04
7.907370814632110837e-04
5.900379175124280395e-03
1.755452614184461330e-03
3.400503563672537254e-05
1.244147029372754194e-05
1.256239744233575949e-04
3.729525984008760136e-04
5.280294814289614863e-02
3.559001947071039479e-02
3.298702684643485712e-03
4.339648709210418460e-03
4.184146940196602563e-03
3.983527896819582734e-03
2.383666435702592058e-03
2.972924195040354037e-04
4.284127848345922578e-05
6.328104144578700768e-04
5.078272005997224413e-03
6.457582655383553756e-04
3.176921301719716137e-03
3.024784925890981052e-03
5.504317976517016499e-05
1.462539844835308405e-05
1.742536051535708468e-03
3.160711048417682049e-04
1.925045101910141795e-03
3.744279528378427046e-03
3.892403484993384004e-03
7.392943635483174673e-03
8.572104218696106892e-03
4.703290240724218065e-03
4.941881337427046338e-04
4.210169864504177109e-05
1.054978082188933104e-04
1.873910760116154163e-03
8.859030449338261420e-04
1.770203460750327897e-04
3.930793990599622430e-03
1.673174553324415295e-03
1.916764914010916988e-05
9.878424581886963203e-06
2.227366261132321054e-04
1.186322269325648470e-04
6.693412972604240131e-04
1.606263498328710463e-03
4.740229689505169423e-03
6.378857320209431817e-03
1.557390048175557803e-03
1.654869956478036315e-03
1.051516617016463916e-03
4.006371181131186980e-04
2.194511931737198798e-03
2.472089696541319211e-03
1.596113453689887657e-04
9.622867445972208174e-05
4.541501030752096053e-03
1.530615326962989162e-03
1.839000204922903371e-05
1.165287213080139076e-05
1.319531639618669059e-05
4.458109402012612899e-05
9.706072022772109986e-04
1.121281974883263973e-03
2.360620078094082756e-03
7.763797883501746822e-03
1.402595181667028179e-03
3.749452373164318363e-03
2.412235618665195883e-03
1.198993803800873278e-03
3.474342592298718373e-03
1.202006649519025841e-03
7.902884060857107325e-04
1.115469650541783429e-03
4.971432188171551712e-03
5.378650178811563006e-04
1.187667253907392708e-05
1.233136176551172850e-05
4.966703099884831518e-06
1.429208473447646940e-05
1.482979024873186348e-03
3.675840238197084116e-03
1.344868738143217704e-03
4.777348301733117496e-03
3.041578190506752811e-03
8.743963422195397128e-03
1.373157435539586017e-03
6.062456849208259406e-04
9.978483573391298215e-04
9.118627485152769059e-05
1.814807239650969141e-04
2.023824036375717998e-03
3.865558995911201872e-03
1.247339409583784076e-04
5.235038642750324709e-06
1.079060592498438820e-05
6.678712581617583480e-06
1.618462753926108103e-05
1.689165723342804125e-03
3.884874761089799223e-03
4.814450055860845963e-04
1.032004384718824717e-03
7.183396194086269504e-04
1.900599871148400373e-03
2.137660652167900407e-03
1.882232181892835605e-03
1.035297356277869747e-03
6.573575196571137147e-05
9.241075091853106897e-05
7.887883666214763525e-04
3.646181787191346362e-04
1.691385136054296900e-05
4.630330249533648003e-06
1.462952936180981216e-05
1.918787242969936330e-05
9.811349016804711619e-05
3.230287983170290495e-03
1.053507200867308214e-03
5.273643449943343981e-05
2.397973907545445608e-04
4.106296409256078085e-04
3.353791234425442880e-04
2.137718403301447617e-03
3.312417739790917554e-03
7.204772381466654401e-04
4.729386496477068361e-04
2.204932763535801584e-03
3.792987210573060125e-03
1.482866495510221506e-04
6.100696366013414078e-06
5.478749157832120158e-06
1.872666387974926644e-05
1.099592151213925575e-05
1.900030547155922561e-05
7.508418156491968682e-04
1.646217700472445622e-03
7.492535834191220586e-05
2.239581548877004973e-04
1.207714201898063078e-03
2.739130386908129552e-04
4.710472914975201235e-04
5.984071002750739618e-04
5.763858364090855514e-04
1.133789982079107337e-03
5.481184199247904690e-04
2.201415149380292339e-04
3.605418955303332822e-05
7.351342146907967252e-06
8.459546265528903117e-06
2.033334067571735226e-05
2.791599220688779465e-06
1.396212921984411356e-06
9.004136533442150194e-05
2.354984441207233145e-03
1.682936651486010703e-04
4.250864592503271277e-05
1.245260803364689971e-04
3.380236361060691441e-04
1.833826992661299936e-03
2.005900408564753774e-03
4.515891071587845203e-03
5.855909839123345098e-04
4.690713438920496622e-06
1.605856857151939965e-06
4.886730264248144055e-06
8.384884144533359755e-06
1.124908220429969279e-05
2.026740361774005100e-05
3.333568491046569756e-06
1.062063759649899644e-05
4.144333489644301278e-04
1.665009827435530963e-03
2.787868037404564567e-04
6.135864959412509062e-05
7.465898254034265466e-05
6.096737096311367595e-04
5.916493847991907695e-03
6.952647253360200175e-03
8.497540396088746478e-03
1.914654101366545212e-04
1.456053263135174490e-06
1.231676933003605892e-06
5.772410327012198836e-06
1.063502263242330193e-05
1.173949821029927968e-05
1.901767650466560478e-05
1.959697468147267118e-05
4.791560847414055207e-04
3.434377322700872710e-03
1.628495197727323866e-03
1.752254703332251345e-03
2.399006288846294074e-03
2.248338355498615687e-03
1.810249515874347900e-03
3.644968456920378436e-03
3.385630511009854373e-03
5.470416095591286052e-04
2.061092409817218428e-05
3.244497448881039708e-06
5.880513913070455175e-06
1.173845512753953616e-05
1.223378486717473096e-05
1.167816048493887130e-05
1.904787029596442040e-05
1.520022803902158054e-04
1.890802869079286639e-03
3.221801285384728267e-03
4.228781103551129510e-03
7.016671826731407657e-03
3.120972250247577504e-03
1.776975619247276152e-03
8.818829743289979730e-04
1.532953978998798355e-03
5.621029397409223194e-04
2.020497472390981290e-05
4.305821478697091718e-06
8.427361620376656168e-06
1.897907681436768098e-05
2.196703619582065129e-05
1.930181151347604707e-05
1.892622746744012166e-05
2.935834588158143865e-05
