6.410662895455874891e-05
1.592665941795526167e-03
3.124719288880427152e-03
2.393386808276348147e-03
9.147503592135173764e-03
2.733819110842131226e-03
8.211661332394431514e-04
3.940791542189731825e-04
2.252497363739279642e-04
2.019625916983383245e-05
3.363508005979895772e-06
5.626830198810926180e-06
6.344636294837343675e-06
5.704275060888902967e-06
8.231381430987023200e-06
1.046817990240143955e-05
1.172265847815690603e-05
1.952261564759227654e-05
1.135261087687750709e-05
1.936629791740874509e-04
1.390454102804083124e-03
1.674319659740502965e-03
5.064224813693149300e-03
1.381139819193008544e-03
1.244014614646395892e-04
3.310385776158377260e-04
3.763494735555649416e-03
3.916068842536263935e-04
4.244479512218269702e-05
2.735419827030691694e-05
5.639053152939945929e-06
2.136488746643559374e-06
5.088460757567093976e-06
7.715764828501489022e-06
6.260438643335773934e-06
1.153582732871669128e-05
5.305334227381213545e-06
1.111282130201905921e-05
5.006698116374301707e-05
6.615140848498267997e-05
7.729416468645328565e-05
2.907645287970582414e-05
5.126504927863878466e-06
3.343983943616797924e-05
8.688306186794516510e-04
1.591084008277692755e-03
5.013214721713228454e-03
3.149523779216346388e-03
2.844313831598911050e-04
5.669706114597391388e-05
9.360573308730773222e-05
4.454061182621809700e-05
8.128821191347028021e-06
1.030347968945904021e-05
6.343481474098265823e-06
3.403441406128010772e-06
1.978871755682121337e-05
8.797915856559276372e-05
2.274018217968776728e-05
3.544465882637644092e-06
5.712429162308368536e-06
1.305901801117848157e-04
5.139620062735897983e-04
7.096995871422090343e-04
9.145410240746729494e-03
1.615324144908207929e-02
8.894902243183143431e-03
2.346751901243816340e-03
9.019616210993954995e-04
9.072271850781216986e-05
7.470891751511337012e-06
9.709432123712980145e-06
6.500349345175506077e-06
3.234076301959353315e-06
7.011876540190194228e-05
1.260723325566459694e-03
8.449474206621242743e-05
4.091965215434086260e-06
3.473897388583909774e-05
1.754376071754299316e-03
5.473365274717768066e-04
3.041372737735793873e-05
1.063974282410682759e-04
1.520088709387672687e-03
1.083067515621848921e-02
4.575940807632875203e-03
7.288262805482098984e-04
3.912425898798721811e-05
4.357281436831316019e-06
9.052759814319413670e-06
8.773383093619302329e-06
1.042928195130164590e-05
3.046047729636514587e-04
1.660274681939403378e-03
5.348882371584632564e-05
4.523693974330229288e-06
4.260810269422359063e-05
2.709633214598402336e-03
1.654843685548029178e-03
1.819194365381923852e-05
5.585083766690702730e-06
1.741383751060190867e-04
7.467067524918374367e-03
1.599626656191075261e-02
4.115089845151469368e-03
6.868649001224770990e-05
3.510781313158964572e-06
7.856500254201104623e-06
1.274212476990959301e-05
3.667091938903065899e-05
1.221410916428125040e-03
1.728541419650346262e-03
9.716294224875986749e-05
8.259892988038061972e-05
1.965535613785155864e-04
8.949932676964067772e-04
1.078859921090799924e-03
3.783128702279687117e-05
3.793481794205341964e-06
1.088075057337389075e-05
3.680777341919162673e-04
1.471202816306482232e-02
1.231439836528353503e-02
8.298188131326933556e-05
2.459561728903263869e-06
5.504636637619410220e-06
7.165943990625125546e-06
9.358386486236080308e-06
3.728605701452132452e-04
1.428641393633631792e-03
2.618845690007096019e-04
9.616977969131426445e-04
1.533261599134529921e-03
8.731200093908486832e-04
6.009255696459359824e-04
2.233184776705673719e-04
7.278136114921793264e-05
1.074193373396306957e-05
5.555554895497625607e-05
5.470160798098716408e-03
9.243147092871035683e-03
2.762430850551876290e-04
1.021159349879099548e-05
6.520598272873693694e-06
4.651138498696523585e-06
2.733464235104061521e-06
6.881345403405393158e-05
1.144691115035107723e-03
6.517924119941322742e-04
3.369969831337292629e-04
2.321054148424418122e-04
6.326059500225146006e-04
1.121023509195526310e-03
1.543044116330366056e-03
1.133411327154063139e-03
5.963141129291189065e-05
9.221442107563362510e-05
2.410608107421349875e-03
9.810859369196551702e-03
4.458365778604134883e-03
1.068041980549188898e-04
8.513552776249945774e-06
6.205889808973204895e-06
8.282500649787107936e-06
9.587496710030460735e-05
1.917654563513217615e-03
6.305713507482947275e-03
9.638748467751224406e-04
3.689660189343089590e-04
1.079502154638469760e-03
2.819625033783611516e-04
2.188165647309992282e-04
4.698289460392385264e-04
1.048389102984557969e-04
1.245246578471604422e-04
4.987418039110993930e-04
9.320131832371998312e-03
1.171680914196184323e-02
8.641392571905940592e-05
4.708543960789998950e-06
1.289658768741782211e-05
1.049513582879212147e-04
1.257710797997539567e-03
3.841793132258634197e-03
3.013468983714742960e-03
8.927189551730297821e-04
1.466281220913996349e-03
1.485133881826209302e-03
1.600572767814429146e-04
2.219046718162089005e-04
6.156457817053988214e-04
5.072419689117533105e-04
8.588289004235195563e-04
3.339621428948218282e-04
5.171242876215356721e-03
8.731010661125523237e-03
1.000922568449073521e-04
8.649773043567262528e-06
4.935411081997913133e-05
1.728290319815517550e-03
3.549960095879557687e-02
2.004014471195845332e-02
1.741261859592420705e-03
1.418380614043471787e-03
3.141316925581151987e-03
2.250180525144072820e-03
1.571607255894971050e-03
1.391505846923494572e-03
4.842279932321075600e-04
4.003754484689897152e-04
2.830808555906087851e-03
1.010949209669700791e-03
5.718352767205036810e-03
2.198046947143857122e-02
1.416576042809372703e-03
6.965745890371860137e-05
6.265924783654802102e-05
4.618625663133192789e-03
1.455221847482455755e-01
4.637203749703056738e-02
7.468778190645085358e-03
1.023164818375403920e-02
4.682730930328955765e-03
5.290700494698919593e-03
4.203575706460666202e-03
9.303161636511337023e-04
8.090367610009524231e-04
5.614148907649279532e-04
1.207453734467103497e-03
1.320811135278814486e-03
7.327500037181240537e-03
1.878443858562492061e-02
1.577108760642086452e-03
6.837976459582418513e-05
7.342318459668679288e-06
4.219385866447055355e-04
5.987998356801604166e-02
3.004036492102292802e-02
4.164650302242824294e-03
2.520162826213917431e-03
1.084928655812959254e-03
2.954566817539755561e-03
3.167301769511804725e-04
4.740222875137811438e-05
1.167549742525797506e-03
1.905729469302856445e-03
1.802006664948240823e-04
3.341655875200667597e-04
1.309346656526646190e-02
8.005595327499268055e-03
9.917482870039389308e-05
9.074460418892325801e-06
1.180902808684249111e-06
6.376174550236506257e-06
1.906380213972229095e-03
8.682015132164502824e-03
1.186558973495938042e-03
7.228642110378308023e-04
1.083465515189817275e-03
3.172145073998816536e-03
1.529017289064309192e-04
3.718635557301079960e-05
8.345228364568709747e-04
1.016593103319462675e-03
2.965129214518915174e-05
6.758321616822690712e-05
1.148297153008283160e-02
5.738052165543293046e-03
2.595697831970726876e-05
3.557106366433811113e-06
1.199053542102175590e-06
6.156553431347543555e-07
7.834902976645865776e-05
2.702705698415895988e-03
2.558210669542017313e-03
3.916089544660977979e-03
1.104323883682015736e-03
9.653684248688487388e-04
6.242889647938113266e-04
8.308030565797440035e-04
1.422502108372624210e-03
1.465605534364849331e-04
8.656150884175406489e-06
7.287264541237046937e-05
1.042688854251248506e-02
9.303750982353036977e-03
6.819766865710930731e-05
5.910871715218329111e-06
4.009794946108626268e-06
5.411733935907291891e-06
5.110208884239833028e-04
4.950386400862617602e-03
1.924131990786532610e-03
1.252719117275104353e-03
8.476681457825250112e-05
1.165781695842689714e-04
1.562608309803958581e-03
2.437956630360920383e-03
1.521973123511112611e-03
4.561810723805600977e-04
1.519442274742144263e-04
1.634716094718745901e-03
1.485190198668972020e-02
3.886941796233460769e-03
7.202805637848500584e-05
7.817997722970061454e-06
8.572829646583052241e-06
5.068220366209192490e-05
1.005739874663473445e-03
1.018570169264874795e-03
5.798951934287408828e-04
1.760812330652874167e-04
1.170858286474626536e-05
4.413844502111273043e-05
1.294324397851685533e-03
1.012439288413212110e-03
6.393677749032838529e-04
2.072011990549747166e-03
1.899043774383293382e-03
7.785625799002573316e-03
9.136961860800266871e-03
1.052696859414776641e-03
5.397010448163597587e-05
1.076452456920640043e-05
7.670122735339391322e-06
9.210276366288564734e-05
4.164504791518539484e-04
6.817874357636323956e-05
6.545427928093357141e-05
3.186918004843384032e-05
1.562270235801983478e-05
8.626318804929321608e-05
5.157898652612915484e-04
2.382681036774475980e-04
4.755000924974152695e-05
2.095069484691505324e-04
1.114310562949405708e-03
4.894730746866538147e-03
3.175943293263765784e-03
2.206682546704401542e-04
1.964358395327783102e-05
1.074625276631860117e-05
6.782480375845433252e-06
1.275977036384777703e-04
6.843495206309590292e-04
9.311116001506582380e-05
4.865671421421680364e-05
3.482705313346505917e-05
2.324930196329660003e-04
1.078298568295292005e-03
1.679650431313637346e-03
1.248364809783918594e-03
9.132736885891896918e-05
2.446072906291855238e-04
4.957032290154732811e-03
1.242508875263546170e-02
1.500075167649252356e-03
3.664855387878718061e-05
5.392011497665306995e-06
8.897421707151389992e-06
6.120742302748150361e-06
6.815635601801741045e-05
5.544062566563881089e-04
6.668631282097611281e-04
9.417510385560999391e-04
5.730639917006831192e-04
2.791184847709042658e-03
5.771518085618218032e-04
1.528857554917653226e-04
1.228757306059341525e-03
6.833568524966105026e-04
7.930491281795761004e-04
5.424327551051448884e-03
4.173183370431050865e-03
1.772903254441736225e-04
8.163644604706668241e-06
4.192584761953931454e-06
1.086108543395004493e-05
8.521484551372552230e-06
8.322289705657764448e-05
8.720401538697357792e-04
1.573146441833346044e-03
1.279520282565644630e-03
4.664383729322195654e-04
1.183616213031918026e-03
5.252772758476829311e-05
5.579218229335518050e-06
3.481939058935558666e-04
2.874265710927564627e-03
2.339867441157099815e-03
5.255378542224634769e-03
5.123682707277178294e-04
8.614147429249752988e-06
2.441895743387662189e-06
4.981836834380199093e-06
1.323920259002869630e-05
7.633531293941966456e-06
4.562141375290462768e-05
3.467365068716200295e-04
3.675915608751065158e-04
2.111874224036022448e-04
5.450338158300492255e-05
4.506555958552387671e-05
1.208331709837686950e-05
1.945716505295831073e-05
1.709012709235420164e-03
3.075141725749100125e-03
2.308195866049713037e-04
1.873260906354295562e-04
2.632628098434601157e-05
1.927787923397673832e-06
2.386684106136894182e-06
6.337938782460203366e-06
1.333137979410034729e-05
6.726130267408444859e-06
5.424619799395611193e-05
1.323572013831345213e-03
1.837153990906070311e-03
9.792911006099695465e-04
2.493939774703066701e-04
2.112709798291574956e-05
5.979614896977942875e-06
6.129305691523304913e-05
1.395304052777514335e-03
1.891047664378581368e-04
3.729860540220303180e-06
2.461921813863527985e-06
3.309487360160668733e-06
3.088434163894693256e-06
5.270433051969827428e-06
7.981930883933872545e-06
1.319919076825233551e-05
1.025946475602631672e-05
1.111005695897276008e-04
5.035002973595311369e-03
3.100807828071573246e-03
7.245497159751747686e-04
1.147623588490184927e-03
1.361990806294173832e-04
1.031468180565460450e-05
2.303570896932822376e-05
7.684192882860568135e-05
1.605053595083083182e-05
2.693903479719281502e-06
3.646805545031432190e-06
8.183097566276043285e-06
1.178351312566697067e-05
1.322977641014105018e-05
1.340665483579360175e-05
1.934154989964383237e-05
