7.190764299916347713e-05
2.031669756172498585e-03
3.000302871715463532e-02
9.960271632258810987e-03
2.953188492543193117e-03
2.856540731528425803e-03
3.655093173087736844e-04
2.359410406718240728e-04
5.707808899729198296e-05
3.040218665448998160e-05
9.456719729026222948e-05
4.164826156487568020e-05
9.245588861851179364e-06
8.620934422387668819e-06
1.563731395853080357e-05
1.781191612115426166e-05
1.663987518434800465e-05
2.581565031315109340e-05
7.893939492926817301e-05
3.004127452367848575e-03
7.250473864325631367e-03
1.279158470280108550e-03
3.229151312604518643e-03
3.470852575374372244e-03
9.471568180538854787e-04
7.575342699019362025e-03
6.151069883142387673e-03
2.095349486788255795e-03
1.122684453835772226e-03
2.359579993874030108e-04
1.542934149267220786e-05
2.964160462285757440e-06
5.310119972626110042e-06
9.637392986863341733e-06
1.000907753017686221e-05
1.633563807847604119e-05
2.820414701328857656e-05
8.382945221097961057e-04
3.707006488362908376e-03
2.645585076530268878e-03
5.935583793092277967e-03
1.469276394130207466e-03
2.936330651129103559e-04
4.914616552642944334e-04
2.068252884417713135e-03
1.529527245293873031e-02
9.365149184286115577e-03
4.732212803188147465e-03
2.867423020562096208e-04
4.543925474086718914e-06
2.497671500062809385e-06
7.001460544044591021e-06
9.884923298826070180e-06
1.648290717072758494e-05
5.181910486157880440e-05
1.178545769178587169e-03
5.291477872467270464e-03
5.121158988583673043e-03
4.686747887050342690e-03
1.195039299609467181e-03
6.355329085417854920e-04
1.444931243417817580e-04
2.603507699790531317e-04
6.306284427894969132e-03
5.976763467006813817e-03
7.454325392417964803e-03
3.747241220985509519e-03
2.183776918977581557e-05
1.913579103273892221e-06
5.361365199714045068e-06
9.411629427498901496e-06
1.682471171243384367e-05
2.060341880836999881e-05
2.533497636526921780e-04
2.059431551095480036e-03
4.582513243903347903e-03
5.740908151246733315e-03
3.322998689941646100e-03
4.372044698412743714e-03
2.026885329969912476e-03
1.293519876966461825e-03
5.065376179512188874e-03
1.287386084724495170e-03
6.332721408309881922e-04
6.640559601856035367e-03
3.556835005193230664e-04
1.658927466006027626e-05
1.405416196478503155e-05
9.838835701200376177e-06
1.581270576526942496e-05
2.212910190044231227e-05
2.733629844555573595e-04
1.586727915168672631e-03
2.641244041295635805e-03
3.856091321262189453e-03
1.729527477136693454e-03
1.418807271675612356e-03
3.193517881344861559e-03
2.712725203935045966e-03
5.909615486504049726e-03
3.774629301535754964e-03
5.170010656206202714e-04
6.856730918889232182e-03
1.189002683307103202e-02
1.463971511165745691e-03
9.315238866857001698e-05
9.396522790701369147e-06
1.409053188349185399e-05
1.038555777147737798e-04
1.285357199385500941e-03
1.882929902591301162e-03
1.485052699144634274e-03
3.180283888651900658e-03
7.184953317449273031e-04
1.544550702407465528e-04
9.075986723277182583e-04
2.083337972783007135e-03
2.924391022869805151e-03
3.734958582036135462e-03
8.173635212003414448e-04
1.823380958559082683e-03
6.543443690243520676e-03
3.700295218154498085e-03
7.233413021211804075e-05
3.283880989701451683e-06
9.086844387195964617e-06
2.405561825636593927e-05
1.772516363565608305e-04
3.545834784837976171e-04
1.232520268492001009e-04
3.963552675515657911e-04
7.226157042001373496e-04
2.631751559338885637e-04
1.053053935917897845e-03
2.983976862841560950e-03
4.907179752102226213e-03
3.686598331113831364e-03
2.838480675674816007e-03
1.923617324834538686e-03
1.357155063283373847e-03
1.830026246507797686e-03
4.842013966718442105e-05
1.362346383372094243e-06
4.310901973050638117e-06
6.484838601051142042e-06
1.371140239485480080e-04
1.439898467430558889e-03
6.167838352747745108e-05
7.061236982686429006e-05
7.878066504019617250e-04
3.273468306524124198e-04
1.267767762971456786e-03
4.412465370579810725e-03
4.510024803035100720e-03
2.813450083253961776e-03
4.257539791119437610e-03
4.892485271056342538e-03
3.159037117420044564e-03
4.412051310292345804e-03
6.150214824898185984e-04
1.150435987436513922e-05
4.701456054472839036e-06
5.147655752049091774e-06
1.142918108256501457e-04
1.345479587244318613e-03
4.376729078137735288e-05
1.591081518321860741e-04
3.982324794860529586e-03
5.336348172365599531e-04
2.203159643289912331e-03
3.044824156769877690e-03
8.131043986829376152e-04
3.339028314290054446e-03
4.691001206057695411e-03
3.130479425168273665e-03
1.936363721486870221e-03
1.691575464864477707e-03
4.455246555594257613e-03
2.277058946755596870e-04
1.012489769482038840e-05
2.546695884467242861e-06
3.285310619299720446e-05
5.764897166817995345e-04
1.226237032535722736e-04
6.981729241813666850e-04
4.016799146493080404e-03
4.454609170177849025e-04
9.755509039144757630e-04
2.597730038289579649e-04
1.020307886120211415e-04
1.248951760250329801e-03
7.566122467300913671e-04
9.378136543505566098e-04
2.586375704509966990e-03
1.689087604336841561e-03
1.701823841436757171e-03
8.630306791603330164e-05
6.930667769258228855e-06
3.679521970380742536e-06
1.926095364873544582e-04
2.131095672129985213e-02
9.488049707029041352e-03
2.526505934805212909e-03
1.456446849090024115e-03
2.385694933814298943e-04
9.603487783768342614e-05
5.277205467512224038e-05
4.366403728804709870e-04
1.894440186652419922e-03
3.074907297843885176e-04
4.988530616268431169e-04
1.419441894129586578e-03
1.439894734079120780e-03
6.006373736969835165e-04
2.324445017991817755e-05
5.376369455477315502e-06
3.766126853973641813e-05
2.173733649442604037e-03
9.301906527320789875e-02
2.086601164263939337e-02
6.615930251528942324e-04
1.035715021208483740e-03
1.039594154563377743e-03
3.429497253643649804e-04
4.999167998201921618e-04
5.974878594031479695e-03
7.790988466668191496e-03
2.885070350897952617e-03
7.140037730329075981e-03
2.361605563516681362e-03
2.297265823237624495e-03
2.910903789400179180e-03
9.872255468396754787e-05
1.234720451049932907e-05
1.708335596943680096e-04
2.709218832363972668e-03
2.309642420021062320e-02
1.319727965404881610e-02
8.742691340315915990e-04
1.548559744482039301e-03
1.307615908209713417e-03
1.030399183338929310e-03
1.328301987023487946e-03
1.616564442217018234e-03
1.247924885087502503e-03
1.487099464879692223e-03
3.274924729270836232e-03
1.201800478245855508e-03
5.866089747675274670e-03
3.908698911443786277e-03
4.862431118848151195e-05
1.046636112063661626e-05
2.038413498702106928e-05
3.084514106739116033e-04
4.215449483800870478e-03
3.723844553501047972e-03
6.330707621632086389e-04
4.125762014549147635e-04
2.352402322223542789e-04
1.576079916060582891e-04
3.550569805982458022e-04
1.174996559813086278e-03
1.270609817459825543e-03
1.708852616297234020e-03
8.519289165347721828e-04
5.837421157809171302e-04
5.553781251829853667e-03
2.928337429672008842e-04
2.901041862005406473e-06
5.062407981786136421e-06
4.124680604377444684e-06
1.482646719438472725e-04
2.370138984405501924e-03
9.518505394433951885e-04
4.953285254389330977e-04
5.938021052571727061e-04
9.387745444077039971e-04
1.058188408990618987e-04
8.413375718630873188e-05
1.465520743188764756e-03
1.614101847108266943e-03
2.754475673368922406e-03
1.900856963454533198e-03
8.696254082492864369e-04
1.834431360280533788e-03
3.466580682608452052e-05
1.012376840205062536e-06
5.593284954801125177e-06
2.499797205279616696e-05
3.552216256312931025e-04
2.887769040554909248e-04
4.411345609953791469e-05
6.573495833871248202e-05
2.358417719924551040e-04
1.887382185400460124e-03
2.378752614492488017e-04
6.434870661340210980e-05
3.693136847967111534e-03
4.825377390246975845e-03
2.327521479612469028e-03
3.420503749888191992e-03
3.270270303656903476e-03
7.108834554756572784e-03
1.511100414492901349e-04
3.081254929491148163e-06
8.939330189144918272e-06
1.276643722441210148e-04
1.012220124032260030e-03
2.944593326481063878e-04
5.271396289030607144e-05
7.525071530550269555e-05
1.489659892137627773e-04
1.560830254508971653e-03
1.759322901045917362e-03
2.614162354962619146e-04
3.738953232801322211e-03
4.895875860309263118e-03
1.335166783876436678e-03
6.777513752146049203e-04
1.493096044755191270e-03
6.835042823777537010e-03
1.580868606322656934e-04
4.106042929377989647e-06
1.040165030662255632e-05
1.759930518087842393e-05
2.931617678960016758e-04
1.920429562750043803e-03
1.336257060461363113e-03
1.904540070042487140e-03
1.378862434688446275e-03
1.059673634006400023e-03
2.316518449820700268e-03
8.746751122951397636e-04
2.751837652162558798e-03
3.798844247568867755e-03
5.188583778491942002e-03
1.544771604284962902e-03
4.396986486012274126e-03
5.914355777567387694e-03
4.291667750801876304e-05
2.901939729696204041e-06
1.145148809823588532e-05
1.608517973648205824e-05
5.043114898973411354e-04
6.729649972153786165e-03
2.598621773019831917e-03
2.240528549499058546e-03
2.813570384075795086e-03
8.107458437815502498e-04
1.470528665429140635e-03
3.175320636105844786e-03
6.068223571586629783e-03
2.173483700390956962e-03
3.292359363610562577e-03
4.312692764092056034e-03
8.988525927190660000e-03
1.752803982279187286e-03
1.443498651150469754e-05
2.677501244213443462e-06
1.213984735593824585e-05
9.115293137230260257e-05
2.680324288775265407e-03
1.019709150407116689e-02
4.574578598862216912e-03
2.083359771710690915e-03
2.329304655221060491e-03
2.995194271181045569e-03
5.888977157435597645e-03
4.323128416666382687e-03
2.830660576246357089e-03
1.715710310270595089e-03
4.498809592251891941e-03
8.824713704481259441e-03
1.759355366069697548e-03
5.645415909965194106e-04
6.677505770170132397e-05
8.876348374271583719e-06
1.404480702923853100e-05
7.211239523147309528e-05
8.304155413397128942e-04
1.263766631385507613e-03
2.439323471276381387e-03
1.539411519694833036e-03
1.537022717584023103e-03
6.299221776367950644e-03
3.559104024350541115e-03
4.688496138332146415e-04
1.888501474156581081e-03
1.238730026350958434e-02
3.879553921461849093e-03
3.180352861156305775e-04
2.451182391197196238e-05
6.858396988511570561e-05
9.111639196897915172e-05
1.451551093844282444e-05
1.447580459235278848e-05
1.344465331026507349e-04
8.881864739381400455e-04
6.523580800942845211e-04
1.489191278076164695e-03
2.818849193397445093e-04
1.473796503196328337e-04
1.244796997192717993e-03
1.382150587281582698e-03
6.510070746998646712e-04
3.308537492912377431e-03
3.789271420613339603e-03
7.909963384145707267e-05
2.526556754155753813e-06
1.131029968580284617e-06
5.916872972403914275e-06
1.291015975134638129e-05
7.851617906353062682e-06
1.373544950448897924e-05
1.222621485403133936e-04
1.793032674586486673e-03
4.458875067699549256e-03
8.251343975919278942e-03
5.280616173232467996e-04
4.410297791522433568e-05
8.658282761947558867e-05
9.855024447201605163e-04
2.587669678794586852e-03
3.634735383657778556e-04
2.972956854024353949e-05
4.193819995641526009e-06
1.932910191719313474e-06
2.909603284704798019e-06
6.148852593279636058e-06
7.677010363166094631e-06
7.838462958094444269e-06
1.570638682040448886e-05
8.422419387511802539e-05
3.706743026215523866e-03
2.176827926328901361e-02
1.356969903286140561e-02
5.413704347830710500e-03
1.357199522249476860e-03
5.669173119912629096e-04
2.766855683562136504e-03
6.263537498797384483e-04
7.605340446065488587e-06
2.034176088167879831e-06
5.747467913242435647e-06
1.289673549511886945e-05
1.729149176014914315e-05
1.797177103192534292e-05
1.633059542045114826e-05
1.626406437050800037e-05
2.666518516698331533e-05
