8.048546493574460379e-06
5.243492480276473778e-06
5.821310734019102964e-06
6.680422822318218010e-06
5.714491207924760142e-06
5.767590789546067737e-06
6.899432772490094366e-06
5.804891243165341464e-06
5.738276520555788429e-06
7.454886175903269067e-06
8.329506249845657946e-06
8.243971959479557657e-06
8.328995183400028461e-06
8.493918462581193728e-06
8.411207452178448207e-06
8.064002498061351187e-06
8.276032927994273269e-06
1.232984531588011407e-05
4.967602598491066492e-06
4.168343301571887660e-06
2.238988643899980197e-06
1.342527960086894202e-06
2.128951525352337425e-06
1.926925526221025223e-05
1.016753930398195811e-04
2.292599507405937710e-05
3.594950634235582478e-06
2.601981271609162976e-06
3.518114573191102134e-06
4.156796428799242414e-06
4.526772119074217648e-06
5.204928449795126020e-06
5.467142666228958201e-06
5.152618508161641229e-06
5.186634753476328759e-06
8.279774303064931399e-06
3.976130541384725572e-05
1.372390307714004476e-04
1.135428383423770231e-05
6.487341060470375179e-07
1.221345883330782204e-06
8.019469002212927693e-05
7.880498517876889696e-04
6.619825977885578094e-05
4.263958865166414372e-06
2.052415465080425479e-06
5.430375874765721245e-06
7.365768198403894004e-06
4.321759914372454708e-06
4.304158296143061888e-06
5.111586530709874126e-06
5.123020872181857363e-06
5.168430362601762019e-06
8.123441561161659949e-06
9.654045231044379959e-05
1.719216138037388568e-03
2.426973900619065999e-04
7.257035405196122577e-06
6.854679026502196234e-06
9.804280638780313762e-05
1.209018270328281940e-04
3.218067082554324670e-05
2.663185829768993602e-05
1.893450370007894603e-05
7.116011801111074716e-05
4.250081732869149897e-05
4.268240605797522045e-06
2.596963500705925754e-06
3.668955943687850363e-06
4.450317909459316362e-06
5.221991780888748872e-06
8.515451726372069859e-06
1.414503910332329909e-05
5.544866278158545100e-04
2.269724843548259329e-03
9.239068103494383222e-04
5.727067232853095494e-04
4.533526668304750803e-04
2.148189145911868852e-04
3.635504309373787453e-04
1.699538573712522371e-03
7.428399707173808470e-04
4.268651725095706610e-04
3.545912421016384267e-05
2.109538156110879799e-06
2.876484059698348800e-06
4.143038464445678833e-06
3.472964468730373958e-06
4.521922848540736241e-06
8.541936042573165588e-06
1.567668019376605471e-05
7.988434017304311833e-04
7.002592053563702276e-03
6.428658419663614045e-03
4.674105143940608144e-03
2.581197156074519113e-03
4.144576865243033113e-03
6.919752327862119766e-03
1.225568031004748218e-02
6.425781219870979263e-03
2.156487710137325146e-03
1.041902045073115609e-04
1.970492984002229035e-05
9.118381098197589384e-05
3.482453030629454775e-05
4.445172459201569661e-06
3.880835517429184135e-06
8.459950922726091840e-06
4.069258420501025759e-05
1.500994949812403060e-03
7.071217289978867608e-03
7.135455868870610625e-03
8.097451555919723751e-03
3.904764072209334237e-03
4.546872323010149423e-03
6.740460215167961774e-03
7.816390586824654291e-03
5.702364147805412571e-03
6.761878888399305322e-03
2.361670095898586990e-03
1.428525479831987445e-03
1.846030932887120007e-03
8.132726375065673404e-05
3.616971857167897317e-06
3.169363284803048538e-06
8.401892241446770168e-06
3.021781189044946142e-05
7.871544382680477001e-04
4.884710116067694091e-03
9.280660596154809150e-03
1.342741665085964674e-02
2.864496275230474925e-03
1.863350908418358060e-03
3.897654573363579233e-03
4.878541892617246738e-03
4.029857760637270588e-03
4.434834750199433302e-03
1.835391059299303551e-03
1.247099489585875524e-03
2.844863457118237244e-04
1.171647087997166993e-05
1.958975080582663829e-06
2.569671237810916198e-06
7.831229409768342674e-06
6.581747659448298331e-06
2.983193154500882660e-04
4.854717736592867143e-03
3.831623664311616280e-03
6.514483552423950934e-03
4.713092349208048218e-03
2.712424722266771303e-03
1.680820324430660692e-03
1.649425340247309430e-03
2.704313296122453671e-03
1.055618923930564702e-02
3.798228650423040361e-03
4.250162836031841341e-04
1.124842797341786267e-04
7.415057995829898215e-05
1.590604410136565612e-05
3.480523370622515677e-06
6.137446294157856765e-06
1.084307909604572874e-06
5.429216855603446736e-05
5.970536995215821457e-03
9.188347274501110565e-03
9.322525515931781581e-03
4.315766303291565867e-03
3.249085128371435090e-03
4.756014011795429465e-03
4.986357426792401189e-03
1.426789270168756646e-03
2.441278448140678497e-03
8.673397078324800863e-03
4.869714203098199313e-04
9.670629406692858240e-05
7.394290702103237722e-04
1.101839246767218007e-04
3.316952645551412756e-06
3.488804727704511026e-06
3.466378873584625405e-07
1.604635838742631183e-05
3.833777492206935384e-03
8.225908642200602250e-03
5.123416190129102127e-03
1.353195555815671662e-03
3.293861881668511127e-03
6.356897125911455115e-03
4.875612142908562242e-03
5.039003163818648982e-03
2.192929359840025544e-03
9.380430594536687608e-03
1.192245311167671037e-03
2.911655953472591570e-05
4.797245635052233351e-05
2.142926771367999132e-05
2.270342872285229638e-06
4.134203362132892979e-06
5.857286437652025687e-07
1.894635399135300477e-04
3.858684698566397508e-02
1.127352860294147767e-02
1.004287315340752010e-02
4.935091589586576566e-03
6.130674025194924291e-03
3.884742017351837905e-03
1.372889376908815757e-03
2.776110402958989996e-03
2.415890254428575395e-03
5.682737728729171829e-03
4.585796766274093279e-03
2.350457258117911996e-04
6.040013383680734347e-05
5.614930154335942889e-05
2.666736782998718294e-05
8.253875755775707298e-05
3.388406237836477752e-06
1.466160568002912489e-03
1.245342024198202724e-01
1.746117136923150751e-02
2.541723394181603576e-02
2.948091520851130187e-02
9.615940059834586842e-03
6.323647438322648959e-03
4.668543364881365398e-03
4.524454123605256041e-03
7.283234556144715759e-03
1.048259612629667305e-02
9.466512857308623241e-03
3.078511830418240169e-03
1.389012757988990383e-03
7.125533680598593843e-04
2.275200700493413717e-04
9.049231669300958000e-04
2.536323009003476752e-05
2.116061629818663178e-03
4.927158988196436717e-02
1.456719304443346644e-02
1.302190256878512503e-02
1.635199672933584231e-02
7.499069064440012922e-03
4.448204241482524822e-03
2.218371933586186454e-03
2.638948950143094746e-03
3.312040979860667467e-03
5.867700774960260025e-03
5.191329062323741389e-03
1.370602501261286880e-03
1.242697729524896511e-03
1.934048627066221708e-04
1.616660539471137577e-05
6.904435753891104653e-05
1.088955350241102103e-05
1.123573455138964465e-04
1.863130730425544869e-03
5.443465706954733231e-03
1.098190066892867564e-02
6.316708918878193892e-03
7.786009933700323640e-03
1.073428774950992842e-02
9.035726750266196176e-04
1.216402182636149368e-03
3.632184683736038380e-03
3.412097462072336777e-03
1.555853775156897491e-03
3.821305870552726145e-04
7.116904529391068594e-04
7.080592354875824555e-05
2.173496146992732166e-06
4.372153627925406219e-06
2.634765634007144107e-06
3.381604890685486678e-05
1.796870380889893301e-03
6.774328748741702787e-03
8.872846292923201525e-03
3.008517869960201582e-03
2.533857569254871576e-03
6.148646519297780791e-03
1.882778544827287117e-03
1.592555341479998197e-03
4.616739801563741509e-03
3.501954795470280622e-03
2.092310423790323475e-04
1.946135321136126413e-05
5.176648897808254447e-05
2.422109782173367505e-05
3.167064200159922230e-06
4.637733689380710181e-06
1.591155054288181275e-06
7.597475254508755343e-05
6.091335276849607280e-03
3.882574325800002609e-03
1.974549110270810634e-03
1.666870092662663550e-03
2.149904689009626921e-03
2.392437558615246370e-03
4.000616669822007129e-03
2.818297598428799993e-03
4.578544891205844729e-03
4.183754761368209396e-03
6.606627141960470133e-05
2.885199181282558142e-06
3.168299440160793848e-06
3.533976413448717241e-06
3.516646593215638346e-06
7.756539008468502631e-06
1.226374671601071460e-06
1.215751502663646189e-04
3.345427408964314446e-03
1.083998206532507539e-03
2.626747238171339878e-03
1.148145102436540525e-03
6.065883257048762913e-04
6.392281170467975331e-04
1.462264584563153320e-03
2.027697432800796250e-03
6.127015847770453209e-03
1.453688662620308955e-03
8.297532677050340800e-05
7.811054812598029610e-05
1.683124542843314971e-05
2.031816546992179516e-06
2.260305529399764217e-06
6.344943159933963497e-06
1.349409639102228696e-06
1.313510341384193422e-04
1.534815748081017842e-03
3.877710653668497618e-04
3.986905161421427229e-03
3.643593823050725756e-03
1.224025376770560610e-03
1.161866011723473868e-03
1.470323086544290990e-03
1.213131572962475096e-03
1.437009379669180152e-03
1.004557389757600730e-04
8.731703659474473567e-05
1.890318912969879807e-03
1.299522889469670664e-04
3.271552854125118221e-06
3.152329966786603440e-06
5.667845885601398133e-06
5.956138408227142914e-06
2.181012672312533521e-04
4.859660180190595539e-04
3.282851645108505448e-05
3.280926301088203613e-04
2.835635304653481240e-03
4.338780614141905280e-04
2.544749015729200290e-04
1.883594157129630858e-03
2.493417815468022478e-03
8.333588894496042187e-04
3.649547589923173355e-05
1.853547019639545143e-05
1.091601834496562821e-04
2.440849608025236450e-05
1.580622673106091188e-05
6.810311661242000544e-05
2.523293951185906942e-05
3.034632656608455539e-05
8.016026623072077754e-04
6.644551045595244437e-04
1.267583937242668685e-05
1.476336600865275526e-05
6.994363529216782128e-05
5.834620132011572779e-06
3.271427045363187280e-06
4.927072960571200874e-05
1.034750841595867917e-04
6.297152919697228510e-05
1.291041524870425742e-05
3.437197228500748511e-06
2.941004236616598903e-06
3.754039196383211959e-06
6.776766871708901716e-05
8.506722392763537387e-04
9.326700334877113016e-05
2.156194976904810277e-05
3.835208490930536672e-04
3.961405042482419691e-04
1.263326699939763375e-05
3.027587204383363502e-06
4.320809313561429107e-06
1.486682739879884331e-06
1.110735767448094461e-06
2.593815122416855044e-06
2.645335870252615926e-06
3.266011563901230204e-06
4.052941902533481194e-06
3.142334040334186465e-06
2.303858345316957257e-06
2.905260624183480304e-06
1.950639824034382475e-05
8.201805426783620977e-05
2.218940930270854112e-05
4.160443708372418446e-05
8.441362104600471728e-04
8.773315168184733998e-04
3.151943885960895291e-05
3.826543162842696344e-06
3.439753640648096297e-06
3.479357468345443722e-06
3.349423828024695776e-06
3.107959235434068568e-06
2.494057339687918989e-06
2.912280383039304171e-06
4.185611539153241635e-06
4.880244986797525365e-06
4.400279248888403874e-06
3.533238328346502566e-06
3.809792059734934941e-06
4.546732449246397960e-06
5.025474806560267274e-06
2.184548068694912914e-05
1.150868287006487681e-04
1.106823931861970832e-04
1.557480255685740392e-05
4.754334894811333157e-06
4.777053865651281312e-06
5.546860996786801030e-06
5.654901141349388878e-06
5.363499262970481700e-06
5.019006680039395736e-06
5.087122302793753490e-06
5.393914528417078505e-06
5.601270158032748424e-06
5.511251268361824425e-06
4.808482004373743274e-06
3.837162013145238655e-06
3.615825161360458122e-06
6.082367375078422879e-06
6.264041820695347298e-06
4.355884055377644932e-06
4.244785517183866585e-06
4.614230899301814116e-06
6.231336324697832334e-06
8.140479983157716844e-06
8.694920952046027081e-06
8.601789112667570231e-06
8.581248218689580001e-06
8.604686204891217891e-06
8.565533028203777853e-06
8.456309887634387665e-06
8.410603322254381331e-06
8.520557223841692131e-06
8.525027959734512244e-06
8.096112642360486412e-06
8.262173545329570701e-06
1.253153521059102130e-05
