9.182763809482394468e-06
5.896663989891248086e-04
3.112208280309389577e-02
6.770124271773861856e-03
1.840940829882061836e-03
4.380174071304694379e-04
8.172646524829947721e-05
1.749884403282753599e-04
1.832298275365331719e-04
1.039705334726176119e-04
4.026066628122927632e-05
8.258736451235096788e-05
4.767312066541717479e-05
9.502181325325773285e-06
1.131723962245529438e-05
1.779592274589528246e-05
1.846608038205896566e-05
2.645248899873065793e-05
6.215875316985235578e-05
4.000353510208956576e-03
1.285619146562607534e-02
3.655543514723311963e-04
7.873926621378486050e-04
3.025766893628198395e-03
9.637505425937534361e-04
2.856643308232448535e-03
5.296489982804967328e-03
3.228395806011623119e-03
8.243233892934660224e-04
1.577951699384684678e-03
1.829482199888660154e-04
4.625980530407906231e-06
3.775451451411122970e-06
8.272713718124217813e-06
1.075185700464360424e-05
1.805516225977868156e-05
1.942554925500321558e-05
2.617403337118204363e-04
2.635393200863125375e-03
8.544068657656250353e-04
9.737506755951445044e-04
9.564616447405009268e-04
8.674402768604885577e-05
2.316473113143379693e-04
3.211146463632742667e-03
1.282826755277865181e-02
1.474911180858879886e-02
1.030314788885239308e-02
3.820873295485257052e-04
8.271596790761695365e-06
3.129195501259952003e-06
4.259342192259927922e-06
6.739989381351029269e-06
1.555361764646298852e-05
6.381854084591403201e-06
5.522710940455667427e-05
4.429392458696951827e-03
6.724135587735324826e-03
1.997096626238356164e-03
1.146997636473002201e-03
6.095653470589571437e-05
7.285279068007282017e-05
8.221816842434802970e-04
3.214755865864778010e-03
2.038391075646102044e-02
1.479594225510283585e-02
1.844295762343315347e-03
1.244187197421824933e-04
1.459073752285389251e-05
6.986913938176051059e-06
6.199436103067952036e-06
1.229299714267475564e-05
8.132595070766506347e-06
4.626453233932418185e-05
1.836949877952944550e-03
2.439614820930532425e-03
1.138140951142589327e-03
1.971157336157076858e-03
5.069065683606431647e-04
3.434986946160031949e-04
3.327422877793494702e-04
3.841953944370667660e-04
3.417697138677430139e-03
8.134524491806833721e-03
1.381688219895243000e-02
1.606796829599087956e-03
2.466871723441204116e-04
2.026442348841632057e-04
3.439212061234939811e-05
1.322500199254043331e-05
1.014677161289282178e-05
6.372265143973308702e-05
2.684493656777431955e-03
2.319811088242247025e-03
3.769290715469010219e-04
8.811522213755373228e-04
1.497676398111535143e-03
1.785786688336625690e-03
1.909232113446038010e-03
2.479602784513276845e-03
2.568321972622785842e-03
1.670661991085308374e-03
1.413392019968810059e-02
6.377431206349162829e-03
1.571918439303091573e-03
1.611760331110850385e-03
1.045633495444752684e-04
1.337896256363562112e-05
1.195655545133070313e-05
8.801622456866493903e-05
3.971734094034758480e-03
1.532988874390096021e-03
2.245741266947978633e-04
1.423516590242989571e-03
5.973292158479594736e-04
3.442304394417342516e-04
2.554454772564238117e-03
2.000124472046483325e-03
5.757622081471333803e-04
5.268044149370402053e-04
4.135276527242070545e-03
1.245700118319474289e-02
2.635770861982616314e-03
5.711869067629365493e-04
5.637132372458558292e-05
1.283772877846709116e-05
7.920271716888437294e-06
2.665218541858928739e-05
2.239858493091011118e-03
3.465607158626872377e-03
5.162011366394908323e-04
1.505215452473292626e-03
1.179252856256210756e-04
4.984748673042988529e-05
1.440190356614099842e-03
6.221828662446134616e-04
2.785083751607949102e-04
2.127967008431738520e-03
2.964615626206981974e-03
5.340532139322733303e-03
7.818755441634081885e-03
1.290246965774371818e-03
6.643056210525753508e-05
1.766562545773501646e-05
7.406102587625194468e-06
1.574081840449575184e-05
8.860463926122912363e-04
1.521209818853303019e-03
2.299852640602387233e-04
5.984695016606880530e-04
4.823753499335109896e-05
1.137533700363593014e-05
3.658758868489442599e-04
1.160485051394027868e-03
9.306332337312475103e-04
3.103108113377638696e-03
1.983082543072403180e-03
1.624372799712529066e-03
9.858944785107062389e-03
5.873642522884970013e-04
6.872059923606123456e-06
6.367793965834614031e-06
1.047655427853236460e-05
4.582355595629823545e-05
1.092002586691759964e-03
8.933570530069034508e-04
7.312393425958445530e-04
3.144276519742416742e-03
1.184589379379010084e-04
1.326895656508872101e-05
1.612112318048795705e-04
9.923456502293251900e-04
2.630077882911389595e-03
1.331109280188060929e-03
1.560594418062789574e-04
2.617199026067582078e-04
4.640883998432971010e-03
7.572698780731559908e-05
3.859557743739702534e-07
1.314948865441775981e-06
6.020808766973776025e-06
7.585968288283302403e-05
3.244345553385671096e-03
3.466387636595026720e-03
3.829327884894948540e-03
4.992048510509372421e-03
4.575542084820378302e-04
2.857646893249504022e-04
1.163761730342653244e-03
2.389002533024256177e-04
4.342104347775642436e-04
1.148148850474592537e-03
4.957264441933602117e-05
5.162068304648213113e-05
5.425470843718802234e-03
9.488080753359026502e-04
5.928992110619384239e-06
2.949161582790986306e-06
3.201967853990596739e-06
1.979725549230309557e-04
1.897874262829954070e-02
5.814415270327180640e-03
2.402613019962175200e-03
2.629911610063778975e-03
9.145433144215245986e-04
5.652331863288127855e-04
2.037682663585286408e-03
5.084734430253141967e-04
3.184949824785612382e-04
2.648883581466145512e-03
3.002049077245608146e-04
9.382950580215723702e-05
6.328330618897730873e-03
9.027102628868167999e-03
4.205655462868947581e-04
4.346909461301580658e-05
1.662625838239413541e-06
2.523739975361130291e-04
7.173094405694943609e-02
2.040033393714285950e-02
9.987218122139240525e-03
7.415229943071238901e-03
3.024097601653542313e-04
2.246303671771101302e-05
2.843827668563830434e-04
3.581382202879041399e-03
2.053415760761354361e-03
4.035281241366617602e-03
1.278281037043004767e-03
6.867278420475914167e-04
1.511599468401058667e-02
7.920814055566749098e-03
1.112883812177425198e-03
1.774969393083583580e-04
2.076445925801366201e-06
2.179415796831109535e-04
3.801751290963873570e-02
8.764404985223808731e-03
5.506987599768480186e-03
3.345046198272247102e-03
4.154759651324500900e-05
1.930391757478949099e-06
1.546999687712960166e-05
1.961926023615221336e-04
1.745067577117120038e-04
7.136999284771960994e-04
5.942341772535720797e-04
2.689060438763286941e-04
7.960074106638887967e-03
6.801584490783945010e-03
3.353677031299399491e-04
4.730354370017271769e-05
6.146697137140737959e-06
1.532821752085209235e-04
5.927178013396036844e-03
3.332066398598529031e-03
3.615124940188079242e-03
1.073556564119217084e-03
1.821803195116170819e-05
2.809350623246041343e-06
1.808878843362116251e-05
1.494052657392805664e-04
2.791991970094380546e-04
1.675780153526703915e-03
1.171324318189558532e-03
2.454543299690676249e-04
3.557353430244447785e-03
1.424230999282481269e-03
1.894855521037121398e-05
5.979646683163995251e-06
7.687500384331052874e-06
1.562226693570261418e-05
3.433405020009013811e-04
3.956664986294661755e-03
8.869989325591135648e-03
1.614032518911039408e-03
5.035670417049267148e-05
9.295599038528686302e-06
6.111439281213297092e-05
1.651677360934856705e-03
1.897352659859928570e-03
3.185478630246598450e-04
1.798014158985351428e-04
7.408419150429553651e-04
1.795517056423815566e-02
1.580192813577890182e-03
1.077781613513598960e-05
6.339904438078225469e-06
6.967140364517383030e-06
3.647240130082193201e-06
1.026775774482270451e-04
2.364622319119753444e-03
5.357066561587946673e-04
6.038009535274081404e-05
1.321241128811042958e-05
4.038442349516683686e-06
1.047971572018404085e-05
5.296822731570206182e-04
2.559719192106438626e-03
2.810539530195823796e-04
4.431361313671612970e-04
3.751933867547279939e-03
1.298754110306871851e-02
4.554180805180338323e-04
8.322914927426900382e-06
1.010416636302518126e-05
7.086799347971170626e-06
4.668585334725898791e-06
1.450123412804877297e-04
1.474934741482112049e-03
7.213147628980157557e-05
5.211986908832791544e-06
2.368795782810674304e-06
4.674559710927214632e-06
1.534583698947466617e-05
1.349510473153878978e-04
2.536704957771768448e-03
3.401690152828277126e-03
4.244180382010490256e-03
6.212075232783186886e-03
2.307478742901644675e-03
5.554316427781875846e-05
3.952119120004674496e-06
1.017414184172997233e-05
8.966721006422091151e-06
7.806248786552742839e-06
3.259763163516048217e-05
1.130046419752443851e-04
1.139417016733699595e-04
1.308157470317665243e-04
4.466222023026498729e-05
2.538179422017573014e-04
1.982449972232014791e-03
5.451368151623988377e-04
1.541886456496199907e-03
4.059548602966761219e-03
2.054780291248749918e-03
7.882026741679282536e-03
4.002908986802081355e-03
5.683682472044519128e-05
5.904946698110430847e-06
1.381367989861802500e-05
6.156598512406866175e-05
1.558901248558250332e-04
7.363014916413458764e-05
1.133014504429836718e-04
6.831882101682014647e-04
2.776768250392867236e-03
1.038651525688109607e-03
1.749656226223913992e-03
8.204576850967150795e-03
1.808244677179198867e-03
1.528046526933544459e-03
5.067698702478031295e-03
6.763956422254362340e-03
1.103847803103796994e-02
5.345742844883395782e-04
8.702967173703756237e-06
4.704124913733144755e-06
1.612960311743800825e-05
2.224209305847717861e-04
1.312811914831604450e-03
4.424236100173411677e-04
1.275771380533158349e-03
4.294513504089539010e-03
1.756264597248913522e-03
7.488538265032833015e-04
7.397958650241607138e-04
1.295000128472903467e-03
4.266343066339895298e-04
2.337601232369791726e-04
2.394872240950713087e-03
1.520089842873628173e-02
2.187790990747607439e-03
1.824435284150911307e-05
1.722493254719191441e-06
4.352619776201607608e-06
1.718769366743169859e-05
3.197715979523034062e-05
2.334560363336237409e-04
3.757289144498011783e-04
1.072713990115894316e-03
3.517144648227248614e-03
1.731167694431624653e-03
9.483570170959107742e-04
1.687672883217368903e-03
3.086073871625157408e-03
1.420270531613946610e-03
2.700494001889628976e-03
2.242150590735582719e-02
7.008237728916160564e-03
1.141811901953118755e-04
5.154020015510877320e-06
3.503543480143847544e-06
8.036766798480182890e-06
1.861612313967900842e-05
6.303865984195154873e-06
1.121264950783845959e-04
1.437125771596897954e-03
1.293447771345641525e-03
1.531426714809629684e-03
1.875189934963153535e-03
1.550725324156629900e-03
8.921026874803390187e-04
4.558495255448876435e-04
1.382071998729745513e-03
6.239365384308483663e-03
1.062847268611247838e-03
2.618042259579164292e-05
3.738429529568590702e-06
4.217209293256836250e-06
7.775760478272142521e-06
1.078107742391673184e-05
1.765882683129069307e-05
1.281344745297896656e-05
2.152935749672050592e-04
2.311583407805072130e-03
3.531932597247750601e-03
5.013794951304859776e-03
2.978456681241699322e-03
2.797023802950164301e-03
1.103168108254513500e-03
3.446720088665095462e-04
3.265805508439221377e-03
2.116864654684191393e-03
9.024453382178127892e-06
4.916503382976870232e-07
1.597780714117897563e-06
6.933725852481175242e-06
1.070023469681813655e-05
1.095685591673016764e-05
1.719166935989994074e-05
1.215974930251788913e-04
1.911709320824572572e-03
9.073096792728694432e-03
1.283148357362192023e-02
1.187121514472787819e-02
6.490435062640191773e-03
4.110516367765360522e-03
4.450361822779221933e-04
7.009436520043664726e-05
2.957436796894330499e-04
1.586286627624163860e-04
6.098474651513561778e-06
2.776023298045630721e-06
9.600824907749698993e-06
1.894626340210503313e-05
1.832944606829445749e-05
1.723749893722040431e-05
2.589470840932282027e-05
