4.827559858905516871e-05
9.258794029231062327e-04
3.817461383184562497e-03
3.140024068295845915e-03
2.221443158085165646e-03
1.298605390535321515e-04
1.039431908052817790e-05
4.632168008995386153e-05
7.560199628047545967e-05
6.308227962175098240e-06
1.712661335712611105e-06
2.635810113961297244e-06
5.755872858777597244e-06
9.752758707785913865e-06
1.121841943597934321e-05
1.073161046293550800e-05
1.057369974219182098e-05
1.679384860571600126e-05
2.303305426163833563e-05
4.729765324675454306e-04
2.416521845048288757e-03
1.180394394277178806e-03
8.813792025059117305e-04
9.847564529672420998e-04
3.465665449382277635e-04
8.341437015110673070e-04
2.178112120386263301e-03
2.170966128110772835e-04
1.357021636457489965e-05
2.187270180654733217e-06
1.552203263868635696e-06
2.705690313443595920e-06
4.122264173629572338e-06
5.252537575477124064e-06
5.947803917111087269e-06
1.045471334939012397e-05
5.811536376153434423e-05
5.098331911679213459e-04
2.647589562445257141e-03
4.055146035456725154e-03
1.907967621665974337e-03
3.425932392227154424e-03
1.836968331308201597e-03
5.697140865227076460e-04
9.700065412872654804e-04
2.066377557761005235e-03
2.298719332013397093e-03
2.084046884204699952e-04
1.883337826671322769e-05
6.950453135508338062e-06
4.404318293087244913e-06
4.730013994801789712e-06
5.786916664975301597e-06
1.035533777831354387e-05
2.664541612283759332e-05
2.466343123546220636e-04
1.429763835634533268e-03
2.024231282265535198e-03
1.116579866428039913e-03
6.331718961121281589e-04
6.152968544863667401e-04
6.452876773448924450e-04
3.490226118798803612e-04
3.643422536893107990e-04
1.926435373293541474e-03
2.178410344161377764e-03
9.882006026172272285e-04
1.696295275801691389e-04
1.577364260946618484e-05
6.147352745657625161e-06
6.390103429267050506e-06
1.107427975960493479e-05
5.009876985618801548e-06
4.922374664576292330e-05
1.359124865189988629e-03
3.725548687935346676e-03
3.703307564622161391e-03
1.503992821655993897e-03
1.314138994214798881e-03
5.383976989639538240e-03
3.728044298043495502e-03
3.741350237046686482e-04
4.334576714714294236e-05
1.673641142837351773e-04
3.829421199107220248e-03
6.765804811181449748e-04
1.068390639667326352e-05
3.075546159751400676e-06
5.405152143724178523e-06
1.169516205885468554e-05
3.967193376509176500e-06
1.827350367493447557e-05
2.110897891942663425e-03
1.121478762040031135e-02
5.437857828651040948e-03
5.257972007957862313e-03
2.189570731243219246e-03
2.621008141065985040e-03
3.325679319746541532e-03
1.509207858495312639e-03
1.421621554235725430e-04
4.506090906752561304e-04
7.009575160840941788e-03
9.715509656258585229e-04
6.638445839478223569e-06
8.995511463699027354e-07
2.944295281094828358e-06
1.175381452137869537e-05
3.481814548966520604e-06
3.529701651869192191e-06
2.550638867567124731e-04
3.296042508930769818e-03
1.585124546076344988e-03
1.669344205480953990e-03
1.268567315366884909e-03
2.141621646038267823e-03
1.458788616943259642e-03
9.252417616892106601e-04
1.772112788686244951e-03
2.313962625412279827e-03
1.341601979471907652e-03
2.340448881642764618e-03
6.570340591465969064e-05
8.648144079692900017e-07
1.379047991107643457e-06
1.023864391141937559e-05
4.431698073020449450e-06
6.246089048297778968e-06
1.641901319246629647e-04
2.029411487645692985e-03
4.336433209114165001e-03
4.038286938116156244e-03
2.396811948841513600e-03
2.339430987466601958e-03
5.640420216051455745e-04
2.434642825594982452e-04
2.146938675598945856e-03
1.380154751752099996e-03
1.431556443577417859e-04
1.002201759678554528e-03
4.933595956027331123e-04
3.902372758546557084e-06
9.684627028098938734e-07
6.933537826303300874e-06
6.189633274639138235e-06
7.025654800989997737e-05
1.806861931365292715e-03
1.998569160257095741e-03
2.157183904876665368e-03
2.033990725623161661e-03
6.495233673684012651e-04
2.956404943993573998e-04
3.295194929580510753e-04
5.072241320015625880e-04
1.717340265192028852e-03
2.616697536781261661e-03
5.544659283748903890e-04
6.487831785901879925e-04
2.704812908200011738e-03
5.941652372859578511e-05
1.308032528251031190e-06
4.073565078380903100e-06
4.320256497197336667e-06
9.220987633341356127e-05
3.687750987138950498e-03
2.733003495896774507e-03
2.450858970009893358e-03
3.876659717938435879e-03
1.782490836061242012e-03
9.333373942919441588e-04
3.184420065038367793e-03
1.555355077105576933e-03
5.193062492318148513e-04
3.647728904632355391e-03
1.043086501712228329e-03
9.170900756564857317e-05
1.110780285791875205e-03
4.126622368767406080e-04
6.788511691776734769e-06
5.133344829114736894e-06
5.395612739653239646e-06
8.850810180772911747e-05
1.806631493571852608e-03
2.177532474550451704e-03
3.203904389094794618e-03
5.276261222903718025e-03
5.027368047513041185e-03
1.438276116349344489e-03
1.402479451880208044e-03
3.935761791445998984e-04
2.628024560536892473e-04
2.599376004466442871e-03
3.208802523358727414e-04
5.796943267312992087e-06
6.252912748169436028e-05
5.503419341198582688e-04
3.720152770734614864e-05
8.267449201508328928e-06
1.242737742776687587e-05
1.018219469391994569e-03
2.274038228879078291e-02
1.404348977120348230e-02
1.052434953046391293e-02
3.405515613733247401e-03
1.342472579693821310e-03
2.166801750591059296e-04
4.180896746621575897e-04
1.481858452874557910e-03
1.580691418044280136e-03
2.173175194418348020e-03
9.321904811806921379e-04
4.418692300094216997e-05
8.251290379218661076e-05
4.901847424165794477e-04
3.993556890529893771e-05
6.598236453358814783e-06
2.653495955059819253e-05
8.512359580916941879e-03
1.782448526377924114e-01
2.865122300549923992e-02
1.620588749693061686e-02
8.986618930124498292e-03
3.899617191763561381e-03
3.922334351846304889e-04
4.681669916529489412e-04
3.052924614903631314e-03
3.926568005793750100e-03
1.935232270311397452e-03
2.844920526420879892e-03
1.562336477488997667e-03
2.090943147192292698e-03
1.803527690120154247e-03
5.667889358873809478e-05
7.979188857080125405e-06
2.935257805855745166e-05
4.250085976420505014e-03
6.643589041293838926e-02
1.672702455555520953e-02
1.048671061410706533e-02
6.238381320484247955e-03
4.844417652265450153e-03
1.028112213275685820e-03
4.343223244415981600e-04
8.534308360278875091e-04
2.650576877259654650e-03
1.873916600574852213e-03
5.753470454112171372e-04
6.632413608133554996e-04
1.446167845621918998e-03
2.247111981187482378e-04
9.905567128708750427e-06
6.645754193168199705e-06
6.248335960853425467e-06
3.126439338863748973e-04
1.001721419790730684e-02
1.008902366489187845e-02
1.000344130285732956e-02
3.357500701150875882e-03
2.072485169516127910e-03
4.273045779648890967e-04
2.090913340213471831e-04
7.728015289264339449e-04
1.770412109209014082e-03
3.632949590449294826e-03
9.372142539573407411e-04
4.407271265616275759e-04
8.276130205890473322e-04
3.599307712460908000e-05
1.808731869764819110e-06
4.946060490048668393e-06
1.458737761011584846e-06
2.817666234115690229e-05
2.159639865847941612e-03
5.697034305977758013e-03
5.643290518255121568e-03
2.888016981360003437e-03
3.292428120799306343e-03
6.919976926205120187e-04
3.270717245376547665e-04
2.016141821694971553e-03
1.046875268337426560e-03
2.133231757951811747e-03
2.151565657092248483e-03
1.114296158030625341e-03
2.238343394633809848e-03
7.191195178817658975e-05
2.397320261995115081e-06
6.050199565171924093e-06
2.959289846398767437e-06
4.465549993111068804e-05
2.503199585504448967e-03
3.479760736503298597e-03
1.206614825408412143e-03
7.406942002783942040e-04
1.257904476334578562e-03
1.572452000120652194e-03
1.136738676356290187e-03
4.450435794508924778e-03
2.929170280306518485e-03
3.306120344696514887e-03
3.865760907342488673e-03
2.452842003567652467e-03
2.213348772192240237e-03
7.030610264797697892e-05
3.467570284838905499e-06
7.437509675980757418e-06
1.352314714602513389e-05
1.150256567929665346e-04
1.651946085502577080e-03
2.714225321159580498e-03
1.051940508918724126e-03
1.397296877951532783e-03
1.583712318386912895e-03
2.353863686742938000e-03
1.682204050350592480e-03
2.132543391948612220e-03
2.948400105676194684e-03
1.354341856314556381e-03
1.584121203677595589e-03
3.626590182403341411e-03
1.026206508544923396e-03
2.710263694898278026e-05
3.790027309928470920e-06
8.905925516112322030e-06
9.065150503430254199e-05
8.169714398846320783e-04
2.568373880534560727e-03
7.807469447308402165e-03
4.736744573642362975e-03
4.466913794010588488e-03
3.810603053113962094e-03
3.028304166633937443e-03
4.405839155751637218e-03
2.572549865678082533e-03
3.823253855971946516e-03
1.230601395905882517e-03
8.046166762282945745e-04
2.019819004141833966e-03
1.647295567020661336e-04
5.808791024912206017e-06
3.303410050255110476e-06
1.009732492752899513e-05
4.454380198884400429e-05
1.071493053226580013e-03
5.723709767089073253e-03
1.435117183322424765e-02
6.396522401539476120e-03
1.953452919912114852e-03
3.424499671992817414e-03
3.753034740079355149e-03
9.472961471243280737e-03
5.221750270127487915e-03
2.724365237573519311e-03
2.022229387525909319e-03
3.066804379515204217e-03
1.109935122093930714e-03
2.147118152342021848e-05
2.305310240820669535e-06
3.646940713043766150e-06
1.097869218459549978e-05
3.550963313951775958e-06
1.514380221938530608e-04
4.605376755748119035e-03
1.016979087865014890e-02
7.026270966604399211e-03
1.282227463819057313e-03
1.456817972914217513e-03
1.645268961963156779e-03
1.661021658101288464e-03
9.311410750191110620e-04
2.352494380123647786e-04
9.380654550267079070e-04
4.541792444371579689e-03
1.726429710185103407e-04
3.390739638922659434e-06
2.166108637839818970e-06
5.119949684120463453e-06
1.153490059537102078e-05
8.381292059751024100e-06
2.713634328174715300e-04
4.014331253814855741e-03
5.515625110256939558e-03
6.612397251330201335e-03
1.903418775202685067e-03
2.505899066981262784e-03
3.655667657597959190e-03
1.154529465989351765e-03
8.914887973098696702e-04
3.375437914897562669e-04
1.152549818671650978e-03
1.128458581682917263e-03
1.651671269705986530e-05
1.642092612287862672e-06
3.242577864884746927e-06
6.408297762113080855e-06
1.134750340459550678e-05
4.838796608105839527e-05
6.567554044893132150e-04
1.880232214137663458e-03
1.478606950576940660e-03
1.204510417214422514e-03
7.886523329207559968e-04
8.345186029392121429e-04
6.278364174322017578e-04
3.313654197106277125e-04
2.213323994983871883e-03
2.258050425681860148e-03
9.209792737845418509e-04
1.128800828007452134e-04
4.761405882176301234e-06
2.511374403543048286e-06
5.003847318393095466e-06
6.447564998609600490e-06
1.048480909151467249e-05
3.415669717138981502e-05
3.186579739399891180e-04
7.546540627507488264e-04
4.327877557020201279e-04
3.812857379510197148e-04
1.181061337323053564e-03
6.965974117345920301e-04
3.191525907256405055e-04
2.517754710292207081e-04
7.902175958642698858e-04
2.469128399192379035e-04
3.217224811639280444e-05
9.104952953143446702e-06
3.680391999541798949e-06
4.501191600525031905e-06
6.141302623763686447e-06
6.223507303851792979e-06
1.035176656545462491e-05
8.693222606448089678e-05
8.147391276894716062e-04
2.751178897554759206e-03
1.733777452804579787e-03
2.418504755435487363e-04
1.198274699122804773e-04
6.226545009958187429e-05
7.513635000028304894e-05
7.330324059444082673e-05
4.621312879144492914e-05
9.647902368100428992e-06
3.560580647161821034e-06
5.544984431273453806e-06
8.546268986962392658e-06
1.083233713224649595e-05
1.089692135064009471e-05
1.048986966081494373e-05
1.665763235771653729e-05
