1.249689423135943555e-05
6.556331565325889427e-06
4.294304636044999467e-06
4.785618605442415489e-06
7.782276234455185327e-06
6.662116627296921036e-06
5.064419625589728576e-06
5.263564686341621837e-06
6.505031198608160618e-06
7.806243848110929693e-06
6.353393963071497455e-06
6.223028591687643816e-06
8.229630772735772816e-06
9.394087894554593873e-06
9.194635886443658040e-06
8.654526827410264549e-06
8.837703415402507832e-06
1.290222502171224621e-05
3.629599772010592534e-06
2.432127159662419918e-06
3.928055773486944950e-06
1.904404055679910894e-05
1.267277908730073642e-04
3.294675832120214369e-05
2.988930510356783209e-06
2.970518713232117723e-06
2.817151278238253995e-05
1.240630444753236191e-04
2.275000309235193337e-05
4.098749060766768863e-06
3.849558579274419348e-06
5.126647798945206743e-06
5.874271219912811534e-06
5.719130484182481445e-06
5.706759775444990056e-06
8.850678351448330040e-06
1.805153543617210703e-06
8.413104071501954285e-06
6.407455045791821666e-05
1.708960185106921906e-04
7.530299381407582230e-04
9.503147624478504155e-05
1.685783790792520324e-06
1.219231289052856348e-06
6.373626353090688218e-05
8.661473411129057710e-04
6.205644413037999163e-05
4.916528274443791192e-06
2.783627798543113878e-06
2.723819244407214482e-06
4.187948440864717853e-06
5.443341765206674167e-06
5.667958893267629854e-06
8.615167065339782580e-06
9.798061967465540364e-06
3.682310844445989967e-04
2.065234928596225081e-03
3.143570103894000869e-04
2.676904572864176692e-04
8.914677445675412836e-05
2.738063267333563627e-06
1.112565505791718376e-06
2.738126242522868732e-05
3.524600456157623847e-04
9.534898647005295136e-05
3.734125884947513249e-05
1.217337241934894729e-05
2.551015838785943527e-06
2.749022386702283018e-06
4.873824230160787018e-06
5.906288795722182626e-06
8.934050389405724619e-06
6.990570025630570244e-05
2.237235672993491842e-03
4.643120767712107140e-03
1.064208169922950574e-03
1.460631473994303655e-03
1.015517318562709484e-03
1.617203757554376597e-04
1.075221045051078330e-04
2.028443091353545062e-04
5.361778251366011759e-04
5.215770997243852816e-04
7.337157639761857173e-04
3.192785920421065170e-04
1.765901603664010955e-05
3.801290182189619858e-06
4.407883483206218730e-06
5.809955911714660448e-06
9.049244124380152705e-06
1.880627248469590149e-05
1.689796097308620283e-04
1.044681246402781637e-03
1.740788463846981715e-03
2.262953207022969787e-03
1.536620495435033103e-03
1.419601024115435929e-03
3.509295832948372117e-03
1.392206153478046677e-03
7.771748612310886654e-04
6.537923123916027568e-04
7.328200408176556999e-04
7.577772952444628354e-04
6.509741693974327318e-05
5.783023571417757075e-06
4.007307082137712957e-06
5.507593757862076798e-06
9.120341377311834557e-06
3.872585557030560108e-06
2.184990691099817378e-05
3.573405495572597700e-04
5.925922922156391312e-04
8.790056423684019377e-04
1.268570813827163760e-03
2.326077446576625359e-04
9.943718389133139222e-05
1.683225782091245877e-04
7.042170553696241791e-04
1.813045191493350364e-03
1.333566597195258528e-03
2.032720736688767185e-04
2.054743229933737105e-05
5.039151968244765636e-06
3.579331010013480762e-06
4.923621634737895383e-06
9.049095469946587139e-06
4.319806783173801272e-06
3.670090399484496140e-05
7.773101342114102381e-04
1.022395901150926177e-03
2.001476502954636135e-03
2.091182089172598582e-03
3.987520426901825182e-05
1.223066293411641713e-06
3.929320354592457774e-06
1.112760503726295937e-04
1.396990777093527628e-03
1.944686588965377277e-03
1.465063274508338867e-04
5.161576126958166062e-05
2.398270944894069056e-05
5.318803577436504414e-06
4.429162500685641625e-06
8.830177517906546582e-06
3.528095550643807189e-06
5.588775293042721608e-05
3.216057337960466934e-03
7.200755757784461572e-03
3.414815928681367782e-03
7.188843985933087875e-04
5.184016319395440140e-05
2.248325393786239520e-06
4.959317398793460554e-06
6.985793234790431741e-05
1.496586474333038233e-04
3.544043388242332682e-04
5.439305121592216945e-04
7.737317376769391143e-04
1.024529655385421865e-04
6.344727985040210963e-06
4.129012498804099390e-06
8.854050828971818260e-06
2.179572227688171078e-06
5.846930508439565887e-05
4.729503410359186220e-03
1.624065872141645592e-02
1.128687442629412903e-02
2.510896377673913719e-03
8.938353078472509967e-04
1.129348657499305397e-04
3.206313493692657633e-04
8.143004160613993153e-04
1.503029544482751873e-04
9.309041502484993822e-04
3.698389661475959787e-03
2.991617429999643332e-04
9.945484851746292041e-06
2.544071019943528562e-06
3.792338024973852376e-06
8.641730808225117367e-06
4.014987777655382125e-06
2.262677183241139161e-04
7.131232486469813586e-03
8.913878512666433690e-03
9.915688691195427909e-03
2.043347892982661819e-03
1.183545040495494584e-03
3.986359695055701662e-04
7.082676461991207432e-04
2.833097525729358075e-04
6.906047847224608296e-05
1.798194523734734755e-03
1.240358878988889919e-03
6.928787269184806423e-06
6.437339599251466657e-07
2.008075654634652859e-06
4.492993211909954844e-06
6.744495925043779650e-06
1.201816540115692359e-05
2.555977281549515114e-03
5.829444506582409646e-02
2.289975086670250140e-02
3.072382781301974397e-02
5.511342464612196609e-03
1.059911575593541332e-03
1.354805855664995831e-04
1.439451628179284968e-04
1.920090111897152353e-04
1.667909894363786886e-04
3.254080791156905954e-03
2.018530014882490790e-03
2.196185623413716260e-05
4.365965579138422093e-06
2.604676299161082459e-05
1.612892441655585808e-05
4.849915468856374588e-06
1.173805796415842130e-05
3.108373595774472937e-03
1.938171345900780440e-01
5.372355911115075239e-02
2.776668351581561625e-02
1.332960464419020129e-02
8.283915066592308909e-04
4.068571929171573579e-05
9.962241909698213720e-05
6.992040589911927180e-04
1.693199452009589746e-04
3.308016466928757155e-04
3.340426251583285093e-03
1.228015831593703457e-03
2.799545465340645429e-04
1.092698019964768357e-03
1.251143002996007330e-04
4.986224820142572207e-06
3.263155174312288946e-05
2.571552711447462527e-03
7.567180511335375170e-02
1.559631443139934508e-02
4.324703718909811943e-03
6.827471603484697865e-03
7.488549140928913014e-04
1.471375239722111708e-04
9.208939705741162691e-05
7.436579195834231337e-05
3.118343831892912883e-05
9.145272065911886489e-05
9.981452854423878036e-04
8.312759487757390977e-04
3.239656353918803381e-04
9.675111712605226908e-04
1.038159076808270470e-04
5.119488851382049307e-06
4.620969882414908530e-05
1.115235745456495805e-03
8.121021758817459357e-03
8.114917711409829620e-03
1.085231807566811729e-02
2.364596653953142565e-03
4.722301044550673409e-04
1.534754547437470291e-03
3.491013823242945010e-04
7.653376932012998771e-05
2.331013323760250215e-04
3.410858802233161964e-03
2.080509185083283252e-03
2.326241395911871480e-04
1.862963925430604956e-04
1.122936037688409031e-04
1.046769339019435056e-05
3.826984143136791296e-06
7.655630630084907812e-06
2.415543122189617558e-04
4.327477032533955277e-03
1.281744447242213862e-02
2.250464986642391335e-02
7.598753620357897188e-04
1.532230033831742948e-04
2.948412616580440323e-04
2.801301237047141863e-04
7.358042390643550678e-04
1.303334801132873541e-03
4.682797895256575298e-03
4.224981254242385332e-04
1.000098620484090803e-04
7.927256435540493357e-04
1.126934071138541843e-04
3.934597169778805914e-06
4.042239453953697151e-06
1.748651028914059831e-06
7.807036473436153128e-05
4.223744662166462917e-03
5.881003976009019363e-03
6.621042477390577316e-03
1.458043163416104229e-03
4.170358858098688771e-04
8.023568014883611669e-05
1.618499032990314279e-04
2.427744450445138563e-03
3.924942519976604149e-03
2.772273401252774508e-03
4.966383992485750480e-05
9.890018523620478451e-06
1.017764886679195204e-04
3.049592709929076846e-05
3.626583219069839074e-06
6.012575148650739725e-06
7.467909823820031714e-07
3.300033516861327081e-05
1.394714710160672696e-03
7.815941884845987358e-04
3.058963474803457882e-03
2.871957637793531599e-03
4.144495324421892989e-04
2.519054221012119151e-04
1.097484035848792601e-03
4.395982259170858920e-03
4.307386643823751110e-03
9.454836130570875175e-04
1.009492713436001110e-05
1.942147127920678191e-06
5.489297578692686188e-06
3.650471285630301727e-06
3.141297921014327430e-06
8.083083576428562550e-06
7.616550895937195704e-07
1.356788534307890623e-04
6.304346337314015863e-03
1.212016956805776324e-03
8.793006855220920903e-03
1.478381976953163819e-02
2.802657152923535445e-03
5.244191293583126169e-03
5.384583281032672038e-03
1.412107721407476627e-03
6.626258941323604022e-04
8.784352179855959382e-04
7.899872813923971735e-05
4.078040640570653168e-05
2.319060642161442821e-05
3.366664716045090747e-06
3.195587907323483809e-06
8.842279387554777679e-06
4.437567201324392875e-06
4.594614244982832426e-04
6.073954167912347553e-03
2.736120078731331656e-03
1.101295714834139849e-02
1.265273907833863037e-02
8.265557348487700268e-03
8.980416840237084516e-03
3.579803384586808038e-03
1.852602722012175809e-03
7.085732781481964178e-04
1.801265907432018443e-03
7.306196650031556838e-04
7.353398736684542067e-04
1.503409742157056932e-04
5.299878355967765010e-06
3.245889587737123799e-06
8.638647729028837654e-06
1.127213194038308245e-04
4.683993439052437646e-03
5.605966240749764296e-03
4.710976443565086103e-03
1.534663417065372168e-02
7.836665521995644229e-03
5.556216234140799737e-03
4.472701619421745600e-03
1.334987540917478496e-03
1.077469828012298436e-03
1.689823271046208717e-04
5.771407250590568144e-05
3.068181666748847659e-05
6.092620366364611399e-05
3.115883554326096536e-05
4.134394446088996203e-06
3.673023657457451977e-06
8.766561401271240396e-06
5.175581810685730521e-05
1.564493773295063750e-03
2.804368090580249689e-03
2.139470034813408320e-03
3.740562007753268307e-03
1.417790088131752699e-03
1.578986255610237725e-03
3.288670404436863388e-03
2.699764329068553336e-04
2.438652723585187714e-05
4.520546256011096384e-06
2.028266869591592918e-06
2.053199926122086285e-06
4.148727928372265330e-06
5.119487867489894208e-06
3.758107292537662472e-06
4.763540104877901373e-06
9.087407629201897137e-06
3.300788138718232456e-06
4.983908176244994810e-05
9.940846235585391183e-04
9.393495714924790128e-04
1.394276827377552658e-04
1.455883203869546468e-05
1.832335095009126434e-05
2.508346317981687587e-04
1.788134729584283592e-04
1.003160126280923107e-05
1.826440146440598311e-06
1.929195710900979198e-06
2.938214089277874089e-06
3.894354861109816113e-06
4.502089190977160523e-06
4.757393420640698928e-06
5.466362526962955856e-06
8.834079608062929867e-06
2.147257407877461272e-06
1.494689453999095717e-05
3.258513189023170371e-04
1.312029069847019916e-04
6.222703627129195682e-06
9.533592378104517052e-07
1.556128978940966463e-06
6.496022416045448206e-05
8.595385892061303606e-04
8.153973983776953199e-05
5.142287216217268276e-06
3.936696204702925678e-06
5.591188889519313961e-06
5.899572577760658633e-06
5.752174765950040204e-06
5.574875155483635864e-06
5.765062084374767369e-06
8.935622068115018236e-06
9.188793789954195567e-06
9.653336198600606275e-05
9.841798929048934264e-04
9.536068406439912842e-05
4.204628741730307059e-06
2.041474104528648867e-06
3.215191921086990668e-06
2.426480837862676697e-05
1.373609778245051222e-04
3.448414565626860550e-05
6.553812461604593517e-06
6.771275744465818961e-06
9.169315329916773031e-06
9.324941016884144841e-06
8.984447472964818968e-06
8.655819298233522439e-06
8.894076963151212824e-06
1.290636324516136335e-05
