1.913019129174627932e-05
2.087753078739467338e-04
9.431466729989368761e-03
1.224840234188275846e-02
5.597736063997339404e-03
3.924826556108588181e-03
2.292916749943431723e-04
2.229481408489363694e-05
6.210743105165737407e-05
1.938483735630555616e-04
3.926730227574137913e-05
7.664141434049567711e-06
1.164975814533197502e-05
2.509097910059174228e-05
3.077667747267632452e-05
3.085303267118866185e-05
3.177097192666716847e-05
4.671310984588923897e-05
1.659083600301822803e-05
2.404193329726595797e-04
2.512656850768384392e-03
1.515208821884499787e-03
3.161960628183452856e-03
4.263772479115251687e-03
1.495421766021453821e-04
1.530323413814990051e-05
1.627208893871798028e-04
3.707673622255832670e-03
5.438233301267089833e-04
1.254403524974544485e-05
9.941653612522056800e-06
2.106066794967584028e-05
1.875460274469514869e-05
1.806914751182530106e-05
2.012506925473462181e-05
3.195799878798388424e-05
6.681955970920113136e-05
4.813932911880312512e-04
8.061237315804486254e-04
6.183800768387232895e-04
3.464043233385165777e-04
9.877693800759847860e-05
2.056910755439825478e-05
9.298252898878931792e-06
5.937018897063931671e-05
4.360839769280428456e-03
8.161941764160862006e-03
4.902727356680705540e-04
2.414658401390275266e-04
9.019716761409667842e-05
1.671025475745049110e-05
1.297299301716087750e-05
1.850775238794295799e-05
3.215989970524133352e-05
4.027569153035468678e-04
2.679228195310804934e-03
5.407766128347589983e-03
1.113038764740835115e-02
3.648944937439718619e-04
8.111836050587537735e-06
1.358153369552393757e-05
6.125268662020496321e-05
1.023998692023924550e-04
1.199594458724662213e-03
7.790804732585495870e-03
5.912058403974245098e-03
2.249460455441156144e-03
1.291034557060972748e-04
9.594641773668062746e-06
7.226044086727668195e-06
1.423435343141280975e-05
3.204718952427274047e-05
9.274277076366372306e-05
1.845620017530055768e-04
5.796171052402463580e-04
4.024976779766524342e-03
1.058819656842840008e-03
1.124376821618299068e-04
2.319050031261692959e-04
3.668803872203154313e-03
5.284219565959037170e-03
2.713625933297757111e-03
1.514932669577889962e-03
2.051337639954678525e-03
2.721030665610913758e-03
7.144124849583540632e-04
8.403959903261504238e-05
1.554879265646207822e-05
1.202929210146379480e-05
2.862198837549081537e-05
1.370232397108575944e-05
2.298823582011686630e-05
1.652960515446604646e-04
7.594278496049137843e-04
3.462494882636755773e-03
7.513235999819724460e-03
1.699961751683462920e-03
3.092493735457701228e-03
4.848588668452103595e-03
3.676829999598494204e-03
1.549711427285999175e-03
7.921043951224293134e-04
2.549506046305570917e-03
1.124304644990540419e-02
4.825277092034930236e-03
1.535579689531570971e-04
1.708333161596246533e-05
2.683584704624652172e-05
2.191585356783107009e-05
2.244340926065183193e-04
4.261860953748275796e-03
2.417320362065896507e-03
3.302851936438514283e-03
7.378171931755672826e-03
3.739186276909384449e-04
7.246257361407079157e-05
1.996348089263545505e-04
2.139091613575905444e-03
4.595794095027951921e-03
1.210047933735641876e-03
9.711753891796460949e-04
2.785211162081964714e-03
2.933090171973970831e-03
1.379885951157235134e-04
1.175927346485815332e-05
2.113168333201074519e-05
2.519095381613202793e-05
1.863818485130734463e-04
3.256176487234329221e-03
2.815660617732608333e-03
1.187883323201161835e-03
8.615254835618502052e-04
2.274452335437958492e-04
4.506173221410018475e-05
9.601328854274616444e-05
1.819028180420302057e-03
4.759474595221676284e-03
2.927046516703448679e-03
3.374878462259195758e-03
2.960624773658277007e-03
9.967478743123960039e-04
5.157276404463384902e-05
6.768830425348537153e-06
1.553792496626904145e-05
8.009806382305915710e-06
1.094693233657556794e-05
3.271472406950573812e-04
3.307428391403647184e-03
1.202336614505106335e-03
1.064047243290055025e-03
3.414241369871129535e-03
2.318467720362575580e-04
3.487135300336313855e-05
1.140166629645519283e-03
1.025928960432421003e-02
1.212069476598182658e-03
2.634381996144609817e-04
7.306068086878321575e-04
3.296227816607772386e-03
9.710141502077057271e-04
5.692395681004044900e-05
2.591901594945082956e-05
8.718869890033913834e-06
4.277396845490924248e-05
2.167778403583120461e-03
1.138893353120763903e-02
5.373452810591523507e-03
3.293658506688996405e-03
3.873957603200033246e-03
2.187249725479860482e-04
3.276364152778413354e-05
1.105559909299732397e-03
4.270791604129604326e-03
4.794414663126682813e-05
2.373219259054153017e-06
4.298449742943220592e-05
5.583153916153778262e-03
6.508559182729328763e-03
1.574627036461663759e-04
2.769537829536937977e-05
1.291160996902120740e-05
4.588255055134325992e-04
8.530140943416444216e-03
3.779209513097606891e-03
6.536227345930068801e-03
1.705416995615067783e-03
3.405223294537781725e-04
2.423394172321026527e-04
3.281882743481694359e-04
1.869211780677416121e-03
1.281583634865426057e-03
5.294470415571644900e-05
5.459534126336618844e-06
8.235835066622587436e-05
7.602677220430275121e-03
2.758039044171059495e-03
3.948445295261381505e-05
1.272350835649159807e-05
6.799309542563101946e-06
3.532608367396457673e-04
8.056622021105852571e-03
3.806373848944406574e-03
9.077543788041628897e-03
3.043820650987134457e-03
1.731571098581175449e-03
1.877654375619274268e-03
1.247727504908085301e-03
1.369119463353048877e-03
3.802519560118069412e-03
4.414524777697379117e-03
1.929631876666345540e-04
1.051856612286236977e-04
4.607282007874755406e-03
6.793455182466061684e-03
9.953098464122885319e-05
1.352158752576309517e-05
4.802092580003580326e-06
3.745308348677361759e-04
3.020123842372300638e-02
2.852231159057179444e-02
1.608364671507224106e-02
3.384058850107776392e-03
8.640059064667035896e-03
9.248745960657641166e-03
6.233347593951262498e-03
4.468170981981815781e-03
5.424179680361789803e-03
1.077723360305578304e-02
9.041981310469883026e-04
3.440105787900747951e-05
2.916112357365178683e-04
5.350553102974494463e-03
2.144692738426721534e-04
1.147173627172510061e-05
2.695184174520962133e-06
2.395100228143665956e-04
1.340387785664160468e-02
8.951632807717416554e-03
7.808488919661117807e-03
6.241984891452587647e-04
6.957248455835286479e-04
3.008287153132513728e-03
4.837847670492684098e-03
4.748346819887232402e-03
2.930912820681558662e-03
4.366509088819902143e-03
2.901921043415626143e-03
7.070805179408199120e-05
1.547987044849260065e-04
7.691805151171222585e-03
4.218335108161068458e-04
1.174287329578933650e-05
4.149073504689133546e-06
6.473987954548600593e-04
1.156111675081518408e-02
2.224054677583988966e-03
3.250761837790569573e-03
2.146656495697750900e-04
5.564691327227882188e-05
1.354170903657696441e-04
8.054055032076676507e-05
2.891297719665803434e-04
4.788827336906839940e-03
1.512720222906404656e-02
3.557917627840878096e-03
2.617416886403614910e-04
1.697682745611850744e-03
1.231197647894605868e-02
2.327979412799961679e-04
1.219097019169149463e-05
3.245829985688286759e-05
9.189170988909668106e-04
2.080743100416815837e-03
2.142624721443020866e-03
3.334502402463879536e-03
3.964021192244807285e-04
2.836787507191927465e-04
7.250504630188791297e-05
7.378935475232700096e-06
6.100014756284348743e-05
3.679629779481561995e-03
1.123186164280824337e-02
1.135801132255749839e-03
1.098053155972070205e-03
1.029907409357301226e-02
1.177395087411516961e-03
1.344097174089244081e-05
6.901248273186464326e-06
4.719067127327999348e-04
2.107100685393976588e-03
9.794454257895622573e-04
4.812516142010231888e-03
4.447642312474995446e-03
2.302694333372768288e-03
6.347301705811565081e-03
2.881322694984776505e-04
5.323938026978883927e-05
7.106436359477781139e-04
4.818602141531983137e-03
1.576675888172154177e-02
3.590366993293585187e-03
3.390039645333128154e-03
5.827603197011306350e-03
3.923030729017803033e-04
1.771893552644574876e-05
1.269904070384441036e-05
1.208310117074440511e-04
1.900866111768892181e-04
3.374150278595455972e-04
2.693456439665953273e-03
1.238421781930045418e-03
1.788464857595462336e-03
5.997060646101564849e-03
7.564858779515768817e-04
8.510749916962819005e-04
5.354220515794648125e-03
2.284740845630945424e-03
3.713571340364382224e-03
2.115862505139861835e-03
4.397105641675950333e-03
9.585445795596440888e-03
2.806182995925333035e-03
2.304360102251929940e-04
3.923034663576883079e-05
1.045127636431960800e-05
2.296441768907760261e-05
8.448841900662915462e-04
9.603655249070244468e-03
6.781288686617586905e-04
1.930537469572628304e-04
6.554161590021435110e-04
1.356967911603853758e-03
2.029852385477054749e-03
3.897305055325848717e-03
2.631719590390302430e-03
1.627227944773037985e-03
1.318516160101293163e-03
6.632572071800700575e-03
4.532221057203358709e-03
4.954583929921144896e-04
7.336324547394314254e-05
3.016284442622859416e-05
4.419491841158886252e-05
5.429175350668927766e-04
3.799622523589873176e-03
1.209302974970573232e-03
2.013812406357865133e-04
3.173223398233783487e-04
3.671985897712858483e-04
9.139084595731782924e-04
3.465528170489385468e-03
5.748665073541349251e-03
5.297589507728354269e-03
1.877297293600011050e-03
4.300346362081169764e-03
5.867253582380826948e-03
1.707547786671832616e-04
9.712060957530648650e-06
8.047575401164120106e-06
2.045012668538832417e-05
2.438346546445215176e-04
7.226182999630808949e-03
5.477678063109206810e-03
8.722846101597650514e-05
1.254362333039381360e-04
2.940736341138614970e-03
3.423411234304248214e-03
6.788708414338112500e-03
7.178920329559688659e-03
6.258004591103324661e-04
4.303288307975209519e-04
2.164522369577588472e-03
1.528006521831744638e-02
3.934813859325645910e-03
5.680711437017509411e-05
6.707054283317257871e-06
9.603837002753481155e-06
2.763713819390016733e-05
4.866518834517956056e-04
1.369980330225212435e-03
2.272758614007784443e-03
3.581578120743989435e-04
4.768204905306052083e-04
6.018667620867250521e-04
1.252901286160712155e-03
1.012156996395449475e-02
1.020277764541531853e-03
2.158718674719925610e-05
2.130387729150082568e-04
1.094668021215924880e-02
2.130585693113999299e-03
6.998910056999250269e-05
1.785847746087347495e-05
1.519271456628389827e-05
1.890177248570792224e-05
3.366620384994479024e-05
2.828221167259038771e-03
9.222767489159285981e-04
7.025779765636007293e-04
8.021470364124374261e-04
2.385418774202898665e-03
3.380686931448393935e-04
3.739200416472593966e-04
1.402251655935287181e-03
2.612841961762783207e-04
8.049748852215056027e-05
6.904706244582447649e-04
3.976559892846273647e-03
7.097590362188828383e-05
2.459177233767701109e-06
5.817972479952257140e-06
1.676141065549046887e-05
2.058017843037687102e-05
3.158694936969750597e-05
7.413257743048763280e-04
3.860170065830528536e-03
3.165204418619280320e-03
9.719632192208161464e-04
4.236889271115922007e-03
1.545562272187622592e-03
2.059718527284171499e-03
4.264991256999380205e-03
4.747249353119215552e-03
2.928775790278480024e-03
3.547005378713019162e-04
1.028491360356642911e-04
1.708295622353636739e-05
5.510998240353822407e-06
1.119354407610246544e-05
1.924012912178191633e-05
2.032461466742737654e-05
3.127420851227066080e-05
2.109619193966497699e-05
7.503331709300300589e-04
3.416025843215471456e-03
1.699988241854984107e-03
6.744023114130768236e-03
9.188410399266044425e-04
2.200445704177881408e-04
8.014374554487886052e-04
3.596559639273441081e-03
8.980965829822774990e-04
3.034153426751684071e-05
1.244266149138258325e-05
2.090553664085030157e-05
2.721701975695446863e-05
3.266852379696784207e-05
3.261847348747509695e-05
3.171937967208041548e-05
4.641187565590324942e-05
