2.660734593546845714e-05
1.186041498374379468e-05
1.180234949431135473e-05
9.956902932580940808e-05
4.745855735059046287e-04
9.192770110848580488e-05
9.233297702175342783e-05
4.661698037048066473e-04
1.245432332701833786e-04
2.054566791095479875e-05
1.709346367245105462e-05
1.720826872117786293e-05
1.875961037942856097e-05
2.339085459056106507e-05
1.915689194856571757e-05
1.764445535445767800e-05
2.406283128834511026e-05
3.818018091383845215e-05
2.368758429471406487e-05
1.332777235423335248e-05
1.230799029248373001e-05
2.585656460946977506e-04
3.067371949912997813e-03
2.473005078276606134e-04
2.894253271793317513e-04
2.959978618878705489e-03
2.697272062211706614e-04
1.360956369061916870e-05
8.612750982710652386e-06
1.294409391185356941e-05
7.345393260527917898e-05
3.320111255634974282e-04
7.771985609012932070e-05
1.333174779600766050e-05
1.330826366288950384e-05
2.688984344612619084e-05
9.163976220345773313e-05
3.796433007002909311e-04
1.917841876374620921e-04
2.549948149257379258e-04
1.094974363874639698e-03
1.744213903720114251e-04
2.922828889400672721e-04
1.516503817857486154e-03
7.617893602319142517e-05
4.960834606429114903e-06
5.205791119480656323e-06
1.528558041987836897e-05
3.373328148908914478e-04
3.585396185129034741e-03
2.912383108849389730e-04
1.280578773805253262e-05
9.161028482302695504e-06
2.198447717703128841e-05
6.614565444236345827e-05
3.255669143783297866e-03
4.701477362380692207e-03
7.728916514746678830e-04
2.084966584685397483e-03
2.583423171174038975e-03
2.787347661927897392e-03
4.064260483746056328e-03
1.325656611850645867e-04
3.877223466384581875e-06
2.874511195102992241e-06
8.590438613873942487e-06
7.047175062448280086e-05
2.940611856508303502e-04
7.734019196069858609e-05
1.597498458998679788e-05
1.099565296394229384e-05
1.766362381931908395e-05
5.924155111949562508e-05
3.639784870086342460e-03
7.354144485350323258e-03
1.781420822200209314e-03
1.731065065886809411e-03
5.509930047931885580e-03
4.243234679452716554e-03
3.802048473560456186e-03
7.327731104011239380e-04
1.915864498301278433e-05
2.748819123569247078e-06
3.211224002709755049e-06
6.871905478359999145e-06
1.570259170501926417e-05
7.873491239789922604e-05
2.824364521788429844e-04
7.284807407778256822e-05
1.966149589436072111e-05
7.606282387954275059e-04
9.622108155949654976e-03
4.545884021818196591e-03
5.762847885314546260e-03
1.425616625440119609e-03
2.515953739220224555e-03
2.220658000172408882e-03
9.965342388746152753e-04
3.413198230532576635e-03
8.956253078284237123e-04
2.308289826802211917e-05
2.503632607039801086e-06
2.254227747229195167e-06
8.939468785720725382e-06
2.967906423161896664e-04
3.594423953875924664e-03
3.313134079961862241e-04
2.381761591468348142e-05
1.954325398710278960e-04
9.860229477510723105e-04
1.326693812069916403e-03
3.497134365017644415e-03
1.046511333506924954e-03
2.395229917848505554e-03
1.031298972606234420e-03
3.620308572444348900e-04
6.564652841281262349e-03
1.263808075835976680e-02
7.642967970273664442e-04
1.603042392379016944e-05
2.296004500087891035e-06
5.617122143176633832e-06
7.029056400434968602e-05
3.330783269467069022e-04
7.209548790809472462e-05
1.851321383016751477e-05
1.329045388462521711e-05
1.306281214733006940e-04
3.102993217527286619e-03
1.859855403638192850e-03
1.217564620085973725e-04
2.049735803356272684e-04
9.149267754506491834e-05
1.862786225865666187e-04
2.430673976135121900e-03
3.167504197371535588e-03
8.177316468809430958e-03
9.825795298775996146e-04
1.798903632893038323e-05
6.212587068268488822e-06
1.158881430458295107e-05
1.708024100187712500e-05
1.377140183421719922e-05
1.797311814221446522e-05
6.179577157471527281e-06
3.902431249859386017e-05
5.028288672647394930e-03
8.567464497988466765e-03
4.405592248179289569e-04
3.300331031315504758e-04
6.802265142462106666e-05
4.181570462066709642e-05
8.326343058274136974e-05
1.196144314445207860e-04
4.211249030852386860e-03
4.156003791215110051e-03
7.290521338673680899e-05
1.040704041735224206e-05
8.716466159315147986e-06
9.582447239555710243e-06
1.293206317643182975e-05
2.481840802273534141e-05
7.681406217957640893e-06
3.950227533047668182e-05
2.695281941579273210e-03
7.634968424621435892e-03
2.603693254392525948e-03
6.152480934221794644e-03
1.985948444838411299e-03
6.992097116939211964e-05
1.119522663805603488e-05
4.966770517737042627e-05
1.162150324761668761e-03
4.243524158698710569e-04
2.996268248257100868e-05
1.564052476363796547e-05
8.169305947264168767e-06
5.745937685142740007e-06
9.942657598343406040e-06
2.360184089402986662e-05
9.785735041687931911e-06
1.994902974227281316e-04
5.628311225735485417e-03
3.438921246438034641e-03
2.186619248022104913e-03
4.347552681155538411e-03
6.453538292148969929e-03
2.978861299956927318e-04
1.821047220539481502e-05
2.466564531773120738e-04
3.149509711891060847e-03
2.770647890704769703e-04
1.047123584004599681e-04
2.610937277900374394e-04
3.486502467025283917e-05
7.377389581434273034e-06
8.248591296221066999e-06
1.516868455126501257e-05
1.244910454315646733e-05
4.668208889467373533e-04
3.276516761697303992e-02
1.953857470021600970e-02
1.436278936697480552e-02
4.139306521849791393e-03
1.610416730455590043e-03
1.173761446461750517e-04
6.720558366043160177e-06
4.418659237399987573e-05
3.264299912675637343e-04
9.461423336055376670e-05
3.944402825155347543e-04
3.127815250325579211e-03
8.197240421492542209e-04
3.973627526771484806e-04
7.904405587364330169e-05
1.497281831322050626e-05
3.693204043497609439e-04
5.197486498329232339e-03
3.013718095313260847e-01
3.564309137776072028e-02
1.465352778079188553e-02
5.601080254543548166e-03
3.508052260144619173e-03
6.306121213070313815e-04
1.501011420688032361e-05
6.734224720499986325e-06
1.603112930920263404e-05
1.333953104547546564e-05
6.117803067200860978e-05
2.407281039772093056e-04
8.235572090864778840e-04
7.631147012546195436e-03
5.829825164578450328e-04
1.727387582517156799e-05
2.990697440744423657e-03
2.700016934110966924e-03
3.296375683618098934e-02
4.120716389576001629e-03
2.495427804564456006e-03
1.508050347063044031e-03
5.040379708953705851e-03
8.541924663271211610e-03
7.665399004019718410e-04
1.758134409324728310e-04
2.051627140395451002e-04
1.149147645138979125e-04
1.038303990776616914e-04
2.872742912186929942e-05
4.480965298833320233e-05
4.556581471106405166e-04
8.169737060660680521e-05
1.057524083760682181e-05
2.778146923726829837e-04
3.281471888656829544e-04
9.411413017995513483e-03
1.490394857110715482e-02
8.426193367748016291e-03
1.606260445081310979e-03
3.421846676730974299e-03
3.215337797011065188e-03
1.703055285420405386e-03
1.904649613402105814e-03
1.844161439069383259e-03
1.800909726646462896e-03
3.624849027045216193e-03
4.170261851330091035e-04
1.974353769073162665e-04
3.330070260164162536e-04
3.614857238849371942e-05
1.142125869413208262e-05
2.342601190273582178e-05
1.451820185272361080e-04
3.992209572419808637e-03
1.568470429893526266e-02
9.241553416121180489e-03
1.400771685687175099e-03
2.317173614904599090e-03
4.391359121823905517e-04
1.726515674077515729e-04
9.774279729448257306e-04
8.532867580777444335e-04
6.892543258972259109e-04
3.275943727046323663e-03
1.546849917130391260e-03
3.611310967235245844e-03
4.362200822377992199e-03
1.387329399718059838e-04
2.175441057761953617e-05
1.914689528669656057e-05
5.449188627247765222e-05
9.163200522828830828e-05
7.698977796746415449e-04
4.813740101269829708e-03
5.039501823676105670e-04
7.536262503766839827e-04
1.016100224437387978e-03
3.033292514506026041e-04
2.749723835075153049e-03
4.863705856002709105e-03
3.279982142584575194e-04
9.010270985075234185e-05
5.461414428377021646e-05
2.143970867636258663e-04
3.448061476530291450e-04
4.729604483807859895e-05
2.123910482509275995e-05
1.525345275758216391e-04
3.694921825633916694e-04
4.827990548337299741e-05
1.671003635735522825e-04
2.611761566559073298e-03
2.500270738429942160e-04
2.586570496905590409e-04
6.191700532594704952e-03
1.944293772397493987e-03
1.400889644854775478e-03
3.828068867642319545e-03
2.335589657916648789e-04
1.608484969442315965e-05
9.431938989377475300e-06
1.019762828867391774e-05
9.615365938188915647e-06
9.689561476283644188e-06
1.924527928237931683e-05
2.901758152567595001e-04
2.561209559851927893e-03
8.456357416522323209e-04
5.275549611614310016e-04
1.550851518561793992e-03
7.477213769679854922e-04
2.590895901247707175e-04
3.139511970309304470e-03
2.287880211212981948e-03
1.876673662526618833e-04
1.115272611677145211e-04
4.485835247628629355e-05
7.236021965358285747e-05
2.492593087074820965e-04
5.271250811500013429e-05
8.319822020686936301e-06
9.346583358439650326e-06
2.367022724407275008e-05
1.081166516560127676e-04
2.297025099066925518e-03
9.683411745990822342e-03
7.717791369075765497e-03
6.276549701940880611e-03
1.066587010237807394e-02
1.962222284247755986e-03
1.832889452238050049e-03
1.803341338591114102e-03
4.449986639889369640e-04
6.217130383170297269e-05
1.879142622133536609e-05
2.733003693047260439e-04
3.657485290070312204e-03
3.255029151766295490e-04
1.586106747887126194e-05
1.204827117116072540e-05
2.623001474982599904e-05
2.840937819936381029e-04
7.151847693390151091e-03
1.192335615547348085e-02
3.796996286252410195e-03
1.926212920368300732e-03
1.087732335901020865e-03
1.799657921248252622e-04
1.462628276498489140e-04
6.521572201492519070e-04
3.014381407470528244e-03
3.465025051379126155e-04
1.754703650135710236e-05
5.581689117068690302e-05
3.152900849431778427e-04
7.219627210425857023e-05
1.290480155475155710e-05
1.339718005501236879e-05
2.645069657391376308e-05
7.434676411290193560e-05
1.141367041745462241e-03
3.160457892173003207e-03
2.916214884381307208e-03
1.963017209106179915e-03
1.225325472593211508e-04
6.976262358976404159e-06
6.600467330255153030e-06
4.730348478263116362e-05
3.775902112883601481e-04
1.086143556224447685e-04
1.100312900405828129e-05
1.003341906129079737e-05
1.675727177368769381e-05
1.331143777742687863e-05
1.155532665057764517e-05
1.567790052271378731e-05
2.673396084530701167e-05
7.413041843046786144e-06
4.196266073921782442e-05
5.283527826264081779e-04
2.966300435607806610e-03
1.239352066450906398e-03
3.721373904798255892e-05
4.066631612719219127e-06
4.607289984016022481e-06
9.637126466568106371e-06
1.789030912398928430e-05
1.420754276925737303e-05
9.778910273549122121e-06
1.069507357933534826e-05
1.196227704233953925e-05
1.285926304790809826e-05
1.469197627541296808e-05
1.731217050898907210e-05
2.615023326361112327e-05
3.185239390452365617e-05
1.312954292327858392e-04
1.570069330433210796e-04
3.784173717410615231e-04
3.831677816833496805e-04
2.712773311714434296e-05
5.798117797544867169e-06
8.903812160697693680e-06
1.252351395467519542e-05
1.231099631287980520e-05
1.273493009092520003e-05
1.503167367650481832e-05
1.717382037765292891e-05
1.752757601305942426e-05
1.760510729368173309e-05
1.756807214801621111e-05
1.834855659565423486e-05
2.677415219497301580e-05
5.033872304897763503e-04
3.724891823695579765e-03
4.125606047360098243e-04
4.507850633318926151e-04
3.601725677897589691e-03
4.030964667095150874e-04
2.362163380705303067e-05
1.830879805052873180e-05
2.557005914427046546e-05
2.608281158769125952e-05
2.589220257158309256e-05
2.689355862697082421e-05
2.729862373960868430e-05
2.700840468148742001e-05
2.663088044849086880e-05
2.589431781302672613e-05
2.669695653939486510e-05
3.670789601342397168e-05
