6.984541753993823704e-06
6.077720349606271745e-06
5.869272737486423455e-06
5.870196600867886565e-06
5.867461523403398188e-06
5.853757870833646893e-06
5.845971308722740302e-06
5.854705959141952716e-06
5.889249202758026567e-06
5.905614366613060069e-06
5.784760042077515135e-06
5.532286619891387206e-06
5.395610946828655042e-06
5.536096869733083934e-06
5.779703756334283649e-06
5.893855972192396304e-06
6.090907934034462145e-06
6.972462365722367813e-06
6.130166814060845219e-06
5.117051630454344848e-06
4.885282885323590420e-06
4.902727913035702030e-06
4.911784143760536379e-06
4.884589330284929010e-06
4.862372029375407852e-06
4.877572366323737290e-06
4.893965360595563038e-06
4.682674032578405663e-06
4.083389746290382816e-06
3.522477155984242944e-06
3.343921847446780258e-06
3.525368015317187019e-06
4.076826728440712990e-06
4.664163163938791659e-06
5.095307220230751770e-06
6.080265858475329975e-06
5.703651120850480215e-06
4.423475686614559014e-06
4.087172758365720116e-06
4.283287203377314625e-06
4.585104485775154168e-06
4.708934129615797568e-06
4.700508311261919855e-06
4.701093194326389174e-06
4.583155283518585872e-06
3.901882459067437239e-06
3.262245041053939577e-06
4.315821999897894001e-06
6.065090262428720856e-06
4.322719740251636715e-06
3.257822590608775242e-06
3.881911500243653949e-06
4.767119602354522483e-06
5.891006839050951509e-06
4.529951584535661476e-06
3.023059406963528176e-06
2.707847691815882496e-06
3.075108420520674168e-06
3.857994292751575084e-06
4.559188902288070067e-06
4.790981956850796882e-06
4.780937144533912287e-06
4.417508308857766250e-06
3.381812803307864636e-06
4.328825185904230695e-06
3.345239159971504807e-05
1.733054897917617903e-04
3.344037587277093527e-05
4.308731382327718371e-06
3.348404365882630405e-06
4.557003640034028091e-06
5.898755568409118539e-06
3.694211075814099220e-06
4.077566684351544500e-06
5.619044055059553345e-06
3.979040226882400338e-06
3.043828215281825592e-06
3.819453019586942546e-06
4.683432081649430889e-06
4.878146994429222026e-06
4.385974556390210763e-06
3.240753801700871035e-06
6.119081153208507455e-06
1.750881788948075520e-04
2.291829626770370415e-03
1.741800485070887970e-04
6.057958537470352423e-06
3.179933125053705728e-06
4.447440744025503704e-06
5.902611684805847307e-06
5.977149245837502700e-06
5.073773709440600459e-05
2.499310380118981026e-04
3.072214004939972508e-05
2.855210754947295010e-06
2.268635282792101222e-06
3.541661370341005470e-06
4.447317479322437652e-06
4.285925890524377363e-06
3.176931373843253709e-06
3.992157692473481174e-06
3.189132851360524518e-05
1.728570651663006346e-04
3.387436710632288762e-05
4.345569662057197394e-06
3.361955770435341925e-06
4.568798598527496953e-06
5.909227101783280219e-06
7.174947738348801249e-06
1.704459987032235803e-04
2.036514909721355224e-03
1.497933485672158969e-04
3.878982663195086877e-06
1.217829788756756247e-06
1.832059571022206862e-06
3.094314183076282575e-06
3.343737773041271652e-06
2.722165930002885665e-06
2.267896579768177466e-06
3.191230800127284871e-06
5.163103142034266214e-06
4.186371252486443994e-06
3.296314852871389147e-06
3.924206992663821844e-06
4.794282486977487230e-06
5.908155453011997066e-06
2.111731862286922884e-06
1.140933527325075534e-05
2.196464331734003517e-04
4.686900666935067965e-04
6.688857103838046815e-05
4.898006729009621979e-06
3.097063696679172597e-06
4.071209679745840613e-06
2.980279790701735280e-06
3.789861506270164798e-06
5.144972936136273998e-06
3.205144067175073559e-06
2.262519577378204142e-06
2.830870712724717928e-06
3.854834647203355595e-06
4.527535216311410087e-06
4.914138542265524859e-06
5.887534047229143914e-06
1.235564945387000326e-06
1.307811856389421934e-05
9.267539873813535403e-04
1.145101928946311298e-02
6.052632285790031028e-03
3.236187400410580196e-04
1.226886503631291838e-04
4.014500550602201231e-05
7.809399132438977323e-06
3.164306184434690614e-05
1.714382981475827069e-04
3.201945927129466664e-05
3.969002378013889198e-06
3.169291014343291970e-06
4.326628577111709257e-06
4.742388961759378365e-06
4.916589632428849549e-06
5.866982515163343635e-06
2.383460772754697598e-06
2.130713350566205305e-04
2.012774864446805964e-02
2.084987767513707749e-02
8.443983540295484091e-03
3.875734352766180887e-03
1.976045939868546330e-03
1.342824670468710665e-04
1.330244892537081432e-05
1.644291025431281845e-04
2.296911599612659442e-03
1.748098273691762897e-04
6.057285784468807012e-06
3.222697238371996130e-06
4.322641797415379684e-06
4.727818472126300191e-06
4.895403433630421027e-06
5.859791665786551342e-06
1.206635171429253486e-05
7.417314518336291362e-04
1.868301315222346479e-02
7.035810991449699230e-03
2.547648155639690819e-03
3.458902805914623908e-03
4.842536554928330000e-04
1.028368356073026774e-05
2.475906796699134607e-06
2.510965582522885355e-05
1.754808630825377511e-04
3.376190313948353205e-05
4.304981840064216589e-06
3.386775338309912017e-06
4.413177438668380199e-06
4.712023945469121456e-06
4.885132057253549744e-06
5.860233707623014550e-06
8.920457414681907211e-05
8.007596822679912546e-03
7.518537200116739982e-02
2.153711827201591766e-02
1.269809545752871235e-02
1.056895765207510433e-02
2.854911607978092257e-04
2.665911877928439967e-06
6.889044756594953149e-07
2.343635348963538729e-06
5.872338170774337039e-06
4.421983797707594130e-06
3.284627309905924320e-06
3.933745740937200063e-06
4.617800152246776048e-06
4.708012170898988638e-06
4.878181897734565629e-06
5.861833087745605618e-06
1.589931996797026235e-05
1.031307344697697873e-02
3.642906456704405604e-01
5.504858110363706342e-02
4.383175279724343260e-02
2.684168886832724588e-02
3.355429760575150654e-03
4.924823126985129897e-05
1.611574394185714331e-06
1.450171229912382630e-06
2.778897200513595664e-06
3.448091368835475282e-06
3.964865956845632486e-06
4.527944478512934430e-06
4.724206222486231993e-06
4.690966720473624445e-06
4.872117055375987806e-06
5.863494988575449500e-06
7.949291332729903710e-07
4.471997272667807728e-04
6.671584276332834240e-02
2.970058440259766216e-02
2.327861172062286460e-02
6.911378115966631402e-03
7.474998311386496508e-03
4.382809671645286793e-04
4.083976453334219101e-06
1.782866247100422712e-06
3.500276144249960735e-06
4.474047374743303566e-06
4.672499055604769888e-06
4.740580292119903505e-06
4.716793970927108300e-06
4.673392027465712262e-06
4.870318203106832716e-06
5.865358883392511492e-06
6.687606395379453336e-07
6.004291328184503234e-05
4.870341342964675142e-03
9.644952650486026194e-03
1.588857003483646127e-02
1.567295139693140535e-03
3.042606720917268807e-04
3.979076833382993268e-05
2.790543680235851938e-06
2.303511787541442236e-06
4.126999760419949214e-06
4.824770063274162000e-06
4.779432657497885668e-06
4.725293221389149985e-06
4.691818863544250902e-06
4.667486549229886445e-06
4.872328567839949102e-06
5.867471874175440408e-06
1.712402354372270316e-06
1.007312445416901558e-04
1.046332409913771667e-02
2.321816285511524303e-02
2.082859580411059938e-02
1.880909020124210728e-03
4.877974960997442304e-05
4.788098181076488789e-06
2.299354348976977068e-06
3.301230157805754770e-06
4.581913125170409674e-06
4.805370876582608316e-06
4.729295165771059929e-06
4.700296743297129271e-06
4.685334470774048939e-06
4.669009656123116219e-06
4.874789935045156935e-06
5.869139500305397713e-06
3.829298767958885546e-06
2.354237488003367714e-04
1.445282941842319750e-02
7.531662670827469694e-03
2.175403455643903482e-03
4.296702854762400841e-04
2.148562316687733145e-05
3.696204971263418991e-06
3.284191123921386267e-06
4.325402546539756331e-06
4.781281836233085718e-06
4.751675314930883906e-06
4.702804592157232005e-06
4.696557114272173844e-06
4.686609801082983423e-06
4.670314482333880703e-06
4.875599332283861144e-06
5.869702308364599620e-06
4.519905347660668482e-06
3.914195572744286845e-05
1.821175198583793037e-04
5.373953276394859363e-05
3.152324658525769527e-05
1.891110275551311225e-05
5.085177897451227798e-06
3.287709325419836681e-06
4.090414932341256235e-06
4.716248576441978270e-06
4.771365463601646168e-06
4.714366371967681997e-06
4.697035056957099151e-06
4.698920115314546782e-06
4.687844015807247314e-06
4.670416760480883495e-06
4.875608431833328107e-06
5.869738768134116571e-06
4.076552226741317504e-06
4.632278595939089399e-06
4.210168972686784944e-06
2.576972530185133601e-06
3.540536771941859878e-06
4.229571705761994524e-06
3.374181590967779347e-06
3.750020761989372936e-06
4.527678217242278468e-06
4.760485373836177139e-06
4.728352857297458382e-06
4.700706789557449014e-06
4.699235547468964163e-06
4.701964299879931947e-06
4.689388138181819335e-06
4.671286129858650470e-06
4.876296713353426665e-06
5.870212403567337085e-06
4.930099263234820404e-06
3.517521116622200055e-06
2.791126409043902806e-06
2.693178962204558483e-06
3.500083262383277974e-06
4.128590830698806138e-06
4.232000415870011059e-06
4.520272176859411933e-06
4.730556855107724753e-06
4.737535760625951500e-06
4.708307068294748941e-06
4.700769533390777246e-06
4.703215384170255351e-06
4.704711447686916351e-06
4.691211288933724597e-06
4.672740368545795913e-06
4.877517937741473634e-06
5.871168251974112379e-06
5.800749002954786429e-06
4.614396837093486697e-06
4.246720878838019737e-06
4.313063945470162810e-06
4.564907449814669019e-06
4.696398167982428902e-06
4.717557775209183449e-06
4.740092978864892940e-06
4.734403188642847251e-06
4.712434947169624923e-06
4.702560477493536638e-06
4.702586247560526874e-06
4.704775101420992775e-06
4.705273258516844952e-06
4.691207058914116322e-06
4.672239683100859583e-06
4.876605941510231773e-06
5.870136912353823438e-06
5.920948549899528834e-06
4.925196558094317422e-06
4.721348483173089295e-06
4.747805542831865635e-06
4.759679500458205121e-06
4.739223299337519129e-06
4.718314123163218044e-06
4.705227024293020094e-06
4.694759547578352651e-06
4.689180086786017676e-06
4.688707005914160729e-06
4.689819498295681178e-06
4.691210923703213527e-06
4.691245888590983030e-06
4.676828721145315440e-06
4.657523611375045941e-06
4.862139165231633106e-06
5.857195938644338698e-06
5.861787369469161134e-06
4.867636092231869176e-06
4.664056734970210087e-06
4.680539738973701918e-06
4.686647636434389574e-06
4.677854748185624194e-06
4.671979092396930947e-06
4.669992333050873860e-06
4.669516117627749514e-06
4.669951014735448788e-06
4.670681754085918478e-06
4.671256481862186010e-06
4.672312374731667407e-06
4.672179306226337397e-06
4.657781085113823865e-06
4.639806741779485270e-06
4.848157707826173508e-06
5.848411915772460916e-06
6.057100863358229982e-06
5.062172940914835489e-06
4.847040483376912644e-06
4.860314815885137498e-06
4.873121644897124925e-06
4.873113678143057770e-06
4.872684395176550666e-06
4.873367464279991328e-06
4.874159133730524144e-06
4.874665396647912802e-06
4.874847882175917890e-06
4.875084271830091796e-06
4.876190277626194719e-06
4.876136097509956785e-06
4.862530774458147907e-06
4.848546813863979240e-06
5.063730634097168507e-06
6.058980076273429932e-06
6.972591108924493572e-06
6.057748080865328397e-06
5.847191729647668988e-06
5.855601803788537037e-06
5.867778989318060742e-06
5.868368431905023309e-06
5.867715859996522182e-06
5.867778461847533193e-06
5.868077380310386210e-06
5.868282851213361612e-06
5.868227010755897633e-06
5.868329377522296975e-06
5.869447235832541491e-06
5.869572772356500503e-06
5.857805052073818246e-06
5.849142700823561589e-06
6.059236177737367368e-06
6.973780384669649887e-06
