1.080221517156292803e-04
1.245782129080586810e-02
4.878564253195841888e-02
1.734542431829612374e-02
9.287059069950124104e-03
4.988873624465241241e-03
5.482832482845670548e-03
4.260196175346737946e-03
1.879753575613643893e-04
1.188390382180213262e-05
5.490177611707565164e-05
5.232594434039869609e-05
8.840453248973841532e-06
7.411689524420679149e-06
1.061683794130663273e-05
1.203874279437588405e-05
1.248927850325902401e-05
1.712433454707745328e-05
1.411818907885266166e-04
5.580359567480702200e-03
1.511818198659919781e-02
9.147778590270909047e-03
3.064847876030990688e-03
1.091955389410049918e-03
5.937370565665182854e-04
4.158973821792815058e-03
7.271995354084635592e-03
1.074743696422705928e-03
1.228622959764755478e-03
9.704474318896901225e-05
6.249216584184658523e-06
4.496218323732640210e-06
4.630297164760490571e-06
6.152216332231773305e-06
8.077554766726464572e-06
1.234081404608157943e-05
2.867201742581531674e-05
6.502786627075796599e-05
6.856204708415177505e-05
7.368659623822173068e-05
4.295892786814741203e-05
2.528490677757014578e-05
1.130605455311854125e-05
9.259639430668825861e-05
2.077713857551921530e-03
9.987339971587868778e-03
1.240671187880516661e-02
3.586467333376838263e-04
6.352529943481033360e-05
2.657294556432490050e-05
4.616662094241069939e-06
4.057937951202460208e-06
7.098982632914813182e-06
1.223868108389929945e-05
6.766631253734804803e-06
4.939085864696124958e-06
5.169080268161611538e-06
4.152688256530512647e-06
2.945857312076672343e-06
4.509389420226730102e-06
4.012276649259586799e-06
3.728451296217849569e-06
1.207830894157840002e-05
4.327976099984734014e-04
1.142540031646941193e-02
5.038920621523342892e-03
2.845015920640813802e-03
4.355546537965103633e-04
1.195081612848955461e-05
3.540723755661545569e-06
6.039519065289090190e-06
1.245249093140935072e-05
7.316720875177432430e-06
2.575218255026750838e-05
1.113270932649119337e-04
2.300229094235047719e-05
4.691401698724004489e-06
2.623202302282215604e-05
1.187292021064097409e-04
1.353763379024006836e-05
8.847028139154605181e-07
3.486524609086519974e-06
3.508033932570487332e-04
7.185400145167704887e-03
1.180099612578698262e-02
1.398439108207837891e-03
3.083312213126259668e-05
3.718833530427077561e-06
4.466581229093591346e-06
1.129461787212051994e-05
1.075146883181061774e-05
1.405849615056697281e-04
1.506542012449350616e-03
1.108611658076634650e-04
8.204676479911739804e-06
1.012567840956650586e-04
1.528873907319316288e-03
1.132699753202817884e-04
1.625400175002726211e-06
7.623781973011565284e-07
3.527107102742666508e-05
2.919942946990884605e-03
6.785901431041286430e-03
2.387465060702320414e-03
2.740466531017227798e-04
1.523835142837298171e-05
4.931151601210600752e-06
1.009436717162884054e-05
9.005703134823554631e-06
2.953028696015322753e-05
1.129410739491083267e-04
3.020207328457946808e-05
8.048069595779924222e-06
2.688979316242656579e-05
1.153489024750401409e-04
3.124387211969489414e-05
3.500084139445046269e-06
3.704228452045139993e-06
9.802057919815460702e-05
1.108362456620544867e-03
1.027533704722962456e-03
8.432732031784517801e-03
9.692623223825405296e-03
1.094436619288039668e-04
6.174543587136244993e-06
9.400689482342884244e-06
7.084804325677081542e-06
3.324577322796054701e-06
4.622560964032675849e-06
2.927465489116282536e-05
1.420298687694522435e-04
4.085677901794749052e-05
7.817904566253523716e-06
5.008833976683658730e-06
4.568168965019503483e-06
8.507889715952354252e-06
5.146779895000686120e-05
7.864028603900435096e-05
1.662572438294320724e-04
1.155622210653004661e-02
8.349215099239967047e-03
3.276295928751247165e-05
2.789478776774135408e-06
8.043856384651565210e-06
6.336508607527473472e-06
2.713947785851297743e-06
4.668885464564927026e-06
9.666918493213336042e-05
1.365274446154481937e-03
1.282910370230414476e-04
5.510188657910235186e-06
4.052004856576942257e-06
6.174834922581029018e-06
7.105306985692293373e-06
8.070008157982199576e-06
5.470077362947185471e-06
2.354510168195943820e-05
2.057182236512323462e-03
2.670013671224148472e-03
2.337603731876302036e-05
2.421029703930947286e-06
7.616195757215206283e-06
6.452430198879359012e-06
2.618656793815150421e-05
1.631067196214191421e-04
2.189972882604502766e-04
1.963198989623723175e-04
1.836535916140242953e-05
2.098554711764074803e-06
3.027194517696227537e-06
6.194708793527439988e-06
6.813722690840186824e-06
5.219678119688637902e-06
2.429551027211288465e-06
4.220100424124959700e-06
3.153728852568260846e-04
5.091802234021214173e-03
1.427326184819736313e-04
4.528060199969657103e-06
7.108037703030571576e-06
4.453281079697315500e-06
1.867937804987065574e-04
7.527725544569362562e-03
1.763575059605973017e-03
2.409870512920448727e-04
1.723174244184041658e-05
1.616069140846381309e-06
2.274114025783085257e-06
6.422883586900169353e-06
7.468645878126390585e-06
6.000871238192475179e-06
3.117176002668420348e-06
1.663374716697769019e-06
1.308211211778124166e-05
1.906399096271647311e-04
4.053456716439196421e-05
3.604563711686958484e-06
5.527421390614031646e-06
2.135025831114953057e-06
1.206918525721233332e-04
2.448635643493303135e-02
1.604391234862983379e-02
2.506701555559485636e-03
5.111706541735409936e-04
5.041133709028241362e-05
2.930887899716023303e-05
5.278243365908441521e-05
1.981534364322699876e-05
6.244989015683269284e-06
3.799102989600211691e-06
1.959499761692633158e-06
7.063488515552890759e-06
2.030072830775595514e-04
3.312123083612068483e-04
2.269115732557121085e-05
6.826976518067459159e-06
5.918181077501640236e-06
2.989911382557345221e-04
8.216713356815166791e-02
5.576689542979924169e-02
3.951366849204533509e-03
5.478544112255267703e-03
3.980016752880415412e-03
2.256665376275230304e-03
1.773027476206795070e-03
9.658392038144379492e-05
6.611521741306820025e-06
3.766233729736660210e-06
4.956630712067002560e-06
1.003278257681888033e-04
1.014616481616276850e-02
9.176070003738769423e-03
1.116061241207779884e-04
7.440632979484022422e-06
2.625903129703777004e-05
1.603401036641431817e-03
9.098363543226092864e-02
2.357206046414029102e-02
3.254761686121581538e-03
4.092464142384201302e-03
2.094267369574906185e-03
1.987354127968344892e-03
1.888400943519858962e-03
8.850588038655526370e-05
5.954072578732037782e-06
3.071039271586831366e-06
3.584731580846771591e-06
5.327739876109783662e-05
1.552796351275275962e-03
1.240061132815644318e-03
1.477999432210626144e-04
2.050392349771282767e-05
9.590437445422431316e-06
4.527088500990081310e-04
1.343652109309357960e-02
5.818051432232121054e-03
6.476374854240793573e-03
2.425601335984831422e-03
8.389309723855690570e-05
3.579129114245190659e-05
5.534905203481640539e-05
1.559315515346200597e-05
4.743919296350299077e-06
2.869421134966904003e-06
2.570840060935704661e-06
2.647440567299793481e-05
5.371946671449294225e-04
1.458814306690069075e-03
1.406116042319169876e-03
1.509168423025873142e-04
3.080731660446887031e-06
5.050768207136483145e-05
2.193272729264211969e-03
3.291896997896131064e-03
5.234492991473154756e-03
1.584512532026201900e-03
2.623585772386996539e-05
3.406650666685130973e-06
4.247429538013499570e-06
4.185613357968258038e-06
3.941993357518069125e-06
4.366918552950836860e-06
1.303669680711192101e-05
4.571920960369963175e-04
3.093897460735730784e-03
5.027791381362213931e-04
1.239375633233416303e-04
3.703067025525863260e-05
4.797466858575958762e-06
3.332344713050364220e-05
1.856264862798995057e-03
2.994229061647001467e-03
7.954108894314896976e-04
5.032586567383999076e-04
3.619543537259922744e-05
3.014580315564341806e-06
3.243249776397447197e-06
5.024435252408143772e-06
6.441922448153075167e-06
6.669681687824208821e-06
1.721191704555209036e-05
1.093616606469884458e-03
2.945846452261834982e-03
3.151878462541305489e-05
2.419691633960639472e-06
4.658385615239566501e-06
5.509846011687597944e-06
1.289293481489552910e-05
1.722867887489292447e-04
1.778468852354601892e-04
1.587136057139022902e-04
1.126443901023008350e-03
1.523999892930265158e-04
6.417263920533221578e-06
1.791232571538272571e-05
8.225268873579804621e-05
9.007857693473120427e-05
5.416223101691849994e-05
4.032098732947622644e-05
1.493581858769174164e-03
2.827054291541105779e-03
2.458113172759616424e-05
2.259515992660445266e-06
6.036683829608522704e-06
7.000461136987839242e-06
2.892269388908350584e-05
1.590516585114350298e-04
3.206954720273186450e-05
2.191254952834846759e-05
1.607674396934833381e-04
3.073742744091893022e-05
3.730150440475133061e-06
1.073444478417108532e-04
1.582567235450584595e-03
5.019892889350965458e-04
6.438959558471376741e-04
1.414947333854994164e-03
7.683705746515864625e-03
1.437148335344143584e-03
1.314638804792275979e-05
2.901297574800357998e-06
9.081805572376961330e-06
1.072805850853592164e-05
1.504559196768425161e-04
1.319572096772530286e-03
1.106639599242576838e-04
7.696332936081138503e-06
4.231171564270706659e-06
1.750818563911888280e-06
1.611732404208539279e-06
1.447062674828015669e-04
1.686800871508746047e-03
2.354130492671904155e-04
1.200156043897993496e-03
4.818344418896550706e-03
4.041585044960996180e-03
1.192936158713725882e-03
3.843588619290652663e-05
5.422081209715953813e-06
9.703316962210403230e-06
6.821641988732720235e-06
3.154241868637782834e-05
1.784963056623110477e-04
1.581339231091243491e-04
6.511618342229545046e-05
1.683030529474822525e-05
1.452759745049471669e-05
2.917060768851323908e-05
5.656685486478721077e-04
1.495102719172521121e-03
8.042559727441791822e-04
6.434524485515221402e-03
7.374407314623323412e-03
3.150586519637810137e-03
1.998551286760384422e-03
1.058108633700939014e-04
8.419335603659364845e-06
9.723473586931142320e-06
4.370077331158183323e-06
2.101783652908863990e-05
1.138862990872204579e-04
2.286821718780751578e-04
8.558262145224721212e-04
1.169588941958291800e-03
1.258812539162931310e-03
5.518911332789517774e-04
5.631391654001361227e-04
7.063182093898598846e-04
3.565332960140483662e-03
7.238174949526469601e-03
1.308304814513065652e-03
3.302358091396204978e-04
9.415932314066497377e-05
1.360972950841712921e-05
5.261273895713226083e-06
9.833487760713059041e-06
2.647268488610475791e-06
9.296963846169628283e-05
1.333720036225922913e-03
3.558646744331190053e-04
5.649083508993437948e-04
1.538975732944176424e-03
1.474832475824283543e-03
6.850055577373898334e-04
4.989336847766920715e-04
8.779251983565952494e-04
9.237554282554840887e-03
4.383602285055151690e-03
1.135656306485773064e-04
9.412214036293592580e-06
3.361294666215703117e-06
3.150211476465271860e-06
5.042857834022525747e-06
1.109451400255029275e-05
5.317594531280138662e-06
4.885155129183107103e-04
9.989961882448640529e-03
2.587198057953442147e-03
1.285614672095509049e-03
5.157853108944049966e-04
7.068367085620422307e-04
5.688061323053918150e-03
1.159183113762321353e-02
3.490929238523502853e-03
2.775121260344173488e-03
1.522176924105103071e-03
7.521169595047770301e-05
5.159533140123362560e-06
3.042665362255998799e-06
4.894117274982797986e-06
7.449170129421560817e-06
1.253768242284610906e-05
1.274331504558335129e-04
9.783853675369082181e-03
6.392981221137425396e-02
3.682308997975308751e-02
2.056300695105306789e-02
6.199171139399444093e-03
7.694951015517958667e-03
6.223663208835230297e-03
5.623658462624670038e-04
5.103660346462927103e-05
2.736149807945731480e-05
6.217924653777232274e-05
3.634653248150055034e-05
1.054817275431979403e-05
9.104695577942511974e-06
1.158327723196033696e-05
1.277750506629029049e-05
1.744644969489663817e-05
