2.178830869294201924e-05
1.680430880147210169e-05
1.601689611310412459e-05
1.629332095698667366e-05
1.650941844981702021e-05
1.652280433183547195e-05
1.657432629017144724e-05
1.645451317244455984e-05
1.636850254713428108e-05
1.643535309843130338e-05
1.639817360624456143e-05
1.630939839845125212e-05
1.628597608484832094e-05
1.630957964763692225e-05
1.625785368679249476e-05
1.604007024135276202e-05
1.672557661684157836e-05
2.170769314620441196e-05
1.694820119301333758e-05
1.193702653519005516e-05
1.085960690421881976e-05
1.108178787758068291e-05
9.931221082517786920e-06
8.578110351821605062e-06
9.936419949913945698e-06
1.123535836600400138e-05
1.124637429279017749e-05
1.174662250906584974e-05
1.206588247520458897e-05
1.196137442163709479e-05
1.184440135339607830e-05
1.181997207932561339e-05
1.176843645530397604e-05
1.156173236876276194e-05
1.213050318659520038e-05
1.672952840854270270e-05
1.648287077760812345e-05
1.051797920671978413e-05
9.924848953448708348e-06
1.365751658746146887e-05
8.323351290763129169e-06
3.769622612554572112e-06
7.691159258014358438e-06
1.253644139552597641e-05
9.500169823549466482e-06
9.746212050799834840e-06
1.120954965239039590e-05
1.158368052503902633e-05
1.149454554896999108e-05
1.137693370139560974e-05
1.126328974922696014e-05
1.103971126029014703e-05
1.156416422670848186e-05
1.604498888290318003e-05
1.598692393568932504e-05
8.243832852349728798e-06
1.065442586318298486e-05
5.886857693839614539e-05
5.229268843135027693e-05
1.216166047620435871e-05
4.489723606980972417e-05
4.865351145139575778e-05
9.592649972799051784e-06
7.133113551766948599e-06
9.465769597524912040e-06
1.090262005994073135e-05
1.171200573718889915e-05
1.181670249925822789e-05
1.156677194393772934e-05
1.125693049401374780e-05
1.176110458273634928e-05
1.624494112423649730e-05
1.192694296554233910e-05
3.981983812389073881e-06
6.155058015369867530e-06
2.422750431563561950e-04
2.924796284392461310e-03
2.012125133027876066e-03
3.025663462128872112e-03
2.795013450178195232e-04
1.207050948849106862e-05
8.853493240253453497e-06
9.282197516241828467e-06
8.368580984667607083e-06
1.042566532485676279e-05
1.201406945176408484e-05
1.190513623427660845e-05
1.143404941876980603e-05
1.185817967037149041e-05
1.631792614229482277e-05
8.479330339107435448e-06
3.738582832419584189e-06
6.085086992245520775e-06
1.273704671465835639e-04
3.924581865737386197e-03
1.534521553650269529e-02
7.648549825454678715e-03
1.510608476290618634e-04
2.749128374475615395e-05
1.039772187090357562e-04
3.361643580377331577e-05
6.506044886005972885e-06
7.253454867049840223e-06
1.098976209041697455e-05
1.204872879987291437e-05
1.172369204423179356e-05
1.210091192947113668e-05
1.654876427015824613e-05
1.269382712644197571e-05
6.214606621355679760e-05
4.756328768176899357e-04
3.882101456664520433e-04
1.666468228109292573e-04
5.261165540883296641e-04
1.418657031038094438e-03
9.399637093981433225e-05
1.505712850163238887e-04
3.557468643570664037e-03
2.789460829657743556e-04
6.616495779839177698e-06
4.716656310796253533e-06
8.313379005016024027e-06
1.009167849828692988e-05
1.064994423817789899e-05
1.166493556686042831e-05
1.659513252081624664e-05
1.523363456520253157e-05
2.875920383533160543e-04
1.068604415241469936e-02
7.409643294278377319e-03
4.563448518260928102e-04
2.837934525758179795e-04
1.252137136806152950e-03
2.338450539160257457e-04
2.821907717356991968e-04
3.198085329359884234e-03
2.326554932578984080e-04
9.995843904503930492e-06
9.964729069972513213e-06
9.366018454018989643e-06
6.449106814798177946e-06
7.070678194343811741e-06
8.850093349589915770e-06
1.420995995847062687e-05
5.447458139540152721e-06
1.816840451003569654e-05
6.250936174992771481e-04
1.077966605169287592e-02
1.377706603231832957e-02
2.314863030783823744e-03
6.639796404724803694e-04
4.488475890782768745e-04
6.905560060059097926e-04
3.117243081025170633e-04
2.469771410556721784e-05
3.597182406286418229e-05
2.194487955692704727e-04
4.277090092895275694e-05
7.824633519930222330e-06
1.037016908352605237e-05
9.853889443729109589e-06
1.061360673714042334e-05
3.963542656306478524e-06
1.558365726193119695e-05
6.002327814025868640e-04
8.709516479166358113e-03
1.994964596762449985e-02
7.516448980871224747e-03
2.346098075144669153e-03
2.689565576300781934e-03
2.483438754721028000e-03
1.135899298607187372e-04
9.573086298891668976e-06
1.275297848132721549e-04
2.958386044907993472e-03
2.325726477236368878e-04
5.075653360011896499e-05
2.317325005158686699e-04
6.313237755393548087e-05
1.118232508724890626e-05
4.651897363810813132e-06
2.147590735183109271e-04
1.126691119960972383e-02
1.150031017859874834e-02
1.001829562112500037e-02
5.411015854281068550e-03
3.934901711060824134e-03
2.344780682436911536e-03
1.048634874545839287e-03
2.595929500521443269e-04
1.305562899346771662e-04
5.607849351605976576e-04
4.358973445649299075e-03
3.781512544990714127e-04
2.267931731987974351e-04
2.878776382697810065e-03
3.098257877637057849e-04
1.391292024094825758e-05
1.986799121511876268e-06
4.948848496686324497e-04
6.903693633440537158e-02
2.488760535025710471e-02
2.679151581016213368e-02
1.470339282786498059e-02
6.156077446065450452e-03
3.874812784571671134e-03
1.711504387190623290e-03
1.367311975494454055e-03
1.812939824095269629e-03
1.201676705460258832e-03
2.271034937529867875e-03
2.126056555592630850e-04
4.667112431201660052e-05
2.211050010056783200e-04
6.543781186540818416e-05
1.138795137219832796e-05
1.181797471722905237e-06
4.745228336717888912e-04
2.227030101322423905e-01
4.722665465109261024e-02
1.340887663092145410e-02
1.007459140889882705e-02
1.004263282126370040e-02
9.018586248174873324e-03
5.730499660455065647e-04
1.142552775457600660e-04
1.923405077806953311e-04
2.332896713887775764e-04
9.995512026755725039e-04
1.307212847071422316e-04
6.291118366001338018e-06
7.378826673747988604e-06
9.545513858389179877e-06
1.082301372751529408e-05
2.052041035987584399e-06
2.905247038477390019e-04
8.959858456292132955e-02
5.611439346426912167e-02
1.599785540029688077e-02
2.510500082212484795e-03
1.767136853044916920e-03
7.401123090275915986e-03
3.117034033470383121e-04
5.754316655933263178e-05
2.868342290701131640e-04
5.613369921536884776e-04
2.338173620383681307e-03
2.941198038620787027e-04
7.817726851367434227e-06
4.476335755222139499e-06
8.100792094772183953e-06
1.442662855459989086e-05
5.333139544376895889e-06
1.306500769295200503e-04
4.831436352504382171e-03
6.982464252377424373e-03
1.138323561081029493e-02
1.251458121938693298e-03
3.199643772182286599e-04
2.603484623609361726e-03
2.737691958737213638e-04
1.740535973920587763e-04
1.979356604329862018e-03
5.554886303045543502e-04
2.224871855960882478e-04
6.782615034472184469e-05
1.015385619848900400e-05
7.566708703221548063e-06
1.102328075230964776e-05
1.684319411339587364e-05
1.287649608850770274e-05
1.511768726039515703e-04
2.820084028560339035e-03
6.145608062663165776e-03
1.352055811867546725e-02
2.538652906088856038e-03
4.269262974514129996e-04
9.502426773641170672e-04
8.231768762655525577e-05
8.987045595444274546e-05
1.812897050568891251e-03
1.263069635288988589e-04
5.964506218306252097e-06
5.801858423956434813e-06
8.058600616564156899e-06
1.011753208571677827e-05
1.210814811385378771e-05
1.673698370598484064e-05
8.216277338995848340e-06
2.114491107647067136e-05
3.096891916558717648e-04
1.963564304570235459e-03
2.922753615555206790e-03
5.536705490013853984e-04
2.386627966228068907e-04
2.178772899402801194e-03
8.173758603172208512e-04
5.024666912281899444e-04
5.304893754042925083e-03
2.492314455028211972e-04
4.060682435511790708e-06
3.854774371204617134e-06
9.202364424626630624e-06
1.161749807992490880e-05
1.211290945730115875e-05
1.635143659632344549e-05
6.749593510901215207e-06
2.064699379096030622e-05
7.387769990163192300e-04
2.600352317595732918e-03
6.773738166456002045e-04
1.800448348487830401e-04
1.005540660202152413e-04
1.647648550466716951e-03
2.048307547106461776e-03
4.331593698240391406e-04
1.645827138609934608e-03
1.319683757970945275e-04
3.677040002125740516e-06
4.324269649031125661e-06
1.054573007351198380e-05
1.208137750453550671e-05
1.198327273710791602e-05
1.623381271479596921e-05
1.428558040812684164e-05
1.679896760608098807e-04
7.258945218473061844e-03
3.771951499015032370e-03
9.928026146778048434e-04
2.494050200063427890e-03
8.862097883835224179e-04
2.710694959429123859e-03
1.664747659173588818e-03
2.977881214000658921e-04
2.515889426051030279e-03
2.822626484650991928e-04
4.829142475753220747e-06
4.370201198594467630e-06
1.043452078313202227e-05
1.194735061403492058e-05
1.190727815819143969e-05
1.623259928770349716e-05
1.415357704583341515e-05
4.562399409673611518e-05
2.620033954933329804e-04
2.961803001682244778e-04
1.040023413237690323e-03
2.842150868303030056e-03
5.436060884805845933e-04
4.060895621119545683e-03
1.083333813243551706e-02
1.252762972730264972e-03
3.227607567078579799e-03
3.753454948424531654e-04
7.490445378504689723e-06
5.250086660126457179e-06
1.050701251230037060e-05
1.178815774706694292e-05
1.188491114539821857e-05
1.625943876942202151e-05
1.137747516036077125e-05
7.137261959855857349e-06
1.293091940760670676e-05
1.399928444020929769e-04
2.274490215531913603e-03
1.641154189013382773e-03
2.138093661497843733e-04
8.182699790169608656e-04
3.369935611262416236e-03
3.039716946702439022e-04
9.453060670359496049e-05
3.138494492335313523e-05
6.678943970320749948e-06
7.313164012029347179e-06
1.122808390571065860e-05
1.168469014716573984e-05
1.187215452241733695e-05
1.629275362421199499e-05
1.404617547641945057e-05
7.003854301028610348e-06
7.328092694284939502e-06
4.229893269649530763e-05
5.843813893455894340e-04
3.644684745198730012e-03
2.604246616602361349e-03
3.292776075500838625e-04
8.391866294868414078e-05
1.785353105687710964e-05
7.610776720458850752e-06
7.631305422548802464e-06
7.924849513528885950e-06
1.015773759315634667e-05
1.177557159331838205e-05
1.148278214876283155e-05
1.178623912372169712e-05
1.624715882822446648e-05
1.642575731072537686e-05
9.971737428906107985e-06
6.614284077190565556e-06
5.960738476511280709e-06
1.669349759198200995e-05
1.799087898316329846e-04
4.006221291270770871e-04
4.342415037618030160e-05
8.431151378809651978e-06
6.509357242353505386e-06
7.076757991091356235e-06
8.956315090448451868e-06
1.060159896681346346e-05
1.150187045172741793e-05
1.153654115967968921e-05
1.111415091060221189e-05
1.155639551587505189e-05
1.604108825150942370e-05
1.727992080659632794e-05
1.226522545485141138e-05
9.285819455628587437e-06
5.735460841874432890e-06
4.461273927621956741e-06
7.097612488162007768e-06
9.646817637708886994e-06
6.637005778181319832e-06
6.389971667119645570e-06
9.033850104468949069e-06
1.108915286796169059e-05
1.191872704707369725e-05
1.212763515794834750e-05
1.205026773327669031e-05
1.184868162180468118e-05
1.156284045191732562e-05
1.212533829354794950e-05
1.673441588959060448e-05
2.188582867141828698e-05
1.730052492676199062e-05
1.646706024432771837e-05
1.453754929042447702e-05
1.124713888581075430e-05
9.045586431961131528e-06
8.699959729449435319e-06
1.037260585071570245e-05
1.378384706439610533e-05
1.647357051952464841e-05
1.698664075412453285e-05
1.668685010819450092e-05
1.644211368094040325e-05
1.633555150929177246e-05
1.624080143500165915e-05
1.603252207029834706e-05
1.673244104572453060e-05
2.171898844124333205e-05
