1.303906325007180098e-04
5.377110301611079911e-03
3.209573917664955423e-02
1.899199026706367005e-02
7.024204911088856307e-03
2.160999656723942407e-03
3.194439188213360568e-03
8.245285386235506886e-03
6.662436788462353663e-04
2.441762691922285747e-05
7.209992941601878867e-06
1.205685374437817273e-05
2.049995160208317843e-05
2.033290838551313255e-05
2.125390156222621907e-05
2.128150706667878117e-05
2.112446775925524192e-05
3.098603948775524683e-05
1.093664475071469899e-04
6.132960074321308457e-03
1.945623440312341593e-02
1.633687970100770534e-02
1.242268236970223323e-02
5.750216009607153232e-04
2.478312529936114181e-04
4.940882936711521456e-03
1.685003834028340683e-02
2.712124290675279638e-03
2.782063839700831312e-04
1.013484019702304230e-04
2.310659734691908611e-05
6.866723749181827807e-06
8.711555038772428306e-06
1.231244816380645029e-05
1.290455448274680007e-05
2.041990913546105839e-05
1.109947493097017445e-04
2.207331519693193737e-03
3.194130073957355317e-03
1.657772957783244707e-03
6.847271041578958418e-04
1.016436849545709561e-04
1.614448274871740864e-04
1.108509763094542777e-03
6.291090828049110233e-03
1.074037061093774045e-02
9.231975117385018276e-03
2.016477641339886606e-03
3.483952936002117297e-05
2.014087765846487349e-06
2.582574001504594975e-06
6.264843033737044308e-06
8.368829276343109466e-06
1.404849685687602421e-05
2.679767851209374714e-05
2.057150829563659025e-04
4.094303327853722452e-04
2.834440742807786229e-04
2.909665306574725323e-04
3.241696095617665335e-04
1.367287104217119326e-03
2.313680809436948708e-03
2.053279382026537009e-03
1.248372075395470663e-03
4.621305809758862425e-03
1.220886896974872349e-02
9.343284466622422436e-04
1.384448616080884018e-05
2.008628955221922449e-06
4.888335574688461539e-06
1.219945155505477462e-05
1.331450646687758004e-05
1.007182769610142834e-05
2.089562221616424317e-04
1.941469294855049151e-03
1.024299821751168630e-03
1.062626177229163311e-03
5.826393177763115883e-04
6.333751646300535536e-04
1.642633877938131162e-03
2.382005667008741615e-03
1.990436492277035917e-04
1.198053855591160694e-04
2.954761431901677809e-03
1.767052488816232836e-02
5.213576978342691730e-04
9.490485462607046503e-06
3.259132003853405178e-05
2.640069710817967950e-04
5.724119595554503343e-05
8.233242217207512425e-06
2.144881994263381382e-04
2.257040285660337920e-03
2.405160941239468898e-04
1.958493099318245096e-04
8.717741652768613890e-04
1.471759312352420189e-03
2.304631365105711850e-03
2.263866761333544614e-03
5.551604684431614759e-05
3.742394030120099634e-06
6.922286732768851987e-05
5.356930190853054045e-03
2.400136895209905100e-03
6.725529766547219202e-05
1.684838938989052337e-04
1.787671611272899710e-03
1.960880238009553983e-04
8.202416079307535648e-06
9.109193933323260169e-05
5.217920297127646729e-04
3.208082969380404899e-05
6.528262116016097562e-05
2.059083106740852449e-03
7.637515870673184911e-04
3.519880616355280803e-04
8.864668181321672981e-04
4.552985440677372232e-05
4.087624814519382031e-06
7.365990080850369796e-05
3.584830617529846924e-03
5.338968591325663274e-03
5.178772881440298244e-04
1.227286349956167248e-04
3.234784381978492987e-04
4.800474756414204488e-04
9.079636925098729600e-06
1.023337862621268149e-04
1.667746988842911966e-03
3.546093005836209065e-04
5.527667213530817591e-04
2.397712768955517076e-03
8.318213154778136625e-05
8.474490222682772662e-05
1.380753263739916597e-03
1.791213871543613533e-04
5.440346748818663771e-05
3.687528747446780822e-04
7.806061044780317898e-04
1.719455419750084675e-03
1.391879020906582401e-03
1.225607669668003102e-04
1.243820998912200813e-04
1.970322118888056129e-03
8.496068302223765205e-06
1.187046421364850108e-04
4.080144859971330216e-03
2.251708755354987160e-03
2.440930638764260245e-03
3.115850359779056243e-03
2.081303397804822074e-04
3.770137388406067411e-04
6.012438992630907532e-04
5.567088227590347946e-05
2.046190586170508702e-04
1.633554693549858121e-03
6.533427624474752796e-04
8.528089008388462650e-04
8.735158766400516212e-04
2.483479358934854303e-04
1.194396354682199484e-04
3.083925218955176854e-04
1.474304455279242046e-05
1.409347652233171962e-04
1.196681899717312808e-03
4.845723072125936431e-04
9.269097541675674380e-04
1.755063593293900402e-03
5.726559056113968930e-04
1.368031507045971203e-03
1.326728535507034170e-04
4.548209098265204849e-06
3.276149247024961179e-05
2.372414491222132296e-04
1.037021651416626103e-04
2.434278460033593799e-04
1.225863653648369368e-03
1.575815282312005529e-03
1.364490378215480252e-04
1.951054565320324568e-05
3.988487064187556995e-05
2.059789386095518696e-04
7.288355081966390106e-04
8.276538864069157755e-04
1.656894482400225353e-03
7.418166055026975290e-04
2.131735134283644804e-04
9.778676850297424519e-04
7.095781510578782981e-05
2.020703589304118476e-06
1.639303821796235779e-05
7.385327871392257304e-05
1.589886342684348011e-05
7.966950858876233087e-05
1.313350414027966446e-03
6.625187544075455091e-04
2.688404352344624917e-05
6.508582353136681972e-06
7.905594721545205095e-05
1.941164523628267045e-03
2.408004309499314419e-02
1.760495942661025742e-02
7.641310658225911392e-03
1.724282466269535076e-03
3.029165121470272864e-04
1.315061110633115480e-03
1.051503368148397393e-04
3.504656894104918371e-06
1.475079925688031995e-04
2.513082704134719965e-03
2.731937193371768722e-04
3.599367271576001831e-04
8.579671522920804833e-04
1.717964117178275214e-04
1.512791505894984308e-05
7.780710014175112210e-06
6.574416784068899189e-05
4.084633871987026696e-03
1.128340587838597142e-01
2.341740493242786339e-02
4.011903214013391034e-03
5.904356014238844839e-03
1.306951705506306143e-03
2.983607394722965350e-03
8.430980493453788275e-04
2.200407293941638630e-05
2.515362535675485893e-04
4.538700496267564916e-03
9.321097176812513175e-04
1.115989384665289378e-03
2.927801967307195122e-03
2.179095587771250325e-03
1.628697095939753506e-04
1.835415452948108684e-05
9.068446455484569684e-05
1.652619179833146774e-03
4.589513254264497577e-02
3.090370687153698101e-02
3.037402756439145941e-03
6.897175444754231888e-03
2.344263838099511308e-03
2.653348140633286084e-03
4.274227727274741533e-03
1.210121032158820484e-04
7.942076066286506131e-05
7.987744301330928056e-04
3.325764499600302902e-04
3.432669132372140439e-04
4.241454808036595504e-03
5.257045550509367379e-03
1.467976088941481256e-04
1.484489780896700462e-05
5.613846809161989176e-05
3.448400004340246273e-04
4.729337608596459810e-03
6.744606914899254659e-03
1.810661999250119149e-03
3.654475097621771688e-03
8.279535495572508137e-04
3.505861745381431147e-04
1.151822050800053662e-03
7.426050717813276766e-05
3.347681150375501820e-05
1.748054401366191772e-03
2.297334618014444142e-03
6.134016812371967170e-04
3.602458674171752067e-03
6.164052053913613534e-04
9.983267321130203498e-06
6.636894835285681280e-06
1.373608074210082265e-05
3.269323135134797101e-05
9.780091938035611243e-05
6.014162182082862548e-05
2.234858928050833821e-04
5.340697942800566936e-03
1.753805721939660604e-03
3.920130077414651589e-04
1.327337107161068262e-03
9.662036845259182132e-05
2.488534255453157457e-05
1.534404676596159154e-03
2.287863756224612233e-03
3.827577146805579062e-04
1.016396740628499207e-03
8.168574239511946144e-05
3.168461816231139840e-06
7.444369437455183884e-06
1.244075514163706976e-05
4.360153559545927110e-05
2.005061480844089195e-04
5.299934861982011716e-05
1.077941827400248317e-04
3.117918560327208582e-03
5.383851597935485674e-04
4.309015585612778373e-05
4.576778954931589303e-04
5.060857722121167102e-04
1.937073034904031039e-04
1.133543849754752118e-03
3.957355138205702165e-04
3.514935796232633710e-04
1.472388263381325902e-03
8.101028661694319047e-05
5.492198685388806658e-06
1.314257287445130236e-05
1.693656458503690982e-05
1.256645623483531812e-04
4.980608908072029981e-03
2.915544473715604885e-03
3.969440076337913716e-04
1.749258272760663077e-03
2.966070238427466260e-04
8.314894359556637205e-06
1.165571019857048770e-04
1.368099732586181396e-03
7.759190033118779214e-04
6.682902288450357896e-04
2.349910412937867904e-04
2.413541652459584141e-03
6.812549346226714174e-03
8.738208404857572781e-05
6.098572436507644531e-06
1.499643442441819503e-05
1.011220026845621624e-05
1.622856038795988687e-05
6.448421872694066505e-04
2.161480129059946236e-03
1.751910669478896660e-04
7.887176872549705748e-04
2.375374533570145073e-03
1.609983653738641181e-04
4.269977398721355949e-04
5.152217386561371839e-04
1.759948909255195932e-04
8.113374082636217767e-04
1.889127154235921554e-03
1.607222492921141915e-02
1.089656237058947777e-02
9.692286680917024957e-05
7.702848200299452941e-06
1.613190722902911627e-05
1.005917028673412872e-05
3.265611939287980955e-06
1.570369173779585022e-05
6.167941285129475342e-05
1.924860398879260715e-05
1.435778719240106513e-04
1.813289915575947786e-03
8.950995705300197154e-04
1.335188740562713973e-03
1.323875283251007412e-04
5.241140930703666568e-05
2.133031699325710698e-03
1.148938360718379514e-02
1.953821775690038620e-02
2.798510476334796406e-03
4.488840271026986326e-05
8.608844595848709800e-06
1.843617032057668088e-05
1.575177916768266369e-05
5.444703869805646173e-06
6.024180883543565675e-06
7.723830423747802604e-06
4.933585222614915897e-06
1.815116230221686564e-05
2.695581836911270165e-04
8.273403731406087742e-04
2.980352886874998376e-04
1.971859934614323786e-05
1.179387073368289148e-04
6.216861428835003707e-03
6.279261688367244673e-03
5.661024226211599543e-03
4.110242556262568296e-04
9.240405974498074369e-06
5.882874295901523072e-06
1.917397491349175735e-05
9.167313970698858031e-06
9.076021943505549588e-06
1.029410870172521135e-05
4.711686542012208097e-06
3.761243636363003576e-06
7.633712491981754344e-06
1.495176864540525348e-04
1.055942097991579513e-03
1.113448282119537132e-04
3.596945690450485244e-05
1.085282844332856149e-03
5.806533290922870003e-03
1.767685327144323092e-03
1.528938613545191083e-03
8.346682645199808147e-05
3.730256209619491057e-06
5.296297623589179990e-06
1.993378919394220189e-05
3.690458038858583198e-06
3.573500777426949845e-05
1.290109292873341360e-04
2.846676669285970012e-05
4.488695895112401719e-05
8.427511664168479760e-05
3.222202745231994895e-04
9.434398429532599465e-04
6.366420655166806029e-04
2.847682345520801024e-03
9.883994220508344336e-03
6.916614486829342212e-04
3.554763517215179820e-04
1.673839621509209214e-03
1.270170855879257919e-04
6.673729926518809031e-06
7.303274334080192303e-06
2.026349187553093921e-05
1.282884995774355575e-05
8.838865273616904094e-04
6.651697231997310070e-03
2.111636553327120303e-03
4.028306348512658563e-03
3.967855920052068552e-03
4.295832010476531397e-03
9.040422795590214583e-03
7.343477884492747437e-03
3.206217712105541556e-03
3.827046171141351163e-04
1.255897536220670880e-05
1.877834492928761521e-05
2.207373429773257234e-04
7.181020426487875270e-05
1.074698864449830744e-05
1.014213032097829143e-05
2.101944326665753718e-05
2.559973963474212414e-04
7.566724899879484663e-03
2.170470543768529548e-02
2.721127616075220274e-02
1.828520697155350955e-02
2.161638217327370957e-03
1.003705079927781976e-03
2.317704856837902571e-03
6.064736613992499897e-04
2.846707368508718668e-05
4.387661967802028536e-06
2.421655394508748543e-06
5.846736901776338086e-06
2.013481443558655493e-05
1.905460614293741825e-05
1.449526445924951884e-05
1.843246830693797648e-05
3.126948944882960529e-05
