1.111648308709527498e-04
5.649183823816373955e-03
2.377821777249089497e-02
7.183391795626201982e-03
8.546780842283267787e-03
4.489173143146144192e-03
1.300867046650317979e-04
1.172579635399821926e-05
1.650951274217300386e-05
1.974017184776905801e-05
1.078613897333719172e-05
1.592542731069763348e-05
2.186000335836329119e-05
1.874300079515995495e-05
2.067602175237967239e-05
2.243961860351170710e-05
2.288905536036433408e-05
2.972871012949047980e-05
2.737914779269209203e-04
8.704457142263435920e-03
3.113099989079017374e-02
7.207774091690866830e-03
1.460446921608698437e-03
1.224285022157948957e-03
8.645136688668042231e-05
8.656096669066844982e-06
7.715376958714879375e-05
2.778146871831157290e-04
7.313121235382978038e-05
1.005906092253221380e-04
4.624784649903919881e-05
9.051483017274293181e-06
9.793126510954142081e-06
1.505719938771371337e-05
1.661232897501533631e-05
2.254425634365511393e-05
5.258630831105794569e-05
1.387668608640517756e-04
6.057898588174035013e-04
1.219145704733141456e-03
6.860206720690300609e-04
1.807148539249495926e-03
2.723460932433757731e-04
2.225362425218892069e-05
3.498171236918049421e-04
2.919651445300651925e-03
1.651219364982197020e-03
3.954379294117952269e-03
2.256647331699375349e-04
4.158376909540724507e-06
4.210216218027041641e-06
1.189790640395747469e-05
1.607285667046450063e-05
2.187732524374502301e-05
9.315486336930591465e-06
9.513833401450871199e-06
1.255378463613872526e-04
2.093221480511631930e-03
1.651354924321037304e-03
9.220285997192757344e-04
6.972206975953528169e-04
2.551559107546053778e-04
2.323734152591207561e-04
2.094435887557021707e-04
4.501494345013891895e-04
8.333040434828792656e-03
1.044653941915432574e-03
8.516005894274644361e-06
3.523333039161764550e-06
9.984250833781213520e-06
1.617759266801290031e-05
2.258356721984176849e-05
1.076365667282448865e-05
4.149153722312905982e-05
4.764143856240971985e-04
2.234480253451345908e-03
2.323409453264896774e-03
9.830820355350305701e-04
3.687019454783360857e-03
4.203534474920239510e-03
1.358580843417764685e-04
4.868555560464073267e-06
7.010413148376322852e-06
1.028143506459745912e-03
9.549169209145067297e-03
1.914647950449504426e-04
8.505171279618545816e-06
8.888522756835688283e-06
1.528682098219533850e-05
2.302237508206422462e-05
2.157007091483632529e-05
4.314543038371038662e-04
2.919575947046301398e-03
5.049343999211909585e-04
1.691503609221503936e-04
1.191643545804541363e-04
2.989116921810262666e-04
3.376699634025163684e-04
2.349551833503641637e-05
1.430551575981147596e-06
1.510013245757907107e-06
1.903755882029294305e-04
8.142606565459148404e-03
3.290186542954141131e-04
7.661956613629525609e-06
6.216295431085709716e-06
1.262437142718010589e-05
2.234517436157441414e-05
1.748548463662455581e-05
1.109141175652023808e-04
3.162309660680509408e-04
5.397593445487572621e-05
2.019044564313108548e-05
1.091442130277785030e-05
7.161096328083025483e-06
1.099382088172442104e-05
1.010203560821270734e-05
4.292504709743279900e-06
1.058871150739734598e-05
4.189490668881448200e-04
1.473906682243031471e-03
5.920268397057966355e-05
7.723993959035466833e-06
8.445123010951883000e-06
1.119910303912234689e-05
2.008380040443084847e-05
1.191945942641008165e-05
7.731050837205280808e-06
1.169220724441174702e-05
5.449626752950336686e-05
2.467343873530988417e-04
5.886495958330356150e-05
1.051885645203872909e-05
5.168163190383545251e-05
2.758960831767859096e-04
8.207031527984436493e-05
1.490617918235125755e-04
4.119967350121528545e-03
3.630425999316175007e-03
3.617543664647234684e-04
2.954213826424283520e-04
9.005991868534750768e-05
1.544582565841707235e-05
1.753186049044732430e-05
1.156839976502321713e-05
5.173588529024704673e-06
2.205490062966701474e-05
8.086370307188435556e-04
3.288340406349225375e-03
1.387993889935602875e-04
1.488187080562594004e-05
2.754076911997536026e-04
3.607580974581193513e-03
3.179953763076509544e-04
6.637446967036177777e-05
3.031919943009075231e-04
3.225756770712186650e-04
5.528919218325957334e-04
3.130903149435651771e-03
2.833394339991237676e-04
1.182282571017435749e-05
1.303788398093382592e-05
9.950987822977045065e-06
1.535970865188635457e-05
2.550726626908818382e-04
3.409681490903686968e-03
1.887381394075145387e-03
3.777098209450330886e-05
3.943234904028117452e-06
5.482818565034538181e-05
3.330370901706028669e-04
3.766920953531467832e-05
6.449177974961493309e-06
5.798904894142056575e-06
6.574414524557909116e-06
7.414113926586836237e-05
9.966808234749091437e-04
9.240755888269756543e-05
5.323059910910406641e-06
9.105812245467571054e-06
7.407459704385209577e-06
1.229433432534409484e-04
5.280094806353098809e-03
5.926840129840699016e-03
3.441520002164988670e-03
3.502049665899684486e-04
2.964822083704022839e-05
1.436686233016804860e-04
9.230915819061738428e-05
6.711900664255370198e-06
3.808366082161945318e-06
4.333062715535965628e-06
6.426836041240588493e-06
1.421300693273929978e-04
3.794782215604655673e-03
6.637858961335422244e-04
2.189530986617420274e-05
1.251903490333461358e-05
2.775577582381858063e-06
4.981463822517111706e-04
8.809757566158041286e-02
1.604146815544339744e-02
1.596033538721666409e-02
1.300172122704212375e-02
2.392563105661507650e-03
8.077153512870163116e-03
5.408840318041096325e-04
7.844648973349853318e-06
5.228685812818200163e-06
8.671301608276941870e-06
1.209401210346258176e-05
1.453033664318224133e-04
5.170647177025999332e-03
4.108764535688168296e-03
1.393543113034517744e-04
2.308780169082191020e-05
8.948686396780369090e-07
4.810218999695086805e-04
1.917313878517855896e-01
1.948902713917401164e-02
1.995928455314408337e-02
2.079904204969294790e-02
3.935355124672484765e-03
4.732043291707489774e-03
2.112461380914813682e-04
6.206940414173718925e-06
5.364425344846303094e-06
8.951280983320089840e-06
8.985497444582803803e-06
1.977902043610140073e-05
1.279049023897611684e-04
2.280140447453646562e-04
5.350888043861894627e-05
2.150112265862217078e-05
1.550588971953276862e-06
8.728236635428908820e-04
1.073481375087734502e-01
3.229646688153244537e-03
2.607242619553463720e-03
5.305652934071053255e-03
1.317271899281372309e-03
2.383460519509386524e-04
1.498300910212409090e-05
5.465179854494819468e-06
1.130451850398106048e-05
1.177479689062426821e-05
7.894058615078686667e-06
7.248060730543288376e-06
9.649597166148104558e-06
1.298999019118070837e-05
1.322064862447658509e-05
1.804960588637507076e-05
4.373817249017006462e-06
2.624221889103534543e-04
4.586195041395512394e-03
1.713047786744284289e-04
7.787405417471971662e-05
8.027136436550945386e-04
2.932891675136728177e-03
2.550375179334134473e-04
1.325816958633550971e-05
4.483792635071421972e-05
2.986981947048997373e-04
7.213187435558204115e-05
9.698811963740776567e-06
5.909470016047750206e-06
6.231272581777502042e-06
7.525796805334681526e-06
1.103445252957404443e-05
2.033556132927772471e-05
6.549735973514123688e-06
2.143343506603641606e-05
3.336296546491715692e-04
3.589024000360342736e-04
5.289376856622032651e-05
6.043194348852320725e-05
3.176749455899275341e-04
7.790729733580495538e-05
1.540381829580809208e-05
2.629829215260599254e-04
3.725421650103063424e-03
2.797024755447197046e-04
1.081644863274587320e-05
7.528440724886017340e-06
1.104794971629421357e-05
1.014702364457067935e-05
1.141998629984371458e-05
2.074190303978575784e-05
8.495055931572838753e-06
8.192783013667416053e-06
2.390140345278228334e-04
3.422749032502180305e-03
2.533065391409200767e-04
1.364766704431442551e-05
2.024712194062968688e-05
2.086079036519632182e-05
9.037663073915146335e-06
4.364837546058150918e-05
2.497069059780801384e-04
4.399678641645093848e-05
1.459138026172170261e-05
1.240257958985498848e-04
3.227006210442301317e-04
5.329826128298402195e-05
1.403897141417699646e-05
1.906669593849052123e-05
1.032384914603276443e-05
9.463345166224333533e-06
9.122858342571244666e-05
3.981919400672732619e-04
5.235184765567250150e-05
1.069687240483572196e-05
7.486153503170626315e-05
3.786858965623310738e-04
4.971143859389810343e-05
7.884817202854969454e-06
1.146618474775964567e-05
1.200917688283243173e-05
6.523705950230383993e-05
5.096856347078347269e-03
8.933879971080636515e-03
1.845064242466154568e-04
1.542571937489447414e-05
1.813875423515583541e-05
1.703564404816573948e-05
7.512005532533750426e-05
4.551126153956947190e-04
9.651426237037156780e-05
7.156504380712392202e-06
9.498615837344039111e-06
2.003834752121820464e-04
2.765520800838543961e-03
7.631527055558132242e-04
3.403721061826643185e-05
3.757354953463481882e-05
1.954981830564787252e-04
7.194132409413560780e-04
3.716148613635056244e-03
8.145961932426449810e-04
2.678058281510060115e-05
8.922400237767811037e-06
1.810401741694730416e-05
2.017619691340774744e-05
2.879553654751133385e-04
2.944111254720672196e-03
1.530084839780163238e-04
6.040133229488174028e-06
2.752176853690922536e-05
3.848311826299326906e-04
2.330373021651771688e-03
3.935876660999929749e-03
2.317988176993763551e-04
1.479001970963969462e-04
3.076917820318300894e-03
5.676063850588130601e-03
4.303689234159463386e-04
1.514872554308120793e-05
3.780554338517829378e-06
7.405576424197893904e-06
2.022743926564211461e-05
1.311190753618302265e-05
9.333833219908585954e-05
1.668610457741479544e-03
3.955473884471645161e-04
2.193320677887605329e-05
1.555996824159114843e-04
3.153900458034253600e-03
5.154050803427454204e-03
3.759521927121983829e-03
3.692224241788954553e-04
3.669876918780711535e-04
7.289120856730146522e-03
8.278054277633947050e-03
1.836400395998395989e-04
7.131970671443877117e-06
5.153780216249341849e-06
1.156785922329643424e-05
2.284128487688687477e-05
1.071240647456562711e-05
4.619014409936331796e-05
3.099221951826628026e-03
1.444165280578117022e-02
8.353524823406492271e-04
1.990118823054598356e-04
3.198719015279343912e-04
2.139687373528500916e-04
2.429212288178318432e-04
8.572348375550022537e-04
8.806110922355527698e-03
1.359111210486967959e-02
8.380572599966270003e-04
3.156601693693751159e-05
8.248879965544068721e-06
1.053936797150242544e-05
1.565062276058944271e-05
2.305428142914358643e-05
1.133645130043141734e-05
5.065677058611132289e-05
2.520683351800682894e-03
1.395433455707928601e-02
3.664199355746770078e-03
5.692839906692402901e-04
3.374477551911044448e-05
6.776227102424674234e-06
9.004493167041981562e-05
4.732438873978948510e-03
1.025830289194630367e-02
5.100687132980645175e-04
1.612136566331647013e-05
4.918853880891570809e-06
8.036849150044279982e-06
1.351267841221441820e-05
1.597894013425362085e-05
2.196152037009077283e-05
1.769251737069973108e-05
2.094835340585108751e-04
7.120781592364702935e-03
2.497761362248560393e-03
7.724346115794204727e-04
3.991087111601131915e-03
2.129045512293434815e-04
8.506860406001958737e-06
1.675655818691409765e-04
4.033598852413851528e-03
3.978268401918767338e-04
8.752150592569928826e-06
2.788940963732719218e-06
5.621678851266020377e-06
1.223952224803448325e-05
1.567632724724589663e-05
1.634393050397111875e-05
2.247773944215249948e-05
1.376115009816703203e-05
1.296244065740387091e-04
1.654273056334444603e-02
1.713722382141829453e-02
1.922831098657779708e-03
8.490768947057580895e-03
6.526285103856096842e-04
1.267848940945545284e-05
4.557108284180610232e-05
2.310750893435527850e-04
3.708778518540656056e-05
6.150311312108582598e-06
8.200668805192360677e-06
1.747921642680602846e-05
2.313438652165526773e-05
2.261511544310873268e-05
2.263217872366601345e-05
2.970596194692672062e-05
