7.014561018510002499e-05
2.514828306785053726e-03
2.394850890255467712e-02
4.871303603246161795e-03
3.352717029252193833e-03
6.872902424370746187e-03
6.099290397869447725e-03
4.913051797855513304e-03
4.985087034072224884e-04
5.985944799251229938e-05
1.724973653734642842e-04
8.255626241930525322e-05
8.045155647274792956e-06
6.442838849831613732e-06
1.369620640364741257e-05
1.861826696046526980e-05
1.997805397669046495e-05
2.956029360833296041e-05
1.498812257401064345e-05
3.575259363978148413e-04
7.003785493323360679e-03
6.528008022876360603e-03
4.192479317726428324e-03
1.304357063388688308e-03
1.627636629575938704e-03
8.354164163552625297e-03
1.417707702463375484e-02
6.809906743274632065e-03
3.648577933939267572e-03
3.538266564007314140e-04
1.258325396269875554e-05
5.099234693067607402e-06
7.684514908747510967e-06
9.228790754241820890e-06
1.125281221744480223e-05
1.977691121287095054e-05
7.120371940111067098e-06
1.972305069651908294e-05
2.569552410894791186e-04
2.356360384023631089e-03
2.344241674049571313e-03
1.010362112251059278e-04
2.711124188474071044e-05
1.644525762536378150e-04
4.583329590035127230e-03
1.361134112340047636e-02
4.909599214844388541e-03
1.933359384439954426e-03
4.081242750606915606e-04
1.524195576832348162e-04
3.875946406995292950e-05
9.927497947285033887e-06
9.604524910384186248e-06
1.941941301398524038e-05
1.081733572393814305e-05
6.161993000444743602e-06
1.636228254530429206e-05
8.786644258694598975e-05
8.473423857839641065e-05
1.344685785646669267e-05
7.836812974814415326e-06
5.374125963702737859e-05
9.860776670234387871e-04
1.366519889042341982e-03
4.075693686093079943e-03
2.144482390200771679e-02
7.396842076982276283e-03
1.989678056234506567e-03
1.217608046107659941e-04
8.365477344769841746e-06
7.561590028406007017e-06
1.956560306894563524e-05
1.874768034398260951e-05
8.511657401223073877e-06
6.664981661110314182e-06
5.498132759616797391e-06
5.372280869931865160e-06
2.397785881829367301e-05
7.959078341497263917e-05
1.583818028118472740e-04
4.931768525359080894e-04
8.972274290532390706e-05
3.248002944439065199e-04
1.495963716974732863e-02
1.791714961994654229e-02
2.708497686383167565e-03
9.274714448951612089e-05
6.348909762701887018e-06
6.179636195931464550e-06
1.844650447493902860e-05
2.038793042458644612e-05
1.040308227763334893e-05
6.562338584802442628e-06
4.015188123338545004e-06
1.535798408688412054e-05
6.682870849694905841e-04
1.452680346817881952e-03
9.319215563869042655e-04
4.521867244115127145e-03
1.066729048382186588e-04
1.027323417905134349e-05
7.274890278830672746e-04
1.100034365751039606e-02
4.669381402220248653e-03
4.321294032853383472e-04
2.804345086273531855e-05
8.874184637226926643e-06
1.726828113764522564e-05
1.707890616853502625e-05
1.052353301734200389e-05
9.586030759661574743e-06
7.403284808532724293e-06
5.840965508365082010e-05
1.756256048680093903e-03
4.328660927194280679e-04
2.127474380561952415e-04
4.460614217401183759e-03
2.234558024898688621e-04
1.094888406307435827e-05
1.392775882734405279e-04
8.500004630636614784e-04
4.884667339817546153e-03
3.900079683287430415e-03
1.051585322390045495e-04
1.013596447548772921e-05
1.498909615834160756e-05
1.508118317085973448e-05
2.571640654332620052e-05
1.036102247433639666e-04
5.890239487968292720e-05
9.876355380032427313e-05
6.748244481251400523e-04
4.250243624447296671e-05
8.030320235650781168e-06
2.104722517108188957e-04
4.440326181017608211e-04
3.631703383034107918e-04
1.124643323107441233e-03
1.041925786458169825e-03
9.745643947655840966e-03
9.382382751579227548e-03
1.866099409707301692e-04
1.450259084365840527e-05
1.492779599598834389e-05
1.149311569893031672e-05
7.171010045818044631e-05
2.387954003300759263e-03
2.326759568065771798e-03
7.360555949165986222e-04
1.016967589794330259e-03
1.646866813059592557e-04
1.061906272274375077e-04
8.493403576291656170e-04
3.307409004715648315e-03
3.867057201316304472e-03
2.223341485286168661e-03
7.298370629444109669e-04
1.515690219233240812e-03
7.929862077582451943e-03
2.022401521574414360e-03
6.057849279057566792e-05
1.499646358094993552e-05
1.039304089282537088e-05
7.669511763681170606e-05
2.904616044100149803e-03
7.566979432034439193e-03
2.566450775350125751e-03
1.130142758594168380e-03
4.768941116799972862e-04
1.824940682878602779e-03
1.860513289844503053e-03
1.638208324065936134e-03
3.888447264386654233e-03
1.429455373820649180e-03
6.475559445534606910e-04
4.391219905284626367e-04
3.895998210920692713e-03
5.970265126567049149e-03
9.915547024004885352e-05
1.104921611714101229e-05
4.227383475359701529e-05
2.481949934279961451e-04
1.748380235601382270e-03
3.994551572629019554e-03
1.916088115364004843e-03
1.459071809454427684e-03
2.365466199323612182e-04
1.451543221643588428e-04
1.647190348696025053e-04
6.152708105074181349e-04
1.774448351134923956e-03
2.230056903799518524e-04
2.462761708854771807e-04
3.687989641975933375e-04
1.160009571904045429e-03
1.949276262866576600e-03
6.613028505903778141e-05
7.874663810807057204e-06
2.461586617510994578e-04
4.203896520993775400e-03
1.310469932039283643e-02
9.792672172123480928e-03
2.926868526418782267e-03
2.382345297182641465e-03
1.964319857422611496e-04
8.672110591125560791e-05
3.533024668512904274e-04
1.230411121790813593e-03
7.935285379657815641e-04
1.415864422268182845e-04
4.013881771683761881e-04
1.612414095260374840e-03
5.044108633411256010e-03
2.741026727501278109e-03
6.668625170305353281e-05
6.379947575754525933e-06
8.181281596439889440e-05
7.985482480104921441e-03
7.833694135422779314e-02
2.292996956667862213e-02
1.199844970646053548e-02
4.256422011826943227e-03
4.978395469309074934e-04
2.404937338366073662e-03
4.756997125410241875e-03
1.618792034502952119e-03
1.762779498224517107e-03
3.058394056245358934e-03
1.463037001135564664e-03
1.250068268505617926e-03
1.310586552268549858e-02
7.652874694679267717e-03
4.596958145861365359e-04
3.841920840846240262e-05
5.118899039079761525e-06
5.025042140718687100e-04
3.676445978644854451e-02
8.329632899123546458e-03
2.130601777725286711e-03
1.020421348524151901e-03
7.008735638799629825e-04
4.304647696508429044e-03
2.998952789431252181e-03
1.709403214954738869e-03
2.987662482055463125e-03
4.952466925528131551e-03
2.819321203620429070e-04
1.827136655244854398e-04
7.115382811580240469e-03
3.699049199034062495e-03
1.307967631426634227e-03
2.689594982630284770e-04
3.018207808006276211e-06
4.630589088911474271e-05
5.147877288951736158e-03
4.767685704521919775e-03
1.157236903398396093e-03
1.551956562620301428e-03
2.313374428609239666e-03
2.695360006291917451e-03
1.650935617613716105e-03
1.704465541824152011e-03
9.112531840993932800e-04
2.159487825507556708e-03
5.280329904093856910e-04
5.044392759206273559e-04
6.881972424473852858e-03
7.984861351398259231e-04
1.336059341315515086e-04
6.692153733686623718e-05
7.209502856048591264e-06
9.446108593207243773e-06
1.730094756516100687e-04
2.543046917052968047e-03
7.797094122183844712e-03
2.600086919120655603e-03
7.166144686786906585e-04
2.060203861128145821e-03
4.456962509399142736e-03
2.206399925984241922e-03
7.115036953335540214e-04
2.161577303833222500e-03
1.813768559713396832e-03
2.386960467727715536e-03
1.670748235704859475e-02
2.159607053901102351e-03
6.262655200871290251e-05
1.572156585661362135e-05
1.034859093282747839e-05
4.882356228360565065e-06
1.423138358474695979e-05
2.683411144571964989e-04
2.140448780344555123e-03
1.478305756817039664e-04
1.264278262280735894e-05
6.599980353061204595e-05
3.407524013059936912e-04
8.900481983246572070e-04
1.464380824415392659e-03
9.528269462613868888e-04
3.629421626995565681e-04
3.462394402957608402e-03
2.830113097344532161e-02
2.414718047462558349e-03
4.679481163099674483e-05
1.117309323983357481e-05
1.365300750181383135e-05
3.607955152738166472e-05
1.272777090807227353e-04
9.451705992961532358e-05
6.562992516550607215e-05
1.244240051002990453e-05
8.467668067100716177e-06
4.798011165715328858e-05
2.026855850878306168e-04
1.956342726555786258e-03
3.576697076332417159e-03
1.347865444773785034e-03
7.008179720844851272e-04
9.040403416655474686e-03
1.395920824259761807e-02
7.503491087292487845e-04
3.703524107571613919e-05
1.179757541049769949e-05
1.667773269908894834e-05
2.212235707083602557e-04
1.832188132253620601e-03
1.874579036627572581e-04
5.191995417996126891e-05
1.015813188486631454e-04
4.925727481902967587e-04
1.626637920942339754e-03
1.075838909596940488e-03
3.448071737320896647e-03
1.788584293984206734e-03
1.254963660441940502e-03
3.961133363261387479e-03
1.318640503742070716e-02
5.580070370603459722e-03
1.323381807453515285e-03
1.429363904322140401e-04
2.227395274084302795e-05
1.307076912258419765e-05
4.787622871497970852e-05
1.681922327900273856e-04
5.768920353648552689e-05
1.828080164522387298e-04
1.730264240292061660e-03
3.196643000699223979e-03
1.984351915234552725e-03
5.150077226540267315e-04
1.170716798168786087e-03
9.144278190396642070e-04
1.930190640855083224e-03
1.437353171000297324e-02
1.577159470221565010e-02
3.165664582657737487e-03
4.199385995911595628e-04
4.194685006014964567e-05
1.559596703139350842e-05
1.091294040487415894e-05
6.558183819315014957e-06
6.048168596510394072e-06
6.208269826006710138e-06
3.691342579816607125e-05
1.560482848552584344e-04
8.106851068753371473e-05
4.705322710884732437e-05
1.000065753441941257e-04
8.675668360974874219e-04
1.978765244173033740e-03
6.018444335651141827e-03
6.346462259029058382e-03
2.830490537188049861e-03
1.762537961771273951e-03
1.192322204852608672e-04
8.475429699791058090e-06
1.027101056322459660e-05
1.296176626907758363e-05
7.136893941178240462e-06
4.895384864634388616e-06
4.508434664687365823e-06
6.630865138401464681e-06
7.641010316281840819e-06
3.645678305203373098e-06
3.538387233361053760e-06
2.668896824836590023e-05
1.105201574193155362e-03
7.097360189904562168e-03
1.402339221290071700e-02
2.413951308059982589e-03
1.921305147679213147e-04
1.374736573865018322e-04
3.826783593613040718e-05
8.652125594300634880e-06
1.445219050369585308e-05
3.879951717972558522e-05
9.358515699952146241e-05
8.992968269836265746e-05
5.545426789769970533e-05
3.211235719199395297e-05
3.887825885904631581e-05
4.281559118761699064e-05
1.117479217330849713e-04
4.746390727619700673e-04
6.864554225183715566e-03
1.104099527051087201e-02
7.559920642758921963e-03
2.287226047492247824e-03
7.927243923332372632e-05
1.256010141643111042e-05
9.369072232831176353e-06
9.408904062078092569e-06
1.846194031309550320e-05
1.804240217046669461e-04
2.112703918307522102e-03
3.031011910988851751e-03
1.890649037299190968e-03
9.023947846633073588e-04
1.508987107153795431e-03
1.300207032301324214e-03
3.496095045366867226e-03
3.463356691096376640e-03
2.205382261482919173e-03
3.335378623359348252e-04
1.027328855370078492e-04
1.234863896012698280e-04
2.809766522868690984e-05
8.042815072468679352e-06
8.195013769922483856e-06
1.103594929959945102e-05
1.997890485763486262e-05
2.311879302759215567e-04
2.178283082488587184e-03
3.434943534649274269e-03
4.393138217560354705e-03
3.561041650399036744e-03
4.396750808838553043e-03
5.055718010124473586e-04
1.628440804633235191e-04
9.645102981834839466e-05
4.286121810460490110e-05
1.146199731327923501e-05
6.077385506113110427e-06
1.222615044268870338e-05
1.569414979370195389e-05
1.575070962637926134e-05
1.799632465322977074e-05
1.999812230695471564e-05
2.977573090415335837e-05
