3.987154369919045153e-05
2.922766099265363977e-03
2.246186330953287708e-02
1.295246567825843187e-02
8.846580404772210263e-03
4.035163007830589073e-03
1.137092772456016606e-03
4.396316610476451231e-04
1.146943854302773176e-04
5.225841049350444959e-05
3.901705034234493301e-05
1.454746978049235920e-05
7.131212279761667886e-06
3.455640739763120437e-06
3.172357607074073840e-06
6.938082211534978876e-06
1.138188675993215146e-05
2.103787764702475592e-05
1.418719574149153982e-04
4.996654158958294990e-03
1.277564053574885630e-02
9.595340430451130415e-03
1.005465111441159343e-03
1.177873502912352160e-04
2.650883867354106977e-04
5.946064579311393164e-03
1.720017932438288114e-02
5.732691529867072790e-03
8.893945398981528260e-04
2.280953613824098544e-04
1.361163399204295412e-04
8.020088342319697279e-06
1.047327591019170624e-06
2.875220582493089147e-06
5.635597884955937071e-06
9.285923471780666662e-06
6.032345173201267502e-05
1.056285199445338623e-03
3.093121336522268276e-03
3.319641356871446802e-03
1.917972693186161676e-03
1.042814753352591661e-03
3.076377221081830183e-04
4.087958550013017379e-04
2.088411040812878337e-03
7.290155827029957958e-03
8.944243334303214610e-03
3.994967088002355712e-03
3.096061941702742907e-03
5.154922969847285747e-04
6.166704408012239620e-05
8.617772871581469917e-05
3.412859617493135123e-05
1.050919260043195160e-05
4.177973608367648339e-06
2.621167146474095641e-04
9.205176741852651168e-03
5.598600334625608924e-03
3.142777779283594062e-03
3.134415362117798625e-03
1.445859672332216236e-03
8.694684919062176673e-04
9.424535918669446665e-04
7.528427845872971355e-04
5.543260773405700968e-03
1.244040820725972503e-02
5.340818435253596834e-03
4.437815496609786615e-03
1.471516447168602464e-03
8.545331232236382012e-04
1.060374729766192024e-04
1.373201303594769428e-05
3.880555873108621043e-06
2.780920489287521833e-04
1.266993535122614041e-02
1.334343771031132331e-02
7.539425628612390212e-03
2.613637764807817589e-03
2.855572606147547751e-03
5.454457681679959237e-03
3.130564994987427262e-03
4.439853590189736608e-04
9.155912716408446880e-04
1.135126815613516152e-02
1.451771597395275573e-02
4.069660759312019628e-03
6.996392602705686073e-04
1.035238547345582687e-04
1.224706160806916753e-05
7.751200594849500184e-06
5.477192179144957525e-05
1.101116545162991647e-03
4.830631068485740677e-03
7.124158965638034170e-03
6.867239535047639683e-03
3.023573141521276788e-03
3.466506363938746168e-03
4.434855184251967550e-03
2.232014473021132293e-03
3.217534468343482678e-03
1.006800211852541772e-03
6.333231126337089808e-04
5.234067723572563210e-03
1.007434978736931018e-02
3.008666586820189347e-03
8.143786959114021140e-05
3.202869617445597855e-06
5.066437447256675858e-06
1.013950060993752239e-04
1.044940337923839580e-03
1.367753212001093528e-03
2.569553512585397766e-03
4.176257900592785302e-03
9.707843093524888643e-04
6.383753482648670853e-04
7.282925455519944887e-04
4.681141544479750774e-04
4.116786640679157179e-03
1.486048896651735512e-03
8.431134596932764896e-05
1.002835585925312923e-03
1.619029342852155301e-02
8.322795657039300590e-03
3.645345287926714511e-04
1.460943304075951310e-05
9.512318046913281928e-06
1.057846772082583619e-05
1.842745916166560330e-04
1.291539296209975570e-03
2.077075700813483475e-03
4.105199223792209938e-03
2.561038336672006969e-03
1.882524025135892502e-03
8.457512924492854378e-04
7.005939196088396045e-04
3.048759851973164171e-03
2.158584393883615244e-03
2.367668600915357965e-04
3.507935570603475713e-04
4.922152550942356791e-03
1.285205498245528197e-02
1.790507808233966509e-03
5.435407428479325029e-05
1.296807438613907564e-05
3.181940150482162637e-06
6.908238314213620919e-05
1.011664229307235752e-03
7.382849139170069271e-04
1.413954340709976760e-03
1.668770972636125479e-03
1.336400587219255384e-03
1.041322365000893349e-03
1.805528252293693570e-03
2.010827887325625056e-03
2.376664924774697044e-03
5.857347725908274407e-04
4.675583594475069270e-05
2.871693782079422740e-04
1.532070922991037032e-02
3.714817855971155533e-03
3.194772994071320396e-05
7.768786304289412872e-06
1.288662947565401519e-05
2.340462303842499956e-04
1.188481853845144891e-03
1.184300512536464118e-03
5.068339099443226921e-03
1.179944773674544397e-03
1.797825296251869356e-04
3.573876210344789682e-04
2.000245009367919956e-03
1.191135167573261974e-03
1.387018844353113747e-03
7.365555053057592149e-04
4.792773867504278789e-05
8.611865466068280555e-05
1.150124784629489097e-02
5.748044969889301581e-03
2.536145126710059164e-05
6.108031759411958196e-06
2.886677638513648295e-05
9.172638538370614684e-04
2.947556387276239337e-03
5.964734466785323033e-04
1.747887719056880063e-03
2.488340480960829666e-03
5.254116008345825414e-04
2.884618045738690647e-04
1.291357887374054584e-03
7.419590599296880997e-04
6.134386307316269790e-04
1.354130131885913262e-03
6.703806589540015418e-04
2.839094443061030261e-04
9.837011767093934919e-03
6.482074285367451887e-03
1.731824683238184764e-05
2.861093781816654755e-06
1.215998051677106816e-05
6.526928224076217850e-04
9.919384534202166717e-03
1.240118350251582851e-03
1.297092614052860549e-03
5.742686397439754169e-03
1.500156108958324887e-03
4.027380509670637726e-04
9.756991200561181609e-04
8.928382141852927306e-04
8.553970888617485084e-04
1.281376346853402640e-03
1.628113293443791227e-03
4.458935388470832133e-04
5.789933328321473019e-03
1.269216288563065377e-02
5.364393302751165055e-05
2.676783455025191770e-06
1.659678233433674614e-05
9.058006017271138903e-04
4.549542943826584418e-02
1.232837148683132815e-02
3.743710732566450129e-03
3.618217229120898864e-03
1.276043224315479311e-03
1.300430413945495274e-03
1.141484154441647306e-03
1.153796969587649653e-03
2.079654099733397113e-03
1.249460330456918103e-03
1.631420492811093978e-03
1.090597480073154848e-03
5.532339077901738712e-03
9.456947993322015189e-03
3.578910973212206278e-04
1.604619860250378852e-05
7.531632130411720165e-06
3.039943060183153737e-04
3.809490649611882440e-02
1.096872196921022842e-02
1.489967841626219265e-03
2.066404929420959883e-03
1.487167888822207634e-03
1.040261642987941326e-03
2.173435595087614206e-04
3.975915914199872926e-04
1.826533905780968869e-03
1.549156984233015719e-03
9.383922726421679806e-04
4.867836130680135826e-04
3.272849122240737482e-03
6.246880156701334862e-03
1.889024053339008989e-03
1.062841782203224119e-04
2.065370918223470075e-06
3.928073644191113915e-05
6.510096910100830574e-03
8.797124349870330540e-03
6.293350031466035145e-03
7.693301004989966385e-03
1.879113631090831033e-03
1.259430617603346904e-03
4.270938082138384909e-04
6.680945923246872815e-04
9.314934684893499961e-04
1.188548545942267514e-03
1.432522433908289166e-03
2.576151660160038337e-04
1.527856372821003849e-03
4.889244608097989553e-03
1.763867352754506720e-03
8.941596812587330220e-05
5.635723701043171147e-06
6.828196695162004376e-05
2.638716829032782679e-03
3.901591057294875702e-03
5.082609665784510074e-03
4.808176674044773932e-03
9.531300387589229954e-04
2.338160297818834416e-03
1.191109727187295714e-03
2.736661445760788024e-04
2.620186144915174413e-04
9.026941984713693313e-04
1.733077585928299554e-03
2.962376881288098234e-04
2.177313174736631579e-03
4.909247465345418712e-03
8.113243693081601026e-04
6.356506987858886917e-05
2.960541635641623787e-05
1.219993666437524361e-04
9.404970222871290560e-04
3.164278408284306073e-03
3.338741865304967540e-03
2.942235516795616793e-03
7.535578098860439391e-04
1.684335762950301589e-03
1.248218366810788932e-03
4.322574915797742470e-04
8.320060694260802709e-04
6.582937993496661101e-04
4.464823875098657743e-04
4.862744631354234850e-04
5.218649852036983186e-03
2.246790041961467966e-03
1.314108494246414007e-04
2.290415984015907959e-05
1.013264165703565636e-04
7.181820680372673783e-04
1.765331674854351196e-03
3.254955924345788627e-03
2.021217286739917032e-03
1.223735723973230858e-03
1.331034091723109830e-03
2.097166955751869708e-03
1.318254494694456663e-03
1.179463893667551588e-03
1.097217613249041332e-03
9.314397232815420239e-05
1.233249465758800569e-04
3.068282097287037668e-03
7.732862163885054901e-03
5.977000438684175248e-04
8.709703402997235851e-05
2.310204151933224656e-05
1.586689344236062873e-05
3.858470311396714424e-04
3.333044567351855884e-03
2.785573287210542197e-03
1.496763518127488960e-03
8.343571335945587902e-04
1.073018977569499110e-03
4.999564247466677103e-04
2.161921648580960123e-04
1.128723127271732041e-04
1.007893207819263854e-04
6.659230617660689717e-05
3.552069742493015676e-04
9.686504068147607643e-03
5.963183718570863774e-03
1.108875688865708234e-03
9.078553880562569966e-04
1.131803958428532846e-04
1.526340174919861201e-06
3.152099382880880243e-05
2.729173763732239879e-03
3.494846769150476186e-03
1.449228456567667892e-03
1.402999261190579841e-03
6.751188708715782439e-04
3.051109505673845553e-04
6.777680175688113482e-04
2.188360217444164921e-04
2.199601725643317762e-04
8.447718209611015288e-04
2.485643832048014309e-03
5.332767015962130465e-03
7.371487921548970949e-04
1.677048005022804757e-04
1.230470226789962841e-04
2.645919694144912280e-05
2.431241837867606264e-06
5.929981598684917797e-05
4.335794681200815827e-03
1.258490890512058537e-03
5.195915758911879472e-04
1.189803521970993249e-03
3.681710068129745374e-04
4.711713573046130265e-04
1.111608887917220692e-03
2.306527808032448679e-04
4.850103597838659685e-04
2.371766919772243156e-03
2.528245059186323956e-03
4.217202420880488203e-03
5.494438189838406423e-04
9.184562635805716246e-05
2.184914947183341281e-05
5.530457974628119871e-06
5.107399076379465722e-06
1.130997915211768852e-04
3.022944515945612254e-03
8.093438139921203638e-04
7.283742339676595396e-04
1.019983072536961811e-03
2.770597582811235114e-04
3.799287148533549759e-04
2.822594946001256489e-04
1.603898189593905223e-04
8.573333463624602507e-04
4.149200099894934796e-03
8.152560787167602036e-04
1.726366014583701012e-03
1.462684167021433695e-03
7.626131028935897917e-04
1.164348625392975308e-04
1.105495531504265980e-05
1.204459334723944135e-05
1.220910589124623723e-04
8.699536842622145136e-04
5.941459879776425385e-04
5.168549095311939260e-04
2.176497780019600453e-04
8.215333442066655807e-05
1.928686960788918300e-04
8.667611942055964466e-04
5.297847427522379971e-03
3.422373771436193826e-03
2.100712333685372975e-03
6.118835229446056108e-04
1.600178019294843995e-03
4.267920693209805447e-04
6.935957688694495014e-05
2.889465775670000259e-05
1.177307115477266193e-05
7.914890764717776245e-05
2.349702888802763980e-03
6.385999363259170850e-03
1.676586457062987593e-03
1.280426845202200636e-03
8.595621107708145258e-04
4.465650616800923532e-04
6.811013179270084331e-04
1.325277348685358720e-03
1.512937926276542886e-03
1.037480910121574154e-04
2.529257555148769598e-05
4.330976256098794161e-05
1.486248013518270234e-04
1.865303845265940086e-05
2.319711658996198563e-06
3.680157230441118246e-06
9.775519089618960795e-06
5.173212231118631750e-05
1.492568575382296385e-03
6.782617458151360933e-03
2.686242020644123273e-03
2.640661844616575341e-03
2.906049091962078102e-03
1.137092088829160311e-03
2.650229089760971482e-04
4.724423914959294122e-05
1.277778431432332808e-05
3.347282286737291386e-06
2.835217846427578970e-06
5.651372133138030195e-06
1.086693468659955948e-05
6.351109180680326601e-06
4.484444291754030048e-06
8.805231855273020774e-06
2.176263305856275098e-05
