2.042621657980275799e-05
3.148816362481008995e-04
3.442391851902393187e-03
2.988543179205431174e-04
1.072002781414468186e-05
7.832758924666284020e-06
7.783715655429927587e-05
4.252486452668770723e-04
7.037335231287035020e-05
1.383382604462084088e-05
1.508415347784716767e-05
9.887024170790987914e-06
7.980699039866110772e-06
1.304319106962855055e-05
1.773860318016242871e-05
1.768884324474062243e-05
1.787787621757797122e-05
2.312834232738517472e-05
1.212833095436426550e-05
4.511907908644422079e-05
1.404600860684665834e-04
2.177273986813267937e-05
4.145712659981081246e-06
9.166991371877593686e-06
2.070517722892440370e-04
2.500558731604984007e-03
2.642817806116424368e-04
6.794269630696790283e-05
1.657229787708573146e-04
2.777570586896121679e-05
4.040275963964574265e-06
5.529249901532242471e-06
1.090534743781806827e-05
1.264703910709201984e-05
1.300032389592740518e-05
1.777237167983667347e-05
1.261844741217068201e-05
1.014663400017830897e-05
7.107656376276929676e-06
4.195677849619880654e-06
1.915074359246493388e-05
1.063560259928006272e-04
3.277666275726227809e-04
1.386813973482124967e-03
2.160794895230031497e-04
1.784059717385276674e-04
3.037840216545023651e-03
8.456680873001216079e-04
2.189218480659906358e-05
6.351899424243458170e-06
9.282071290184671256e-06
1.180422410367458495e-05
1.246777949820599613e-05
1.704673150960664123e-05
1.660450734720991391e-05
8.615640408379370154e-06
5.649877570092995382e-06
2.493170181418222103e-05
1.056181024687461280e-03
2.629473884299346649e-03
9.254770307157231127e-04
1.872895029087879963e-03
1.508340549825089966e-04
2.737460926861240459e-05
7.240526931090035534e-04
3.163542912156509269e-03
1.722584324134602933e-04
1.387235610256789636e-05
1.002640281539524335e-05
1.207911410316980651e-05
1.296404000414736229e-05
1.746151913488800200e-05
1.750873701745178418e-05
7.544962453292522652e-06
6.886038171271315970e-06
1.096255189697034149e-04
2.788681028658549377e-03
6.914999821795829319e-04
2.619254956591150806e-04
1.362594765315486289e-03
9.248809804383658511e-05
5.364882417229482547e-06
2.518585687810704059e-05
1.659654685450178758e-04
6.282384540018398503e-05
1.241576969275349632e-05
9.133669272871569613e-06
1.112572184350293914e-05
1.299247079940440928e-05
1.805114188372156900e-05
1.288442687974185393e-05
3.662548524016792775e-06
3.578798655662704002e-06
8.851074714411041942e-05
9.578238517101710396e-04
1.192747471444615304e-04
1.873469859597788460e-04
2.317561222434259913e-03
5.872978485188039104e-04
1.426391304728321242e-04
4.846598110616875065e-05
1.343787165524188202e-05
7.093721259378665745e-06
4.759272800004983008e-06
4.676131031732539946e-06
6.393434285107614076e-06
1.011103973617240295e-05
1.773980607211319237e-05
9.125956126407453172e-06
4.379991123106762235e-06
1.665802008662899038e-05
6.941257157982636244e-04
2.836543498711572436e-03
1.415600997729764136e-04
6.481598382739542786e-05
2.652387872061613108e-04
6.554486322338892550e-04
2.827858106446723765e-03
3.459608599681117239e-04
8.964437246362208967e-06
2.937713275658628078e-06
4.437640689015861733e-06
6.847306951197748291e-06
5.516834650993824149e-06
6.236009939396497649e-06
1.443589600061323918e-05
1.119943590338038660e-05
3.955516643574445539e-05
6.074223890442680867e-04
2.863537758102941734e-03
5.738626715303952715e-04
1.095082315655797191e-05
4.167494577942745590e-06
1.810325442678649934e-05
5.659858781272823650e-05
2.261135910125938264e-04
6.961512470752703686e-05
5.965334836086024700e-06
4.976157348786238607e-06
7.665716381535014130e-05
5.725256196555129342e-04
5.542809568489436646e-05
5.497636962746862544e-06
9.457739250147586984e-06
1.298100577341041920e-05
2.469511706370934047e-04
7.182505412894664258e-03
6.136627820884605483e-03
4.934405437207423041e-04
1.050676048739746540e-05
1.240658512431822750e-05
2.706256968030176075e-04
1.007311635554935386e-04
1.136524203826720276e-05
5.788223807156122126e-06
3.821748613310044794e-06
7.463832799182020268e-06
4.170727124643034225e-04
1.086855396190777347e-02
4.240551388836904688e-04
7.529395313279388426e-06
7.187455319297664768e-06
5.934953310883782497e-06
1.505270336342914687e-04
8.913192339801862332e-03
2.166428785423796244e-02
2.288140831520194679e-02
1.788114776016873743e-03
3.492172824466174461e-04
2.095701072036063907e-03
2.604720404619855780e-04
4.850466376399654264e-06
2.252326924920181294e-06
2.975738832758889416e-06
2.781621528138537248e-06
2.188919714051608341e-05
6.310203976058755644e-04
4.918750904794499034e-04
3.198602931000539291e-05
1.238475786120391463e-05
3.198402167172926090e-06
1.284240294998816251e-04
8.673020081436199832e-03
7.727638223868908869e-03
1.737601438853143138e-02
1.313874576502150129e-02
1.283298761065633465e-03
1.635485295747359652e-03
5.715024185689808987e-04
1.936728780940173437e-05
6.739890492022344168e-06
5.480004212852895767e-06
3.013858655388608665e-06
2.038530117339670640e-05
1.139665161190580407e-03
2.799435229168274926e-03
1.523938775529217035e-04
2.099290272324592842e-05
5.934347739266053619e-06
7.299215596579935799e-04
8.477107021030043377e-02
2.974974764449742418e-02
1.217799223445963953e-02
8.905343512474855547e-03
2.788216228457769241e-03
3.197211917729899169e-03
2.487526898570965352e-03
3.823081905569019495e-04
2.885084795740229459e-04
5.832931442398218828e-05
8.775029306479558772e-06
1.559382976076310000e-04
6.564111283838869153e-03
1.008747103200646755e-03
2.095442529263288726e-05
9.377187801620951262e-06
2.127776094938956604e-05
4.034481349773999179e-03
2.233410203749395528e-01
5.636707441066300672e-02
3.039816516261394791e-02
3.577723865624923838e-02
9.651941102850008711e-03
1.311402056210120683e-03
9.583912225819567242e-04
1.039961786184406042e-03
2.421887637116416220e-03
3.127252786335202534e-04
1.357864583451781404e-05
7.810461565106231220e-05
1.102282970049242973e-03
5.376668493687993862e-05
2.108818892682784323e-06
4.926988234806016960e-06
2.875798264661385466e-05
4.707124723729075831e-03
8.445824890644339222e-02
1.478552872482341574e-02
1.256756672151610084e-02
1.209376007553771004e-02
5.732804099762899529e-03
1.465133219810492047e-03
1.748743546458995544e-03
5.887233284110184126e-04
2.468042074204288049e-04
3.725519272397124115e-04
2.211368190686935440e-04
4.072517357444330102e-04
3.263909569028970812e-03
2.045858204911960563e-04
4.919842757059280325e-06
7.138941966002307673e-06
1.000525835269556171e-05
3.918355934023498729e-04
1.289239838916743548e-02
1.903436241760445707e-02
5.115375964265840916e-03
2.310206751449025975e-04
1.349689698976975962e-04
2.020404653796834221e-04
2.753843650038925533e-04
4.620998711941924246e-05
1.387236958155591453e-05
3.135396441846453452e-04
2.202319833692194164e-03
1.152520914413652413e-03
2.984157436228037936e-03
3.206898545487413721e-04
9.574137104572315887e-06
9.657673806464489089e-06
5.270277209718824328e-06
8.578814305517255533e-06
6.533303160921769090e-05
1.551318033918340890e-03
3.945224764374605925e-03
2.284778772047460309e-04
1.114462696240752805e-04
4.004414405636867253e-05
7.295035270992878331e-06
3.212741863170235930e-06
3.825281872320123318e-06
5.081440512026630461e-05
5.214695478917470445e-04
8.488083399331540491e-04
9.199865619065750047e-04
7.885952993819074020e-05
7.109276922015874869e-06
1.063159637735882505e-05
8.811946480469724145e-06
2.441493059524118325e-06
2.655992309278195279e-06
1.247410311916595429e-04
2.737089552371970054e-03
1.180071015863549391e-03
2.612104295187270102e-03
8.445404680632216058e-04
1.870857980079947152e-05
3.621691862763785601e-06
3.849340500238984090e-06
9.540351018005101833e-06
1.248582244498705170e-04
2.912604862181979084e-03
3.009755815493624261e-03
8.359203026362828207e-05
7.956284222329699211e-06
1.215941170014975255e-05
1.603958194844807268e-05
5.384474301830918699e-06
3.885232648147410348e-06
4.305180423224917437e-05
2.226637168406729269e-04
8.522866975645501273e-05
6.993722693239342193e-04
3.255378985713774237e-03
1.680415892405229511e-04
1.158928778541943906e-05
4.809153772991774008e-06
2.959011751584796547e-06
1.209903116210152185e-05
4.537767616895178012e-04
1.467695470685188072e-03
8.766145296984795027e-05
1.020736434242509992e-05
1.342022288090241095e-05
1.815802000621445644e-05
8.136875720134179323e-06
7.715964555518457611e-06
7.607709421406780499e-05
3.084637511338945352e-04
3.330202122461364036e-05
2.617878697205375921e-05
1.509069643468625315e-04
6.122863728116316082e-05
8.856592092205440797e-06
2.662880269849941926e-06
1.438560103264429381e-06
1.086689238271058249e-05
8.200331503502480534e-04
2.309123557428467699e-03
1.099429828265224357e-04
1.275546854216217178e-05
1.494867226096944814e-05
1.548465961425335728e-05
6.535585206501820925e-06
8.455142140832117253e-06
2.253801130440421044e-04
3.062865087649176664e-03
1.956697202932912525e-04
8.934099700547828629e-06
7.788752942554651201e-06
5.862919712546171662e-06
2.039613397963085062e-06
1.508328924408081755e-06
6.161958252804511265e-06
4.002883688021066384e-04
1.597268761625314851e-02
1.346329766391809015e-03
1.672665556622705168e-05
6.137434348361879127e-06
1.445259070233529869e-05
1.281183782760266647e-05
6.700596495697179635e-06
9.030257799856730290e-06
6.647930791804881781e-05
2.776793950000428423e-04
4.989807587406365323e-05
9.627242706781775447e-06
8.732898651832395520e-06
3.005072241665818114e-06
1.220327216697486139e-06
1.274292680145893486e-05
4.982550438402179880e-04
4.287861112695645800e-03
3.995286894792521130e-03
7.160980031354244562e-05
2.670540226718564846e-06
4.131653462895382998e-06
1.490814623877259723e-05
1.493353226207145800e-05
3.419824763681417168e-05
2.054871565755602629e-04
2.631267897755911996e-04
4.120624782207497292e-05
1.118545721217968713e-05
6.357367186004159610e-05
2.979540547176612970e-04
2.934665681259612251e-05
1.298049392542221410e-05
1.133972345827992997e-03
1.515665265646303286e-02
7.655244301716748224e-04
4.556537426844206590e-05
9.263908037805790676e-06
4.435637836627654767e-06
7.853689255552647879e-06
1.735517172369828581e-05
1.826061794509164674e-05
1.356667517735787984e-04
3.724816467647380606e-03
3.648948019242410998e-03
9.583782792983158304e-05
1.478775630856489602e-05
2.504009548973155854e-04
2.891604391908453482e-03
2.687959450368900016e-04
1.347028187595283822e-04
2.996389733381859925e-03
1.093006204770059948e-03
1.030367395132472806e-05
2.213239087939812127e-06
5.380798844075259562e-06
9.411498863491330163e-06
1.224359341623332011e-05
1.793896457241998723e-05
1.481909435199130094e-05
3.537381158528113195e-05
2.423167035779280035e-04
2.671748019398975855e-04
3.063635883797999674e-05
7.246084327134517691e-06
3.323229434074337780e-05
4.768874484267483739e-04
4.424954231370852639e-04
1.415492384416423084e-04
1.123214669369774978e-04
1.361075047752695192e-05
1.562358865335156360e-06
2.579422674423774088e-06
8.544490355046709579e-06
1.276500165936955026e-05
1.353818366569921105e-05
1.809175448743598132e-05
1.690532366151869663e-05
1.084388804761101230e-05
1.113684646356040073e-05
1.170504486261975035e-05
8.951605057955494676e-06
5.516256416126564827e-06
1.063166171179052560e-05
3.054739124972963185e-04
3.144286785555431511e-03
3.405777332802539022e-04
1.927800555490781216e-05
5.646016461937419114e-06
5.577619572561107686e-06
1.128835989224029814e-05
1.771942871285072611e-05
1.821979072321420356e-05
1.807070948930812227e-05
2.307799878429448687e-05
