1.162380013210314537e-05
1.163789831312771660e-05
1.270467108209320795e-05
9.969767759561942272e-06
1.303888471708637126e-05
1.143870522149317101e-05
8.991896127454553742e-06
1.202760424857735544e-05
1.487921638512005360e-05
1.485782927252172545e-05
1.444404469824630219e-05
1.425597544935621521e-05
1.415516006435789047e-05
1.413127293780438240e-05
1.409042521437539907e-05
1.390735652846625425e-05
1.450477223414231624e-05
1.896531481283118440e-05
7.819242120985550718e-06
4.662260375467464784e-05
1.451293993301456912e-04
7.583319442860229106e-05
1.584505785990753652e-04
5.091103300089606384e-05
6.215770903945783296e-06
5.804260872390239092e-06
8.978719175339949790e-06
9.909807036336031605e-06
1.021157294315004891e-05
1.045094745508949501e-05
1.037961811201539499e-05
1.022717519064973790e-05
1.011940655288457100e-05
9.934440942789685204e-06
1.042602761089052109e-05
1.450301118465762263e-05
9.712792869675253673e-06
3.707393262466619310e-04
2.363918291951267858e-03
6.164492343725526489e-04
2.296081766740728797e-03
3.587692891370112018e-04
6.225019013371430669e-06
2.847767143516508835e-06
4.550020844172554448e-06
5.711209602709157528e-06
7.159206055578121630e-06
8.995362817313621993e-06
1.000503275638386829e-05
9.992582362778596093e-06
9.735047439202771004e-06
9.482196951723234090e-06
9.934275357316202674e-06
1.390993081877885970e-05
7.650571152734792220e-06
1.711052133339335086e-04
2.534983270485644067e-03
2.138208674128888511e-03
2.700602365949867495e-03
1.480946939594770769e-04
3.394689861681769452e-06
2.459742913531360345e-06
5.520921515958470465e-06
6.441354025513535165e-06
5.398513415496274193e-06
6.344367032049048746e-06
9.027338376846628310e-06
1.036663157367545039e-05
1.012115911237200892e-05
9.686878847896575464e-06
1.009656391989912729e-05
1.408979587642470745e-05
3.879214137064695521e-06
1.388893914346567195e-05
6.506783290752956792e-04
4.673375810089442153e-03
5.639938181993162884e-04
1.547812354923523785e-05
5.977782294083972418e-06
3.758298802136548079e-05
2.392523911222968957e-04
1.665724706336463973e-04
1.750027839376289870e-05
4.660061953126046990e-06
6.251425384772220191e-06
9.812893398143481111e-06
1.053954992785776486e-05
9.896410286428810495e-06
1.014529414708200563e-05
1.410846522960241711e-05
6.303542950147484560e-06
1.893656131358422218e-05
4.246596557030570917e-04
5.413088454136828548e-04
2.197136250884474022e-05
1.283840555703805075e-05
2.947587122395003956e-04
3.472198064644577142e-03
9.734997912268178108e-03
6.408465814099295263e-03
2.368810635411111587e-04
7.002655802322025269e-06
3.473217906636539750e-06
7.330379347595457265e-06
1.061214282675649246e-05
1.033709586560621410e-05
1.033420110106803682e-05
1.417272819589941575e-05
1.608284048555560003e-05
1.369775978585005126e-04
2.220796071931624861e-03
5.070255880243038690e-04
1.379621712845679007e-05
4.236729496042845341e-05
2.726827316279838501e-03
3.219260314168379076e-03
6.479477904615330974e-04
3.370709869190421839e-03
3.498578638161873190e-03
3.974472663489464025e-05
2.131990876525949461e-06
3.486264691773782287e-06
8.143382367069535393e-06
9.897125391374963658e-06
1.042729130629394214e-05
1.441407381163712014e-05
1.060979505549753530e-05
3.057548987555909465e-05
6.287908960535075996e-04
2.604302754649160615e-03
3.514983444263733827e-04
7.764370295237453393e-05
1.429322972369891922e-04
3.222613766729606684e-05
5.803374677006249128e-06
3.559061668621772505e-04
2.312324313406953491e-02
5.541314317767464344e-04
2.481952944643183562e-06
1.088382725277981331e-06
3.559091601744328793e-06
6.737636789519224445e-06
8.963854702553873213e-06
1.411413145185606396e-05
5.472825859587420980e-06
2.016198316098615064e-06
8.430159844780294170e-06
3.093076242351604005e-04
2.611583433623697065e-03
6.874230545775103117e-04
4.009294279640807009e-05
3.065823188925672528e-06
1.249420984339250191e-06
3.939878571254613665e-05
6.910320744419061294e-03
3.203284692172754262e-03
1.351737668327291970e-05
1.560892663548632684e-06
4.589122183469025363e-06
7.092765536899467261e-06
7.291485161829726630e-06
1.260059633326023927e-05
4.131708985820888913e-06
1.589041217019223268e-06
2.144122595878827019e-06
1.291483917151906465e-05
4.433962332070617699e-04
2.107940343321903880e-03
1.044290133287931465e-04
4.500655969181189457e-06
3.184246763705173834e-06
1.140658914739376687e-05
3.344865440322163531e-04
6.217737939872896615e-03
8.141756780040500284e-04
1.446172112867342714e-04
2.262390909916987543e-04
5.119149703327010350e-05
9.603370916191933629e-06
1.133458019444873075e-05
3.988878231704081271e-06
1.923988560557008239e-05
2.344261910329038052e-04
1.971503213811496603e-04
2.899026827961230578e-04
8.212958669944030177e-04
6.667841768697000022e-05
5.720839772473250219e-06
3.887139852635757936e-05
1.526100692010131559e-04
2.364290924667986722e-04
6.821392080803454112e-03
9.473900247712916528e-03
3.022369262788624639e-03
2.517362309076697814e-03
1.626805090431181851e-04
1.186595335655914696e-05
1.113477334527553375e-05
1.262178282891577388e-05
7.047359029934171896e-04
5.706130171508205784e-02
2.076858060520350713e-02
2.822107383173287284e-03
2.513534887818746032e-03
2.531448273128423252e-04
1.831659676383718397e-05
2.125822922320683562e-04
1.714839772253922822e-03
1.123038208540093211e-03
1.012759599542937920e-02
7.424051353301078585e-03
1.308117139469047556e-03
3.233809277845740588e-04
2.382841631307963442e-05
6.594005321870106995e-06
1.139772499202744575e-05
3.934793855988083001e-05
6.022277828597158260e-03
2.708455519556325908e-01
2.683346493771044533e-02
4.420693984117217250e-03
7.871557873565337635e-03
2.435193708361840965e-03
4.841670439348993668e-04
7.036458618860659108e-04
3.061568838818617185e-04
3.061785257885002443e-04
8.175307013756141772e-03
1.493939635583834552e-02
4.596588168814104598e-03
1.612394874032492770e-04
4.781225774413184963e-06
3.956631813685704980e-06
1.218083237351846625e-05
8.196075693208141401e-06
9.017054770519859546e-04
9.700405784936182163e-02
2.617244789199200602e-02
5.411954278771489470e-03
2.635784768398773386e-03
8.275230787525171333e-04
2.711800491185256852e-03
2.270402293087636983e-03
5.919470484193590468e-05
1.009826830913551849e-04
5.746037092719932272e-03
1.267559724031441619e-02
8.292174186295086374e-03
1.943692731067304361e-04
3.609312662128659103e-06
3.778012928494911154e-06
1.290233902131173195e-05
7.372877331658082762e-07
5.500138453193290075e-06
1.173085180832716132e-03
5.770496710937428678e-03
7.419679108683298243e-04
6.819119900091431027e-05
5.737422710649231353e-05
7.970291101285996958e-04
3.688707610408847003e-04
3.762218136184992219e-05
7.509389174912225757e-04
2.679618501609850115e-02
1.659673328008887117e-02
8.152605255664812506e-03
2.651258243043089539e-04
6.013643375152566531e-06
4.998582560961857725e-06
1.347821990325188035e-05
1.502807336682600313e-06
5.548738568492364219e-06
5.229151624578622570e-04
2.874105451352011818e-03
5.622212864523067630e-04
1.259685524105860354e-04
2.996595438877724103e-04
2.035621665039274563e-03
2.682490808683369015e-04
1.330366157652864215e-04
2.746766205117583386e-03
1.703342524241123132e-02
5.143810862468573518e-03
7.251621991328539851e-04
4.310230773489126174e-05
5.808837145059164974e-06
6.787600376377487557e-06
1.416321504437420912e-05
1.185901875330791514e-05
2.010744159425103942e-04
5.559986180755452541e-03
4.145385125036386322e-03
3.112789227478700294e-03
2.193017489503463167e-03
9.601050576003123749e-04
2.503334270460667605e-03
1.611627881302272938e-03
2.312846184854689194e-03
1.089175796315882197e-02
1.515160616211267894e-02
7.236926469207219164e-04
1.299722982716720656e-05
2.870930871508499054e-06
4.229765067044752300e-06
8.473457610312175290e-06
1.462947790049218814e-05
1.427102942243404047e-05
7.657924079344163653e-05
2.293344891675315781e-04
6.644307187821612117e-05
9.392871221317031553e-05
1.693564947977332046e-04
1.519003783621937411e-04
7.471195829488719818e-04
1.987941681145433039e-03
3.448275704443695428e-03
7.771388805969430685e-03
3.370852511177656764e-03
6.311421206612706167e-05
2.333537212464425698e-06
2.327196641516599808e-06
6.288200131981174106e-06
1.018620849569842185e-05
1.462945231715975381e-05
7.628581590112268744e-06
4.330432739083710932e-06
2.431671244563116637e-06
1.970811647776880245e-06
6.113158205613813525e-06
3.085488306577936079e-05
3.054054996602115560e-04
1.791141751423386838e-03
2.144827271242889886e-03
3.260149734586381687e-03
6.145797065496698929e-03
4.221428416386084951e-04
7.660028143385475856e-06
2.519037782379253057e-06
5.594209031977845317e-06
9.587711071928013264e-06
1.074453172279792693e-05
1.432229585662479890e-05
5.885622413410624542e-06
3.268505241869758820e-06
3.021798186333620871e-06
2.115293982801520636e-05
3.272129357941360394e-04
4.927552412626900503e-04
1.893100758809822259e-03
6.308067126593113264e-03
6.869964987388445417e-03
1.199380686252360904e-02
5.903627720391955123e-03
1.088506690068457742e-04
4.498676852038434235e-06
4.522892915114570692e-06
9.078222911924580888e-06
1.048588754557003695e-05
1.043578844186917015e-05
1.410773734479514242e-05
7.003895807317157630e-06
5.416194173424725036e-05
2.476753043741187804e-04
6.765075238091094968e-04
4.487696292277129802e-03
7.313292871015448669e-04
5.073397698361624712e-04
1.479349955189772792e-03
2.365148837247409500e-03
9.132694354664471631e-03
7.964656307217741777e-04
9.285300838842910153e-06
2.887724731906988833e-06
6.662709872510450842e-06
1.041213456840712707e-05
1.019739435598966391e-05
1.019428832927958130e-05
1.408839974836568023e-05
8.781036347815944406e-06
5.046363138922517477e-04
4.914021151533607031e-03
1.034456225511676394e-03
1.060218538484711823e-03
9.887068292368383785e-05
2.513348325356024721e-05
5.722395435475433268e-05
2.181236799317702547e-04
2.538092982661419722e-03
1.879079777420856611e-04
3.278575883576687256e-06
2.981900917206194532e-06
8.175489293888797525e-06
1.053738864810137673e-05
9.890507947366348240e-06
1.008890920923154485e-05
1.407228535111517853e-05
6.563041069186410244e-06
6.078621002153037630e-05
2.985883806840783036e-04
3.685574898402434966e-04
1.771047200232871502e-03
1.964288135923628975e-04
9.067931923846614411e-06
6.884185872099265994e-06
2.627020268043991000e-05
1.679801966130043615e-04
4.080289631606561206e-05
4.886987493080363329e-06
5.544072382602303924e-06
9.480354974535238680e-06
1.015852977926701353e-05
9.554772580977517144e-06
9.902886860634829027e-06
1.389796898740939391e-05
7.254674066974861995e-06
5.651607385131100608e-06
7.014147630654766299e-06
3.358544342834474740e-05
3.237861597960022290e-04
8.738213490795485462e-05
7.987652937580103690e-06
5.129472860252059209e-06
8.113694392519992587e-06
1.356071074690643224e-05
1.008865998587802384e-05
7.253456940301674344e-06
8.974786757241678994e-06
1.053367440032541220e-05
1.034752147727198430e-05
9.927018825450433474e-06
1.039809402910954239e-05
1.449963618654757951e-05
1.592681308005741754e-05
8.257747343799516987e-06
5.253816371331440375e-06
7.162420591276296293e-06
1.422902119367296658e-05
1.158405834350394729e-05
8.618802185956379980e-06
1.037912109619247103e-05
1.147617555668132892e-05
1.136765620784689878e-05
1.159080664664787668e-05
1.287831312289198749e-05
1.430460018205557324e-05
1.450617154567377716e-05
1.415756581669238534e-05
1.386855737650538649e-05
1.448655990785122986e-05
1.896723926424131670e-05
