7.824453843993546803e-04
1.398366585645035567e-03
5.582873371918398338e-03
5.163680161095067327e-03
5.804836130795917350e-03
3.061525035691744102e-03
9.918789825683318930e-04
6.851793873819040682e-04
4.910839240179470239e-04
4.130258041369250406e-04
3.259479706283076425e-04
1.095056682127151604e-05
8.399676067476503809e-07
2.062397426404538408e-06
6.846391727032428188e-06
9.777372882831514742e-06
1.030870396203091909e-05
1.673964024583183207e-05
1.497767610966821623e-04
1.598367029585912556e-03
5.875938467596954901e-03
7.001102984123914671e-03
4.557598383967794570e-03
2.917646854193857876e-03
1.004506625516395036e-03
5.278247761307520948e-04
2.852722526702275354e-03
1.645934716528474513e-03
1.598583087768633065e-03
4.871311591262662767e-04
1.682122143154755377e-05
4.492236761295733718e-06
4.156567718968629758e-06
4.152492141114699934e-06
5.138281538813784519e-06
1.026678410284584185e-05
2.066409165013798681e-05
1.498348221832177234e-04
2.314282406529884976e-04
1.691725122584760311e-03
5.660394813711267219e-04
2.087302018689991259e-04
3.729841383411386531e-04
1.951295900682430140e-04
3.328261740657883876e-03
5.337155542729663839e-03
4.579361742166021022e-03
6.143348126091565872e-03
8.508431374899881432e-04
1.571694310815612613e-04
1.798686370342625392e-05
3.402790417852934354e-06
3.880233760996614934e-06
1.017711962768198994e-05
1.142780467412271735e-04
7.425795892320197775e-04
1.691865298124314377e-04
2.807435672511291933e-03
1.456367714719146141e-03
7.698423051251620001e-05
1.472773829278564630e-04
2.219096090418819559e-04
7.642870592046415107e-04
1.022468430866565635e-03
6.836740345263596363e-03
1.000236920855619716e-02
3.698250782679352901e-03
1.352017226373868064e-03
3.883871048170233674e-05
2.581221239988933011e-06
2.888627140608519852e-06
9.882690063670740302e-06
7.665835424152789952e-05
1.374876940382250504e-03
4.705232057381947448e-04
2.916592364518337793e-03
3.127914002866248339e-03
4.959924860176274063e-04
4.502581168863888442e-04
1.159173213151633167e-03
2.218592012994368735e-03
4.838546368320069207e-04
1.548821005541892171e-03
4.612758508131244335e-03
7.745144870317887884e-03
4.524660193697262016e-03
2.512642467533479098e-04
1.344581970777574464e-05
4.590470449678286393e-06
1.021019174877618480e-05
2.097655074676724996e-05
8.168298092269949112e-04
1.351439720554442571e-03
3.112019524746433095e-03
1.722551750443031184e-03
2.393495277435352727e-03
1.273036997330912910e-03
1.258555055909071820e-03
4.226883468214003015e-03
6.513346140617557031e-04
2.613859271183954476e-04
8.090047278525712860e-04
2.389330805057857891e-03
1.179726070120505795e-02
4.173546954645838275e-03
4.963277626497642029e-05
3.932264853177574432e-06
8.881702161705786524e-06
1.867194828390265047e-04
2.740965144623736319e-03
9.941255319086096057e-04
2.071761682127201600e-03
1.110174730677238779e-03
2.900469959254418657e-03
3.170065532228131915e-03
3.333767941159873627e-03
7.001168629226317205e-03
1.811834087909055483e-03
4.596254489279856244e-04
2.960308413520092445e-04
2.576895903725593437e-04
8.500041708904443674e-03
5.812632458512423210e-03
1.493491122183897246e-05
1.037832321899242230e-06
5.087205310344723951e-06
4.957999069555349398e-05
2.434256405235323743e-04
2.789800556364214839e-04
1.822559579341426032e-03
1.564481750600329015e-03
1.336052194461155411e-03
1.171822115455161588e-03
1.155428883891904774e-03
1.882454659217626218e-03
3.195906890243251607e-03
1.387066653091595944e-03
6.582218553726414904e-04
1.955493077406219606e-04
1.801545539774020068e-03
4.110424341957594728e-03
7.297663189785541201e-05
2.871299680336655832e-06
4.016257412178781631e-06
4.056139182322408745e-06
2.081554415250322151e-05
5.130068355354563481e-04
3.123755858285077319e-03
1.467894285915655921e-03
6.475571389242460157e-04
8.600399866889061945e-04
9.408369362701929015e-04
3.552244883224525826e-04
1.181967837633157194e-03
1.069288188914583465e-03
2.812503592463772538e-03
9.562404869181248719e-04
3.304475683086907319e-04
1.560306284315272950e-03
1.999028994469157546e-03
6.569503551940252374e-05
6.511160832223937538e-06
2.005882400082485164e-06
3.487665683131037485e-06
1.842516236407278670e-04
1.977844459081798921e-03
3.292818032154127324e-03
3.212221654296448098e-03
2.569412397993524073e-03
3.809144826359034137e-03
8.860810929007492025e-04
1.620491579006042059e-03
1.130039790177304665e-03
1.258158508149295534e-03
1.343834034258401585e-03
1.354894156943620576e-03
4.982810236633421902e-03
5.236446002809723443e-03
8.827783942018437176e-05
5.045875911021109557e-06
1.671878023673798022e-06
5.497301912417444967e-06
3.196868871822452726e-04
1.324439739201284339e-03
1.470420337372554866e-03
6.585308020489474921e-04
2.656137794014639883e-04
1.391128496446528790e-03
1.681290957371142647e-03
9.038936577680294028e-04
7.142991434671531418e-04
7.223782029743465059e-04
1.086984634546581986e-03
1.040871957087308565e-03
1.948211039569222071e-03
6.382843925424480126e-04
8.142674473620867555e-06
1.648372732930489350e-06
1.501513576596755733e-06
1.069337597245505368e-04
1.515347799333009206e-02
1.444805847385785200e-02
7.587063460350031326e-03
1.152401837284258582e-03
1.009700617967283992e-03
3.626930150734176440e-03
1.933687382448914241e-03
2.446958766785743136e-04
5.235859486982599471e-04
1.098184323571708585e-03
1.557987613693391721e-03
4.434567668705056867e-04
1.780438165988650198e-03
3.509442929639534393e-03
3.636640676284576772e-05
2.775983765852132144e-06
7.281983776072851532e-07
1.915619596637930708e-04
6.672577880579987075e-02
2.918111871624180093e-02
1.026679649302594637e-02
5.423200155917427823e-03
8.421523571936446323e-03
6.954222195805159767e-03
8.168275934768834401e-03
2.845196441733134803e-03
8.039383650367930290e-03
3.094370485826471433e-03
1.493602313082717861e-03
8.775282296196077565e-04
4.243031707288067063e-03
6.650126444608294753e-03
1.973501430291559554e-04
1.482178047848307203e-05
9.071603373976740110e-07
8.480362033111969082e-05
3.219381007807412681e-02
2.232068373564554883e-02
6.347247980170632464e-03
4.870399765060385786e-03
2.402030436542395859e-03
2.447887098695831608e-03
7.079972895250901538e-03
1.096813301966700427e-03
1.757267668396290646e-03
1.387649696731560814e-03
1.065063457308484474e-03
1.582918208794608771e-03
4.982649992309289011e-03
3.956707721780003233e-03
5.195240650974539522e-04
6.119798562720407025e-05
3.131988050357496075e-06
3.974124137256424726e-05
3.142721869642740862e-03
6.184099303735300125e-03
4.410313205484489574e-03
2.003661327120943511e-03
5.282365281626857489e-04
1.487532215572798288e-03
2.472153842826588840e-03
3.812067665356629964e-04
1.166077607866125663e-03
1.905365683418551361e-03
1.462865480038664460e-03
1.752691942072543904e-03
3.508012814903315423e-03
3.019750387854877420e-03
2.320471043785004542e-04
1.865176603877720241e-05
4.213685131414779700e-06
1.433772620747612892e-05
5.347338126852408443e-04
2.086538875459790360e-03
2.179424057675877213e-03
2.909767427016578950e-03
1.839938626639827648e-03
2.162244933988443675e-03
3.598963757063389571e-03
1.626536413509962640e-03
2.260277345758033088e-03
2.066891995252332324e-03
6.887781457929295116e-04
7.580600503129568879e-04
2.059802333317021453e-03
4.258071046775680976e-04
7.665605477865875401e-06
1.929825816710249176e-06
2.092604489489221841e-06
1.289196504188136839e-05
6.961635327855207481e-04
2.330828905869104187e-03
2.382204956215578252e-03
3.585534637118348127e-03
2.905457013169395440e-03
1.091827321274690520e-03
1.837613848038782086e-03
1.617735840931692473e-03
8.178849619159959169e-04
8.843859471026609565e-04
2.734481165170976483e-04
4.371968640275016656e-04
7.306810300882787823e-03
1.929229248677594762e-03
1.569010011880597359e-05
3.447340172515232823e-06
2.743334244264561190e-06
1.039874327561226229e-04
2.101206117154218612e-03
8.098395639909827370e-04
2.868356596722387505e-03
2.272081329423654601e-03
2.067075321751623749e-04
3.169290554039247486e-04
1.289956148165935122e-03
2.828315127917099304e-03
6.377908886398158707e-03
2.955533637450613333e-03
4.734690759693696463e-04
9.280069838442222283e-04
6.330033079180737154e-03
1.738931104147884311e-03
4.169741951758839006e-05
9.884645185954997557e-06
1.271753503277184249e-05
2.614096584253157245e-04
1.735784568239562590e-03
5.408000999715288030e-04
1.376576574124489067e-03
3.387519101506956780e-03
4.611722532555951335e-04
2.361788185071598319e-03
3.532441701357285496e-03
2.251105823528533334e-03
8.454455800707446136e-03
1.420059997074424318e-03
1.211111219271853020e-03
1.223620301478378115e-02
6.883325446015764286e-03
1.393325984925060021e-04
5.904394075810235677e-06
6.637173089523517034e-06
7.881792572021492172e-05
4.192978861853624583e-04
4.000686597190229385e-03
5.210179768824826398e-03
6.725649093879188705e-04
2.649409721083621772e-03
1.174961958146085450e-03
1.770452625382846687e-03
5.551086949345338667e-03
3.160349023729627869e-03
4.341024621479324351e-03
1.694844064171103365e-03
4.007287815595141772e-03
1.653768323939249288e-02
4.584790385724380433e-03
5.911303338332911568e-05
2.699769726833605833e-06
5.883314218550283186e-06
2.966581513395335882e-05
1.379723049699385033e-04
3.489996440062466485e-03
3.752258522163930219e-03
1.075896575762242693e-04
7.609015807898060306e-04
9.674848553519984403e-04
5.444763955268285298e-04
2.173673118739687885e-03
5.263968197831956925e-04
7.810403223270147863e-04
4.060721453716601391e-03
9.455763631160971419e-03
8.640333745330644466e-03
1.002642911544111663e-03
2.246989757975656772e-05
3.184260352367057400e-06
8.324488700267960322e-06
3.162169811589954055e-06
1.232939125993200201e-05
1.191504646157919402e-03
2.330390271716406645e-03
4.868677775513348410e-05
1.136452540957972462e-04
6.680004146005042928e-04
1.037163775681743463e-03
7.874607319319629813e-04
3.743895365562399592e-04
2.895285439086394026e-03
1.369680652720719344e-02
7.506517398853610606e-03
2.768668969884255111e-03
1.197435612486885106e-04
4.547572461780692728e-06
2.898164846241144148e-06
9.966283854822585738e-06
4.553197491474723201e-06
2.800498243242149478e-05
1.026458703187277562e-03
1.085855582112556445e-03
7.857469632188353217e-05
8.641413011238443847e-05
2.789096809752930096e-04
1.676127296549714384e-03
1.597762239220405604e-03
2.448638736857083973e-03
7.625523735459847907e-03
6.071455676675437813e-03
3.709043907226232265e-04
2.905721465893990147e-05
5.618041196914637377e-06
2.218107502762246530e-06
3.466595094361760754e-06
1.022332470638952468e-05
3.458798814927668412e-05
9.471936687034231833e-04
4.840916610167472767e-03
1.829258446703877503e-03
1.481463451047897303e-03
3.924609998412787251e-03
1.822745071904091803e-03
3.229298328892861100e-03
3.160849994205148193e-03
1.592855530988056918e-03
1.878848094959845996e-04
5.076972644333669282e-05
7.543487847484543005e-06
1.363786637192339465e-06
1.930626000217893792e-06
3.509410802564014068e-06
5.078573950098417303e-06
1.032633955551670041e-05
1.182988777818644451e-04
3.703126028190307454e-03
9.123773928471783784e-03
9.669559950785833191e-03
1.168367582158293116e-02
1.218067615542406563e-02
2.570752616612995405e-03
2.701326269461624876e-04
6.071524836613147782e-05
4.420197637615592978e-05
8.370905934118154644e-06
3.924417598674678426e-06
4.422686069227881714e-06
4.582193658566532494e-06
8.012268731555978558e-06
1.064555004766197821e-05
1.053628676280776648e-05
1.669761038560197604e-05
