3.208601546192191355e-04
3.537378985668722300e-03
6.803532981066898883e-03
3.230687104839382283e-03
1.955868309740184385e-03
3.435894886415955495e-03
4.220878545643092622e-04
2.361628536484270991e-05
1.473858240735509743e-05
1.930999792926529600e-05
2.074359988347078981e-05
2.205229564832945183e-05
2.313598993821916109e-05
2.458715118642747932e-05
2.557032120953836563e-05
2.469912969367118257e-05
2.509670998101529857e-05
3.419315047783034691e-05
3.411353627146273279e-05
8.542264128783600037e-04
2.280016972545364021e-02
2.576739625941978223e-02
3.358535338395475002e-03
3.553648916748265263e-04
2.424705510071764917e-05
7.799422148095430654e-06
1.250178211092810417e-05
1.060905325873326398e-05
1.124529629353353137e-05
1.928382259627631754e-05
1.633494505458038892e-05
1.332778595628629458e-05
1.625133752235915648e-05
1.761892213551080272e-05
1.764374235347079950e-05
2.502468513834719580e-05
6.383679516646212648e-06
1.789649039239828883e-05
3.938277633925521570e-04
3.710368502324627987e-03
1.835052253486024699e-03
5.924409430972472012e-05
4.055613799926830598e-06
1.601999237836247253e-05
1.232978912115427104e-04
3.316789231229205163e-05
3.308043869055521787e-05
1.447959668233805223e-04
2.670736460123635195e-05
4.662333315762921796e-06
7.903166924390166953e-06
1.546996713387886890e-05
1.767777416037053100e-05
2.442572563937575326e-05
5.042725022115482294e-06
1.926371514763246668e-06
3.724160227604415282e-05
2.626981988200383523e-03
6.055697606586123855e-03
1.000296193467829558e-03
8.192365953752162380e-05
2.713162137989953422e-04
4.281708944381953236e-03
3.538010713675064645e-04
3.057134115295961452e-04
4.249453280490637919e-03
1.171100643982884548e-04
1.493656036833036538e-06
2.149300715530149513e-06
1.008874299178761555e-05
1.772009097703681010e-05
2.555593292983433920e-05
5.082400901807438837e-06
2.593116158596033959e-06
2.677489102732884393e-04
1.111430876175314823e-02
4.194298277136737987e-03
1.327648951107553849e-02
4.493486875560558612e-03
8.985599903367172013e-04
3.216888101409605752e-03
3.784888652645830315e-04
4.015531321031339017e-04
1.293203404614386327e-02
1.946100777970201584e-03
1.215102975941494477e-05
2.260652383401842143e-06
6.273039296488856750e-06
1.526341834709486685e-05
2.587548776699046584e-05
8.268429519818264677e-06
1.570877016689259468e-05
1.530257728470749579e-03
4.497968431436792300e-03
3.390426833211754244e-04
3.875356995908042605e-03
9.681438545467298609e-03
1.096850624391506506e-03
3.972682847245930155e-04
2.165887542798643781e-04
4.226451391903295399e-04
1.839428009539964461e-03
5.911626605427685102e-03
9.297160540735685671e-04
2.642079068970981355e-05
7.595099841537319673e-06
1.280727195064772215e-05
2.531007916297705986e-05
2.529796313780524657e-05
1.794196425827056577e-04
3.130375382499861556e-03
4.820538533610042300e-04
1.663312898828650779e-05
6.205494473138222107e-05
1.060628218441634664e-03
2.770418504386905692e-03
3.396661442752514377e-04
2.821051101798646319e-04
1.878493809336470848e-03
1.004554244424387798e-03
3.191345833846759381e-03
8.604114042571149243e-03
2.454071064378290945e-04
1.203614341965522054e-05
1.148671401111736972e-05
2.472136040382420520e-05
2.413506074948566771e-05
8.170250904791533629e-05
4.033590960782282710e-04
6.335489442689156358e-05
4.808730297933938858e-06
7.514322067984176790e-06
5.003534980175429204e-05
1.728692377019046288e-04
4.435953791106401220e-05
1.008004943271382343e-04
2.672396458799012296e-03
3.059896922789941999e-03
3.051132884049122772e-03
4.553026401852586745e-03
1.815413536552502286e-04
9.651560440546348655e-06
1.028751981899372536e-05
2.484581838967702400e-05
9.612861856026220351e-06
7.961860306452445783e-06
9.060387032515683221e-05
2.671117893858267764e-04
1.171246672994965827e-04
1.848742210852520943e-04
6.010192437639854507e-05
1.455808046811746005e-05
3.367183045945969379e-05
7.833543324188546987e-04
7.025744417392604420e-03
2.220704440349782240e-03
6.963618318199645213e-04
9.168519634563349974e-04
9.532304022547642805e-05
7.898774454431439995e-06
9.398468458944982595e-06
2.523081370892839054e-05
6.996340276638915498e-06
5.083799852301749797e-06
1.710150904857061149e-04
2.752662426409727744e-03
1.833167368582987612e-03
2.383501002364264276e-03
8.516543498648074554e-04
3.152973824217096695e-04
6.865161305601132557e-04
2.667792422463384147e-03
2.567978353913843818e-03
1.769845170320587854e-03
2.051005026253530442e-03
2.448930210738853655e-03
2.385423053870620543e-04
1.109728220329558693e-05
7.451387208047092178e-06
2.223094634155550571e-05
2.717119572509042293e-05
1.173763693106125909e-04
1.800374645441702023e-03
4.380086282211731463e-03
8.939482540994429707e-04
2.628205242979578401e-04
7.084322425979932853e-04
2.458662390662964565e-03
6.114583988993967491e-04
2.216204158447402164e-04
3.098423165593523591e-04
1.499108550907711024e-03
2.725252881241433181e-03
1.175688680829913750e-03
5.111420464895679661e-04
3.003334195338046615e-05
4.517175887055984659e-06
1.284540859298399279e-05
9.577700168292336040e-05
4.625854995736621185e-03
5.051463113112496933e-02
2.235533511614049007e-02
2.511542113002667408e-03
2.503241461477502712e-04
8.418070320585965263e-04
7.629742568585395684e-04
8.793128076133304187e-05
6.184843398987778344e-04
4.090390900006366480e-03
3.893645266089755530e-03
1.697893782918101892e-03
5.653302772513194062e-04
3.490538852046534083e-03
2.920661686694007173e-04
4.075551711377394949e-06
6.384387844105418938e-06
7.716053088428348743e-05
1.025149284044363403e-02
1.466141863184978467e-01
5.151188872503791039e-02
2.054944871165560738e-02
7.315462304802279776e-03
1.130380943858624865e-02
6.597019229975566992e-04
9.116680717622234692e-05
4.293412359239684797e-03
8.596191556397866571e-03
3.062194535206925507e-03
1.033778866985405817e-02
3.023760237180502138e-03
6.888985962271869205e-03
1.722470923755988837e-03
2.237655425528751004e-05
9.922393717963143419e-06
4.246035016990062731e-05
4.915818065965348385e-03
8.763176125847783882e-02
2.024249406440891894e-02
1.110010830646702452e-02
4.430555855752527951e-03
9.173034652220639525e-04
4.932002628780906276e-05
2.207683764614775017e-05
2.257149982585278836e-04
1.151978423504827705e-04
1.262878288542114403e-04
4.860555967129160521e-03
4.498520776831238001e-03
2.870185752467729542e-03
2.569792990898606654e-03
1.639014202980391716e-04
2.778151910141470949e-05
9.867077673894379282e-06
2.787157858186034565e-04
9.491348047953554468e-03
5.616934891860166090e-03
2.885198182092816362e-03
7.492479797177004986e-04
2.769833305332734683e-05
2.642139157644093733e-06
3.092598586460584327e-06
1.267228487997661002e-05
4.094195500567949033e-05
2.155848791111043079e-04
1.356846972419724698e-03
2.887835120684656334e-03
4.106455131296891069e-03
9.887920627184372709e-04
5.953098622104749615e-05
2.074118723824126570e-05
1.183233170226415083e-05
2.790749652221426419e-04
6.313673480078063789e-03
2.528424512262950844e-03
3.417477189756953568e-03
3.454010480472450434e-03
1.082898842941942049e-04
8.510499200744184238e-06
4.939312106200820453e-06
1.105377608571504013e-05
2.368133443928893667e-04
3.768910324703189131e-03
3.385309047160276526e-03
3.752134393702082071e-03
3.488986080556759958e-03
1.467821514247444933e-04
9.796125537853498240e-06
1.292184795120844939e-05
2.177788367352204320e-05
1.768695895613073700e-04
4.910594277083137147e-04
7.397348896176631752e-05
1.373109629050863118e-04
4.583288502498065759e-04
3.454054576972866641e-04
3.712644216528633427e-04
5.885079795990270397e-05
1.012913539603470993e-05
3.731598890134272829e-05
2.625348137801377085e-04
1.326032528249417725e-03
6.654374371094259714e-03
9.844746445632982911e-04
1.783399708595934037e-05
5.230937064275951427e-06
1.637314380541222676e-05
1.688438073754110029e-05
1.441255142356590901e-05
8.562134318809698190e-06
2.728436137307380747e-06
5.351938104039479891e-06
2.545408686021094946e-05
2.733392925224716248e-04
3.096784494816325495e-03
3.299111523078942219e-04
7.790994987312163143e-06
2.860547885804292862e-06
3.900285788562347147e-06
3.186337019547207192e-05
4.590772597207638393e-04
1.097409594469636395e-04
6.093173386221486596e-06
5.352063774103969120e-06
2.016176857072390140e-05
1.717777420396296106e-05
6.601593567041755010e-06
5.205664492165111634e-06
5.910198944577863827e-06
2.481317291062861625e-05
1.635830886841544980e-04
1.814751532832645871e-04
4.756164818609342863e-04
4.891439679894037367e-04
2.584984295878923016e-05
2.966095170307214952e-06
1.883359559368941915e-06
5.372936232697207197e-06
9.358483095043594537e-05
2.995215476872013305e-04
4.114770810440269354e-05
1.064020125185475512e-05
1.982607888832965874e-05
1.490524460625262361e-05
7.990272421351701825e-06
5.482376377059320493e-05
2.234186389729469764e-04
4.189686919665354804e-04
3.273061705002920044e-03
5.426518804812472709e-04
3.037982410669520794e-04
3.837979859808173921e-03
2.905354701183900405e-04
5.850688288516919245e-06
2.808632871514891009e-06
8.727540511379050603e-06
2.796182508352465404e-04
3.490056728809650712e-03
3.187685845335121236e-04
1.815052235196050782e-05
1.846221878445558978e-05
1.002669880514609357e-05
7.931949763752618862e-06
6.143872585746417174e-04
7.993198874485902064e-03
1.645680247805551312e-03
9.925394738392203861e-03
4.650942650406299055e-03
8.108212290060571540e-04
3.813822197868402784e-03
3.784277905418012653e-04
1.141621075523639187e-05
4.593407677079153256e-06
7.474599639217469399e-06
6.745759251558282332e-05
3.487741941130388396e-04
7.349590791748766513e-05
1.338406431130460419e-05
1.892163557620067874e-05
7.810456946346363107e-06
5.049297276087296859e-06
3.114776095142205077e-04
3.809309547572256507e-03
6.236794813296343831e-04
3.894043526259850611e-03
4.558926513037913839e-03
1.917112096591219402e-04
1.149020543664791517e-04
2.507108731313330936e-04
3.632703768773048189e-04
5.739062409154508954e-05
7.322967356567627885e-06
8.353734849581947899e-06
1.483348915087882058e-05
1.183441368362687163e-05
1.126396586584807502e-05
2.201532662781244867e-05
9.071119450122695578e-06
1.178205630770521955e-05
3.159816845502714578e-04
8.320228844202064199e-04
9.190181830244547115e-05
1.714906870839251550e-04
1.678964536153677140e-04
1.336308152883611038e-05
1.004671282544839396e-05
3.881449841819684956e-04
7.986011328468279810e-03
4.629417546180287883e-04
1.126232113268732631e-05
6.663432898357234586e-06
9.880574463679967672e-06
1.151205410204236607e-05
1.441773285427230585e-05
2.445334447452882841e-05
1.407828041478876709e-05
1.432141286340113081e-04
9.537402328918101468e-03
8.544506740224833141e-03
4.805685531153524670e-04
1.719365906209868798e-04
3.999750889666574375e-05
5.604788385253293988e-06
5.545142476012007529e-06
6.739070083715385806e-05
4.709325601607862151e-04
7.586546654746223657e-05
1.002045049906837857e-05
1.074162672904169824e-05
1.576692373407777932e-05
1.655072949722702553e-05
1.751751624356563859e-05
2.572187509190995279e-05
2.185325008722657829e-05
3.616976226641416725e-04
1.402984409500009598e-02
1.078992333824706218e-02
4.729239916833001545e-03
4.114877183659399612e-03
2.778100124835788118e-04
1.818834952146820122e-05
9.815279562171777482e-06
1.378971900897539804e-05
1.784050048637322641e-05
1.357689744072856142e-05
1.398298401413573409e-05
2.160758343522849620e-05
2.614479627917335516e-05
2.515011319586394533e-05
2.541269905862869876e-05
3.441939660523386725e-05
