2.918669592156403485e-04
2.893282710584685769e-03
2.720497470797335901e-04
1.185768128021046720e-05
6.619264904697703628e-06
9.291889893137683936e-06
1.141971021634561391e-05
1.375628274008404470e-05
1.611333202544733078e-05
1.669356474783738678e-05
1.630466049506903010e-05
1.603279637452075651e-05
1.598895243294681424e-05
1.603533289574782762e-05
1.599871475970674194e-05
1.574623402872073387e-05
1.640263872635197730e-05
2.173096395057560787e-05
3.967698016782702722e-05
1.195505277851150968e-04
1.928737399665334901e-05
2.858128997108559818e-06
4.086468860907887054e-06
1.229861055058213083e-05
1.160492906849927049e-05
7.700391559283742887e-06
8.962182493828481499e-06
1.112367902831901596e-05
1.172765432962920084e-05
1.156670952324732734e-05
1.138846326977110317e-05
1.136158968382966596e-05
1.132879058210678777e-05
1.109778068668040071e-05
1.161799409546935096e-05
1.640268448134069997e-05
1.516761121060899134e-05
1.114511219174844773e-05
3.391891164351134340e-06
5.033494663170314586e-06
3.871713665271869754e-05
3.342457950536537135e-04
8.323242732792766039e-05
6.840732562185608378e-06
4.775798541717346040e-06
7.496709571269970403e-06
1.011672558132787586e-05
1.118257018332496867e-05
1.111261070492704960e-05
1.093627004615000423e-05
1.085596561030898691e-05
1.062571227828223269e-05
1.109893874986291186e-05
1.574404631401689876e-05
9.092273074158979142e-05
8.298099404439395301e-05
4.396131866134908621e-05
2.360139680035513987e-04
6.394584453683672693e-04
1.817653287961809149e-03
1.647867368965177004e-04
8.924274081362409551e-06
6.749862719768705616e-06
6.880753465808722823e-06
8.072236932739153257e-06
1.068829025377164015e-05
1.164011187403744927e-05
1.137489394304296731e-05
1.112624724901119022e-05
1.086316655040145679e-05
1.134037006232642777e-05
1.600267277867470689e-05
3.558334253228260104e-04
1.804557413767167917e-03
2.776248176230265447e-03
3.874326233904477803e-03
8.311927095676194168e-04
1.307707192020807424e-03
2.826833718798168614e-04
1.757731699632828675e-04
2.327934833648560538e-04
2.468287343086047960e-05
6.447009893473864594e-06
8.073639920565525835e-06
1.116317109518681394e-05
1.169173522573668699e-05
1.127462471701407874e-05
1.089953826678591200e-05
1.137900813703617085e-05
1.606267926646441920e-05
4.878091055619086249e-05
6.344514115404946766e-04
6.012200599726946586e-03
4.965814395715512260e-03
2.552863780418359110e-03
1.068249105033486357e-02
1.710756361332581819e-03
2.235307210625152915e-03
3.242152248912920538e-03
9.310042538514334235e-05
5.828773034569250407e-06
4.494410495295139490e-06
8.470396219926697436e-06
1.142667725476534941e-05
1.142114579630089608e-05
1.089761373921375177e-05
1.133639489082836635e-05
1.602835923753348843e-05
5.126182508880561701e-06
1.661598276203676098e-05
3.640457670503391137e-04
2.108063172869439547e-03
2.175046100870413942e-03
1.082697250744602685e-03
1.207864554672872772e-04
1.521262290120107576e-04
5.021568231447728512e-04
2.724562383250384912e-04
2.407143296118968039e-05
4.471382797381568268e-06
6.159768152663720162e-06
1.059876178560522096e-05
1.162053827660996822e-05
1.102123453564700363e-05
1.133803010934222542e-05
1.599003188531104294e-05
5.095751611961907873e-06
3.974101400123845310e-06
7.630761450041185861e-05
2.034055437096140857e-03
6.101118604492005923e-04
5.658653198600193887e-05
1.361681881315610174e-04
2.370778071600033933e-04
2.588281907620235914e-04
2.147539265452989409e-03
6.323658480589944156e-04
1.967002040356224875e-05
7.076320200764131208e-06
9.833336517935108867e-06
1.159782581063164303e-05
1.131223398718281896e-05
1.150257595740311624e-05
1.601461861492211810e-05
8.376900174144858937e-06
4.672136296970344080e-06
1.150034193109816306e-04
1.529989416885221831e-02
7.452085563514207305e-03
4.116734840216604665e-04
2.684317417913909508e-03
2.492815418134439187e-03
4.002410396975595490e-04
4.790202864934329369e-03
2.893247311949525939e-03
4.291303375457195988e-05
6.620903919832612135e-06
7.203704002558375200e-06
9.396376952858243194e-06
1.081738660519077425e-05
1.173424338579830268e-05
1.622047301832852694e-05
4.789305971543903353e-06
1.936313567970973112e-06
2.518600632120852965e-05
3.075836381259206692e-03
5.849068854163332748e-03
2.479336083967145039e-04
4.179610626824482671e-04
1.285032264453065754e-03
5.314374136426002621e-04
1.995155869302915868e-03
5.652718445434834352e-04
2.102923950211937459e-05
8.609747310780403438e-06
6.957821639531120938e-06
5.859773357613150225e-06
7.994726236075198493e-06
1.114252769054829365e-05
1.647284590835267672e-05
2.675586150131030282e-06
8.587567670553922689e-06
3.752947751553608268e-04
4.792271888368268562e-03
4.990582545417749510e-03
3.936963987025150877e-04
2.089075757574341988e-04
1.237048270606344764e-03
3.843492570574186208e-04
2.265339811817853775e-04
2.961719673257817253e-04
2.304122722502359888e-04
2.135422703534715666e-04
4.734586935327213161e-05
7.840921533250829159e-06
5.849321040495495782e-06
9.478827181492401443e-06
1.630384922267892964e-05
5.204977472566775738e-06
4.196463352743344186e-04
5.453838246359374309e-02
2.339628500755783561e-02
1.041125762945540809e-02
5.338399654873423467e-03
1.233452216555105995e-03
1.181868414820481331e-03
1.012096437422340382e-04
1.068662890602434365e-04
3.429657106183659539e-03
7.040104645688981602e-03
2.093040856660209788e-03
5.943951363029214814e-04
5.363789822853475236e-05
8.742186680601309417e-06
8.571638614411416514e-06
1.578433490189488193e-05
2.372539655248953261e-05
4.108024889384509666e-03
3.141605153302550191e-01
3.450538874350685126e-02
7.172545317638352042e-03
8.928498494108257771e-03
3.345706825096639823e-03
1.768768647542969972e-03
2.972626538957670291e-04
5.631599672262148446e-04
9.764075817909546179e-03
1.159662392542598619e-02
2.932817065997611345e-03
1.984199166806761838e-03
2.084973859179934774e-04
1.376178194319188042e-05
8.661954833893025340e-06
1.565433122247280548e-05
4.263930755903730266e-05
2.944860592271202233e-03
1.093571005255460638e-01
2.652351681539111272e-02
8.159420850833293271e-03
5.472767142039192817e-03
5.313639215248711425e-04
4.047234676821805880e-04
1.092325053811260029e-03
1.614653431379794481e-03
2.913938398238435749e-03
8.711348952902306375e-03
5.620290628973286656e-03
6.838502133714196608e-04
3.839900104610519479e-05
7.092691611038178355e-06
8.330289491228137091e-06
1.616727150362190499e-05
1.543282419559195370e-05
6.392272563601871177e-04
1.180378374111130425e-02
2.435280301348971554e-03
3.601622328502276232e-03
4.389170509861183185e-03
2.334551327852149051e-04
4.748785323066928403e-04
2.303190825898804740e-03
1.136979354256633778e-03
1.685245913028000139e-03
2.424977301344686653e-03
3.120342440585305885e-04
3.307874529620870443e-05
6.560726092573061752e-06
3.966317162001770972e-06
7.724600809321855143e-06
1.647854506193656153e-05
5.755492455030039647e-06
1.348274852751102859e-04
4.825965396106454697e-03
3.482622520586025130e-03
6.707992079757169046e-03
6.263465109948766416e-03
6.669426343948758364e-04
2.218092178386644932e-03
4.290250786325260773e-03
9.271684511644601992e-04
3.538722973524484339e-03
5.806568248441840684e-03
2.314897016681770716e-04
1.236995494477741804e-04
5.229439551439238706e-05
6.925523967129808887e-06
6.798292172296593425e-06
1.563971967042962437e-05
5.296932587851389872e-06
4.834705616502555509e-05
2.519954665180682268e-03
3.011167780088297267e-03
5.898841030700989431e-04
1.979758022311612221e-04
5.480715138061125158e-05
3.183111356721394255e-04
4.203474039594633574e-03
1.395115964130978986e-03
2.037273777258079982e-03
1.361208474444537513e-02
1.717457164603022977e-03
1.820641160892215579e-03
4.386964013498173423e-04
1.149945520230143837e-05
6.086745047605734574e-06
1.479145329702242017e-05
4.380330717715608747e-06
2.260075354404343133e-05
8.233003034303241693e-04
7.748689829107899317e-04
6.940741558165717585e-05
6.430646719285995063e-05
8.287061820566619453e-05
2.896832096927596818e-04
3.218905826072441557e-03
5.177547777080181461e-04
2.184350205156629311e-04
2.417838581488212027e-03
4.572131223502542106e-04
1.691941715790842805e-04
6.710956775310581107e-05
8.179806439432133527e-06
6.876629838728568160e-06
1.529140079031272154e-05
1.178934978464161316e-05
2.788572442493618148e-04
7.230484497470649440e-03
5.397955456031193130e-03
1.231093296582857610e-03
2.190577745973319550e-03
7.756350387665460026e-03
3.540952165588609653e-03
3.049585289520187394e-03
6.765670271248155117e-04
9.953158532297030165e-05
1.274386288945403214e-04
2.601870891750617722e-05
7.649493005868440140e-06
7.863448321713333261e-06
6.983331536163375461e-06
9.258801333563830706e-06
1.626844477236276997e-05
5.913277212965935238e-05
3.527733232231549006e-03
6.074802094871475065e-03
2.617284206269382320e-03
5.086067324008024075e-03
2.862306516059313997e-03
5.114816763928765192e-03
8.717897963141964246e-04
5.572612106151726306e-04
2.297302240215403323e-03
2.372333457337054690e-04
1.764227315485315898e-05
6.192795325352917238e-06
5.337338681360363120e-06
7.484574346298606425e-06
9.449386702561045765e-06
1.128869217162268917e-05
1.645946690829056401e-05
1.523816195767594079e-04
3.823355029425557113e-03
3.607290777874528113e-04
1.846694453158925222e-04
2.462998975143583600e-03
3.414126389355444228e-04
7.901987387097334241e-05
1.864046424897813204e-05
2.061646372416659360e-05
2.120421608500174828e-04
7.242748048038651911e-05
8.718193426209846797e-06
6.590556737099224117e-06
9.207412601265890846e-06
1.097925802394916897e-05
1.122788020005009339e-05
1.165734418732880173e-05
1.618634444697105806e-05
2.264973919774992972e-04
2.708918923874340575e-03
1.465231980227589363e-04
3.692280868286762166e-05
1.949744807029478184e-04
3.790172583286886745e-05
7.683988521849074093e-06
4.447109195458895088e-06
4.737719268515566496e-06
1.204879365438044803e-05
1.107656715977094901e-05
7.571248517674226531e-06
9.249714261229167827e-06
1.142000073508263796e-05
1.164611425140986855e-05
1.109986723728452331e-05
1.138491524481159634e-05
1.597148457293403153e-05
5.482215129699862259e-05
2.021179183968292378e-04
3.790793346897899550e-05
9.418995033808702196e-06
1.310187454270632474e-05
9.063005459910890643e-06
6.628986844769059861e-06
7.230748088575857068e-06
7.286503887252300460e-06
7.879240067710678916e-06
8.353377983543711934e-06
9.346612298549153422e-06
1.077710731319552937e-05
1.125885543504274903e-05
1.101798731155537709e-05
1.062458081884290999e-05
1.106852772835654813e-05
1.572145484463347841e-05
1.292981201768834401e-05
1.382683685689539872e-05
9.612928116839320535e-06
7.134346169924660667e-06
8.082201359524377607e-06
8.985785536573527335e-06
1.013812166099014232e-05
1.138482421900789912e-05
1.139871250875629187e-05
1.102152307560751682e-05
1.104622015300275196e-05
1.139969404365655639e-05
1.158066535637672727e-05
1.148930848559287777e-05
1.132658569634230623e-05
1.106892030982580535e-05
1.160673087605761260e-05
1.640386033205035724e-05
1.653561515351479352e-05
1.247832222641423508e-05
1.267904744866800600e-05
1.415189532977312538e-05
1.537709252246453182e-05
1.597479869316118883e-05
1.641349255093985413e-05
1.660494804694797222e-05
1.648722069865012383e-05
1.632881106761096472e-05
1.625866090078116334e-05
1.620470973731358356e-05
1.611055206337812888e-05
1.604602615038766027e-05
1.597161481556246774e-05
1.573555555870055945e-05
1.640678171752029999e-05
2.173635808674940367e-05
