6.105416462507937180e-05
9.428806316898168810e-04
3.602804671662558286e-03
2.289961213260513495e-03
8.912765020001763277e-04
6.414933824798579854e-05
7.572078237405038909e-06
1.540104514419048996e-05
1.023921533729627725e-04
8.378334474016862956e-05
7.850773094740556130e-06
2.153943499673551458e-06
4.304160743000181071e-06
9.572657520343220199e-06
7.635983162255135579e-06
6.547549698112106570e-06
9.351298331823264064e-06
1.773154783657451266e-05
5.132485587642217742e-06
1.749494627636482105e-04
6.102536720615234569e-03
2.389928161737912490e-03
9.153358765826789247e-05
3.414122163459496408e-06
1.639721342643084003e-06
3.607552416443269281e-05
3.155053715600208107e-03
6.557781666582732961e-03
1.122745660824167304e-04
3.591234134896165059e-06
9.420843539129824043e-06
9.170274251218142982e-05
2.809469445828343981e-05
4.173627462552010561e-06
4.326717759416415113e-06
1.075136270629602713e-05
2.978072738659305370e-06
4.392701544435391350e-05
5.665724870152635080e-04
7.383137516452556838e-04
2.610620169341570950e-04
9.347845230851560821e-06
1.259076648680866404e-06
3.897640676558756636e-06
1.184818243767731232e-04
2.132814683704344679e-03
1.065540527097306577e-03
9.491345771564925439e-05
1.031377094931155698e-04
7.036139287936335430e-04
1.027098476650863796e-04
5.117431938905903366e-06
3.948736921608164132e-06
1.094877276852263669e-05
4.497011105211804740e-05
1.136926146247504901e-03
1.523125727904816240e-03
9.073205731216040827e-04
1.258393117473955488e-03
2.212535774207228395e-04
3.109431333272091847e-05
2.432907559461836275e-06
5.807526170609750796e-06
3.163043807734092759e-04
1.126303603074338021e-03
7.159514045039322384e-04
3.092187041470509357e-04
6.258435530522993555e-05
5.167061259731814670e-06
1.484484950792969347e-06
2.675007717122467570e-06
9.271566642486977241e-06
7.252044534935457934e-05
1.932123636571346850e-03
3.892530288088370816e-03
1.661890167793895383e-03
6.028721975628760629e-04
1.306209453543731450e-03
4.214536201782902516e-03
1.073940603099764635e-04
1.192827741008523350e-04
1.647787396548796137e-03
1.671978235709473929e-04
2.013977419536571193e-04
9.212727508983132533e-04
1.696133342881237093e-05
4.458339092972860730e-07
1.092884927706550000e-06
3.142570098552940931e-06
6.277704085838427457e-06
1.048962362827621751e-05
1.660173587180232961e-04
2.212853382995277288e-03
4.400298588581123480e-03
2.171027877144867009e-03
2.201813840922239342e-03
6.080870067211070415e-03
1.502708334705422834e-03
3.298500466602465216e-03
5.733608686568418718e-03
1.512725317701065029e-04
1.477507821026380374e-04
2.798827799891042984e-03
4.419941301884442505e-04
3.624682299212926437e-05
1.386269020783885062e-04
5.101231720388972016e-05
7.792442081989043738e-06
6.107628658322064969e-06
5.184664831921246777e-05
6.622276736930332586e-04
1.737002048353316870e-03
3.736396189318519964e-03
1.618384208101786509e-03
1.756154797658597815e-03
5.530263472937630570e-03
7.509266835691876495e-03
7.864580460041981427e-03
5.440088368352687803e-03
2.201920639949825342e-03
1.814164360016112679e-03
4.797060070741312673e-03
3.651739831432437855e-03
2.573893199621313244e-03
1.090784653890151685e-04
5.675626240950772275e-06
5.310622736219345874e-06
9.225196784410295535e-06
1.280000393801068628e-04
9.683139227900890763e-04
1.819258794465484531e-03
1.519652686178132352e-03
1.941297014732372905e-03
1.641362648448061031e-03
1.667971929197490733e-03
3.531094191643960496e-03
4.322513919092783700e-03
1.616480279536294936e-03
1.936661840334329143e-04
1.048730186110171216e-03
4.849314147850801449e-03
5.803188371987069759e-04
1.262176538085250414e-05
3.381817832756097880e-06
5.167093203057167160e-06
6.699894365515647189e-06
2.667870982086689995e-04
2.985223852851514193e-03
6.646302730781758874e-04
5.069595590706112804e-04
5.231036058071547893e-04
1.607673637362600524e-04
2.698592237588506252e-03
8.705357597489523508e-03
2.561323393320047870e-03
1.312437332932921965e-03
4.954156966453688188e-05
8.203759514317011156e-05
3.871267538345710742e-03
1.717453861029182710e-03
8.104062141677569942e-05
4.953866437338007382e-05
5.227998071006926247e-06
2.062915700099855832e-05
7.360710425710867725e-04
1.466598713431931100e-03
2.926801568994208879e-04
1.249121544554110527e-03
3.093018110316575215e-03
1.086849879927643311e-03
4.140073707366037463e-03
1.502538886240245997e-03
4.120865138318430092e-03
7.224994686625582987e-03
1.148849278475989438e-04
2.212340456575918733e-05
5.088151975847156512e-04
1.471555680563769227e-03
1.171862372133136666e-03
9.571828005723089644e-04
4.164404328099131572e-06
6.803844976223846742e-05
2.546662460077548425e-03
3.086756758402512194e-03
1.027747724131693055e-03
8.484913637461534690e-04
8.015324949004415736e-04
6.111870353344330941e-04
3.138366202319230669e-04
6.484300759397551323e-05
5.126462242077557251e-04
1.036943496661072318e-03
7.034545064444186870e-04
5.328029901467067845e-04
1.322968620597102024e-03
1.285852937158083647e-03
7.326797982161376878e-04
1.986544637540518831e-04
1.384122612669424498e-05
1.250471018933484299e-03
3.517556137262712462e-02
1.856768225071794842e-02
3.883988060454781482e-03
7.930271583959056262e-04
4.902751505959030212e-04
6.296367420420787573e-04
7.101179372100252084e-04
1.417682289865400749e-03
6.461677565060218974e-03
3.735266357399784787e-03
4.872249131204856379e-03
2.157089238296513653e-03
2.640345289044700172e-03
1.247341591402215512e-03
6.618837212434782629e-05
6.074076925687517209e-06
6.658227740763304552e-05
1.324356585068854272e-02
1.326083720468639038e-01
2.423257374622710819e-02
7.114390857112825109e-03
4.081699386252229250e-03
3.107401260150160615e-03
3.339234744900790308e-03
3.138758741918082264e-03
4.704760487493226014e-03
6.370110300942826223e-03
5.279550987805317619e-03
3.907085132875198069e-03
4.549528663494338196e-04
1.763906496590158081e-03
4.316078233645881390e-03
1.804565853810778209e-04
9.339215649472188468e-06
5.002619473801462561e-05
6.656778038442007737e-03
4.910407992468306115e-02
8.858453952019292033e-03
4.510584420926038590e-03
2.079403799072586812e-03
9.429903418050064948e-04
1.707026442536888587e-03
1.815644839043183177e-03
2.611489549750751690e-03
3.254525228448111422e-03
4.683629895554911396e-03
8.274601743308983293e-03
9.339000308521150113e-04
2.450210673139231830e-03
6.833952935242864832e-03
7.711227900368020994e-04
5.965740754063654077e-05
6.769350051140800708e-06
1.338167285153476647e-04
3.055945658412316437e-03
4.165514304553680387e-03
2.865099760440149509e-03
1.463331376201297985e-03
1.241990545228663975e-03
2.847287225036508520e-03
2.469275427246438691e-03
2.456776831190641847e-03
4.453578539355661399e-03
5.488564566183563170e-03
3.986071914892021402e-03
7.961775291001016398e-04
3.960569481381888066e-03
2.547011891604412763e-03
9.638170647188720036e-05
2.037681826549372614e-05
1.754544730077154900e-06
3.332177392481910700e-06
1.895231021872587714e-04
2.517282144462789847e-03
2.439931030890318733e-03
2.412094342844016241e-03
1.623416169980570123e-03
1.876275649222801985e-03
2.839488977290816670e-03
3.223719733825054865e-03
4.891497461306461639e-03
6.416477294528308284e-03
4.096283243832903563e-03
7.337620235914941004e-04
3.323281271079524691e-03
8.336528922035185783e-04
1.102097554848975090e-05
5.058322280089533771e-06
4.115672476766153095e-06
7.123526689880222454e-06
1.956485236635263679e-04
1.412830075181241343e-03
1.715029419438965841e-03
3.408324576500478334e-03
2.367989508910069065e-03
1.290018569398294771e-03
1.730414974796622976e-03
3.485911016702525605e-03
5.892831091983318816e-03
5.228306158452297563e-03
4.324837443100237704e-03
4.914102050389700278e-04
1.186105286244277645e-03
3.191786581653961383e-04
5.453455438141936350e-06
4.435284628712838630e-06
1.382740528673494324e-05
5.871687026715554492e-05
6.971797023526639034e-04
2.091468421550652431e-03
1.524321364920377475e-03
1.170095375845478774e-03
3.042879241081493814e-03
3.347943321808772698e-03
3.461970097461674559e-03
7.352646891366165782e-03
1.225253961694776003e-02
3.825735553150573336e-03
1.150608212913204224e-03
6.034518804547581118e-04
4.941051916468934720e-03
1.038773950770199763e-03
1.281684252602338165e-05
7.420769482249138016e-06
5.906781625873462574e-06
7.999769376392782650e-06
6.838811373841702365e-05
6.279719767003788403e-04
1.051611869829199158e-03
9.305057863115253139e-04
3.938500274133813032e-03
6.246508731776736871e-03
8.523747192488015031e-03
1.602086340902555625e-02
1.602484635676688571e-02
2.244290622857864591e-03
1.523665934802307612e-03
2.832850506326805174e-03
1.354522335360526606e-03
7.515695885151306443e-05
6.435797568820126029e-06
9.070609426320192133e-06
1.714052501055338349e-06
3.991962676661643467e-06
1.831711983360223952e-04
1.650819228822926954e-03
1.161330843145475878e-03
1.183275166683964066e-03
2.890979238892818839e-03
5.927126513892212213e-03
1.380840371722980194e-02
5.758733959692239127e-03
2.186582602789804465e-03
9.029387249017030567e-04
3.604780767999327465e-03
3.758105993352797020e-03
4.267307827322625524e-05
1.517811354986247893e-06
1.896317325690931565e-06
9.050005020430312814e-06
2.817094726602266498e-06
1.109508109638765097e-04
5.456696767356066305e-03
3.335770293830288280e-03
1.545357349686530190e-03
1.025455969551120365e-03
1.235704974245355843e-03
3.615188080444758142e-03
5.719651696928347573e-03
1.156364908941841501e-03
1.185828588199992067e-03
2.418527624627348719e-03
4.220265297686117030e-03
1.758659536940065417e-03
2.473821746269563998e-05
1.564958420728251815e-06
2.799371834445848433e-06
1.103030630472480533e-05
1.589764493634949723e-05
1.288756429965005499e-03
3.812248334689438776e-03
1.076112084290217112e-03
2.192411927669068745e-03
4.425952756657710262e-04
7.588968688488773994e-04
2.342011048284059656e-03
5.350390894479390303e-04
4.238679591931350478e-04
2.017349467707999812e-03
4.056105796023726055e-03
3.939149121968213603e-03
1.416287446170440886e-03
4.076095929786593188e-05
3.447927309814292917e-06
4.281740391119807411e-06
1.166874704537964192e-05
5.996515504547352958e-05
9.231751670000330886e-04
3.551086453013741059e-04
6.724788358606557633e-04
1.425068156528236157e-03
1.288574923113533488e-04
4.162127427911342160e-04
3.609080272273420794e-04
1.078878553650730479e-04
1.555317139598166865e-03
4.688558560780969192e-03
1.778611391243159869e-03
1.419916514727222450e-03
8.135343520135221527e-04
4.794695221461456292e-05
4.736817755904229948e-06
4.454171160140084056e-06
1.059574535292424023e-05
7.938291828652945133e-05
9.014068623319161557e-04
3.568854201277761921e-04
9.773876400365772571e-04
1.022909969668126841e-03
1.593752975208013827e-04
1.708920150345199509e-04
1.947058772634400055e-05
8.988308626397910391e-06
1.146951739452611342e-04
1.166509212340955754e-04
3.975251230979785061e-05
3.720499677819402002e-05
4.728846691517852322e-05
1.760803634192190158e-05
5.319537786665009923e-06
5.032553928455882930e-06
1.052852763072353950e-05
8.491145198667184556e-05
3.320811846276062584e-03
4.284926928395951795e-03
2.353491001856660315e-03
2.226468890103403854e-03
2.168193547123166334e-03
9.810977563373768449e-04
3.534501498777296651e-05
4.161403987531150476e-06
4.222519362970169888e-06
3.096357809042998635e-06
3.258773469058228262e-06
5.021390641366838259e-06
8.309872577313726387e-06
9.871350822001234720e-06
8.967196935323479222e-06
9.991960428180898527e-06
1.735994592971736201e-05
