1.336443909740019527e-05
7.826413309919884597e-06
4.975898528550957486e-06
5.646987911786394894e-06
8.936214414873695926e-06
6.659582531246021563e-06
5.359144598661659218e-06
7.439616300031427610e-06
8.817214617943561694e-06
9.223747333610072044e-06
9.922403128381890292e-06
1.005900878487349198e-05
9.842458892056251202e-06
9.766729575271714876e-06
9.743461855236365586e-06
9.569296060873439742e-06
9.951541839667484170e-06
1.349134816865121093e-05
8.284709502972677171e-06
5.819434815837127222e-06
5.634744956393100839e-06
2.642376996190852917e-05
1.920805543652431813e-04
3.828974782652303606e-05
5.095201335383137794e-06
5.189279367589185772e-06
4.558282688678198880e-06
3.914423951632167278e-06
5.383109600471164894e-06
6.762409678188527934e-06
6.891509981206330977e-06
6.775328125117525414e-06
6.728237746017703555e-06
6.573710005431397299e-06
6.867606834613281627e-06
9.954796123754995599e-06
4.841009520324382829e-06
1.743583261517192253e-05
6.112220088805608343e-05
1.906188957049484000e-04
1.121824384086839588e-03
1.395233429721345376e-04
2.312175265180934394e-05
3.712047736348830085e-05
1.286880366502634060e-05
3.642160690711965456e-06
3.965300088437037098e-06
5.977367497898302033e-06
6.701784051170474485e-06
6.583468658508159806e-06
6.470401002380712463e-06
6.303525433424509317e-06
6.573029501643206088e-06
9.569660614590953394e-06
2.134551689337594562e-06
7.968346806299181025e-05
1.485190477867413556e-03
5.262297318577971493e-04
2.861129552028993496e-04
7.462523617503341253e-05
2.409123902296450657e-04
1.561042452428316931e-03
3.268452629427831936e-04
2.055734614285175386e-05
5.474086609117710314e-06
5.772231883766896974e-06
6.942995173399311256e-06
6.975475767857025647e-06
6.732987495523533925e-06
6.477795777042301967e-06
6.728704339094656160e-06
9.746350099632896150e-06
5.357227608883466713e-06
5.476979914143901293e-04
7.560347935452502166e-03
2.022858984827891320e-03
1.639500188480307648e-03
3.890360957550562213e-04
1.138917001291389012e-03
4.740541785974964825e-03
1.268176481299949747e-03
5.560866327655793830e-05
5.064350734522135214e-06
4.080904556839681737e-06
5.918361197362281615e-06
6.931449793387474298e-06
6.964351772313135102e-06
6.594447507733004930e-06
6.760686322147572260e-06
9.769913847009679243e-06
4.630445521363970077e-05
3.524765381496138949e-03
6.216903053535159131e-03
9.390235868501069054e-04
4.490047743625561784e-03
5.261322353047674129e-03
3.983272097033245529e-03
1.874994297911943214e-03
4.918104340462769704e-04
3.737471926883126100e-05
3.682023177005398745e-06
2.464953874561077037e-06
3.295863797171800658e-06
5.104819886704164063e-06
6.672237574544702719e-06
6.720597126508457392e-06
6.797151671272541779e-06
9.749644374616605293e-06
1.084939452140747173e-05
3.115750823641996866e-04
2.946878163810017198e-03
6.345702913292957477e-04
4.552546200478460093e-04
3.111605819280766853e-03
9.663702402409423201e-03
2.588456628818429448e-03
1.078190088744610539e-03
3.320091729440387816e-04
4.741553554282891390e-05
9.816134705717345348e-06
3.216136956545248893e-06
3.162414656013692508e-06
5.400499483732847118e-06
6.642003093986925727e-06
6.864566923468159206e-06
9.749700876873337781e-06
9.306097486503805162e-07
1.855584986118993761e-05
3.438501631892673226e-03
6.247475070461169615e-03
9.088084367890579291e-04
6.913460343212838970e-04
1.871867710589730652e-03
2.047452096728935578e-03
2.349326883605012614e-03
3.991973625805510066e-03
1.441570221333480497e-03
3.508442604947286021e-04
3.046719153629086441e-05
4.289201349502288920e-06
4.443079826711326572e-06
6.347454902932086800e-06
6.909078527132764138e-06
9.753201102398334222e-06
1.793924274839770545e-06
1.073821435785088195e-04
6.669805121342332888e-03
5.376779677316028717e-03
5.004272741776904371e-03
1.109896954985969833e-03
7.228948582374448376e-04
3.267564368891836928e-03
4.523625525950015179e-03
5.406512925559141952e-03
1.176578676411379554e-03
1.013939615949586851e-03
1.820574844739349097e-04
7.893790544160370575e-06
4.364657651928501970e-06
6.286738043975964411e-06
6.984105918002924220e-06
9.763005864249489792e-06
8.947330636271761666e-06
4.475216220438516359e-04
5.473371091320377788e-03
3.567922999601257517e-03
5.126161577772066907e-03
1.661060434690261227e-03
1.477148905528191886e-03
5.991515283240595249e-03
2.589980584095246535e-03
1.176725044786973819e-03
1.309184610438242889e-04
5.561150484267077368e-05
1.891829178091944752e-05
3.102241114086401154e-06
3.537249808779138212e-06
6.237440767884566628e-06
7.099859403282268437e-06
9.810106750452538812e-06
6.372757203086715412e-05
1.433076250475945031e-03
7.221479683511672007e-03
1.716349440093286813e-02
1.404656845572259741e-02
5.652521401749090353e-03
3.289678053619834140e-03
1.104986264166778805e-03
8.885259641377525532e-05
1.417272938154264092e-04
4.093141339174553904e-04
1.076549011950120441e-04
7.297554038487589168e-06
1.494083174992528189e-06
2.527125595772580558e-06
5.512504560186360562e-06
7.028778136311450454e-06
9.878885496939657999e-06
1.737194558567905969e-04
1.594827491518231374e-02
5.249031445894525999e-02
2.418843957332601768e-02
1.689293886393291796e-02
1.394446266893890549e-02
4.898566282123576268e-03
9.342805547914568133e-04
9.503523820570047235e-05
3.472730939278800616e-04
7.015251099978411092e-03
5.728566118325910742e-03
4.039069103101036013e-04
1.756064103081414861e-05
4.115544200259244658e-06
4.916579083748144503e-06
6.739953383256107864e-06
9.913530536787258524e-06
1.902249298285862178e-05
7.807966277485686724e-03
2.796160037492823602e-01
5.297850657559004250e-02
2.909314796408807302e-02
3.247518413202239024e-02
9.391337272175268036e-03
6.814665693484894642e-03
2.093743118283994918e-03
1.513558581002567372e-03
2.970347579569441402e-03
4.458988595108770089e-03
3.104312579632180057e-03
1.311508465627488464e-04
7.305838678662000626e-06
4.837513343850412259e-06
6.578426485624436738e-06
9.921293138361126228e-06
4.824116718338163486e-06
8.524210930422407035e-04
4.661397385794452397e-02
1.132592242913467613e-02
1.361840175553718016e-02
1.713137533263946882e-02
1.426988492835514497e-03
3.899727698223961906e-04
1.110431657369667673e-04
1.643074636998433991e-04
1.248781423427108720e-03
2.148194827111741048e-03
3.649407512549816303e-04
1.793427151717041232e-05
3.975293815259310652e-06
4.806217104254968812e-06
6.717569496302283352e-06
9.927671821791652238e-06
2.950315795208958454e-05
1.342435246187980704e-03
1.306065946919929104e-02
3.684433292033923498e-03
8.017395738085538945e-03
7.404736998502687954e-03
3.062361974615895465e-04
5.605322563628972933e-05
6.893312824917131346e-06
8.423486455303746441e-06
3.437539827844487928e-04
1.490672215140233497e-03
7.100558242674139984e-05
3.580447697245651592e-06
2.914707608646807789e-06
5.412205205783778822e-06
6.953189826156966135e-06
9.890720854417759682e-06
1.807971019068834958e-05
2.536206443762493816e-04
3.349350647250933042e-03
2.170036212373820973e-03
2.125189486211008071e-03
1.937385624072743371e-03
4.906431327839848961e-04
1.158224096278463299e-03
4.421061174236946270e-04
9.258480129999175246e-05
8.920202555367345279e-05
7.288910588770314627e-05
1.577337255667506113e-05
4.270363547902601512e-06
4.736469235364190059e-06
6.446940752454492970e-06
6.989683994826507997e-06
9.805384094980093638e-06
5.554463190850467262e-06
7.145041908773752410e-05
2.850578478096865362e-03
3.177967141002035426e-03
1.058256434391223987e-03
1.085657865100197930e-03
7.975006660820478394e-04
1.574693789233890103e-03
2.127957054379469876e-03
1.162684314284405124e-03
1.095689193661799384e-04
7.245064015291203898e-06
3.161320000804914063e-06
4.428137222850825676e-06
6.460714873202777030e-06
6.859765387548257180e-06
6.867437798642986724e-06
9.741539848477953113e-06
5.294214200676431948e-06
1.671325087192200543e-05
2.393598678657173030e-04
1.393528415133219681e-03
5.952506168421400510e-04
6.388255282874659479e-04
1.234937073501471807e-03
5.501837869437730451e-04
2.881455832164989258e-04
2.909593495054464251e-04
2.467202915782846519e-04
2.478670442087938764e-05
3.301021924527691937e-06
3.945296962671862234e-06
6.529194925986739392e-06
6.796721593723616387e-06
6.788053316389375881e-06
9.733103945139030559e-06
3.578061666121593271e-05
1.023362632497154605e-04
4.740279114316786309e-04
4.650770335450196517e-03
9.309858182813987538e-04
6.018992522685754189e-04
1.571960002618359373e-03
2.226644153481836027e-03
3.130423755857393835e-03
7.071049922279060238e-04
1.007188019188413018e-03
1.983086480868183549e-04
7.188394996075080709e-06
3.984515300788030059e-06
6.255720197068072209e-06
6.706912443353485943e-06
6.778978289023040287e-06
9.749127636801321387e-06
1.943457324738361253e-04
3.037572720037693633e-03
4.440459244047369018e-03
5.620466125178308001e-03
2.395939013666563248e-03
2.780299924477082091e-03
4.232255731602093990e-04
3.771414443815300000e-04
3.475500247567685393e-03
3.364052289904916233e-04
9.583898162438557651e-05
4.236321586672673662e-05
6.067347195685070626e-06
4.501719057300296493e-06
6.395059541433323912e-06
6.671364277364043850e-06
6.781773807039782151e-06
9.763312052804424933e-06
6.383393670679428020e-05
2.422072420118067011e-03
2.247503128865500823e-03
1.729084830107194390e-04
7.662840588168368962e-05
1.768691222509456847e-04
1.468641268382176348e-05
6.544784251271602114e-06
4.933444096743638618e-05
1.197115699646610286e-05
3.445524049860360774e-06
4.500308174613628078e-06
4.579236627694578149e-06
5.634673792883530149e-06
6.750309846974356310e-06
6.637784619780344777e-06
6.781298150213817421e-06
9.780894837990245506e-06
3.527755706433384459e-05
1.767856824235956772e-03
3.438298054186559108e-03
6.039746224895125876e-05
3.683823618871522903e-06
4.113292239499179787e-06
2.340993200389752484e-06
2.213364112041491593e-06
5.636353119318756101e-06
4.033757758879032691e-06
2.886593901594499211e-06
4.256803241393621986e-06
5.806518291576182071e-06
6.663820688765023348e-06
6.825600646623762198e-06
6.539616808105967228e-06
6.740038777059765167e-06
9.748915670625268119e-06
1.571540010700251991e-05
1.088682813140564020e-04
1.954771533599502262e-04
2.010943330590232484e-05
3.110238372140903249e-06
2.976540311175754691e-06
3.813010672050496211e-06
4.621751929501673851e-06
5.780662030904389884e-06
5.698494895705543251e-06
5.693914239371516599e-06
6.344980706104690224e-06
6.698938539970121735e-06
6.688045402319362245e-06
6.552901790611595384e-06
6.321562834679601035e-06
6.571902588012664191e-06
9.569803707919955122e-06
6.185936916904517697e-06
4.495263486282587846e-06
4.556342659961856475e-06
4.170564290114774012e-06
4.529466385144610477e-06
5.862985217711769912e-06
6.783079668162439586e-06
7.005232138481877654e-06
7.001810386255889301e-06
6.956900422641340619e-06
6.990883949953872139e-06
6.992110947113524804e-06
6.893017109397297442e-06
6.809316875557016155e-06
6.742027019069014405e-06
6.572170616466052429e-06
6.868269317393304009e-06
9.958490386457988268e-06
1.031141375820248598e-05
5.604612911491581946e-06
4.973417345974331225e-06
6.570563370315897692e-06
9.003257045901104759e-06
1.024897915013492516e-05
1.024609105273824700e-05
1.000438531876001533e-05
9.868116648501624612e-06
9.834186025055083642e-06
9.829673243124357690e-06
9.795387687657064813e-06
9.759747637078337661e-06
9.765418955583147421e-06
9.743083981658563205e-06
9.571002897228896421e-06
9.959627057928548545e-06
1.350081434689738962e-05
