1.566420511081380350e-04
3.325630507557361150e-03
7.010427752589258772e-03
6.532023030326999241e-03
2.020348090789919355e-03
3.044048266196725406e-03
1.545593641548626560e-03
1.667543724882048276e-04
9.018361217997758212e-05
1.634022827653231990e-05
3.222746093593853838e-06
5.328310232333443982e-06
1.216125511960940407e-05
1.517733419740649090e-05
1.534306427696691618e-05
1.487551427702860699e-05
1.488250790867080913e-05
2.357999029105487334e-05
1.213971316831078079e-04
4.185838829756181184e-03
7.063273132996045721e-03
2.568579544065850619e-03
1.668995790016486306e-04
5.944901384006089209e-05
7.132508909224059617e-05
1.042507352032539619e-04
1.062728703626695083e-03
4.386124986121372636e-04
9.852231848508948003e-06
3.211026609878629508e-06
7.577659909302474235e-06
9.481340050504008724e-06
8.422897247811540715e-06
8.587363632048094890e-06
8.857290557013086063e-06
1.485253819523688235e-05
2.361773209622782180e-05
7.509319666551007291e-04
1.819188569818407965e-03
7.055261274920970058e-04
1.018467327518627675e-04
5.492537797512941943e-05
1.060747318437190638e-04
5.546965580228767838e-05
3.436087642624389461e-04
1.008467679639770114e-03
7.722169533881831458e-05
4.115424594932922764e-05
6.354316969235674890e-05
1.500785627521980062e-05
5.238176572368727230e-06
6.444885131199999164e-06
8.760884522811073668e-06
1.525186214331246202e-05
7.776770472278917378e-05
2.824937220322523701e-03
4.266888159504846761e-03
3.049004702576013984e-03
1.051617323014902286e-03
3.296083438736904878e-04
7.181918346023004329e-04
3.034582968046321350e-04
2.249681754288320563e-04
1.338545217770159990e-04
1.161246406131736614e-04
1.881172298019730387e-03
1.327541355577263387e-03
2.716413867843617581e-05
3.178402919954021712e-06
3.819646894594067289e-06
7.533041491285807098e-06
1.637483969889465835e-05
1.214047254183533216e-04
1.614508400384437152e-03
1.152314323696228878e-03
2.065027508629322783e-03
1.948132948347872442e-03
4.158015126019699707e-04
6.775431372267267955e-04
1.539538030149248133e-03
2.688828446213557734e-03
2.361509655367599408e-04
1.375346026684734230e-04
2.488686154940582870e-03
2.097077570381889865e-03
3.405654233594819958e-04
3.725332467056784614e-05
5.336285474835026766e-06
5.075878360651448203e-06
1.505814842204699887e-05
3.694855871279499539e-05
1.436654652032736930e-03
4.754328229820304653e-03
2.300015011938595817e-03
1.569546479442005416e-03
1.014889634650767425e-03
9.252657896707056550e-04
4.861210348381657755e-04
1.905174354259807183e-03
1.222228650921335178e-03
6.049300957899147882e-04
2.490119308996269600e-04
1.293683953843192101e-04
2.436759555735873266e-03
1.771537362485796482e-03
2.116589288518769360e-05
3.530453934699904054e-06
1.187375466788300106e-05
5.267275591203608537e-06
4.273685277499285210e-04
7.662893545810704407e-03
1.950331976423300097e-03
1.311026480209611300e-03
1.459242362929059336e-03
1.556167392882714870e-03
2.794228489164362608e-04
9.735241907691492011e-04
3.061998775265189522e-03
4.706570295165910141e-03
7.288968612556169903e-04
2.018363216886770900e-05
3.141262052764788332e-04
5.134977127818391926e-03
1.026717265873307002e-04
4.095256114852172992e-06
1.011878751549637245e-05
2.266780297768938672e-06
6.586854462557784507e-05
3.346440270940316195e-03
5.996349114533549088e-03
7.265112244913943078e-03
3.297125013498220045e-03
3.615177683752888310e-03
1.492913107042925314e-03
2.506574499287876796e-03
4.351233724106664744e-03
5.659912070290169100e-03
3.519214849895727255e-03
1.664603624569493305e-04
7.040552125194545971e-04
7.490031280269774695e-03
1.344802312150386245e-04
4.058347643868819370e-06
9.974915833558226197e-06
4.853870181399609347e-06
6.382367046361243305e-05
3.240867010962552620e-03
4.352307989827690002e-03
2.094916811320920221e-03
9.450488849896674683e-04
7.822561817104252977e-04
1.438745627545992990e-03
1.903188404047107072e-03
4.407095334284785379e-03
5.743731375262461913e-03
6.080421382623721902e-04
1.783045615438550954e-04
2.190166343964866473e-03
2.469639825346591887e-03
2.479415716567627288e-05
2.308851885860969485e-06
1.012197523715236989e-05
7.170428721482893793e-06
3.647858585773971373e-05
1.272867364627165276e-03
2.589762429249961324e-03
1.823117156411139216e-03
3.111549081696046107e-03
2.402186535826105439e-03
3.020910041191552254e-03
1.318207918929552086e-03
1.378969084810865216e-03
3.072571212709411786e-03
2.858437592141630889e-04
9.683025293933099917e-05
6.838037445119472899e-04
1.354041890463320756e-03
4.284213978418735232e-05
3.232229187408621235e-06
1.001453777932645786e-05
2.591479050276550021e-05
1.652212678689938684e-04
1.017912157128280162e-03
1.279569749380586596e-03
9.999597292574356061e-04
8.085606962288393890e-04
2.524889120030990135e-03
5.479863417229556208e-03
1.813789088966548868e-03
7.829201756534987910e-04
1.521649409534497595e-03
1.882165912285657054e-03
7.085981025404685827e-04
3.485418669161599614e-04
1.104653847441175321e-03
1.309107915800767740e-04
4.527781745056293214e-06
7.126155086908871834e-06
3.235979471458961355e-05
2.757422819179798906e-03
2.921025329403164825e-02
9.662488528019591918e-03
4.597116033999370209e-03
6.968429409467456846e-04
6.655064779963442822e-04
8.660612202816696421e-04
1.818079482685964988e-03
2.313804719264683004e-03
2.045798464040545286e-03
3.225214110300455086e-03
5.528347977354872459e-04
3.422301858340627865e-05
1.303943350667434334e-04
2.392445364097720440e-04
1.345796650786629902e-05
6.182426188651550457e-06
7.676705493322890693e-06
1.237609951472539620e-03
8.884421660508029506e-02
3.054891940657070148e-02
8.819540534011911792e-03
5.487902035710577088e-03
6.029159186563031597e-03
2.896135858965777181e-03
3.608560907140924683e-03
4.997842012543154619e-03
6.194057145916243706e-03
8.383300844544307531e-03
1.447386928294758495e-03
3.752087509878204632e-05
1.364432910790809583e-04
2.862606013412684336e-03
1.273858666045129910e-04
6.850585782490341008e-06
3.989804207823248960e-05
2.372012307996520814e-03
8.625576030855898468e-02
2.482506229935729780e-02
3.320998861090478354e-03
3.128049587282762285e-03
3.915709324974031048e-03
4.924814478593801323e-03
3.451117969120567723e-03
1.641618163102183739e-03
3.579397395332263240e-03
7.363332715151028017e-03
2.834095694814619485e-03
6.673088793684302342e-05
1.092858042775309897e-04
3.145012632927165520e-03
1.291501862727912405e-04
4.443260491847699799e-06
2.347534411726369088e-05
4.406282146366836809e-04
1.163951871424787413e-02
9.949575269366926766e-03
4.050677405954110528e-03
4.123188646578168463e-03
2.395652557266646308e-03
1.550797532008520814e-03
1.161703111466231685e-03
7.805696535841912713e-04
1.030779911984917169e-03
1.003885858200642429e-03
5.915497469273184143e-04
3.556499798087833661e-05
7.581127066239196370e-05
1.897294735242562470e-03
1.035862937496435812e-04
5.058325449421772235e-06
1.683407399749738189e-06
2.151571649711691650e-05
1.406108605092791074e-03
3.979830348212666340e-03
3.994708450671179654e-03
1.670094009752040760e-03
1.208591582662507831e-03
2.687539530910689183e-03
3.719298716789809587e-03
2.581955238567935733e-03
1.992011384350717181e-03
1.510325114183617284e-03
5.133973364161701670e-04
5.587686415123019259e-05
2.893971194882310441e-04
2.387999039707970443e-03
7.126412913157607898e-05
5.561950033199424351e-06
2.424762463417157747e-06
8.814882186665728731e-05
5.247339901242206034e-03
4.723280450620819144e-03
5.324829461056799183e-03
2.281248373114838982e-03
8.567426745573450582e-04
2.084582525795511052e-03
4.308782748285125419e-03
4.563040983606591119e-03
1.111622028000140705e-02
1.380693763161152006e-02
9.102250749942653214e-04
1.108789531957746487e-04
1.291046624823627637e-03
2.848706378532090550e-03
3.700516907646980708e-05
4.121647580404714746e-06
2.522231516798361994e-05
5.436066519493895199e-04
5.101707200540273220e-03
2.964946304403048329e-03
3.079832289002373043e-03
3.730496107820759077e-03
2.894829113634121015e-03
2.560464514501418175e-03
3.079747240028872513e-03
4.934144777583438293e-03
8.142685669641913301e-03
2.045432110142105311e-03
1.013994899571920910e-03
2.351104242128011779e-03
6.413117537779317034e-03
5.575714235390952234e-03
1.366963669582085372e-04
9.854069155156142311e-06
4.786918699863070361e-05
5.083623730503701588e-04
2.568817094008082717e-03
3.457822512847080927e-03
3.205179247886700156e-03
2.452214290447578618e-03
2.630516560919066247e-03
5.262601490407687981e-03
2.805674445707508850e-03
3.797065909835077146e-03
8.314946030131158128e-03
2.991397602175818889e-04
7.064291083804683999e-04
9.935495866134087112e-03
1.533314195996742955e-03
2.259691752042018319e-04
3.298216740947587303e-05
1.146964649555966690e-05
3.163161528805526982e-05
1.291567769332744838e-03
4.276144239774003555e-03
9.397322227864781568e-04
2.327949420475961505e-03
3.841432848984762359e-03
1.016762046010576473e-03
3.113261613491217442e-03
1.426246122259766918e-03
1.351955076038606355e-03
3.147868588244223578e-03
6.202389836764064497e-04
1.127807857093136683e-03
1.351049559616714297e-03
4.446739223700337884e-04
7.316106158066589991e-05
8.413170002681773010e-06
8.691810861461361754e-06
7.593637977941773871e-05
2.282146554491110233e-03
1.321956526641683170e-03
2.096900117000532050e-04
9.667903494188339599e-04
1.963041298492152874e-03
2.433812179907668015e-04
7.032337916931390457e-04
1.385652383069323678e-03
1.186248171731920124e-03
4.746419345011343373e-04
3.360149953251611969e-03
9.399021791010781640e-03
1.759228336642175070e-04
8.082818731406437121e-05
6.869951553121794903e-05
1.033494415154917011e-05
1.131472969310396174e-05
1.244391339725757148e-04
3.702065496130476155e-03
5.039781325583926261e-03
2.459072209377753931e-03
9.298815924243721692e-04
1.087546501248413651e-03
3.958454563928883547e-04
4.042388300564225909e-04
8.092204490181281610e-04
1.310001187192222968e-03
5.224106834039595696e-04
4.526904890025638256e-03
2.030555010923500246e-03
9.288996654233512858e-06
3.887822677992827075e-06
1.021013899291151912e-05
7.946531478597868155e-06
1.376494434645627532e-05
1.329857605274299475e-04
4.405655081572768146e-03
3.728633399927160693e-03
2.631318389957770613e-03
9.699012997833763011e-04
9.126645180158837571e-04
4.118531709022755149e-04
3.042391917936719124e-04
3.874894240160169892e-04
9.678507847832612965e-04
1.941278487788155845e-03
3.336534618257197115e-03
1.107764728380997675e-04
1.617839721147672552e-06
1.824988536939971965e-06
5.727078246785833809e-06
7.677197070884738317e-06
1.458123992887510895e-05
1.080045745327569591e-04
1.672914747895462529e-03
3.108373990089301230e-04
6.190387398119644342e-04
9.149360655753404964e-04
1.785235012730218280e-04
1.653611343769465457e-04
1.273542365190141702e-03
1.295437606864121649e-03
7.394041013494568595e-04
1.449860956221127317e-03
1.411997181654567812e-03
5.627688587832351880e-05
3.680399330329111111e-06
4.701315194593877719e-06
8.298701101391978393e-06
8.881437435093322442e-06
1.505226973289824770e-05
2.235454109309798518e-04
7.898558039924686788e-03
7.094131366918187721e-03
9.274229250638414690e-03
5.342669240032317133e-04
1.102076681485456869e-05
4.975031759084103258e-05
1.522804114327245368e-03
2.176207362025322795e-03
1.034506064237598237e-03
3.041464647146438667e-04
8.215299592540477639e-05
2.258535657854107240e-05
1.108632683321382191e-05
1.392771798523403350e-05
1.589937552381826349e-05
1.524146956634420584e-05
2.360184922255067894e-05
