7.038966494802797493e-05
2.718769130320337641e-03
7.297873356236894878e-03
6.311321924757535250e-03
2.174852776701100693e-03
5.901335460008662196e-04
1.515680845422890700e-03
1.808197427173768358e-04
5.639726376780528181e-05
1.379081315057878758e-05
1.362560885254404626e-06
2.109942136081651301e-06
4.411085642754926805e-06
6.282311298903486934e-06
7.954672294636640044e-06
8.352312568754018899e-06
9.967799395750554322e-06
1.796562114058402712e-05
1.496690341548306121e-05
2.272023522390905403e-04
6.694588220470373743e-04
3.073284604022906690e-03
2.716716699265908294e-03
7.431313025979546794e-04
1.683968410270450088e-03
4.171084268948806292e-04
2.370040706476742465e-03
2.134493749396844820e-03
8.836969945374559471e-05
7.053009372927655503e-05
4.968586726986450166e-05
2.269399529092177637e-05
7.193655978134580430e-06
2.714513795047412856e-06
3.709025345354733072e-06
1.049306067803609656e-05
6.728660389225292807e-05
1.567810701705802832e-03
2.145236320323369843e-03
2.949304124921026029e-03
2.470830718004944811e-03
7.008649080853250786e-04
7.036693813500965490e-04
1.042838269803995286e-04
1.087531045602620726e-03
1.692531146799108183e-02
8.874129398513119771e-03
6.154503068842955178e-03
2.137559560331928239e-03
8.148920088521211880e-04
8.093937191655177401e-05
4.081917047412147115e-06
2.501866414763010730e-06
8.912154470745175749e-06
1.686042086966013488e-05
1.447278144345183460e-04
6.250092517278997475e-04
1.195411509299674222e-03
9.898987086553289860e-04
8.600231198856717182e-04
7.731427334377178858e-04
5.492991757149105314e-05
8.692126659420077947e-05
1.202830430775301282e-03
4.551230613324169956e-03
6.394299334425971280e-03
2.779767235539630163e-03
2.689027846020795171e-03
1.056390699771184291e-03
1.935772203568643948e-05
2.642171812275051195e-06
7.001004883130052170e-06
5.178619847280560559e-06
2.098375954528382788e-05
5.133277647905493037e-04
2.404421654536769305e-03
1.200006307848649990e-03
8.041443793952189265e-04
9.661004833630400333e-04
3.779845946760103576e-04
3.883984447341213057e-04
1.122170531034240261e-03
2.050610189094707794e-03
4.149641582395366228e-03
3.897368243656595347e-03
2.486840121609572383e-03
1.450224496814795858e-03
6.345930648132414172e-05
1.269856693966943670e-05
1.331878947650352955e-05
6.668995703836517237e-06
9.406802407810307533e-06
1.363963793659653180e-04
6.664784731780080311e-04
4.233271476668735555e-04
4.370975550963011793e-04
1.031261227212204460e-03
1.326293069507072497e-03
2.709559139255537062e-03
5.444208837458007315e-03
1.727791673019932325e-03
1.884641887468936064e-03
6.129933441725292365e-03
5.808428196026506687e-03
1.660826170801628279e-03
6.409094709452189649e-04
7.245999801870695641e-04
8.887578277884127691e-05
3.455868539361663305e-06
1.819007402924747830e-06
1.479626970027802067e-05
1.724493896272255588e-04
8.372865775147010116e-04
2.193767182813687478e-03
1.056559901726428869e-03
2.810105536599996775e-04
2.290103609324475355e-03
6.992594082315593991e-03
1.967743533864503482e-03
2.283993329941409918e-03
1.446454901908978069e-03
7.318237377086855670e-03
9.585769585429070733e-03
2.764453972051330102e-03
9.228337500801225444e-04
4.458623294303116645e-05
3.070293918379754752e-06
1.518641789327662189e-05
2.209667609931508035e-04
5.309892767531354313e-04
2.101896644560092165e-03
2.555945968302010627e-03
6.717548159138994786e-04
1.916223286105065793e-04
1.552872780686342024e-03
2.037343890344853452e-03
1.863886946875187344e-03
5.224781056509176201e-03
4.053458318641861937e-04
3.003873531521480695e-03
1.391294474099140713e-02
1.575934477231632439e-03
4.854566474660619341e-05
3.082710719107711848e-06
3.808900093680992348e-06
1.966110013625141785e-04
4.982212990155531970e-03
2.038232172598918729e-03
4.122387325849917288e-03
1.806254953327698226e-03
9.189288339677491963e-04
8.002555354982053906e-04
1.235146862376840194e-03
8.002949453226764799e-04
1.468471438165144197e-03
3.540593423320381652e-03
5.437736902278050323e-04
1.945046383922796954e-03
1.099631383455863115e-02
5.547174169981924571e-03
7.098146361375780701e-05
2.398333915094093366e-06
1.110390043531431200e-06
2.037406250104402170e-05
1.051095079542598790e-03
1.657963898560655932e-03
2.676441408691642050e-03
6.679091896272377994e-04
5.475985823926084748e-04
6.944182253468760653e-04
2.793739192358287555e-04
4.303084665201952646e-04
1.215905085726065550e-03
1.425763680541350517e-03
4.057653420559381415e-04
5.746897928813431275e-04
5.717061145342034259e-03
5.457316976095633390e-03
2.634994285512026551e-04
3.829010639932909981e-05
5.272413206313882839e-07
7.787676963638095719e-06
1.182508034560617689e-03
2.970151819125549809e-03
2.207468090775225201e-03
5.031544746242575536e-04
3.538133899174736568e-04
8.725445001502191459e-04
2.107214277423782780e-04
2.127594118580009648e-04
6.605873331562016511e-04
1.656407780255226897e-03
2.834554783603340940e-04
5.348361631036553106e-05
1.254176523435877400e-03
9.590030884110894993e-03
4.325820801597822160e-03
8.986567762573327827e-04
5.547540974512732353e-06
3.303315816867686910e-04
2.709596004579136602e-02
1.640610611643013653e-02
4.696498786737962443e-03
7.169366220265776472e-04
3.888389834711085532e-04
1.601690582781960075e-03
8.473224607161235255e-04
8.024372944732394413e-04
5.228354407106766428e-04
9.836923206234327380e-04
4.791903774239653427e-04
2.528553665061212597e-04
4.489004883990932969e-03
1.149356664763469954e-02
1.217227171459841963e-03
7.577943578519133331e-05
4.911790479911040864e-05
2.470595601339023624e-03
6.611336456127278605e-02
3.388908583056972346e-02
8.419592341748423012e-03
2.666162194240720429e-03
3.268411778950368329e-03
8.801613967584706599e-03
3.434439040218036435e-03
4.424364526863973530e-03
1.509050177305032697e-03
1.171407741399735185e-03
4.375743604324653225e-04
6.520790166577955472e-04
8.814238124417284048e-03
1.061598588837856481e-02
9.658991925663026282e-04
2.850701558876455924e-05
7.332769057660137883e-06
2.054764702719053297e-04
3.113966023226538704e-02
3.029927792419134791e-02
4.177994278125546010e-03
2.662808505226952303e-03
1.998556552616963331e-03
3.007619104597728053e-03
1.075715048555050046e-03
1.567846586831098815e-03
1.381776000838027055e-03
2.469114391148000826e-03
1.344806485498450293e-03
9.128222373557747741e-04
6.818264274191789161e-03
9.569358199782527358e-03
1.561765432025789824e-03
6.393296770734300681e-05
1.158914910130315506e-06
2.900450017958372745e-05
6.364338866254563506e-03
4.782898192868923794e-03
1.605415421867945102e-03
1.340270955185841406e-03
6.455576782249282039e-04
2.290063225213795264e-03
1.353073661093323306e-03
8.875217794520051662e-04
7.855668943505521870e-04
1.435108665541286622e-03
1.309584236032118034e-03
2.972845523724108137e-04
2.239165644199839298e-03
4.351527877632834461e-03
1.745521699439601818e-04
1.032519300797336663e-05
3.933484126331476100e-06
1.198915934344045841e-04
3.920313641885620100e-03
1.342420309937363953e-03
2.711582179470751770e-03
2.642524161296663354e-03
4.362801692076913600e-04
1.199778905005969773e-03
2.568562038855929687e-03
4.303517976334310250e-04
2.495106054374435483e-04
2.510312169212383909e-03
1.597140491376357286e-03
3.034866061349204142e-04
2.744022342833213248e-03
3.812832403551671620e-03
1.470396408825735046e-04
1.203943325384955087e-05
5.610566129350603421e-06
2.107883139220687006e-05
2.635514335028053194e-04
3.809813818318043646e-04
6.549735443042780736e-04
1.375762160252430458e-03
4.186156595558150769e-04
1.025629535723095458e-04
7.611283571534229603e-04
7.177363831401288499e-04
2.701853932515839007e-04
3.498001923603738343e-03
2.565701416732018778e-03
2.786811572489942754e-03
7.166779360755861673e-03
3.439931219256475194e-03
5.334031562565055666e-04
4.498267383253438419e-05
3.564983955313058815e-06
1.471473366830645574e-06
5.655252883960065427e-05
4.038601510128042409e-03
3.505491276328534175e-03
2.569493670265339275e-03
2.153003631300279101e-03
1.722822949130599303e-04
5.427966526565451396e-04
2.328246084261935064e-03
1.431632387332500015e-03
2.614932148702250533e-03
1.842130989091984080e-03
8.184584164728942249e-03
8.594736598226428853e-03
3.275742427131324991e-03
2.847937498174202666e-04
1.723318674526285477e-05
4.265109490838264836e-06
1.120141624181141263e-06
2.498223619412670858e-05
2.404168196178990951e-03
1.287934459529484687e-03
2.302242216097552421e-04
6.374078846145667023e-04
1.520213193725068615e-03
4.643874046814777841e-03
4.074466383093519259e-03
3.781738242304168683e-03
2.516113542486674882e-03
1.903103779066334187e-03
1.105784685797519054e-02
1.540070882000217113e-02
1.674565173060254750e-03
8.323825397954929726e-05
4.842764988669877275e-05
8.710259915103103206e-06
1.073863613129632163e-05
1.335797403981289181e-04
1.501634682284004639e-03
6.039419908169547241e-04
9.974895011291745378e-05
1.986177923228736781e-04
8.761302667642183835e-04
2.147847789153137840e-03
1.382414592999290292e-03
2.610851746006892082e-03
2.355257920262789940e-03
5.764502277132759790e-03
1.214312254610721252e-02
7.418039914825797117e-03
2.908773033305936482e-04
1.087910675321322664e-04
7.234939505197510905e-04
1.272988117677683105e-05
5.242425191451450172e-05
6.149858154020864222e-04
1.494564301078076408e-03
9.667433486318444732e-04
1.116765730622550339e-03
2.287814374730062512e-03
1.387878873657927845e-03
5.506901830587293632e-04
2.123664660938303262e-04
9.521169628796832428e-04
2.206556224078458622e-03
5.901500434324667005e-03
7.573880464274806816e-03
3.971128792367298495e-03
6.240314087773415549e-04
4.581610875352402933e-04
2.509079918637636768e-04
4.136968617805924246e-06
6.917072587020759930e-06
1.134321792420336445e-04
7.241211531977997029e-04
8.592083324479932649e-04
1.063985091450340287e-03
1.115671764030084796e-03
9.446280704572332376e-04
7.403995062906951153e-04
2.726826908291643840e-04
1.840460249914490937e-03
8.132529903840128929e-03
8.921473029615590439e-03
3.821528052765898239e-03
6.583488588457210014e-04
4.470690579838971688e-04
1.836713450398187893e-04
1.011912196053243163e-05
1.660345296664963213e-06
4.099583986468035500e-06
1.490920322553292144e-04
9.665744411895434412e-04
9.570387966242565854e-04
1.005178039664012977e-03
6.785333654314681159e-04
1.358827612985467025e-03
1.911417098310336325e-03
2.633453975735137662e-03
9.046521714923691504e-03
2.850822402054975502e-03
2.113399148033290233e-03
1.251421894341372618e-03
1.625576168745238698e-04
6.151939301358304074e-05
1.200283665773026011e-05
2.654053679604612889e-06
7.458040888012392605e-06
1.660708363218225188e-04
3.509138430556179005e-03
2.866848996526112896e-03
1.322708359564446490e-03
1.393498267644232690e-03
7.435995145843813520e-04
1.826810347820707241e-03
2.331815524475309639e-03
2.264003670238323284e-03
1.702562223721066107e-03
5.594900924087506936e-05
2.665752169656593413e-05
1.804450452316287972e-04
4.992578004629198186e-04
7.783558891014924594e-05
4.726355863942454444e-06
4.459486219688771108e-06
1.053440510437293423e-04
2.602580082314887282e-03
6.055826163546289623e-03
4.749582095889532014e-03
5.544919878877691694e-03
5.130497130353772403e-03
1.421897060758486658e-03
2.622957855361453630e-04
6.287153012925230625e-05
3.385415383046466768e-05
3.577222321654443957e-05
6.701310762653168681e-06
2.821585031580338089e-06
1.514804815232235600e-05
1.035482870006105248e-04
3.433914962928937773e-05
6.396781604459521381e-06
1.300498783391524220e-05
