6.643965362657843657e-06
5.760036128450700822e-06
5.559986210898119915e-06
5.570770427391247557e-06
5.582399547708162171e-06
5.580137468873036135e-06
5.577561060269097666e-06
5.579748622221962975e-06
5.583764843806068169e-06
5.585508211697257578e-06
5.584710552618207237e-06
5.583779193459608574e-06
5.585052608397450872e-06
5.585253036561813254e-06
5.572920998511629688e-06
5.562846479782980381e-06
5.763896815677809294e-06
6.647828470521781030e-06
5.780695654096102763e-06
4.827662178414428847e-06
4.624712721795711898e-06
4.634178441438126593e-06
4.636350958699466642e-06
4.625359934128083597e-06
4.619091937320209195e-06
4.620438935491549466e-06
4.624323152347561386e-06
4.626124877796897052e-06
4.625434940056546980e-06
4.624346071143038316e-06
4.625678525265801853e-06
4.626628564957214732e-06
4.613494974859356156e-06
4.599090528849868907e-06
4.804886301837719512e-06
5.764053673683967654e-06
5.641422219322348682e-06
4.664185022195426852e-06
4.450571209344397098e-06
4.469545809624322350e-06
4.478818098241997745e-06
4.455676758383802630e-06
4.432501928872503782e-06
4.424661000110452406e-06
4.426217857329184903e-06
4.427516000029776575e-06
4.425900165513205314e-06
4.424536786766399627e-06
4.426701836648825328e-06
4.428855233771800950e-06
4.415991471596518534e-06
4.398698413159513226e-06
4.598699937487228381e-06
5.562656664765636937e-06
5.489950457275530625e-06
4.271803826023889318e-06
3.946821150423484197e-06
4.120066515095623592e-06
4.396706276905660417e-06
4.513268953980318645e-06
4.494154547627144540e-06
4.457134131173805548e-06
4.443344615518368958e-06
4.441898240058149823e-06
4.441097793119456704e-06
4.440988251940927575e-06
4.443592837626609844e-06
4.445219738663772756e-06
4.431949163545548946e-06
4.413445240535590535e-06
4.610219861309116492e-06
5.569946159839782418e-06
4.401976638371596439e-06
2.947507446220064938e-06
2.649387995260334480e-06
2.992667064652786389e-06
3.689941722602399634e-06
4.324328440473798973e-06
4.547556001264276229e-06
4.521336158088256067e-06
4.476175340798110370e-06
4.466254842173502208e-06
4.472302207563709324e-06
4.477903391059910701e-06
4.478184564625998086e-06
4.471449130557259801e-06
4.449987698749851811e-06
4.427286372140745598e-06
4.622935699077651148e-06
5.581758146007941860e-06
3.293509452176240325e-06
3.536467378431359549e-06
5.191407404298918916e-06
3.833578587230034200e-06
2.737000402228668601e-06
3.283106411341394961e-06
4.179062778452079073e-06
4.528741057006871669e-06
4.542168615140253065e-06
4.514992459551122661e-06
4.498888290247134473e-06
4.493015278496698166e-06
4.506675978725910923e-06
4.514969133583447856e-06
4.489310009054634197e-06
4.456243515470144986e-06
4.648147124552566884e-06
5.606552676345736502e-06
4.380777075560233104e-06
3.731982606952611008e-05
2.238648396643414982e-04
2.990192594937284438e-05
2.545358741043936402e-06
1.862191943255700435e-06
3.015106609869560938e-06
4.164273739000235280e-06
4.565339073753074873e-06
4.442294717353127203e-06
4.145798106676779204e-06
3.974924939900822706e-06
4.109264749317111043e-06
4.389692747425000191e-06
4.529657596590179456e-06
4.511441569396558840e-06
4.681940816410639723e-06
5.638748410764301506e-06
6.548589525077497038e-06
2.057442024749219205e-04
1.984099983125165497e-03
1.211543213895748780e-04
7.762136560896694737e-06
3.295252821664332903e-06
2.572991592461814398e-06
3.386413251656674350e-06
4.174791305083938787e-06
3.815331906789981928e-06
3.141503279421932148e-06
2.805613937521875133e-06
2.961362824469139749e-06
3.599427440449160624e-06
4.173490599492743028e-06
4.202721283493157648e-06
4.267620498440147166e-06
5.223449503560155105e-06
4.218400450387830836e-06
2.839497735138507106e-05
9.511977690809859964e-05
1.101440388991878610e-04
3.711316741208543204e-04
6.964013576761659500e-05
4.349764708158633746e-06
2.591029714939060803e-06
2.972956590550273292e-06
2.954511197463030672e-06
4.297267415621327875e-06
6.061312050211515326e-06
4.085710991360547479e-06
2.897245204654685793e-06
3.071046056024938027e-06
3.141921224042814821e-06
3.167053610482400291e-06
3.914801242920883462e-06
2.707918109627684753e-06
1.560397745378215898e-05
1.316667131743128006e-04
1.230753833680925304e-03
6.606373872343657833e-03
2.089960647617077180e-04
5.816669471922092393e-06
2.589038560341342650e-06
1.650014156483399987e-06
2.269639868085892143e-06
2.721050351220454810e-05
2.147320504882306786e-04
4.113250744870903473e-05
3.855154285058134446e-06
2.312816741812145106e-06
3.885845561092656639e-06
5.880830566122492618e-06
4.762679288925654956e-06
1.316545646925609443e-06
8.687443594870126020e-05
8.190768039656536048e-03
1.629663321764408812e-02
5.313398617556395337e-03
1.941134033707234499e-04
4.069678924589535489e-05
1.370449099344179934e-05
2.705018990046693539e-06
3.164082798880984972e-06
1.065282816899264918e-04
1.959024206082077800e-03
1.548113877869953918e-04
4.364209997067556195e-06
2.991474318591500344e-06
3.012399016468517450e-05
1.647147839492985120e-04
3.454704567305407007e-05
3.740318622783137972e-07
3.143844490258555779e-04
1.129461535685282875e-01
3.187160887745939253e-02
1.422075225425578800e-02
4.140795186944836413e-03
1.807609131148845425e-03
2.998301756639356079e-04
9.219802672054869361e-05
1.093417896259905116e-04
3.769368878730032795e-04
3.799071806597225536e-04
1.948649530012549133e-05
2.067419528139931962e-06
4.142437968467363996e-06
1.614694975343098889e-04
2.142496887017658353e-03
1.735453173518923704e-04
1.884874578774813224e-07
5.763742698875228606e-04
4.631819814334461882e-01
7.460655855819638138e-02
2.840993745423006298e-02
5.552579693787788699e-03
2.710085039588257250e-03
1.135204493164244802e-03
1.582375460184041061e-03
3.439167044351479005e-03
1.910233549956611397e-03
1.089093118509452783e-04
3.866444678823227530e-06
1.488193420956053557e-06
3.228298458015810493e-06
3.195160669337324637e-05
1.643112488853187055e-04
3.449453543064866272e-05
2.556140514643992350e-07
2.379837115719197018e-04
9.285586282648289336e-02
3.693160858439770849e-02
2.244913912955241730e-02
3.223795960997549118e-03
1.273336841371926469e-03
3.045721089548781299e-04
1.012544789689493987e-04
1.704612792083174159e-04
1.993050376293101396e-04
2.559778572507185438e-05
2.775979252996455799e-06
2.109751788246064901e-06
2.804481956373884768e-06
4.180780039686385494e-06
5.864234150536685272e-06
4.753289308524009786e-06
1.320449261004836731e-06
2.560381534183775475e-04
1.309954818794649423e-02
3.159886008536985560e-03
5.209214675427776414e-03
4.147665060432063032e-03
4.511635293692986440e-04
1.683887363097549153e-05
2.693943257632495440e-06
1.407593825663999444e-05
9.075551295754183412e-05
1.993959863833851925e-05
2.705490032020856517e-06
2.592953101485708187e-06
3.483474229201340352e-06
3.276921872299942048e-06
3.162427566846184473e-06
3.909099264276432016e-06
3.154230611864988763e-06
4.397497839211646567e-05
3.276303810894872024e-04
3.239858769716769680e-04
1.513527190556459906e-03
6.553038767812672562e-04
1.701950778049160534e-05
1.268222675407549028e-06
1.754371144457392947e-06
1.068180062620886187e-04
2.456759671370601673e-03
1.433969500055474620e-04
3.951392739393546758e-06
2.557148508568450838e-06
3.960943589912030967e-06
4.253259782980262350e-06
4.274002525097456882e-06
5.219799492419842725e-06
2.910598249614413590e-06
2.650671603800920364e-06
4.171392488508625767e-06
2.226217861023256918e-05
1.415766759403720351e-04
2.581519965130467042e-05
1.466249641338188716e-06
6.718412844644418350e-07
2.498962075291221244e-06
1.471990583442835717e-04
2.605035265957648168e-03
1.426111491009784786e-04
4.105683332869161284e-06
2.617720632294956176e-06
4.051327379476561882e-06
4.544245756592148036e-06
4.701638913185926306e-06
5.637743193851402492e-06
3.358601360813261084e-06
1.561970673615250279e-06
1.210980395092653187e-06
2.880836099218345815e-06
6.804112395079588874e-06
3.124737488587537582e-06
1.158550192957236132e-06
1.010925300005740565e-06
1.759689971131338815e-06
1.271264251293988226e-05
6.020586128176923582e-05
1.602377602896265345e-05
3.260529084522925531e-06
3.154959370184827321e-06
4.241827907920532853e-06
4.509310129038124074e-06
4.667585781316159267e-06
5.606307726824995138e-06
3.690095284290896824e-06
3.570725221177832742e-06
4.239243372586543420e-06
3.149181238926079522e-06
2.319658692728921906e-06
2.095570091460800246e-06
2.428655825313312709e-06
3.295421464620448002e-06
3.273084368905883202e-06
3.433384432385194466e-06
4.481526916305924595e-06
3.924098867582735440e-06
3.379289222711823259e-06
3.947745606311861403e-06
4.444087690487271337e-06
4.475441876815790383e-06
4.634261684958198572e-06
5.582415003847821972e-06
4.978175976393253820e-06
3.250244905431998209e-05
1.622411298465243820e-04
3.013949012685400317e-05
3.365354533591389644e-06
3.037798730458447480e-06
1.687334520826493027e-05
1.463154663006058188e-04
1.400017872733685703e-04
1.647380365744785741e-05
3.844666525498126758e-06
3.305949773420310034e-06
3.979436416006935009e-06
4.425416077531167368e-06
4.503951671123065536e-06
4.452508404471906333e-06
4.628127343554744298e-06
5.583267565816411384e-06
6.779224931523189539e-06
1.651258962760403530e-04
2.149452241053137567e-03
1.623270927865654923e-04
5.045192441657855334e-06
4.188697434858118096e-06
7.156273966771043967e-05
2.540294911190430632e-03
2.534733507357392161e-03
7.582768487130234734e-05
5.731156392940975324e-06
3.668533753969454245e-06
4.274511110482950415e-06
4.519192512963687824e-06
4.485268708672979171e-06
4.438867374848080296e-06
4.628303339901000541e-06
5.585976942979800247e-06
4.882951633195479826e-06
3.195704832634270291e-05
1.627907276745282775e-04
3.121907350930367249e-05
3.578877587654988831e-06
3.216343091008131254e-06
1.712552486574560548e-05
1.447572440160860611e-04
1.443298396651461490e-04
1.801793173494608755e-05
4.345481497054013017e-06
3.794312124830697251e-06
4.350239899341204644e-06
4.491452300492660071e-06
4.453403457931916390e-06
4.421651166747246159e-06
4.616597858076781464e-06
5.575528275391211055e-06
3.813001328582920779e-06
4.228577462816251170e-06
5.743443329290886238e-06
4.091245981142118295e-06
2.836241217446734453e-06
2.837044590255584435e-06
3.270548714600322492e-06
4.109643492276030475e-06
4.077779649792694434e-06
3.298471515973130701e-06
3.355932751294190883e-06
4.028219029068083793e-06
4.421134789844289194e-06
4.461506569693996944e-06
4.427291835275268847e-06
4.404161518577300883e-06
4.603431480991947259e-06
5.566605382409321504e-06
4.832622263540795049e-06
3.495009221246803259e-06
3.181103150442920849e-06
3.372756912810468761e-06
3.828819310837279827e-06
3.917595562390428166e-06
3.291004565926263838e-06
2.702983459141212703e-06
2.688619920897166946e-06
3.259138251758441567e-06
4.061210757255808319e-06
4.557685414257703241e-06
4.666067304749629320e-06
4.646210502937842357e-06
4.619098998039828681e-06
4.603375815186312398e-06
4.809409675851891220e-06
5.768180970741567496e-06
6.593094029052528612e-06
5.471044105317866069e-06
5.143061981214716059e-06
5.301020472545663159e-06
5.584926731960258564e-06
5.641443600825711937e-06
5.372501393462073509e-06
5.060390085804169907e-06
5.051066032768788528e-06
5.332968981208069029e-06
5.588429185535920316e-06
5.649597103436191744e-06
5.617935731468452575e-06
5.592404433211841573e-06
5.574928159993194363e-06
5.566313429637816527e-06
5.768360347835558992e-06
6.651938110344420715e-06
