1.350400553617798387e-04
6.362263556659187441e-03
1.514773557236355310e-02
6.541088718182449732e-03
2.186473012475518424e-03
4.375779968183144439e-04
2.082335037774432607e-04
3.222210001644260123e-05
4.592408522880823951e-05
3.600097463240107859e-04
5.644609061456844201e-05
7.365717939287509675e-06
1.189001358959428312e-05
2.273900916383016322e-05
2.483713400618040243e-05
2.289644504155518190e-05
2.288453821906143431e-05
3.436638055474159823e-05
1.610875476664516020e-04
5.655419111325384746e-03
3.338204664071011719e-03
7.206068870069994720e-04
1.187858455888761769e-04
2.314498290742590062e-04
2.118222212487187468e-03
1.733668162025979876e-04
2.397023315488753257e-04
4.927045828163187889e-03
2.036674857359239087e-04
4.928986784857593828e-06
4.413940890975971786e-06
8.705349485668525988e-06
1.266783243648513600e-05
1.378062676862861570e-05
1.423016710916130276e-05
2.293424432394618038e-05
2.049350602332475639e-04
3.063332960896894379e-03
7.363591997682060073e-04
9.812250454782106730e-04
8.303263983502497505e-04
7.837526242261195521e-04
2.405946681575717692e-03
6.686621844422133360e-04
7.037740384340556354e-04
2.918287808416519368e-03
9.184683291437780719e-04
1.153945335658312341e-04
1.772532867691183243e-05
7.739943969205885697e-06
9.760607666204357551e-06
1.205296468331550490e-05
1.367926596936947085e-05
2.267876358835481371e-05
3.227078585154229628e-04
5.101736476245166511e-03
7.472985873522896075e-04
1.198683563259683553e-03
5.436133519399109770e-03
1.891431816998501462e-03
1.010643508769636101e-03
2.607541971422393592e-03
1.642409156093647613e-03
6.981506392106359487e-04
1.998042495598981779e-03
2.315751606190501015e-03
3.036103157550942735e-04
5.892327384806898876e-05
2.084661652613157602e-05
1.137539609879157389e-05
1.282145914303230467e-05
2.364536196742534057e-05
9.685312215760133838e-05
3.234108384954466602e-03
6.103783301065294868e-03
2.406799744054095944e-03
5.751606873857865445e-04
2.097475100514412777e-04
6.910271046415906223e-04
2.426158317998634243e-03
1.165973143958273740e-03
6.928647015699028249e-04
3.892569766028000275e-04
4.551281902388196079e-04
3.444160758348874946e-03
2.845656033163538982e-03
9.187718769415915304e-05
9.541462658370913083e-06
1.026911830915327050e-05
2.358946687345648432e-05
1.125072886742391915e-05
1.644651547043366672e-04
2.678243840574783246e-03
2.822209424729976886e-03
5.125141685004971307e-04
2.932012927441033593e-04
1.806660258701438173e-03
3.460858839877554473e-03
3.880640091633795041e-03
6.378776228566487849e-03
6.847722530849640601e-04
2.404280351987766692e-04
5.253251664971341460e-03
6.049107052384217371e-03
1.258004891763997944e-04
9.839316657592554326e-06
9.147828678004380807e-06
2.317584979137203040e-05
9.330859197577413044e-06
7.468790646752651325e-05
6.583526181173229115e-04
9.285683649911461975e-04
1.527598406128922179e-03
4.883351803159219221e-04
1.981509448428220559e-04
4.346774253195154051e-04
1.449863054055614388e-03
3.178504137840259570e-03
2.114886951327769014e-03
2.760219983411179375e-04
1.752332755652572524e-04
4.072376753104804052e-04
2.652862752356851487e-04
3.152282164655189695e-05
8.440270441117480219e-06
1.805490303332875807e-05
2.035452523396661881e-05
2.341032729173543429e-04
1.393795601925081149e-03
3.625287873111590663e-04
1.642667553707157543e-04
2.471439943736251701e-05
3.335035769600434434e-06
1.179951148286766010e-05
2.372232887212240955e-04
2.410134934499652982e-03
2.310699636508403102e-03
7.281132194407002704e-05
2.449343771378179266e-05
4.782509604485664324e-04
1.755284781713727354e-03
8.243729764033889962e-05
5.402175164480182804e-06
1.003746346042096441e-05
9.898456268916934703e-06
2.837479443321801466e-05
4.308177205554173132e-04
6.058200953457507955e-04
7.042940808316598634e-05
5.581066257099473552e-06
2.401725066803946812e-06
2.355290689299239170e-05
8.057169926268541345e-04
5.405961089242877771e-03
1.511696418216190501e-03
8.380420650924549420e-05
1.900029293953331151e-04
2.017248048686775229e-03
4.358444728370955944e-03
7.635956948796352199e-04
2.931162242143963274e-05
1.163780964704374220e-05
9.245301959357212675e-06
2.544886241899501069e-05
1.258727001534638368e-03
4.142612944182495587e-03
1.180098086981550600e-04
5.327302872779803995e-06
8.716969913765341865e-06
1.957420099232600190e-04
1.566469520338300680e-03
1.364302052526362346e-03
7.760868774448163995e-04
7.012415718186152617e-04
2.556527542178057503e-03
1.084918142820773040e-03
2.309369317178659124e-03
7.580284172202743018e-03
2.435958021162369170e-04
1.748211982409427032e-05
1.443755609134862067e-05
9.799474831993086642e-05
3.668749247305183505e-03
2.492951964968215337e-03
4.110683023156167019e-05
4.615212506038683707e-06
1.059610005358210153e-05
4.596813888614048740e-05
2.642443285812271273e-04
9.410799840331807251e-04
5.999333108623925532e-04
5.958080633457992804e-04
1.793231236384878850e-03
3.289954911630398222e-04
5.468371472773594661e-04
1.265279683814342837e-03
5.095841018069725121e-05
9.417277557215927581e-06
1.885851798247966730e-05
2.368267677438096468e-04
5.980834193926632542e-03
3.611592541149753321e-03
2.629350677402523748e-04
9.492108079399902204e-05
1.237225420283605281e-04
2.808074082669271795e-05
1.288375377464595845e-04
4.374373573939696093e-03
2.637779134434104292e-03
6.097846382602733432e-04
3.034256292753570450e-04
2.139230693105824790e-04
2.450947725576434633e-03
2.249462718737797826e-03
3.733017044113524181e-05
8.183830102662471701e-06
3.022408960972975268e-05
2.817183919034415424e-03
9.081221470155370623e-02
1.522055214462100271e-02
1.968539836078613079e-03
9.011180555907556461e-04
1.585067144340015317e-03
7.899042987138042531e-04
7.556951588078040594e-04
6.696529971890872361e-04
6.846145031968766921e-04
1.879467944653658365e-03
1.657098768398515087e-04
4.463489610975182511e-05
2.683637947748195463e-03
1.025309620271171521e-02
1.466512682426264643e-04
1.266604472446997578e-05
7.205447736557099522e-06
7.273180669855471188e-04
2.907621368073012857e-02
8.461006378261614821e-03
3.140358301376299562e-03
2.598971608168242488e-04
2.266403518195621834e-04
2.855177698056603815e-03
4.303982301167499393e-03
2.422014035468842981e-04
4.004261789775250251e-04
3.289895442322751488e-03
1.315697331548162355e-04
2.435795272219393645e-05
1.562676205731133123e-03
7.537684131509770312e-03
1.405659569442734361e-04
1.252894746928743020e-05
6.062587246920314733e-06
1.387506688082116235e-04
1.546166346100969792e-03
1.814281457259643614e-03
4.870174105606632498e-03
4.644586432862499560e-04
3.787781970044863168e-04
1.150713464812230845e-03
3.145860518310990912e-04
1.971645483310057075e-04
2.449128710389002466e-03
2.682323254240840098e-03
6.446291426478378752e-05
5.334993558368527906e-05
3.960669532376628887e-03
5.025389750322043977e-03
6.547139494430589404e-05
1.087693997320964578e-05
1.237692109938648294e-05
4.326257311312822383e-05
8.269794962473241693e-05
2.580344026348836348e-04
2.385137213088586988e-03
1.071601096530563424e-03
4.146718462138279659e-03
4.939277107089049164e-03
7.209935750495260771e-04
9.782408642816714170e-04
2.283775430280964112e-03
9.764910992453490392e-04
7.926814797682889757e-05
9.532052231397462557e-05
8.490780776552717818e-03
7.538877241469852178e-03
7.671852344007423676e-05
1.599278350251285736e-05
1.176838261773482289e-05
1.359923433139616184e-05
1.247458893361313279e-05
9.953149086537026191e-05
2.938774819457254123e-03
9.972046585198358990e-04
5.549381342717302820e-04
2.293029738960693665e-03
7.864789631559601993e-03
4.503601186752861744e-03
1.024725393519146941e-03
3.236798572271942440e-03
1.629300922992088551e-03
1.121335345293745199e-03
1.911977171294337863e-02
1.304429908781552794e-03
1.052099938776335895e-05
9.641622067702202854e-06
6.182360952847454881e-05
3.198066769671970965e-04
1.886447943894616465e-04
1.724052187424664011e-04
2.520172559468275304e-03
1.489916513460554657e-03
2.493596091368189432e-04
5.730042221108378646e-04
1.785007393784640876e-03
9.057206598622604765e-04
5.763459063323212849e-04
4.373718651428946773e-03
4.677654058365787737e-03
6.332499739133318033e-03
7.047709745620636505e-03
4.330090788470741749e-05
1.359289271672631822e-06
6.969821631141360447e-06
1.139418696708640764e-04
2.385992766833927494e-03
4.902464101616766691e-03
1.059624945830228704e-03
8.318777982039906064e-04
9.067324589901717621e-04
1.035150378172794818e-03
1.101786147539255984e-03
2.421025959753159585e-03
5.178288008605195190e-03
3.040039244050423122e-03
1.410350612656455400e-03
2.197048441172943286e-03
1.805101827353905106e-02
2.628619420995134594e-03
1.402338236547843274e-05
2.841648887173192427e-06
1.502007060371458978e-05
1.288646577990723311e-05
4.434743294139099575e-04
1.174335160299272082e-02
4.380651523764959518e-03
1.432621720090190625e-03
3.848800383392042817e-03
9.663046652531230227e-03
3.337591048098098850e-03
3.158649997542808258e-03
3.621061453793425217e-03
2.637519153495668494e-03
2.125588011415160353e-03
4.405916218822074348e-03
1.876571997102715467e-02
5.682412263710576780e-04
6.550996118506676624e-06
5.411680901740893223e-06
2.323716379607249798e-05
6.408422483801162567e-06
3.713246670357957095e-04
1.200199223178953327e-02
2.321195304234511571e-03
2.124855626049019629e-03
5.357828805147128032e-03
5.107791385680487094e-03
3.751900780647052062e-03
2.531330546302070893e-03
4.213622440791012723e-04
6.603457777444456762e-04
9.645405898527954422e-03
1.195733831802465660e-02
5.368338242976359795e-03
1.529060706737900516e-04
5.465713407355067809e-06
6.763204888256269654e-06
2.346001115594125496e-05
4.791147376550388114e-06
7.106273564564145407e-05
1.764828577292416748e-03
3.030370040939855351e-03
8.917196316485688848e-03
4.243181070614522425e-03
1.816934246209326231e-03
2.346839827911061625e-03
3.076108304103907128e-03
2.484825999586120007e-03
6.617215743761766661e-03
2.683693483372221605e-02
1.141868118213713651e-03
7.820039056808643439e-05
2.653730591100131032e-05
9.413418439991023490e-06
1.090536436023381425e-05
2.380530594846711552e-05
2.507444584332965969e-06
3.024518438600875623e-05
1.831558294294740111e-03
3.561582639114076101e-03
1.651042386321888026e-03
4.946639055599056029e-04
1.769755628893161640e-04
1.764693573475989473e-04
1.442311128214071028e-03
1.196861711128056546e-02
9.819797712861609920e-03
2.811404546885310027e-03
4.292072823169533290e-05
3.224456881981269853e-06
6.444352438286387902e-06
1.142315683054417934e-05
1.369993438319172062e-05
2.302016118945197676e-05
8.117469167028234424e-06
5.408155230547684886e-04
1.620622112040895346e-02
5.051143128920036231e-03
3.594317968128307641e-03
1.736892001099465000e-03
1.921567008063592005e-04
5.355813781920355570e-04
8.057460832765799691e-03
5.940862013722043346e-03
2.730505592763384534e-04
4.845366792142102359e-05
1.251513685555927066e-05
5.530228275402007957e-06
9.323199252057866947e-06
1.365407509454249403e-05
1.452848526598569491e-05
2.301181600968359498e-05
2.381342917325306641e-04
3.698757707178344095e-02
3.654808746260092278e-02
1.794161836270203540e-03
1.117812540727029270e-02
6.771128520674505637e-03
7.095682450212473713e-04
4.982428657459450280e-03
4.066823748289333067e-03
1.249483790180599626e-04
1.030196849315079448e-05
9.517012134922710971e-06
1.766265383305910344e-05
2.151729467214895324e-05
2.386015070993683165e-05
2.346385117164717123e-05
2.310113250463169171e-05
3.426656519625839357e-05
