4.324087951656091906e-05
4.175703335114183809e-04
5.054301086937659955e-03
3.766903184748329747e-03
1.938896657591961310e-04
2.470150225294574857e-05
2.080596885430515487e-05
2.514022492862504518e-05
2.568940955367980946e-05
2.543656052351927753e-05
2.544060950192224402e-05
2.544861666363356598e-05
2.534754423297794478e-05
2.519834086337054759e-05
2.496248313078378825e-05
2.433782697681862914e-05
2.524861685593962193e-05
3.522198999608483266e-05
1.917587625544316435e-04
3.807612319631551844e-03
8.213969532643965177e-03
5.370095227287431791e-04
1.958915959209523398e-05
7.097334006671970414e-06
1.236418877725675811e-05
1.797628448126232365e-05
1.799213182809887237e-05
1.658536994323954979e-05
1.591424466745341542e-05
1.647538087731642507e-05
1.737814782009528098e-05
1.765867481025735138e-05
1.736209940966579589e-05
1.656916756953674455e-05
1.699381453166812870e-05
2.524623693938745072e-05
4.848679168337456739e-05
1.701887712478999807e-04
6.293615466579318600e-04
5.275988807321949645e-04
5.003105431772085601e-05
9.541050072448463450e-06
1.137951495094549235e-05
1.586048646781290869e-05
1.420842596806662968e-05
1.136123597297027137e-05
1.065703815163051248e-05
1.173086320252677563e-05
1.346522569268207484e-05
1.491384397034013316e-05
1.590080527824958351e-05
1.607698896828064423e-05
1.665225952460233522e-05
2.448604981059786541e-05
7.363260217994142538e-06
8.402589730131236362e-06
2.083588544877393409e-04
2.675030053038967431e-03
2.827191208772826992e-04
1.319844964083450723e-05
7.601931930132900745e-06
8.728682708737954925e-06
7.070529718046085283e-06
9.913619910297649765e-06
1.833705671179978411e-05
1.361333923156229294e-05
8.003022939917827709e-06
8.330072181108759741e-06
1.098294570810042392e-05
1.397568715404078852e-05
1.691521533280576167e-05
2.558116107675970281e-05
8.205960430876252731e-06
3.193134704825478830e-05
5.588723055964575073e-04
5.239682094249927371e-04
3.926157341174040812e-05
6.821323822187491205e-06
8.594193795894492481e-06
8.336811430512394494e-06
5.282227033339315604e-06
4.568617951484824058e-05
4.017928859701555750e-04
6.957075227252312356e-05
1.043158963712716992e-05
1.262813169752721909e-05
1.261794956832925881e-05
1.081122362543347035e-05
1.491825035452704346e-05
2.633084004973591607e-05
1.822727391285612858e-05
4.486168511332548473e-04
7.338739738979825622e-03
1.080372085190572495e-03
1.125281686550001802e-04
6.853259557869331080e-05
2.551918227549796413e-04
1.864649874613743424e-04
3.966181163048612527e-05
5.506247156926262487e-04
2.750799393662350066e-03
1.178863119079038587e-04
7.874061869062159709e-05
4.834806961754029150e-04
8.497577027790622966e-05
9.156556160468094048e-06
1.012025965910271439e-05
2.519127764514659580e-05
1.455615318363279690e-05
1.501839058526437316e-04
4.445068427479401639e-03
9.426490015139205036e-03
2.787639362192997124e-03
8.217548340797149698e-04
3.878300229733250542e-03
3.586244826422070250e-03
7.513271065841532715e-04
4.050677631451816973e-03
1.443368365626591498e-03
8.447659485230393892e-05
8.446230237308679318e-04
6.846359656124831328e-03
2.601819948337140594e-04
7.053543949573922811e-06
5.496370573805725999e-06
2.018487452005395639e-05
7.151202828920141969e-06
8.892045381927467969e-06
2.732319420734053697e-04
4.675532889490046327e-03
7.803796184601660994e-04
5.433528420581927300e-05
1.440340049713970160e-04
2.523319001730616948e-04
3.638656826142670862e-04
3.547437404954818883e-03
3.131050676735996907e-03
1.784461022530108845e-03
2.691177622992535490e-03
1.900393805494869593e-03
7.896261622685261765e-04
4.475224694500322490e-05
6.306177626641336730e-06
1.510577690999813204e-05
7.055652524717260085e-06
1.324639530834683400e-05
6.376227024529061878e-04
3.246322990977800957e-03
9.210067526534537871e-05
5.591082395706231839e-06
8.570579454081176201e-06
8.742441927733159195e-06
1.484573508581630610e-05
2.252517668662670639e-04
2.554319343202144862e-03
5.764901232229262089e-03
7.320412549332622242e-04
4.090005968611415865e-04
6.333588180937206429e-03
6.164566033769932609e-04
1.143550095272693394e-05
1.327015595104180235e-05
1.065770933061825126e-05
1.255652566226812838e-04
3.852716805990055900e-03
7.360545522198492585e-04
3.257076907831294457e-05
6.730985045539632108e-05
1.384992809870689158e-04
1.635527781404005123e-05
5.840461689046886312e-06
1.213250990352410214e-04
2.369398866136953816e-03
2.619371532191348394e-03
8.241905651506426823e-04
2.732641123803520450e-04
6.037944848447632414e-04
9.289911508771239691e-05
6.935168700290923277e-06
1.360709263825018336e-05
2.339810499611235170e-05
6.545289495040918122e-04
3.756526038729250758e-03
8.688936414854035641e-05
6.023869616587846563e-05
4.967795929247964710e-03
3.792709402403812539e-03
6.937823914033027189e-05
1.553045078465827079e-05
2.776342438038218764e-04
4.904985466613398688e-03
4.678317546302615537e-03
5.239877821500907654e-03
6.569589670946075419e-04
1.710194876933155111e-04
3.204613750387095135e-05
5.601954394093621973e-06
1.414664586507310153e-05
6.686956747659986307e-05
3.866860738196311112e-03
1.900456380866004727e-02
6.154544865514053730e-04
5.987607888723896600e-04
6.941276610647695300e-03
8.167104440915600805e-04
1.916255779058664540e-04
4.303504444588239909e-04
5.493211657987456852e-04
2.142990571117167880e-03
2.092995763530988707e-03
1.485300991667713602e-03
9.765006770739649740e-04
3.344613870817466066e-03
3.650826462302800886e-04
8.555702117543070983e-06
1.123201321420844641e-05
8.603706027125626425e-05
9.900129171113648124e-03
1.682529002792513551e-01
2.206764918720503094e-02
4.576513245395655988e-03
1.642484279150885828e-03
1.849950002819420586e-04
7.564015861083744777e-04
9.950163573202008144e-03
2.440280000100525457e-03
5.180938585530595747e-03
1.787099865324032893e-02
1.606210363935521579e-02
6.233861697260214239e-03
7.444336671552133529e-03
4.342996119519868838e-04
7.607788119420691644e-06
8.033387360550278260e-06
5.353583656368863071e-05
4.053734737672618112e-03
8.345509983012110167e-02
1.553635647505007510e-02
2.673782420702940348e-03
4.632838196336267790e-03
2.649584215276051726e-03
1.358190523320926745e-03
5.856662741503032912e-03
4.575461421179305259e-03
6.488080879006995032e-03
1.088988379116249960e-02
1.788248378749008466e-02
3.936224326418424728e-03
1.067582032308162085e-03
4.717258847268251541e-04
3.667375104686089205e-05
1.251472141228664100e-05
2.709410240640305805e-05
5.108554528303032574e-04
1.164568398958889389e-02
4.339750509010592214e-03
4.690377105749525045e-04
6.259031355561241877e-03
8.576905396342156263e-03
6.521720460608606542e-04
1.861006255311664073e-03
1.520114299728991553e-03
2.253595031157063584e-04
6.873616758616997164e-05
8.666415527733011979e-05
7.427346668594818541e-05
2.942013105351778241e-04
2.788502569323006268e-03
3.469221184958371624e-04
2.448559989323886092e-05
9.255694365864585284e-05
2.776522718518990959e-04
2.015981331012788817e-03
1.216944209648091087e-02
2.918172762599622466e-03
5.250090257908163367e-03
8.512378124752973492e-04
9.731991049929020177e-05
1.737980694991020977e-03
3.197793563182142404e-03
8.393818320730083056e-04
4.753291384436641141e-04
4.581530824926740713e-05
8.095335024987093461e-06
6.080163633626755611e-05
4.347469959428598273e-04
8.146952734307924039e-05
1.719282096480164403e-05
4.318938919638881462e-04
1.803078778844284481e-03
2.160933159752336224e-03
1.123034612258230237e-02
8.199336224706357465e-03
2.236928490569236715e-03
1.206222036305099944e-04
5.599073541486415559e-05
2.836715317451364311e-03
1.017997461655956691e-02
8.350068038005071733e-03
1.151235876103018710e-02
2.576827549141093234e-04
2.816708272391563517e-05
1.410049257800975958e-04
8.452052405587256046e-05
1.265262812076963715e-05
1.276089571885555919e-05
4.129417377815203276e-05
1.310366897040488856e-03
3.652042113077590135e-03
1.430252190291425975e-03
1.790544614338150263e-03
1.798861202725947047e-03
4.198791816488262529e-04
9.185014197164678327e-05
8.227819902535122958e-04
3.777832348545303795e-03
1.448817389360278858e-03
1.472749352892501222e-03
3.450305596504952936e-04
8.878848219331398478e-04
3.328596454250975015e-03
1.706228729486296627e-04
1.288173604886187736e-05
1.730075742278883283e-05
3.202655548130277859e-06
3.138671335241878090e-04
1.164218698356356621e-02
6.460839705385483869e-03
5.952049812996644887e-03
3.431191406556843848e-03
3.217650064998311705e-03
1.948687120517730723e-04
2.229164733239471802e-04
8.013331153530211387e-03
5.737227559874589523e-03
1.431006116104923927e-03
7.721924865207376466e-04
2.499253973032287447e-03
9.658719509023134695e-04
3.125065363219870038e-05
9.179677889504327771e-06
2.098066825583611329e-05
3.013346137173010274e-06
1.732267318776395588e-04
9.804182385528419780e-03
9.138914631145994560e-03
3.363933236557875659e-03
1.057636742542790312e-03
7.131010510523466510e-03
1.456150327844469693e-03
2.679173509227882272e-04
4.271799018315826021e-03
4.011380303771724075e-03
1.200049267481230865e-03
1.490888637545215514e-03
4.125246957393337082e-04
1.606387147171690837e-05
3.205765704861013199e-06
7.169929461010115894e-06
2.346261027334444249e-05
2.014189070029286498e-05
7.920062999431585734e-04
1.176773232741555944e-02
1.783317913617699481e-03
9.993235725445989302e-05
3.366298606900412294e-05
9.100511677063649000e-04
3.006221664938183401e-03
2.450535486567945978e-04
9.767775499774225610e-05
6.891839275396699667e-05
5.572985721543829160e-04
1.076285382375575736e-02
5.219083828721634080e-04
5.418284502135320470e-06
3.336025072838919866e-06
1.113333263978261621e-05
2.643736337200433515e-05
9.619411339264738448e-05
3.584004225363145255e-03
3.362344414865676978e-02
3.026902684584862474e-03
4.621694830701867160e-05
4.351611849205694405e-06
2.343679219415704167e-05
2.213721883267221174e-04
7.537541913060576723e-05
8.890522318699083088e-06
4.542936506488498537e-06
5.239453562999254891e-05
7.539828577024568473e-04
9.606426414861091005e-05
6.745092366885411649e-06
7.804157169976994613e-06
1.609092561781223221e-05
2.669025489140757195e-05
3.560009923666938988e-05
5.464541926659790194e-04
3.285343155915783787e-03
6.488186734799026049e-04
3.857020811360514377e-05
4.468319171711835731e-06
5.417241485412202676e-06
8.479475756468783545e-05
3.326033797680076230e-04
4.015813149804800964e-05
4.502631697236177337e-06
4.508983850984033766e-06
8.485602351585672747e-06
7.034763600249580017e-06
7.347168456330580511e-06
1.265395736494053545e-05
1.716318660853669275e-05
2.506012995299732816e-05
2.931686628195957273e-05
2.407871092202658987e-04
4.435763415565097427e-04
2.265259931689317971e-04
1.604558603713218429e-04
2.510615665038514455e-05
9.919347122225036844e-06
2.345942911079522213e-04
3.250364803102066564e-03
2.883792129230474777e-04
1.246060089606478832e-05
5.832949897329337990e-06
6.450844415257650482e-06
8.462648838773477035e-06
1.292204691483028440e-05
1.644615138160651445e-05
1.757782132062136126e-05
2.533490189337718576e-05
2.649025411720758129e-04
3.854726506603041360e-03
4.416071272585801732e-03
4.805130579747018092e-03
8.142055707309955870e-03
3.679010375028509360e-04
1.877543642515478272e-05
6.673729856425581917e-05
3.531529170504861905e-04
8.575648980271811592e-05
1.744697847499491182e-05
1.741273288535853287e-05
2.264415710920578086e-05
2.480037757064504727e-05
2.599940257076557829e-05
2.532970338310078508e-05
2.550048688687482507e-05
3.506942117220508210e-05
