1.579445727434515063e-05
5.710687423880902265e-04
1.077870532981955835e-02
7.466116311520649626e-03
6.069084549729440552e-03
4.945098041828897319e-03
2.628358640246321147e-03
2.649590740095578091e-04
9.787794955057648523e-05
2.512103053290548068e-05
5.106872120295571144e-06
5.823776852582647213e-06
1.136034362500306166e-05
1.881513054928264582e-05
2.257251069449054507e-05
2.206322630835933263e-05
2.218779977317730042e-05
3.428785000602738213e-05
6.454007724488369574e-05
4.741212267548396489e-03
6.649963105686979188e-03
2.057913742626306126e-03
8.199259272526553816e-03
2.104603637335889389e-03
9.670523608260579804e-04
1.140954830060496045e-03
6.733019768346238006e-03
3.557775492384832126e-03
1.161080896775251785e-04
1.157156160649997745e-05
5.394788599113033412e-06
5.716966461776399564e-06
6.648131886113068495e-06
6.972253977250296073e-06
7.044682998440761241e-06
1.424606082255438586e-05
8.309970422389082931e-05
9.396371108999750782e-04
2.699174182088229842e-04
3.792840724104985187e-04
2.488377817977195476e-03
1.447287811725878797e-04
1.979884658116529378e-05
8.156854835568344065e-05
2.912613331919176700e-03
7.209032037160435086e-03
1.777994983973500524e-03
5.102485865817014358e-04
8.147726824185095164e-05
1.240481070958687355e-05
6.316754769268948163e-06
6.504350896384356129e-06
4.803339597447801534e-06
1.327137138892119881e-05
1.824974271922191781e-04
1.151798565624215318e-03
6.984750630944276282e-04
1.550792786047465021e-03
2.996040116307771735e-03
1.973228097954766796e-04
9.285912024255669163e-06
2.682314412988360294e-05
2.997733064751916107e-04
2.836694303050907784e-04
1.659935033025300996e-03
1.800422710139184743e-02
5.012441367348408061e-03
2.274284890937252690e-04
9.759101596616141154e-05
1.767563783629763391e-04
6.997549651059325310e-05
1.875783031696223128e-04
4.829615249696813051e-05
5.727453724608192864e-04
2.943796952633868317e-03
2.796163539286601000e-03
3.121950092685360327e-03
1.608017169632845961e-03
2.052611086299918413e-04
7.554640882373023008e-04
3.336869498010544815e-03
1.844557319814955692e-03
2.915338314564018020e-03
1.060241654146932243e-02
1.450783070242633518e-02
1.743723840911769879e-03
4.916612192962415469e-04
1.439419188747509751e-03
7.249861746665011526e-04
1.956331110858341125e-03
1.030586290560019176e-05
9.635016190997797592e-05
1.702740236660340960e-03
2.533679335625576862e-03
3.281814186244921046e-03
2.286060268269803422e-03
1.397406656600125308e-03
3.131924053565470541e-03
2.870745378090149100e-03
4.986857414051334807e-03
2.172350920577676130e-03
1.478492309207074095e-03
1.140087792228930419e-02
6.551859865780888977e-03
1.572162153724070090e-04
7.087853674424973520e-05
6.520317504233639843e-05
1.786893805448039167e-04
1.027682182802794065e-05
1.995507985762794094e-05
3.449596774614656575e-04
3.772159168708624083e-03
3.830073786934670016e-03
6.936839428906554786e-04
1.520490718023738549e-03
3.854748063410632503e-03
1.674952275043635821e-03
7.253351436849522597e-03
1.001235540871030227e-02
2.918943390509297440e-03
5.004988087631642539e-03
2.191841256759131940e-02
8.052384869788036404e-04
9.227285479957313857e-05
3.271195351712666467e-05
1.457148422293442207e-05
1.167288547712297671e-05
7.971485913073226711e-06
1.039187935590666202e-04
1.370750084610643802e-03
7.914743234972100496e-04
2.271327901456897424e-04
7.681694482184933236e-04
3.944971876920837402e-03
4.182546928425568723e-03
7.472054303221280225e-03
9.721530209325134411e-03
2.723745121069892899e-03
1.168556025496717216e-03
7.554381141434838437e-03
3.008822308365489365e-03
1.625013923605784756e-03
2.390080318996401824e-04
1.537912034097698680e-05
1.219632434533680076e-05
8.765109385208349566e-06
3.661129631908242936e-05
1.768298516801473702e-04
9.429796669423982664e-04
1.317091805354783348e-03
2.491802628739125209e-04
3.598992412094416935e-04
1.813877894969499098e-03
2.878332424067959940e-03
4.663421299738485827e-03
5.007111663247897429e-03
1.475423489321156306e-03
2.355870633471619270e-03
4.060284534998455201e-03
2.520351833214397319e-03
1.214327242722679998e-04
1.145628623212707605e-05
1.866965867513695535e-05
7.504584008482404953e-05
2.937745053080062225e-04
2.747024650437609734e-04
1.436299978000943074e-03
6.333434641167860974e-04
1.553200547043178547e-05
4.678110904322752993e-05
3.367942381330526255e-03
8.077543628073377557e-03
2.953120711236708901e-03
5.037111891800552174e-03
2.408055965785885818e-03
2.218552092379491580e-03
2.816854403441801727e-02
5.582152488449457911e-03
2.505385361262274776e-05
4.040608481906768746e-06
1.138240028790426733e-05
1.941799288982624255e-04
3.773079633278835551e-03
8.080179754927660583e-04
1.273904308586796381e-04
1.136936715132090595e-05
1.732245905498315927e-06
2.516872051006079766e-05
1.391369338597948447e-03
2.344901797171880086e-03
1.345651559402139582e-04
4.374123449860818896e-04
4.529950234116814078e-03
2.231510413299803586e-03
1.028171647320389077e-02
2.863652520366741401e-03
2.562759095823879943e-05
3.563157728994365867e-06
2.365129248740003375e-06
4.580618381960840105e-05
6.650793054370326279e-03
4.715062247980380053e-03
3.806981257399039554e-04
4.178092033657627307e-05
3.549636586347432984e-05
4.191338073184682346e-04
1.471787695230185712e-03
5.788098447271463991e-03
2.737602421043070964e-04
7.333523995865293870e-05
2.198724803664882897e-03
3.893000568901737544e-03
3.474748073166419263e-03
1.827815307019907539e-03
6.782642327706091398e-04
4.723664635768436165e-05
5.717491222292535983e-06
3.647534455648271086e-04
4.722354390089927162e-02
2.138015273687336737e-02
5.103193327132529190e-03
1.938293220115300556e-03
1.359315314540979029e-03
4.978888864814908811e-03
9.774933128363924931e-04
2.597430295443464796e-03
2.198192412473667489e-03
1.035871362212979502e-03
2.890106778076088727e-03
4.281029709530523308e-03
8.897575953334371096e-03
5.248710310172846789e-03
8.350028310617681540e-03
4.172065714332207184e-04
7.386430145355399627e-05
2.801262267449481508e-03
1.789342327042638819e-02
6.554894334518793220e-03
3.436873110220499405e-03
1.582706730293750516e-03
9.315190114395024588e-04
1.070782857364095458e-03
1.564120507076186386e-04
3.487687350569467393e-04
3.283913100849794511e-03
9.989092017846628452e-03
8.344325076362333650e-04
3.056473358442495826e-04
5.070416288757362104e-03
1.781596224089920539e-03
7.310217734045694384e-04
5.293684715049373117e-04
1.947146538622121427e-04
1.642720734373319391e-03
2.483627997914334903e-03
8.443688789338495149e-03
5.434170501839020312e-03
7.433852604408349666e-04
1.781960544205290608e-03
1.766957613612192730e-03
3.766734539519460780e-04
1.238378204026827165e-03
3.212603147634934299e-03
1.645340112935343713e-03
1.543640183100332191e-04
2.643567121324490806e-04
5.346209836891845958e-03
7.584042254530872548e-04
1.383491393767970635e-04
1.697469703588506962e-03
5.487355291384074442e-05
4.195767684989182658e-04
9.306774802072054686e-04
1.568519093001322995e-03
1.370946051398033456e-03
8.731556229060909906e-04
2.698379344883474525e-03
4.611886068262853640e-04
3.859143115533408163e-05
4.511393980278476925e-04
3.008423523930373565e-03
8.894670697538477853e-04
6.235643387895679684e-04
1.316079510280722354e-03
5.269822199238439510e-03
1.970276167399111038e-03
1.482354230294671209e-04
2.943163385070217625e-04
6.682161524735200806e-06
2.537208933911343900e-05
2.387911342818666840e-04
4.660410904046876344e-04
7.932275397830770413e-04
2.156549944090830478e-03
2.099821661715972360e-03
1.899490018189408519e-04
3.361340926388405861e-05
6.352492823701582367e-04
8.724661961248230194e-03
3.149100187099327514e-03
3.070378958129281986e-03
2.792673398809914203e-03
2.711055551839412683e-03
2.888986894637402426e-03
1.161984562771914864e-04
1.406208192286498991e-05
3.637072228247228514e-06
1.828468872891995424e-05
7.343245295822198315e-04
3.127046386249909306e-03
3.218606795085811583e-03
1.600002486992229854e-03
1.542231951428500681e-03
1.969192747076435254e-03
2.443543969252633292e-03
5.372618787002037335e-03
3.368478495987749406e-03
9.203333378316554039e-04
1.196406790905150085e-03
1.066981494061633277e-02
8.386908492980193336e-03
1.994899770801056727e-03
1.223597464661657338e-04
1.237988548249630827e-05
7.194629124537172932e-06
2.601943812317121020e-04
6.867291861190161044e-03
2.840971667992415149e-03
3.940046327839233191e-03
2.417129218273797540e-03
3.329634517801635055e-03
6.174915281375949021e-03
5.810466951271332781e-03
6.528181058808961261e-03
1.649158353570382134e-03
1.863041447751579045e-03
2.140880708871373880e-03
5.486266967840824037e-03
6.738696466288857535e-04
5.556270651493828348e-05
2.806479895208329194e-05
1.987103302632214541e-05
6.265023756942712452e-06
3.259744654589831849e-04
9.768996631366905214e-03
2.358532902475748635e-03
4.701983794059120397e-03
3.861750253015682356e-03
1.522346599440379655e-03
1.130309092275165505e-03
1.176913907020255695e-03
2.572922681182258659e-03
2.755708479788476686e-04
8.135642249073810409e-04
1.265879496645070171e-02
4.561520183245966475e-03
4.418665724892655483e-05
3.587603585848341982e-06
7.409135251050760145e-06
2.013098793229425913e-05
4.959541981800793675e-06
7.036842772861732370e-05
3.486491665947369714e-03
2.919210755152143715e-03
1.288414479853398431e-03
2.302902341176155858e-04
2.808704431612118755e-05
2.970331408445525873e-05
1.965209815397044090e-04
1.280376845309896686e-03
2.052989028948372634e-04
6.111279592134236886e-04
7.777886283326715736e-03
5.559996104932349043e-04
9.433919934747215301e-06
3.785122086058442995e-06
9.123360422141363419e-06
2.242535968957550069e-05
7.899662659868694235e-06
6.020871553848111755e-05
1.658146810416415064e-03
2.236600793662117410e-03
1.283123517001610956e-03
3.093545679682953536e-04
1.443858085951961347e-05
7.343907347418853318e-06
8.869748009813931188e-05
9.714257747914245306e-04
2.940846914552281560e-03
1.503805272296669486e-02
2.763349998929492089e-03
2.176479244053798712e-05
2.835255258493269103e-06
6.214224777786860712e-06
1.311869791424314178e-05
2.342668076248079960e-05
1.460181206999646073e-05
1.333441559976843366e-04
7.635594647314482286e-04
5.805086656905175538e-04
1.510854931064242040e-03
1.727582562243733634e-03
6.913575902868377213e-05
7.689038881062554547e-05
2.795832329766100108e-03
4.494912939006077968e-03
2.603313130819979743e-03
2.856225347243502612e-03
1.577364117412491504e-04
5.683787686651188044e-06
4.302387664834624574e-06
1.006794128317524151e-05
1.371565142359841300e-05
2.166597905722310457e-05
8.247741588652330225e-05
2.701657604239912115e-03
9.724253302614425248e-03
5.437132181441425155e-03
6.497796671592047726e-03
3.532937958324102248e-03
1.029568008533332426e-04
2.124709020444406384e-04
7.118932089564228988e-03
7.523609853903093746e-04
3.166927393132019090e-05
1.987537044517771571e-05
9.720162581002949600e-06
6.031474161542698618e-06
9.601422372376282885e-06
1.326049809651719769e-05
1.344127879669048359e-05
2.140413833652009593e-05
2.966504131980874813e-04
4.583840965482650909e-03
3.979112169415036614e-03
1.605980529672140040e-03
1.716951556103432815e-03
4.067967211938146310e-03
2.939131599167101668e-04
6.238652046958954108e-05
1.497429371698963103e-04
1.701723228274806932e-05
3.050614350531443110e-06
6.671454925528547989e-06
1.364261304542147707e-05
1.853994504765798173e-05
2.279273632708397619e-05
2.237438802419758419e-05
2.162665359909700041e-05
3.308762220734600659e-05
