3.412115494329121679e-05
1.908086918147562387e-05
2.123975969107800402e-05
2.369795942744680505e-05
1.438583078581778717e-05
1.165026628762344703e-05
1.412709805354645002e-05
1.368675673374996344e-05
1.744489208255366850e-05
2.410270596599814786e-05
1.458861677113713159e-05
1.198491961638890271e-05
1.935932535018478716e-05
2.508210992191186892e-05
2.506149014269609307e-05
2.433620732090342110e-05
2.505987180182297813e-05
3.648165147078306626e-05
2.233488161015922464e-05
1.595210436377220094e-05
7.625446489194228987e-05
2.593612867332928157e-04
4.271556580680067021e-05
5.260204396641438898e-06
5.606297316525831290e-06
1.246625263780849422e-05
4.090743797887720531e-05
1.390011809121495794e-04
3.123532385136535664e-05
4.385970518666221071e-06
4.771490192657913328e-06
8.702423236792759212e-06
1.078479753042223893e-05
1.239291250701291822e-05
1.508035782729615753e-05
2.499657941889803976e-05
1.789622351719015163e-05
1.078332734705875438e-05
1.249058796135036416e-04
2.207323773298480122e-03
6.103871269203073758e-04
2.911283484443271519e-05
3.339097499173478557e-05
2.279902663530542406e-04
4.823966266352557367e-04
2.368518856268291527e-03
8.511219805067307513e-04
1.747011751778691113e-05
4.925485482640747560e-06
1.254208860625567194e-05
1.300109048254748982e-05
9.705812316504530614e-06
1.280984436831334518e-05
2.433115072117254690e-05
1.173958968052966500e-05
4.733145984097797992e-06
5.595616607275962027e-05
1.680784134204350595e-03
2.116078244552328444e-03
3.523877888633395730e-04
4.030672131013596465e-04
1.864078610229594202e-03
3.717918813535098731e-04
6.663987016004794400e-04
2.092899025268470103e-03
1.336345404562255779e-04
5.143603247925822893e-05
3.177425366780699668e-04
1.105469450049395574e-04
1.339395604005202963e-05
1.177138806148188410e-05
2.518614157888131490e-05
9.863757170953623329e-06
1.164846023343909976e-05
3.729176572480072198e-04
4.668628663477703521e-03
2.966413318421339419e-03
1.172474804565617860e-03
1.730952692705746941e-03
3.981875317464330169e-03
2.893456287325757025e-04
1.310332199541033155e-04
6.608654261330628192e-04
5.213270349480833045e-04
4.351941190037917056e-04
1.838257137644663721e-03
2.045922019767936839e-04
8.716891022966590132e-06
8.751469000081360240e-06
2.535730678335639676e-05
1.647120549620188478e-05
1.215538526017655624e-04
3.683917027166304890e-03
4.619351703053415671e-03
1.748313505775759202e-03
1.511366813720924508e-03
2.445760624215615343e-03
8.692445769856890075e-03
5.136213107451863095e-03
1.457766448477546429e-03
1.225673161044186924e-03
1.058369537807019598e-03
6.238639734549213806e-04
1.428635850757796174e-03
7.341481092142630727e-05
2.346263962458817650e-06
4.779544454319994905e-06
2.412865078636380393e-05
2.230630023676518733e-05
2.337215858261532336e-04
2.156637116547543628e-03
3.888750650291506361e-04
3.443557479911788346e-04
3.020885389460224116e-03
1.564422144444222416e-03
1.294296906354949111e-03
9.511500018565136397e-03
8.362746971865587034e-03
3.759378425004990688e-03
1.088982129136279418e-03
7.937892734482475919e-04
1.184484412930474420e-02
5.828830656469047647e-04
3.799305600113988372e-06
3.897176849752980863e-06
2.258040322303392217e-05
1.148387748526235218e-05
2.920736429558111103e-05
6.029973220287086853e-04
5.752207057873310160e-04
2.341622213522936979e-04
2.811529416625022787e-03
1.566643788398032564e-03
3.984043754487148043e-04
3.116495745076223751e-03
3.464134691919287714e-03
5.766618209958873469e-03
2.809860874384345272e-03
4.083766968639844942e-04
7.030764756227159129e-03
4.014584632121869466e-03
2.649632600225267415e-05
5.125189679290091854e-06
1.885857761623953188e-05
8.492805570750682853e-06
6.869201067181256554e-06
3.937457333878416452e-04
4.698075816631822402e-03
8.457104960231450353e-04
1.132258662104665935e-03
8.495444157460703112e-04
7.597300315923972286e-04
3.135955369861951995e-03
8.626820623411310960e-04
1.419151336114254491e-03
3.115557079262356362e-03
2.249035059181865874e-04
1.128963899412463098e-03
5.846717311111946508e-03
1.025250013068830399e-04
5.265639535895651773e-06
1.223281500864499465e-05
1.170427478619511374e-05
6.062616956640335180e-06
4.542743124038007939e-05
7.018685300810192495e-04
4.331887115288199537e-03
1.176419729874907637e-02
4.448345143857466988e-03
2.068873131718584977e-03
3.489342128091675165e-03
2.605315742838931400e-03
3.514623583127941472e-03
6.403359686550476153e-03
9.957489752261039408e-04
1.465350608082809395e-03
8.043858917436341391e-03
6.483297290715829509e-04
2.044075484060785340e-05
1.407747288263942771e-05
1.145924023929707677e-05
2.576737176387550526e-05
8.790944796098779047e-05
4.602292277756764001e-04
9.658783924479257682e-03
8.788216109068540394e-03
2.212097327523215255e-03
1.262427523861444018e-03
1.446128678447002871e-03
3.108997677172374661e-03
3.861708700725614840e-03
3.559254745325038209e-03
2.520272933369627297e-03
2.776624560929418038e-03
6.009117757117072613e-03
2.630575255681160719e-03
1.363466460706022078e-04
2.607046411266943802e-05
7.308124257090440851e-06
1.876519350149205470e-04
2.680822157752738629e-03
3.688324078811994026e-03
1.706160403047285098e-02
4.102888575892011877e-03
1.182149614493306243e-03
2.294378100908265813e-03
5.403853788873853523e-03
4.773370261516595575e-03
2.708851658941985579e-03
1.724734900479619809e-03
3.096453652248687231e-03
5.048079776557757789e-03
9.114854455596571679e-04
1.761855113100073899e-04
4.160442522880186043e-05
2.007757568178454143e-05
2.042999323576691822e-05
1.063248458209705566e-03
3.053457756004162443e-02
2.109896006756593889e-02
1.966391207866942381e-02
1.512061855011331488e-02
4.371810156708429498e-03
2.235223563761680726e-03
7.884148760102346193e-03
5.957763602312240482e-03
4.578154174848254009e-03
3.631968532781749883e-03
2.964164299830481224e-03
3.034252993790351096e-03
8.064591259104752271e-04
2.016647154723951417e-04
4.162481424520368505e-05
1.944967299219664523e-05
8.659674171104952164e-05
2.258675355947537423e-03
6.230613666791611632e-02
4.292427765851399013e-02
4.928355991753874919e-03
6.832379438498501802e-03
5.453334177429975012e-03
2.820090263799130467e-03
9.098254651795688666e-03
5.484033008587860594e-03
6.094632647123696643e-03
7.510237282605880874e-03
3.643218150003804234e-03
1.016553258369348170e-03
2.309279222770500416e-03
2.675006534897446820e-03
1.323667113622529839e-04
2.372855508109793154e-05
3.224515438555404430e-05
4.114502997055036865e-04
3.682530420411329278e-03
3.785184225572280937e-03
1.863838664395720771e-03
2.651347662908601788e-03
4.576325591445409152e-03
5.924482853462626104e-03
5.752794215607679590e-03
4.321526843235185683e-03
5.388438548277241051e-03
8.701671820388136996e-03
5.204496152447521048e-03
4.115114463242201879e-04
9.540676713830512166e-04
6.586186457553538411e-04
2.366763699257955236e-05
1.253308127829439940e-05
5.945432182993884158e-05
8.075458729958646248e-04
1.632115709963486826e-03
2.753259026191283172e-03
3.106722979903811434e-03
9.062070727496513746e-04
3.411603706966168797e-03
7.553638331706335682e-03
2.318340272261197425e-03
2.878596915753606818e-03
1.064773804988642129e-03
3.113096984764911201e-03
7.741355583868415532e-03
9.094207090763344091e-04
1.336290463294498645e-03
2.259977587955709979e-04
8.547307373053235019e-06
1.125006655498212421e-05
3.018431109411012390e-04
1.764859377862973032e-03
1.883294698814095549e-03
4.825506259917136664e-03
2.217010893117758296e-03
1.536232884531284378e-03
1.029086524432772966e-02
5.160116221348349554e-03
2.941500293277526934e-03
1.674841747785383098e-02
3.741843642041147583e-03
8.345284276042129815e-03
7.880877470580844799e-03
1.382787103124272048e-03
6.014588992529469819e-04
3.920804354233562523e-05
6.819589950536166846e-06
1.755633110642380607e-05
8.279799732911615688e-05
2.678504328357940402e-04
1.222973781486057752e-03
2.356454880366016646e-03
8.123478431348151590e-04
3.664004916907648117e-03
7.531687426193826342e-03
2.035698821868480671e-03
2.575577907184549171e-03
8.338108453094385253e-03
2.853918308266567647e-03
9.307196119218267422e-03
5.944285344676020905e-03
3.886652423620995042e-03
3.115853513097348489e-04
4.886022205313447372e-06
3.807599678739651270e-06
2.063485122528730171e-05
1.720739439780794036e-05
1.113976394819025619e-04
5.489376014247381724e-03
4.848379697098767482e-03
3.797963501846374256e-04
1.006376009471117482e-03
2.526835625733666116e-03
6.170723811328556775e-03
9.646075767688789757e-03
8.381974361201012177e-03
2.995464342681055173e-03
6.747207815262798100e-03
3.092006929394117663e-03
4.634283289515008647e-03
6.485128077320305266e-04
9.626695623544584998e-06
5.647924522815898106e-06
2.214560989534670519e-05
6.869383340323049849e-06
1.794906911728338960e-05
1.140864485155482309e-03
4.671288296620212770e-03
1.347504077749072174e-03
1.397220734786016336e-03
2.333304044014654355e-03
6.516411041582416928e-03
6.105347774840641853e-03
7.522731595748590600e-03
2.053008755679419477e-03
1.784070497843535941e-03
1.658145690970148694e-03
6.060392604174217115e-03
2.876030582963243123e-03
6.733764442372443466e-05
1.372022418734498055e-05
2.413417702982059503e-05
7.743852295419714085e-06
2.039421129583092780e-05
3.210466144933770425e-04
1.068591252719184800e-03
3.157731994942474755e-03
4.298182091068493242e-03
2.758692151696757675e-03
2.131197108676333597e-03
3.130826416405642571e-04
1.652328079763190085e-04
1.253385498416839411e-04
6.080466333259601421e-04
3.342475118680967531e-03
3.497529262431800772e-03
4.417455640465275360e-04
2.861262671208282351e-05
1.271788380142239228e-05
2.376854329859724260e-05
1.734828096242001035e-05
3.402220801295689377e-04
8.961979830210024117e-03
4.518620407950427881e-03
2.874983963108667696e-03
2.950593254615216550e-03
1.537017273956376795e-03
3.048022083997755857e-04
2.357015470767097313e-05
4.017632000128011573e-05
4.262338834373321692e-04
2.865683887954787335e-03
3.159249461181101379e-03
2.366620467034741011e-04
1.280717975333190700e-05
5.435844483534189175e-06
9.938754413046320998e-06
2.403451319228008121e-05
1.274359514430715745e-05
1.182690888385410586e-04
4.055875278463417707e-03
2.880022018454029848e-03
3.800710900450146308e-04
6.172741133820808636e-04
1.936264799013828882e-03
1.861650878085750174e-04
1.572639762050105403e-05
1.606060246696835460e-04
2.467289042056506829e-03
7.585848765223094595e-04
8.640127486340958170e-05
1.550618563111797724e-05
5.543091589618150464e-06
6.936792732339310933e-06
1.277551851370950830e-05
2.474359948057063292e-05
1.112349432241941328e-05
1.008231610796817824e-05
5.349465524030743981e-05
7.551255507777120037e-05
1.732374333759160065e-05
3.776273671406678105e-05
2.887464556199989671e-04
7.612651619720658426e-05
1.372347750290554503e-05
6.608846866575259068e-05
1.887426306152983056e-04
2.239985844058358839e-05
5.150359982388764145e-06
7.031235485146605721e-06
1.080529722481131421e-05
1.376269081157766480e-05
1.601849691169721944e-05
2.525889821393601702e-05
2.907296734723888062e-05
1.401526349273857420e-05
1.693871409332875245e-05
2.030996604348429035e-05
1.103701654911027538e-05
1.163383609279264957e-05
2.500608788496813309e-05
2.035871345411155878e-05
1.350669019649708320e-05
2.066559050117870207e-05
2.332121285062011053e-05
1.160616778132640484e-05
1.082146402565159440e-05
1.929111968130281044e-05
2.590339342352867180e-05
2.548711432598307965e-05
2.513433608310462105e-05
3.619707504775641996e-05
