3.766017117743103031e-05
4.032513086081614649e-03
1.816363871442458477e-02
2.345638729043474178e-03
6.163496450136137644e-03
3.955356432410033277e-03
3.423857049337851823e-04
6.358966601693164010e-04
5.294757793806519845e-04
5.624037506212663717e-05
1.214659336718000982e-05
1.912029967387369469e-05
1.314439468851590076e-04
4.178580561189360190e-05
6.778098670299626045e-06
6.439748151238027494e-06
8.753828611361868218e-06
1.818444354038247930e-05
7.552115757492523275e-05
1.705693063194368888e-03
7.198218453341683788e-03
2.430862715513382264e-03
1.268617962434508270e-03
1.804191672508544857e-03
6.732030777456414527e-04
2.125704982621735243e-03
9.769163321597905403e-03
4.664912914023084008e-03
1.192010679220763475e-03
3.502891029955460043e-04
4.330804548268933456e-04
1.483616221280856858e-04
5.385165639480725858e-05
1.917514805393959009e-05
5.853124966516176007e-06
9.864738423423726445e-06
8.581526144382390367e-06
2.136433603984927204e-04
4.535243686138393931e-03
2.255672368834084601e-03
9.748873592777175133e-04
1.189991231675171937e-03
8.898283607971044923e-04
1.630829340939110800e-03
1.662990818404621674e-03
3.574435974792117623e-03
8.442665166180789854e-03
2.905864974677249257e-03
2.947087248637683720e-04
2.627239200073101604e-04
8.639278064478023199e-04
8.805276184930491828e-05
6.357009637649882209e-06
9.395577851492544261e-06
5.305823470395156852e-06
3.552352202628357718e-04
5.443368599899793547e-03
9.221230169894644758e-04
2.173779369602162059e-03
3.647284672388488407e-03
2.907645817968332758e-03
3.791092867815310744e-03
1.429568741109291108e-03
1.856859443697050655e-03
2.728732176437409160e-03
1.355752838985757082e-02
3.435818899049640062e-03
2.453100161030740984e-03
1.067859129662958317e-03
1.300590647723954002e-05
1.974506052592507000e-06
8.227865268496498775e-06
2.768420508644781533e-05
8.815145305386814720e-04
7.157599211258443631e-03
3.497802723325199158e-03
8.147217325738680821e-03
4.759448700943256887e-03
2.352915020273633594e-03
3.680000109193979924e-03
2.340347407365349353e-03
1.054189854625957974e-03
5.359153403684277592e-04
6.251251512375408798e-03
8.582144847240753133e-03
8.456742877394743396e-03
7.842976308310111149e-04
5.872818183195398128e-06
1.493977554704874252e-06
7.224897764505095062e-06
1.675807592272711787e-05
1.432652427957516346e-04
2.888427643655514139e-03
4.412655868400913381e-03
3.880859196861316703e-03
4.849413457165600849e-03
2.476041321524753008e-03
3.604768860183602680e-03
6.995067301676466572e-03
5.333342327673728893e-03
1.810832159920671607e-03
1.887387192218944673e-03
5.064142647006896619e-03
1.065598887856298790e-02
2.558040898099622588e-03
1.398843717945438597e-04
1.291697616953663900e-05
8.457521643576857147e-06
6.128890680763811917e-06
2.952027038209803009e-05
1.604271852452413558e-03
1.756242008298699924e-03
1.058198155298301990e-03
4.814214888530676806e-03
7.663249079508801468e-04
1.444780243486297857e-03
4.914016478454692749e-03
5.289136162582455149e-03
6.357156266564792900e-03
1.153545279035049368e-03
2.450963885519581720e-03
1.380749181731866920e-02
5.872488434815700299e-03
8.885118428918079231e-04
5.037611640234108783e-05
7.430288890626809431e-06
4.391836034279811495e-06
8.949881717367497231e-06
8.561926476650846265e-04
1.525599282736760966e-03
6.981899277724363433e-04
4.928500763634809621e-03
4.626846567404734631e-04
1.289101182678904301e-03
2.716843557596024510e-03
8.084097678879995563e-04
4.190367623688416414e-03
1.177600001979750349e-03
6.031107827611378262e-04
4.597457949955270802e-03
7.801578158897661507e-03
1.151447565252304702e-03
1.039649276132020535e-04
1.280704278705505359e-05
3.639848592188836625e-06
5.607700510283625652e-06
6.255759778799601257e-04
2.517042263963684395e-03
5.173149218658162690e-04
2.197333367076205902e-03
1.593632427727646695e-03
2.182272641270248566e-03
2.603618885528065623e-03
1.301307427834461896e-03
3.620827846404717654e-03
1.501599469897225893e-03
2.415821143977924055e-04
6.025576191187956027e-04
9.838037194548872669e-03
4.051394807987600266e-03
9.683227321771594809e-04
1.032444503275032499e-04
1.850334131111383909e-06
7.926453663770053311e-06
6.492152335853507931e-04
4.367444022906629558e-03
2.215262173131140894e-03
1.366840102986502598e-03
1.886024936552001784e-03
1.240569558482447097e-03
1.395424913027264180e-03
2.045845780978780039e-03
2.051691920801793773e-03
1.595447976023718064e-03
2.130276338893836833e-04
2.430662258971267762e-04
1.092231668508497275e-02
4.874079770508642911e-03
7.639998910760331793e-04
9.165324913048796592e-05
2.815848282402361211e-06
1.695148171305952875e-04
5.250449914445134113e-03
2.053821120407849001e-03
2.700558871228348617e-03
9.500925679838405531e-04
7.118019337739699007e-04
8.611848119316539360e-04
4.472249002707116838e-04
3.787135142413460432e-04
6.258798178522755702e-04
1.688492506255496713e-03
7.721192917129822593e-04
5.862303872690580522e-04
3.567290779541173670e-03
2.071777085336134333e-03
2.356072626272423369e-04
1.748716311303995832e-05
1.592190974101118046e-05
2.647252966879609041e-03
4.508128151577100312e-02
5.306860871145237593e-03
7.484180578447165166e-03
2.930173317718612596e-03
1.639086982796520917e-03
2.697899528360549453e-03
6.069675595568293971e-04
1.165230131053564006e-03
2.961741909283595407e-03
1.870926300718022718e-03
1.837329652763551721e-03
3.719463963034538509e-03
5.643412791483117322e-03
5.538206296808046401e-03
1.130831272863689219e-03
3.184031816353579390e-05
2.765094621444709106e-05
2.022398714180833300e-03
6.326071480858597162e-02
3.027709381980600231e-02
1.915844792557622883e-02
8.400572057365742612e-03
5.369129866320707274e-03
4.495854338915129984e-03
1.769876099945637358e-03
2.860411256036050204e-03
2.893707540755486966e-03
1.861022289330649436e-03
6.911927575552641572e-04
6.381263455343761043e-04
2.815683521790827374e-03
3.035227602374606509e-03
1.104067258895778973e-03
7.167120787413446264e-05
3.990191303100180955e-06
3.298791986819806887e-04
5.187341893234695411e-02
1.564570280257135751e-02
3.105471697061195930e-03
6.788563869302964744e-03
4.723313786827870037e-03
1.843120129048229959e-03
1.725095186906639745e-03
4.379544786042158851e-04
2.657574940953522351e-04
1.238386461408595750e-03
4.511177926926154434e-04
1.230720929915254805e-04
3.691855659486352210e-03
8.343740961999985412e-03
9.355932812949803359e-04
7.060453317724207955e-05
1.140442997656879906e-06
5.755409116842884285e-05
1.115987540121484746e-02
7.223712034114172613e-03
2.197569934820254971e-03
2.230767350254460671e-03
1.187060837535398221e-03
1.255872950251772993e-03
1.087689469647140812e-03
2.399399986947100139e-04
4.055522971835276739e-04
1.525240729290449184e-03
1.531259756006582515e-03
2.748188515300656136e-04
3.051350865632097668e-03
3.746279161684702014e-03
8.664896759372497936e-05
1.196892449398613238e-05
8.087542526527848448e-06
1.428604578514111600e-04
1.836126090590297407e-03
2.645512117240354615e-03
4.558672094604689258e-03
1.741839824736479215e-03
1.257768491252587257e-03
2.323494234865913777e-03
8.967216461037148638e-04
4.686487150496880831e-04
1.112340784045389016e-03
7.035162478191497003e-04
9.403477868930071489e-04
5.901820349622172255e-04
6.125381410643958996e-03
4.971866908332039058e-03
4.370437386232772022e-05
6.720131954666930784e-06
4.587327357771314945e-05
9.347490609005747490e-04
2.858823953416550056e-03
1.528148823149662371e-03
4.134681730463419212e-03
2.757441030460661135e-03
3.537035170890937908e-04
2.542457079946962924e-04
1.462652342049512028e-03
2.441336214310767163e-03
2.757957468505769453e-03
2.664648133574086183e-03
2.111823730233396840e-03
3.357476153765952525e-03
1.182143662393593878e-02
5.463220215779196996e-04
6.257824450348384655e-06
5.389889780936646109e-06
1.391587992123964631e-05
1.934045771737501933e-04
7.540513010299451603e-04
4.745296113646168190e-04
1.404477610607869067e-03
1.196951688849061911e-03
1.333075021882220942e-04
9.310279948940190450e-05
1.711138892645345947e-03
2.220756277425092393e-03
1.207796536288444338e-03
2.914046199562656762e-03
1.432599017350966912e-03
4.027857602791289245e-03
3.326485451835885666e-03
1.332002562415103629e-05
5.659402036989139825e-07
3.880912239362818526e-06
4.874925417956571979e-06
1.405581085896770334e-05
2.323896765356101200e-05
1.400296639670533323e-04
1.601324801814719544e-03
5.583790738662214228e-04
5.593478750139796452e-04
3.511151208383047912e-04
2.720028247545769459e-04
1.403408973219351331e-03
1.917559232948681932e-03
9.071240628786601074e-04
7.330101528552501354e-04
3.925248261550229496e-03
1.515601810944363411e-03
1.334590838165386476e-05
1.692117474931973765e-06
7.850695885320431151e-06
2.691847674852655020e-05
5.945943849100645211e-05
9.841725621672983579e-06
5.647565424914287573e-05
1.356872067189116102e-03
1.288019714860965401e-04
1.975526824602070618e-04
6.141124791231966206e-04
3.494093382540603560e-04
2.083083982872338969e-03
2.124886672989068429e-03
1.099467212894520178e-03
3.567907955168273405e-03
8.210549879112474803e-03
8.431055912110330640e-04
2.155650560528092112e-05
5.463164764463314457e-06
1.238352207823829656e-05
1.002341728494326729e-04
8.276617270592688449e-04
1.334068212014288010e-04
1.960285332409288713e-04
1.968124555836008645e-03
5.868952078280494181e-05
9.810630502827815078e-06
2.004309100267101062e-04
1.346553069627430890e-03
8.300238678883768793e-04
8.728163767424952733e-04
3.612790354655023937e-03
3.382475649388117737e-03
2.768922028228273068e-03
2.638372052103335366e-04
9.178861519646980887e-06
4.449058355541928416e-06
1.167492111998250811e-05
1.255680042507614906e-05
1.766793592635261079e-04
9.412236383063461850e-04
1.363297758425002998e-03
1.179731715684809862e-03
3.392225450894998490e-05
1.510509247713738508e-06
1.997836263319216583e-05
5.735867993739522924e-04
5.008174672034844226e-04
2.118478033344958766e-03
2.466240300827339353e-03
7.119264854601766292e-05
4.740102843398805627e-05
2.647077120114998066e-05
3.822064875058692570e-06
3.791204284679389976e-06
1.138790263066903010e-05
2.151210964183226151e-06
3.059754936549707530e-05
1.460880592234680255e-03
7.805405376270227935e-04
1.612956219625279414e-04
5.414440150054139326e-05
3.705418980862304900e-06
1.157257098500219811e-05
6.489172863935419597e-04
9.779765547030599363e-04
1.006880589295815849e-03
1.178930858995842708e-04
2.430594337314331986e-06
2.458180038038405571e-06
5.295688000948757851e-06
4.016409205197415036e-06
5.094734085476414934e-06
1.163946265374986138e-05
3.642937596652806489e-06
8.066193227127496808e-05
3.150553206383106299e-03
4.601672330580049565e-04
1.476832845532081333e-04
7.160973497122469656e-04
2.128880608017320560e-04
2.328297479111827637e-04
3.800365621007952086e-03
4.144726773017498806e-04
2.033119383953601816e-05
5.638971866333027879e-06
2.061722449496829827e-06
3.139112393427548034e-06
5.628028577534367627e-06
5.947072325329589491e-06
6.386944660395727446e-06
1.165871190355904804e-05
8.001331521877016477e-06
1.018606068405602687e-04
3.559730839239513486e-03
2.415485235651701045e-03
8.130798472657708607e-04
1.829554592900592067e-03
1.795633750030216575e-03
3.095861891331812168e-04
1.560411554380424751e-04
1.285887303516981015e-05
1.997486754623857083e-06
4.272655185418965514e-06
8.947638891707365092e-06
1.196499343030233305e-05
1.268489941902418533e-05
1.166083725948485518e-05
1.144605345187120325e-05
1.853945537290336616e-05
