1.645992753830891154e-05
1.378585711228766496e-05
1.292146290185262238e-05
1.234367384484836413e-05
1.207252960063201601e-05
1.251229504370317664e-05
1.325271316523342744e-05
1.354352453897845591e-05
1.338477237052577335e-05
1.321124965960121093e-05
1.316326440531550048e-05
1.317280207501803451e-05
1.319089358502288864e-05
1.320214022893993722e-05
1.316868637537601321e-05
1.310546245827253212e-05
1.362825326663966585e-05
1.629461213049824720e-05
1.389294695940908747e-05
1.056955114643967279e-05
8.838964566164671667e-06
7.751746366128312461e-06
7.004389413404576649e-06
6.801634679921805136e-06
8.065724774596507704e-06
9.999596062940445702e-06
1.073696502937974769e-05
1.060434446737790957e-05
1.047249567680885726e-05
1.045731184370191301e-05
1.047403000418795323e-05
1.048458039292037116e-05
1.044858207376550506e-05
1.037330214463309657e-05
1.087355469625778722e-05
1.362200078298509747e-05
1.290088088448231255e-05
8.651374108297343687e-06
7.808698153272785114e-06
1.268678207703152521e-05
1.490798413283562497e-05
6.304814026542270520e-06
4.227962403797829753e-06
6.741533843184440373e-06
9.674701457490685744e-06
1.025323734603362307e-05
1.008620919493935889e-05
1.001524014288659572e-05
1.001224173789494678e-05
1.001480642207842935e-05
9.976616637285928266e-06
9.894925015070123018e-06
1.037200956011707681e-05
1.309888430016545801e-05
1.079262790723993344e-05
6.120883425188209488e-06
8.389957395614986433e-06
8.089062843482093903e-05
3.910918252523435529e-04
4.737663369664934219e-05
4.731414354754003642e-06
4.736386366329303509e-06
8.518231438997280432e-06
1.027391932441335993e-05
1.027531825913937330e-05
1.017313190371863065e-05
1.014146626642873974e-05
1.011736652741520975e-05
1.006533962403832545e-05
9.979282286774617363e-06
1.044958730129687347e-05
1.316456194280350428e-05
9.185201715090856282e-06
6.962421937138822655e-06
1.184050138106827869e-05
1.468452378537186758e-04
2.878944775683263315e-03
1.009671020138566125e-03
3.316508580550029024e-05
7.186632039411393536e-06
7.870632652943422697e-06
9.499711833143106125e-06
9.838904600875190547e-06
1.002167397612345733e-05
1.018836840237570663e-05
1.019960139781429642e-05
1.012030302034449323e-05
1.001992974745813386e-05
1.048758684194304433e-05
1.320026498879382753e-05
1.318354756416362159e-05
5.781694906671443527e-05
2.781932961468546362e-04
5.273770236452590254e-04
2.792855569222490661e-03
3.585530740180562208e-03
1.651543712128786983e-04
1.120695760983863830e-05
6.384512620562297807e-06
7.682069579844441425e-06
8.394675964110240402e-06
8.921927243135744558e-06
9.779165868962261368e-06
1.018879315535047811e-05
1.014777628194175780e-05
1.002181680642707030e-05
1.048237844309918888e-05
1.319520090478434001e-05
1.636873488399405424e-05
2.364365345010780795e-04
3.942239959035211648e-03
4.608188240031721103e-03
3.047744015716498649e-03
7.095247122752185208e-04
3.096902925834540851e-05
3.915763288941481861e-06
4.786595585196348609e-06
1.220554105345834395e-05
1.205898538231569997e-05
8.466703468332261438e-06
8.886104630175870717e-06
9.996572629165485522e-06
1.016519329602344241e-05
1.002352762985738454e-05
1.047478702204424540e-05
1.318985194365512363e-05
9.394374353255270142e-06
4.264446881353173085e-05
3.953906943981896319e-04
1.355172436361954573e-03
1.273605652892293967e-03
7.957325192819562248e-05
3.299347749867351363e-06
2.046103904663102666e-06
2.135004812495410237e-05
1.944657494150918344e-04
7.250453568407619440e-05
1.199138095041880084e-05
8.323732156053677956e-06
9.762952335202880434e-06
1.018083708046288724e-05
1.002603043970204907e-05
1.046763703939959939e-05
1.318698682007223005e-05
8.483956396761965652e-06
3.472159258694127018e-05
4.874194585248349120e-04
4.156485770348527717e-03
3.902626933135937629e-03
9.149301346389932020e-05
4.143289305236710404e-06
1.807063123963880829e-05
9.932608249434843328e-04
3.865816691421267680e-03
2.016172652561065400e-04
1.260694827309222372e-05
7.938076506105799893e-06
9.809537983455944376e-06
1.028684576243687768e-05
1.004933506757229010e-05
1.046144627166517258e-05
1.318060585600958981e-05
1.234742175670356365e-05
1.074369551645776733e-04
3.254992491029217241e-03
1.817146880165249057e-02
5.311507463630862035e-03
9.531034612266069139e-05
7.992108726157714775e-06
1.235576041167900363e-04
3.785523516975316995e-03
9.328409186633964323e-04
2.455409748415987987e-05
5.173373110712423703e-06
6.637036163115944560e-06
9.682117410432699436e-06
1.044278522194571214e-05
1.013094734360449879e-05
1.047009297765447374e-05
1.317036147551947032e-05
3.165304162916068653e-05
5.770617773672669353e-04
7.804600159421026806e-03
7.534100575892016538e-03
5.590041723091188942e-03
8.630823904111414998e-04
3.531061160304800411e-05
6.957036554852822805e-05
2.316790023818941769e-04
3.165393108286741866e-05
5.136558844831230145e-06
3.340664063508222970e-06
4.407764610507447821e-06
7.640142824684009851e-06
1.004696087213207790e-05
1.021972662905266819e-05
1.051064306454130164e-05
1.316981558508732548e-05
2.118779342204106574e-05
3.531341519767665013e-03
9.416789195815815361e-02
1.392581957554825563e-02
2.730101566987656880e-02
1.859924746914030230e-02
4.362117801749988656e-04
2.113953929226727424e-04
1.138876864694231104e-04
4.542003400774424115e-05
6.775041194025406403e-05
1.789261658864707731e-05
4.004469191172068914e-06
5.129697477046656529e-06
8.849745656176131789e-06
1.015018759104093310e-05
1.055923440948236095e-05
1.318469978334697763e-05
4.674689159742577333e-06
3.287752824054105457e-03
3.631056412448663284e-01
4.069714397377531545e-02
3.166916860623805036e-02
1.065317856262341413e-02
2.865134506614944957e-03
2.896365473328576124e-03
2.526321910284436362e-04
2.819403579625863313e-04
4.309523203419248459e-03
7.969301884644117758e-04
1.950797944243510981e-05
6.161450101256945269e-06
8.240863714043353299e-06
9.942592015101484545e-06
1.057125465001465488e-05
1.320244650525341493e-05
1.690662792729733083e-05
3.798735101128460773e-03
1.038245591051347588e-01
2.210231176962278166e-02
1.757699157958699313e-02
9.743936142037010542e-03
1.132852029504780381e-02
1.820036998481882598e-03
4.625870975273267715e-05
1.111489843040021293e-04
5.240820501738223218e-03
4.442316548031758836e-03
1.098984576848728540e-04
1.145366258668119209e-05
8.700986848442933793e-06
9.809695810864218520e-06
1.055150384369684572e-05
1.321230288256189602e-05
1.657323913915063950e-05
5.230418347637192170e-04
1.312147467598118872e-02
1.213663024094589413e-02
6.012283346948770271e-03
3.001189531234642240e-03
1.162456066955143983e-03
2.703891954625271886e-04
1.439300009613644644e-04
1.004344116801266147e-04
1.508299000252971852e-04
1.934904530480598887e-04
4.308930237293695124e-05
1.132729781947126688e-05
9.065193672508152812e-06
9.835045960084201562e-06
1.053631763990909458e-05
1.321467980037834365e-05
6.799483396205114309e-06
2.188129747100200852e-04
9.608726694961051973e-03
6.100495725104765343e-03
2.446861681803918706e-03
8.511810416977970244e-04
8.226163405616456425e-05
2.309912709541341275e-04
3.534695780771224607e-03
3.649877174274622125e-04
1.252361234784563941e-05
7.722984047416775623e-06
9.100663325769192959e-06
8.775765791693177040e-06
9.411898824284625531e-06
9.970394553768628518e-06
1.052880259043865821e-05
1.321074356637936092e-05
7.955495361066618196e-06
2.816452705392283535e-04
3.565453012900032716e-03
1.499548705076484681e-03
6.901047871568247692e-03
4.482686056856872991e-03
7.875599809955612996e-05
6.178547730811773185e-05
4.082218501870023492e-04
6.979130665961405327e-05
5.974580663554379031e-06
4.788113334693699055e-06
7.524915596534847074e-06
9.298679698617557591e-06
9.971989484440924649e-06
1.006408397820880212e-05
1.051043015126960888e-05
1.320290042167844627e-05
8.021519259394285225e-06
1.507011111995945011e-04
1.020807365741545651e-03
5.160840691258082548e-04
1.757719123372867079e-03
5.437987721582977644e-04
1.327849497492896622e-05
5.139184580627782951e-06
9.780237905295704857e-06
7.784052703182039022e-06
5.881797809196891273e-06
7.621705173645483404e-06
9.644715956023489100e-06
1.022182517598781624e-05
1.019313066700144699e-05
1.005248893617109091e-05
1.048976602139755090e-05
1.319897234221228340e-05
1.264456358904113105e-05
2.466149098686788613e-04
3.627587122312486353e-03
5.038731848514486390e-03
4.190933996122810090e-03
1.588566210877121289e-04
4.321263738072427237e-06
2.820256109413938487e-06
5.061135978045681741e-06
6.703396543911907106e-06
8.313199888261954996e-06
9.875692197446184472e-06
1.038381744766822755e-05
1.028853297962790736e-05
1.014193830812969418e-05
1.002063630566220201e-05
1.048327601513578530e-05
1.320133936625706349e-05
1.313604919482171136e-05
5.530346753198095991e-05
2.380425556991134562e-04
1.059998268845168713e-03
4.411088634215055981e-03
2.844725047204806024e-04
8.344848953294678676e-06
5.098005765810584899e-06
8.143996010885538224e-06
9.685144535689873722e-06
1.017110298222533356e-05
1.033468859076614112e-05
1.025938995245535936e-05
1.016867695372916692e-05
1.010148996785154456e-05
1.001646039982559769e-05
1.048810437466791723e-05
1.320629305893201587e-05
1.002978514656731746e-05
6.478938343555223099e-06
3.963116933374506855e-06
1.090036820447841959e-05
9.093716310193542733e-05
4.943922891872987743e-05
9.093871715901088337e-06
7.479027934730427632e-06
9.861439761263524509e-06
1.049159804662545967e-05
1.032737654023968028e-05
1.020318001117045988e-05
1.014887575813635185e-05
1.013758036543053495e-05
1.010436290348812051e-05
1.002326409277977853e-05
1.049221491817727998e-05
1.320813690222766725e-05
1.148727452102522582e-05
6.130764581609490156e-06
3.199263099319337444e-06
3.804264434799549224e-06
9.448401148988042297e-06
1.082372027920345456e-05
8.227086456703562898e-06
8.962224119766434656e-06
1.014669262173840775e-05
1.026157495179016952e-05
1.013468328044915282e-05
1.009230719338070919e-05
1.009467816700154943e-05
1.010540739455397160e-05
1.007247534443265177e-05
9.987235591658150425e-06
1.045469552662543484e-05
1.317189217068749283e-05
1.329174942503361045e-05
9.711248432275382917e-06
7.854776373003634097e-06
7.542427339330052480e-06
8.511062908737276371e-06
8.988125560554872587e-06
9.225252619390948662e-06
9.829615208263974414e-06
1.010572904802862124e-05
1.005617944564508191e-05
1.000813887184131296e-05
1.000675011002324103e-05
1.001704364501242323e-05
1.002469195944095103e-05
9.987818236511882323e-06
9.904186895814510669e-06
1.038125326854964764e-05
1.311259762758110569e-05
1.389915477879051458e-05
1.120267177515379166e-05
1.061622304551664663e-05
1.051312557803842524e-05
1.042490591328330000e-05
1.037919341641502192e-05
1.045755213996155579e-05
1.054634259386120885e-05
1.053094569586666939e-05
1.048967133910114931e-05
1.047917160421904387e-05
1.048372439484516044e-05
1.048999837041331921e-05
1.049357251250417182e-05
1.045555401946081352e-05
1.038152186108088661e-05
1.088645231434544492e-05
1.364263370569568872e-05
1.633829845925133028e-05
1.373087410407697432e-05
1.326729369939131156e-05
1.333689407303674868e-05
1.332674916323826990e-05
1.328120769915973948e-05
1.325846481171199189e-05
1.323573428550407855e-05
1.320986469876845115e-05
1.319913742993555181e-05
1.320108330231772069e-05
1.320438247678945981e-05
1.320800332220649942e-05
1.320975132078138339e-05
1.317321081359349955e-05
1.311319234080736876e-05
1.364284202832979190e-05
1.631703902515237213e-05
