1.775659680398586934e-04
8.275531382037961195e-03
1.280480898454105197e-02
6.418265743861045064e-03
4.127498661726811645e-03
1.948474533332131991e-04
9.940913562761015908e-05
2.068177395298047370e-03
9.032831900070223278e-04
1.604326109414881257e-05
6.209652370069341335e-06
1.067733645057751311e-05
1.313666463434550069e-05
2.053722661050052980e-05
2.540348055876498929e-05
2.302626728660550341e-05
2.224050125191690672e-05
3.463314973144583468e-05
1.490058266300139922e-04
6.765610667702450648e-03
1.158047478272461635e-02
6.406654031713789922e-03
1.753830521394798923e-03
1.450262776543555587e-05
3.371216298796793781e-06
6.666890740001513160e-04
5.990234446973071065e-03
3.704479988350585940e-04
1.245650978765188311e-04
2.301352983250159405e-05
3.327340466944488255e-06
5.149542750992653008e-06
1.184946237103688891e-05
1.320811796646295090e-05
1.306118357850497979e-05
2.274900257225230212e-05
3.962921577871329347e-05
1.133756900124553973e-03
2.429952349032572789e-03
1.230646594718765290e-03
3.150021749886779653e-03
2.510128299216760344e-04
1.961753814833101423e-05
2.683911364630536789e-04
8.073549472277895137e-04
1.113299903521432037e-03
6.664478493626813625e-03
5.814236679048373057e-04
5.252547748561020511e-06
1.547307932860376647e-06
4.167627511063957844e-06
7.559299680381997768e-06
9.316751593025116590e-06
1.907433994691563618e-05
5.556161525218136749e-05
1.947394192240509397e-03
6.886202988261989726e-03
6.042457284768390719e-04
1.068328481942043681e-03
2.451109487478180145e-03
6.722665368353041059e-04
9.726944393091693048e-04
5.381612033604139030e-04
1.077257042991077145e-03
1.150105743831358537e-02
1.040169867878760340e-02
1.015341465458461170e-04
2.497931912315251662e-06
3.108771755520593144e-06
1.054706324271851228e-05
1.133895155395543294e-05
1.484114624114713768e-05
2.214632067751574183e-05
3.306758118543055716e-04
6.618872219003597845e-03
1.350503936958923285e-03
3.885009387043055406e-04
1.160565866753468598e-03
6.828116096861957000e-04
4.527625940986927666e-04
2.884096179752542984e-04
4.639471615734672063e-04
9.651748577191440401e-04
6.449909529100015734e-03
3.300527938203120810e-03
1.574411476826596389e-04
6.394595820568288870e-05
2.452523561441207075e-04
7.881652150600976193e-05
1.524673640902858260e-05
1.127610056842546281e-05
8.653998482873121248e-05
1.731120062194811855e-03
4.657414882894744313e-04
1.920947191165832781e-04
1.235737450539463583e-03
2.432822121388177137e-03
2.147446665203016705e-03
6.196321564630400671e-04
9.074463173272883732e-04
4.628850589347294491e-04
5.792424997212779160e-04
8.000918526350904794e-03
7.080970529838169665e-03
6.319580791988236700e-04
1.233566512818789779e-03
2.203964323870195353e-04
1.250728347100925675e-05
1.958522504602336765e-05
5.130956941872297461e-05
1.056307478536197602e-04
2.749232109960562831e-05
1.780397758785726603e-04
3.234631446552207502e-03
3.947151796831730244e-03
3.962444464895490022e-03
7.168267138152743020e-04
1.125472119312197899e-03
1.565026383832533209e-03
5.668241117086353495e-04
2.365158389753855509e-03
5.282550801127612605e-03
6.432448464710154154e-04
9.793577042414892703e-04
1.775834506368831529e-04
1.065629890915988097e-05
1.879267850334614777e-05
9.842986389895364753e-06
7.087631567219131201e-06
1.203369168814557024e-05
3.159278082920063241e-04
8.082482120453079793e-04
7.615255307932460645e-05
9.328303940749168210e-05
1.707618178559235967e-04
1.049987482451718822e-03
4.943228312855176693e-03
3.018247822305172249e-03
2.278291972410331073e-03
3.746211046546165085e-03
3.587630351130440768e-03
3.029534268376867130e-03
1.500719879157399572e-04
1.170508650050896400e-05
1.142499215766967708e-05
4.377892196146967106e-06
1.639819229200179779e-05
3.093968823769093629e-04
4.701418612754065980e-03
2.314215925422905083e-03
1.270496290865795778e-04
2.205519958688767664e-04
3.414372368909310697e-04
4.745718848265358461e-04
9.284963865199671916e-04
1.496703130937271061e-03
3.570990674245599471e-03
4.008834570653128232e-03
6.909126408544058635e-03
2.344899392322511832e-03
4.735206214153963873e-05
8.962947200735792421e-06
1.256441476951538994e-05
1.111224210468770048e-05
2.298689393848013258e-04
4.542632556234170275e-03
3.796078003015345391e-03
1.576466763436371087e-03
9.762544013720062365e-04
3.901692945703267006e-03
2.436899234021263055e-03
6.930031408005267067e-04
5.272229138229822792e-04
7.805778600103152045e-04
2.193779127527651068e-03
2.914218991929467054e-03
8.349372006717190042e-03
3.223429852199548654e-03
5.544032251274440688e-05
1.026342736477763852e-05
6.951659418018330298e-05
2.128387984827869947e-04
2.720738883444613360e-03
5.118041356591859596e-03
1.648356854236037827e-04
9.278802584110037088e-05
3.083229253707200804e-04
4.032329930416346585e-04
5.225616017053639735e-04
1.398364489894944954e-03
2.412275914343471345e-03
1.213652139841652974e-03
7.901570498603985694e-04
2.418496114841094981e-03
7.747270759680919411e-03
1.664944896383405886e-03
3.572381282898323544e-05
1.380691191215249802e-05
1.202081621174694580e-04
1.507051242674010364e-03
2.232133567836118090e-02
1.010126643524102662e-02
2.138420268448059226e-04
4.736348819251305392e-04
1.440952119675141009e-03
3.393917322240514963e-04
2.214995384987419370e-04
4.211182445725574668e-04
1.056144972068124308e-03
6.266855693021724421e-04
3.803181930713239972e-04
1.750667369508235880e-03
8.735271992535462854e-03
3.788657295414626317e-03
1.424544512227418440e-04
2.058714878417485189e-04
4.095697707241474211e-05
1.191501824798276744e-03
5.522494607384680759e-02
1.606115644639721091e-02
5.913311394176206303e-04
4.066863279797184975e-03
6.689460258830865098e-03
2.455785653325704559e-03
1.461776024085007560e-03
4.768142290053390439e-04
1.242229340531581525e-03
2.182994448029138262e-03
2.460643698500555344e-03
3.484780344454315587e-03
1.057303431978869404e-02
1.361411461567494340e-02
7.335977562741524639e-04
1.824679560731672090e-03
8.238492418587680993e-05
1.672548094625267087e-03
3.026357771739308228e-02
4.696805095584158721e-03
2.499335651339670557e-04
2.846480690388788863e-03
4.960644898792751327e-03
2.465542603412149494e-03
1.185747048289784947e-03
1.222226349729627016e-04
2.381613548103521047e-04
1.196110996670307711e-03
4.720715546856126682e-03
7.385643033636598610e-03
1.381817313202828024e-02
1.246480488014439260e-02
3.028370123769525183e-04
1.797278009233056458e-04
5.491488377762503316e-05
2.599451559569504575e-04
2.497527786597870860e-03
4.980741613468116918e-03
1.643391688201347595e-03
4.063036924472268607e-03
5.928773874719681265e-03
3.295380479133871998e-03
8.026111661114876871e-04
1.113021195357105528e-04
3.531639719988709648e-04
1.245950651055469528e-03
1.504733549378425416e-03
1.720102725238156901e-03
6.380412032537851122e-03
2.127167588521757489e-03
3.882923186470035604e-05
1.117860004450697013e-05
1.539175287892344561e-05
1.277785485107264483e-05
6.320626026068064624e-05
2.851859103355609652e-03
5.784679250601205622e-03
1.437598180793784458e-03
1.693572939008515651e-03
2.414603464207209539e-03
1.183649484972553161e-03
1.135193821460530076e-03
3.984177727791358634e-03
4.200708268918217601e-03
3.363078739297982022e-03
2.449764606510345093e-03
8.421488279069569080e-03
1.367558158983432810e-03
9.780877266952665047e-05
3.251445365940137998e-05
6.270897551889703582e-05
5.661145216120674846e-05
4.972799061435473296e-05
6.308614076617117096e-04
7.960100150741552388e-04
2.633144255364424074e-04
2.217600317635505210e-04
4.118008288062727251e-04
1.339622757277767352e-03
2.033602262534921126e-03
2.022578659159381294e-03
1.267909327046329911e-03
1.594000438646136272e-03
2.529625283288568574e-03
7.894607804334664511e-03
2.891912089108614539e-03
1.558944034904633912e-03
2.901041260759101414e-04
2.672869261826769818e-04
1.541165667383200292e-03
1.518937348515232233e-03
2.645451200519564547e-03
1.457209455526734497e-03
8.694174073975286226e-04
1.177288613531203077e-04
6.719614152314037307e-05
6.119513047828436126e-04
1.060547610574645973e-03
3.490733199112612886e-03
2.097080661033270520e-03
2.421837651043223544e-04
8.887532022621380751e-04
2.479164606278403630e-03
3.060164637130034261e-04
1.687957071353348110e-04
7.458617542094441995e-05
4.714815498379075118e-05
4.083759865840373856e-04
1.699720298100753551e-03
2.144422645461269063e-03
1.315193773318853489e-03
1.345698832462177740e-03
2.242626943525877171e-04
1.448531168295529665e-04
1.773760370355278873e-03
4.698243745683339245e-03
1.266371788735254703e-02
6.196769193874988521e-03
2.380527976697138434e-03
1.416064021800503975e-02
2.734917048821884807e-03
2.796092095338839289e-05
6.572504500651761343e-06
1.204186350490363891e-05
6.630068405597088673e-06
1.722355802939505600e-05
2.510571552496904959e-04
1.191279022141359441e-03
1.212620075255466329e-03
1.789899436112448415e-03
1.795707939629122242e-03
1.040622114805639983e-03
1.810519276522647896e-03
4.425664383229634818e-03
2.566465339618953598e-03
2.997423419489527244e-03
2.117804582565690694e-02
6.408691782174142509e-03
8.045899479969286557e-05
5.255438630200784351e-06
5.188004266984183825e-06
1.516453532062211906e-05
1.054861101980409214e-05
2.513107211360296865e-05
4.466631300842429405e-04
3.238906796981653145e-03
1.986190114749781816e-03
3.272081562322338034e-04
8.149587197929068771e-04
3.784527645720751812e-03
2.237893099518557371e-03
2.917266438065098041e-03
2.340369807560845582e-03
8.937286981769798286e-03
9.249443320923774955e-03
4.993506558379950852e-05
1.354739257753915781e-06
2.690783780364885870e-06
9.865516071079165594e-06
2.410563675468409958e-05
2.022249718712355076e-05
9.964921185524479416e-05
1.618831505662054592e-03
8.102458950853633560e-03
2.847760751119895409e-03
5.209092631760125542e-05
8.719585252314266451e-05
2.721754220412591664e-03
1.559716267645415650e-03
7.951882520390040916e-04
1.998915966533112206e-03
1.350521972889567879e-02
2.171522996113730078e-03
1.351453258387716793e-05
2.312506620820030987e-06
6.696638249780848033e-06
1.411743828830639523e-05
2.448626446798647029e-05
9.375064990485850141e-06
3.860071627749146468e-05
5.746025329756632898e-04
3.093879415220859332e-03
1.688280691990695767e-03
1.126595667538300715e-04
2.764689270006869155e-04
2.465465897619762391e-03
1.026188103052187370e-03
2.314001954637030442e-03
1.434002750280782314e-02
7.869707539865246348e-03
2.765183561976175281e-04
1.392492899939038745e-05
8.684416778312057847e-06
1.277134426904469918e-05
1.403946210054602386e-05
2.186391276023501323e-05
1.836138413563034394e-05
2.254430587903853234e-04
2.335989166561179466e-03
2.268294609130113229e-03
7.674774127552172909e-04
4.054003059874737363e-04
2.005172589591495361e-03
1.048869450460907828e-02
5.301692615934432140e-03
2.439979896582424295e-03
7.879862968106725709e-04
8.841985335141238234e-05
1.289282300093187604e-05
7.731911305218760940e-06
1.145011229756032828e-05
1.362702037165145180e-05
1.328713255825310272e-05
2.169594166594775779e-05
1.869667927631627044e-04
7.642764648265295419e-03
2.939461020878961911e-02
8.278374310330228331e-03
5.021858919894798927e-03
2.109847047165573728e-03
6.912421234128174070e-04
2.715403319268105357e-03
5.045474005103632240e-03
1.970059392994749669e-04
4.668618658536314363e-06
2.131771147708134064e-06
6.000250957362322409e-06
1.524314553299973880e-05
2.265700928161022644e-05
2.255999541407127410e-05
2.195830965496828484e-05
3.414976985558250964e-05
