3.882072612850415139e-04
5.627053796544824807e-03
7.879501158571293809e-03
5.656380840318922867e-03
1.353462799054049428e-03
2.390692792853242078e-03
3.670709464653712940e-03
1.011183050933013610e-04
9.160023733109521338e-06
1.218384695267317286e-05
9.218424343406586417e-06
8.443891040237828490e-06
1.554712064459063661e-05
2.344567637556629341e-05
2.615687726981847337e-05
2.447403379683084614e-05
2.402005629550062036e-05
3.581669499014363846e-05
2.328712891904901247e-05
2.553792769473790607e-04
2.821327392052052491e-03
1.004633214988697072e-02
2.232892283530632342e-03
1.187372802515168375e-03
2.316824259219259653e-03
1.820856376629180083e-04
1.088504028899255532e-04
4.381250533354967016e-04
4.400216721463944989e-05
7.361781557286416024e-06
6.745808634704775081e-06
7.666755153157947362e-06
1.266292196364132980e-05
1.579734196459628632e-05
1.554228775823867281e-05
2.404999505178198851e-05
3.215271243182509263e-06
2.808778663265089446e-05
4.514558490583141280e-04
4.781316113082737700e-04
7.636797190683251651e-05
3.539340414811122223e-05
5.807107976949728897e-05
3.320463354943769342e-05
3.907755363385502305e-04
4.476306415158669803e-03
6.246255914441244334e-04
2.887399480949147932e-04
3.515449957358108017e-05
2.878603593690096448e-06
4.933538109072070150e-06
1.280577680973620071e-05
1.565352156287034351e-05
2.399343832236113631e-05
2.373609764250137846e-05
7.350454649357616912e-04
2.104001388911811484e-03
8.890750476464095444e-05
6.183007024648851795e-06
4.258563859775399855e-06
8.660882738938682985e-06
2.327180211970142403e-05
3.845678099805001447e-04
1.278826176797378438e-03
9.330517620351557427e-04
1.137253163443035717e-02
6.081675084260463335e-04
2.311817607027878037e-06
1.610409262277646179e-06
7.506246755343122571e-06
1.408386696694970158e-05
2.438874960271624100e-05
2.744334313494915865e-04
5.488481437371901632e-03
8.217058467975728656e-04
1.112370208751311854e-05
2.196603622009505482e-06
4.894582927220392164e-06
5.803698077284810642e-05
5.467222825787130614e-04
2.304400352731505314e-03
1.777511466619502434e-03
3.871682593422500038e-04
6.910665930739464530e-03
7.270154223233345030e-03
4.004734271250918727e-05
4.876118030950768402e-06
9.229098485514232624e-06
1.334859064836539174e-05
2.321556768467295857e-05
4.906442835475814787e-05
1.679611850771423054e-04
3.031806137961823926e-05
2.818018044401995672e-06
2.446555365397386970e-06
8.050638611075876399e-06
1.414916600106096872e-04
1.264181867024346704e-03
2.612024848684520346e-03
3.584915977961227341e-03
1.625516069791355014e-04
3.373017305281350835e-04
1.477700080480048167e-02
3.804691576997479979e-03
2.742318067817148914e-04
5.937674153931596301e-05
1.987256677671372593e-05
2.392486044745342058e-05
5.700082214615039863e-06
3.653261549685549072e-05
1.727491260201603263e-04
1.077004191018735555e-04
1.061561497283774878e-04
1.839941117212865330e-04
5.447644103880864598e-04
1.388614352641302698e-03
2.196578809773443858e-03
8.314713608051036223e-03
7.649339488130212908e-04
1.176151124754478918e-04
4.523773097749574090e-03
2.396053420659900735e-02
1.895426498347131759e-03
6.517601021788205608e-05
1.285216119625362264e-05
2.198093826876067986e-05
3.920942913559112705e-05
8.636796356490104333e-04
5.300610600171426316e-03
3.712987875185507023e-03
2.984394247101469517e-03
2.654965761272681194e-03
2.914650838658783012e-03
2.036603607383068431e-03
4.326919450502279287e-04
2.086296680000571113e-03
4.915049159838708569e-03
5.904262925676041643e-04
2.376330327661132016e-03
1.886947722693444601e-02
2.197797306530073491e-03
2.593539255417118091e-05
4.255834105123728989e-06
1.555091040528509689e-05
2.613647261559722532e-04
1.739187252112309873e-03
1.444072772477578235e-03
2.946366804506029679e-03
3.964222256272044269e-03
5.457028513678421249e-04
3.217483641796944948e-04
6.247155913197522488e-04
2.682119993120876396e-04
2.348391098151179478e-03
7.441888292409297966e-03
1.680451792044110977e-04
4.114226714388956319e-05
1.335715807185146754e-03
1.109081114628748289e-02
1.596629886517033140e-04
3.812429289978599995e-06
1.028437456230695034e-05
3.414092767804155731e-05
1.843776846328652112e-04
6.995876636042761259e-04
5.835194760349755524e-03
1.665910685399328919e-02
2.445017689383355373e-03
1.442621264653850969e-03
1.793744051833626695e-03
5.486285372639617330e-04
2.961561370379411310e-03
2.779556245232680817e-03
1.343251268287905988e-05
7.313926324143047308e-07
6.409525745633359807e-05
1.035801762019269816e-02
6.751055878861750249e-04
7.417494917286879694e-06
8.379899281600639799e-06
1.799391773912842446e-05
8.263773364857967922e-04
1.198587729306337980e-02
7.792829571063381727e-03
6.233626954023911010e-03
3.996847335057049366e-03
4.914131708655306713e-03
6.240189410707241155e-04
3.512887305682424325e-05
2.139829487183527508e-04
7.780992330513024097e-04
2.023460327651379983e-05
3.906802599765585033e-06
2.390391679252024430e-04
9.513148142344669822e-03
2.950581532137976342e-03
4.907094911737418095e-05
9.637535464407590087e-06
8.430876887394010829e-05
6.150819173851219956e-03
3.612510459347861858e-02
7.814634447145037133e-03
2.781059333848244410e-03
7.293897453231367508e-04
8.368146483147390936e-04
1.454838919702463240e-04
4.629171078472598631e-05
5.079066515109812580e-04
1.533938695415844799e-03
3.260625886369533720e-04
4.493315886167391967e-04
5.944747996671368058e-03
1.101080380053212800e-02
9.717604191155927371e-03
2.813700045215194686e-04
9.902612107959600916e-06
5.375700753253029118e-05
3.299023287609271354e-03
3.569000086347520750e-02
2.185151797986843725e-02
1.312567976349715039e-02
3.454991312796271228e-03
8.579156598801738337e-03
4.082724866594305245e-03
2.769235719630850669e-03
6.119758393968164831e-03
2.053132580070450922e-03
2.530664020656720435e-03
4.193373247410924452e-03
5.035639913012965319e-03
4.479660893505173387e-03
8.987534639724270233e-03
3.625207064389259306e-04
9.814634485693789933e-06
1.009361531509549278e-05
6.500525805881528880e-04
1.950839686203958978e-02
6.688234643681287457e-03
4.848098102487966368e-03
5.357734270380574981e-03
9.820410939044489640e-03
2.525434627670651577e-03
1.243293433035991095e-03
1.688364859416042162e-03
6.579641200394984466e-04
1.738814682774006155e-03
4.865357371758365036e-04
4.463676092474279291e-04
7.570080584593813326e-03
6.129965521461534783e-03
7.575687728901537004e-05
7.213609607679828296e-06
4.052378202412079693e-06
4.865535077883294257e-05
2.379554434113426934e-03
5.084654807879446584e-03
8.204938051315707054e-03
4.687922941386808533e-03
4.313993663040498715e-04
1.174429360213364264e-04
5.179175168842638059e-04
6.356502631637324244e-04
2.120034527408825133e-04
7.412331111423195191e-04
1.657774267883290245e-04
2.098742445442175616e-04
1.402355725997998098e-02
5.043677329747918957e-03
3.478840916764997030e-05
8.085560937917324188e-06
1.057110823270287101e-05
6.033317993111247626e-05
1.947660363310970864e-03
7.114699821914204601e-03
1.231377811532782286e-02
7.801065198919161781e-03
4.813364622317621035e-04
3.116015347260564570e-04
5.392428256950143779e-03
2.720646586274454073e-03
3.392606015218500447e-04
2.190817423921781644e-03
3.185150112086723023e-03
8.002678246431622552e-04
1.922590116871691207e-03
1.502250110912401772e-03
6.875363065833540663e-05
1.556720521494673240e-05
1.886485006911307682e-05
7.176431936724643370e-05
2.605588790384699791e-04
1.241405004709683385e-04
5.840420530949297145e-04
6.400808416576628246e-03
1.866781547884393318e-03
2.595989143326970019e-04
2.877528186952370433e-04
3.321500877011975103e-04
2.582602532053632086e-04
6.738362725627260012e-04
2.928913784551469366e-03
5.234166142291666463e-03
2.837938729499549229e-03
1.260539582734249717e-03
1.063193619494861940e-04
1.703124949344472994e-05
1.938393714893699176e-05
9.480083886188989096e-05
1.867617446035378409e-04
4.371209773625001250e-05
2.969887728061771075e-04
2.618286644145861701e-03
1.415050412709194455e-03
4.178421127440254076e-04
1.245801080902890013e-04
4.599520841226363913e-04
2.240513050448448337e-03
5.848528053893901251e-04
3.509930390508673764e-04
8.273809319358605557e-03
1.011768441559409912e-02
1.984951777295834024e-03
1.906660698904825957e-04
2.446742562090065343e-05
2.212740913384697290e-05
2.034932598936157273e-04
1.938437676877658410e-03
1.071350487381391315e-03
1.943344949478229607e-03
4.202428468493816897e-03
3.800496432770360342e-03
6.770010997902031757e-03
5.185915714693741831e-03
4.591590316207695005e-03
5.535242982416539725e-03
3.610841219429605613e-03
2.411691901783577594e-03
1.632590298641103249e-02
1.475785143119799072e-03
6.594343836494154340e-05
3.414639236941414860e-05
2.444493242482917265e-05
1.185823175589003122e-05
2.869437246231003812e-05
8.276281234251809489e-04
2.747727005311220369e-03
1.234153203495413648e-03
2.087208735775804552e-03
2.909157467169657448e-03
3.109155441833014351e-03
2.267991711796698423e-03
3.096401037581028278e-04
1.878381367830841400e-04
4.104488173374879444e-03
1.373156770598592258e-02
7.345926410731991839e-03
4.882200128096498095e-04
1.896606049808630169e-05
7.640488097486117575e-06
1.652214275555097031e-05
9.894642760926447572e-06
5.402740458098351508e-06
1.136565344920441951e-04
2.209640705028645836e-03
7.655871427961157254e-04
2.049174549783100625e-04
3.838140412767764389e-04
1.044399385618380218e-03
2.486127220281332973e-04
3.400159082505655123e-05
2.309094351395163326e-04
9.575252217094102486e-03
8.243458513965552792e-03
1.170086015283718604e-03
1.623784178095827443e-03
2.730159156863736099e-04
1.644905410825892077e-05
1.688566760245163793e-05
1.506649801838602583e-05
5.291349085013142272e-06
1.865586548720887179e-05
6.490176107927460216e-04
2.479351135724308392e-03
1.360410880015432752e-04
7.985814634362949581e-05
1.244695104903602387e-03
4.355678258318276580e-04
2.723516872095147119e-04
6.141969186948956910e-03
7.128006965798310349e-03
1.171139874366109758e-03
1.797257973340026329e-04
2.171859856687515899e-04
1.035545959821040186e-04
1.540894794593244916e-05
1.858136368457805559e-05
1.891816344397558548e-05
2.162771645916899507e-05
4.799439374811428818e-05
3.790860937502290380e-04
2.939805234064067369e-03
1.827158937858753499e-04
5.481062446837789214e-05
2.314048630784842735e-03
2.089319052471636483e-03
1.286933619200320662e-03
8.091861837082547915e-03
1.757451748206038944e-03
1.237913888885036747e-03
2.519912266714425413e-04
1.798298066523142897e-05
8.628087154193581984e-06
9.191657266661956469e-06
2.055848041505872604e-05
1.716731977594689919e-05
1.637164609628929675e-04
2.738398026942382314e-03
3.691908284242164783e-03
3.128915462831539495e-03
2.856386366033643754e-04
6.377142077546566856e-05
8.011077320347214812e-04
3.526042448575932541e-04
6.139592696425289213e-05
1.256785780180092957e-04
8.427871695986268970e-05
2.514264612255499550e-04
1.226373347567868641e-04
1.075659282771116461e-05
7.072676357252196179e-06
1.189255753962200646e-05
2.450909726449080554e-05
1.731449079094145746e-05
2.514637368087737712e-04
1.323321281221726681e-02
1.654432454333451541e-02
7.185742443621843424e-03
2.392919379630909470e-03
8.518781537096733851e-04
2.175974770034523349e-03
2.438378965052312203e-04
1.149630532725790025e-05
9.207017339642862864e-06
1.033837879791136430e-05
1.993984047781361776e-05
2.283092004025611828e-05
1.555461827667977944e-05
1.889527195890065213e-05
2.491425944215807381e-05
3.777959515395679617e-05
