1.942267047290127831e-04
5.404175550431348715e-03
3.274546702801842818e-02
1.378903266767777386e-02
6.821256374395528619e-04
1.301258255302131231e-04
1.402892317359924132e-04
1.428139355597184709e-04
1.747305209827479389e-04
3.710560517668242591e-05
4.930827616579743411e-05
1.362692848932804137e-04
2.361486679290844808e-04
8.244377722318293122e-05
1.627120220015231653e-05
1.535732136630509376e-05
2.204198298640257353e-05
3.321231269700591595e-05
2.695022476658360164e-05
3.747947701725092701e-03
1.994360802012039996e-02
1.980826469170084061e-03
2.585924565027911907e-03
3.551178595212379271e-03
1.320046020013189306e-03
1.816180527544356211e-03
1.291152967563085653e-02
2.654046669684022395e-03
9.004894585236889381e-04
1.260732895532047692e-03
1.599030717730178007e-03
1.406420512823278711e-04
7.419213383322853381e-06
6.551978398735593801e-06
1.264237416661262924e-05
2.250878566537865713e-05
2.792481264853429991e-05
3.540959740930677262e-03
9.220251841546196064e-03
9.760271174754475264e-04
4.173024435205553891e-03
1.134186229252113522e-03
7.108040860568619606e-05
1.015143561358409011e-04
3.521798257050557084e-03
2.049256710886955893e-02
1.410882842437919532e-02
5.557629227637289789e-03
4.361622459902351340e-03
4.063521988400819475e-04
1.393848180542236070e-05
6.790146762606942747e-06
1.166780060093452126e-05
2.198085198345290332e-05
6.888893991665413297e-05
2.568038383705868646e-03
2.518737119302895747e-03
1.401969080315868628e-04
1.551829834999649189e-04
1.112203191574901860e-04
5.788547838945134262e-05
1.924871727753077279e-05
3.349786416670422039e-05
6.931270840503479325e-04
1.046929168107425465e-02
1.378483571159540462e-02
1.348792422384655076e-02
2.769064926427095962e-03
7.135195956420186151e-05
1.037261560073847748e-05
1.168586386354853440e-05
2.326371596962950762e-05
2.268239545583433593e-05
3.625993569743288019e-04
6.830282676995886454e-04
5.225485361820055724e-05
7.028733768137339604e-05
6.212358853730001046e-04
1.798957779209800316e-03
4.508846714813180600e-04
1.301751754008493417e-04
1.629753933228977067e-04
1.325895688955601014e-03
8.133694369616457573e-03
1.528815366728560748e-02
2.871667966334855507e-03
6.688628154955601800e-05
7.258692723369338156e-06
8.444470944933472501e-06
2.257155571842425816e-05
1.238465676432095566e-05
2.253161596445822309e-04
1.657980536692504978e-03
7.097670635421054249e-04
2.552362465999227781e-03
2.898380973030406562e-03
3.468429509421580093e-04
5.057269337014222389e-04
7.820502321841856994e-03
6.959510639069952688e-03
1.870053081107755921e-03
4.095443123104927120e-03
2.197342539173197801e-02
6.631019430150297475e-03
2.050580450349992630e-04
9.291467664415366655e-06
4.287937435147870367e-06
1.537856997927647840e-05
1.525313404784297319e-05
6.488461190748497944e-05
2.111546106983304113e-04
3.757678019070852726e-04
2.564192420099095995e-03
3.252361357228282816e-04
4.164247139462747526e-06
7.211318179765561800e-06
6.079103188762563720e-04
2.648123718515914791e-03
2.676551631447044496e-04
1.739590753523360847e-04
1.884332888051889251e-03
5.976839394977376610e-03
2.878355585428275711e-03
6.485157581699103240e-05
3.447178823424539848e-06
8.824848751566527090e-06
1.625169772457655455e-05
9.740904526189217731e-06
6.990947457968862486e-06
1.412222113695432374e-05
7.212832751511646554e-05
2.056637534493666985e-05
1.546856646524300297e-06
1.162517339059653558e-06
7.961936437431457291e-06
3.848668959123763885e-05
2.714120872814092825e-05
7.473697297673844136e-05
1.163152188642188221e-03
4.692439251481764738e-03
1.085224293934457414e-02
1.034673389155612742e-03
2.151641549550211809e-05
1.182797599097013100e-05
1.734196332402670746e-05
6.556519582857549624e-06
3.203966836791361415e-06
4.902933508733239256e-06
1.631881740910912779e-05
1.051475080760106269e-05
4.173747401620438773e-06
3.334263665349669819e-06
6.090479976473589421e-06
5.584834518546820609e-05
2.494347559039421258e-04
2.322646058943646393e-04
5.784386382346324825e-04
2.028875933877781826e-03
8.144255338024038865e-03
4.601495413570614104e-03
1.049851915171549167e-04
1.300230275507164877e-05
1.576662321696483183e-05
1.206665368832253125e-05
7.577804454373500829e-06
1.594930132095840808e-05
1.363759556460784330e-04
3.367883231030512059e-05
4.098677163920796485e-06
4.099398597765786368e-06
9.965379363576439922e-06
2.078613585909223037e-04
2.017569845101486493e-03
1.590802895720848723e-04
2.451918572331077448e-05
2.711396498043297499e-04
5.126652385621769531e-03
4.185257251769203095e-03
7.127476485130947994e-05
5.677868839723031166e-06
1.669590534166938165e-05
1.060944548609221797e-04
1.820785572004050249e-04
2.030487512050610716e-04
2.482039066185741470e-03
1.823038341239326099e-04
4.010300647211196523e-06
3.114351120587785727e-06
5.886800048777587549e-06
3.501712214020281862e-05
2.977062560423191949e-04
1.290421138212587897e-04
2.818655540341311465e-05
2.018925607802094164e-04
3.423742761474185374e-03
8.375520676453003868e-03
5.582390911296107811e-04
2.380594888753189962e-05
8.039436363314189440e-06
3.290121968241983786e-04
7.207251401756673524e-03
2.696929422930893685e-03
4.069317688642840915e-03
1.169788425626102236e-03
8.651755388299396611e-05
2.033063546515521117e-05
2.853475055143937022e-05
1.448325571316403401e-04
6.747057108380477650e-04
2.046077837542440228e-03
1.289994651747681902e-03
1.504815346689452596e-03
4.589303505264208383e-03
9.137519569837972144e-03
2.321788677019867228e-03
1.314812274668922427e-04
2.355328599819956065e-06
1.384958552607926693e-04
3.272862878302219836e-02
1.003246862355955046e-02
2.054358839621650470e-03
5.580322291706413772e-03
2.177218339146478557e-03
1.394188479008805692e-04
1.868240312968331388e-04
2.168798463999055751e-03
2.988628381757263940e-03
3.359797085210086253e-03
1.859920114246921318e-03
1.314749316955022597e-03
7.339346507678109685e-03
4.355066746515111331e-03
2.519217686514653963e-04
3.697361401952727343e-05
4.075120486091677917e-06
3.159662859550106369e-04
4.872590185336905799e-02
1.051101707805086015e-02
2.672305766432529241e-03
2.626925183077235236e-03
8.674417360040610194e-04
3.889949258442555735e-04
1.975489309416185522e-04
1.930589110133394399e-04
1.109031959006531672e-04
1.798592853200107144e-04
5.068554671540461982e-04
6.331867476541039839e-04
3.725145912510659501e-03
1.875235921121795428e-03
4.837536345397203434e-05
1.072126379751092606e-05
7.651131994677813674e-06
1.995888746880185760e-04
8.356158586441692765e-03
1.070832796558008303e-02
8.489298741499616205e-03
4.835663082419813081e-04
1.897677581120255227e-04
1.498565553278388912e-03
2.241211914256769364e-04
4.017194761112296452e-05
1.203821853718456679e-04
5.294825217609397481e-04
1.973225500626861473e-03
2.320469622500937433e-03
2.886110586784197945e-03
1.130064665475514823e-03
5.328634569536650894e-05
1.268710769099445881e-05
8.389554554262552475e-06
4.887962522891015299e-05
1.203985662302015612e-03
5.071499942913075890e-03
2.744930969531465554e-03
2.786833314401722926e-04
4.168929304779285723e-04
5.487396711925336462e-04
4.527433972629351115e-05
9.368839558878147382e-05
2.343698951782849978e-03
2.715795174327073624e-03
6.005270954304389470e-04
9.175259159967784090e-04
3.250144090076409389e-03
1.840881704404206129e-03
1.122356489986990461e-04
2.161437207228529130e-05
1.856242205720230387e-05
1.114767454099439083e-04
1.759836436734854744e-03
1.275207766262467964e-03
1.409815324956296598e-04
2.245195569358442134e-04
1.773817652140232239e-03
2.081080120686266770e-04
4.192494084242945037e-05
4.880541989071543918e-04
3.435413965623292272e-03
3.218509932423539461e-03
8.811262598488728672e-04
1.474145710538759179e-03
3.738430290720234830e-03
5.482214649613233442e-04
3.285117176010128722e-05
1.687075261631911920e-05
1.854460436636680109e-05
4.246144930242946863e-05
5.577190059292173267e-04
2.131939596231833666e-03
4.726244342838795218e-04
1.288120559067244667e-04
2.006125777142500242e-04
8.594212499680341970e-05
1.819391368991523272e-04
1.360154880722600022e-03
9.608230798730666832e-04
2.091214972708096888e-03
5.216477558191300219e-03
4.765059202255395032e-03
1.762828293579067227e-03
6.687257721051609804e-05
6.653709487253708953e-06
1.243037941207888915e-05
1.202253855953637799e-05
4.629125846526541322e-06
1.525523000368328852e-05
4.654954793589094605e-04
1.950860617930142392e-03
1.304734445777208651e-04
4.714149887009517809e-05
2.686486938045358160e-04
4.800484141589789308e-04
4.151430152436140757e-04
2.423600439920000423e-04
5.826892658199134484e-04
3.850136505200131825e-03
5.494539953388260373e-03
9.523520163082069062e-04
2.951867113748319141e-05
5.136905203128235946e-06
1.430864776917891756e-05
1.544302448116793483e-05
5.433640099909017797e-06
2.534712799256450242e-06
9.733082882293127172e-06
3.709715882377974438e-04
5.756884133966490335e-04
2.650408847412713174e-04
1.739752710935558262e-03
2.294609371060869936e-03
1.328057535470313815e-03
1.155494296715272760e-03
3.872281158589262369e-03
8.627794557389351082e-03
5.928915523285181559e-03
2.686624292839835584e-03
1.134429318790088163e-04
9.652347544703387584e-06
1.636517561422167136e-05
2.547274866491629525e-05
5.020915200047348025e-05
5.300759166285845954e-05
4.232654282474060907e-05
7.868022100029347125e-04
3.886698809462518344e-03
1.085690244717102968e-03
6.350916968418745222e-04
1.425036946655161563e-03
4.112966847714573035e-03
2.141620393269944283e-03
1.781565450472101172e-02
1.226143821032288014e-02
1.886515793162612262e-03
2.246255796407578727e-03
1.774150895267217782e-04
1.245350983298319132e-05
1.689139688724486876e-05
2.195149553040901051e-05
1.360469842016406145e-04
2.293033104180174780e-03
4.011381241887684856e-03
1.803600513440640736e-03
1.569002811536276661e-03
3.273820430688023208e-03
1.108684684905784619e-03
1.040669595743143544e-03
4.842825972838010924e-03
4.842581108165773529e-03
2.974861330905456680e-02
7.484424407141862697e-03
1.324134352197892193e-03
5.777952426805548847e-04
3.122857680795915018e-05
7.244991095101662246e-06
1.720422446539983648e-05
7.584827021872767791e-06
1.893844799329773605e-05
5.687956823674695812e-04
1.902905696149991910e-03
4.328271166329162103e-04
5.731090344675793214e-04
1.586979159000444402e-03
1.116864823055070460e-03
3.626923531408515495e-03
1.250587920886097465e-02
3.399118475903147724e-02
1.841127261896928144e-02
3.619098002579772830e-04
1.112071893596506346e-04
5.701393523034687847e-05
7.852492390390247899e-06
6.491583923102156456e-06
1.918745968068391976e-05
5.425939008145012095e-06
1.609253524870760417e-05
2.201247481057813790e-04
3.422574102658175747e-04
8.152480282737515835e-04
1.922279237594528081e-03
4.110125064218743667e-04
1.749620086393609188e-03
1.251477271080579830e-02
1.665620429119196591e-03
2.148310784588232120e-03
5.047350145775818427e-04
7.693495912856107745e-06
5.124704879310217188e-06
1.040561391260026813e-05
8.233860601619094445e-06
1.053076568642844988e-05
2.234888198789857533e-05
1.782807208410634286e-05
4.060584826351177376e-04
1.133483318034452132e-02
1.007198066182480103e-02
2.090367306320833202e-02
6.398981754998229500e-03
9.026867218754576136e-04
1.054818948094157424e-02
1.468085738580709228e-03
6.865697407223601226e-06
1.351553162782956806e-05
2.631090783428657008e-05
5.656855795874862055e-06
7.648053665355298601e-06
1.731300066899306097e-05
2.039245348783161392e-05
2.221209009431423501e-05
3.341081118209633438e-05
