1.218783989499398945e-05
2.270440751982737181e-04
6.974187674615633069e-03
2.845653072936420429e-03
2.892233295079234181e-03
2.172694334180608720e-03
3.491420410500526111e-04
2.300492563878212308e-04
4.598940336754532798e-05
1.310238051183304530e-04
5.369933436354948423e-05
2.501562325536533888e-06
3.396904318284242900e-06
1.324960384612128319e-05
1.926928731134516394e-05
1.831739249535221635e-05
1.844107679237461559e-05
2.754172324108578073e-05
4.274318203629682554e-06
8.389061539239497250e-05
5.272401646512815850e-03
4.786444894234219601e-03
7.423118158020852730e-03
4.051365185619136729e-03
1.489847825863114964e-03
7.030500168915597078e-03
2.609086045272498901e-03
5.641156303325010543e-03
6.244018389300291924e-04
3.456777012231024559e-06
2.022511279158207177e-06
7.954707014843475911e-06
1.082637645753605057e-05
1.039851964763656756e-05
1.116619436038370995e-05
1.854796169913581008e-05
5.785511610381099922e-06
1.718853839702431995e-04
4.649000459508985036e-03
4.340298831365978151e-04
1.239693689397658959e-04
2.523131402343036563e-04
4.266068169047111409e-04
1.165460795433220700e-03
1.071496180414712590e-03
3.438899447978704949e-03
4.637535929080722867e-03
4.418805668150633278e-04
9.557274205533444202e-05
3.003874132547699045e-05
1.066785627189348111e-05
8.476510899410957421e-06
9.742436937421071664e-06
1.758560783504555298e-05
1.089348563509604809e-05
2.035299930124769160e-04
1.918221715400968185e-03
2.115892049762775791e-04
6.239342023131422114e-05
1.838107724668597818e-04
6.749010595246966900e-04
5.666554328753916746e-04
3.578813812815134668e-04
2.832372566974169430e-04
1.943990967949534151e-03
1.240753264169161020e-02
1.885536453174250018e-03
4.965174641996209653e-05
1.291011557750503528e-05
1.243465688265083958e-05
1.034138405261238106e-05
1.704434011858706717e-05
1.136568931011300421e-05
2.091131097677282271e-05
6.730819684833624244e-05
4.285048392274291027e-04
1.635243411105625436e-03
6.159405580020580135e-04
1.155033980605517331e-03
2.344772433357371864e-03
3.975539302597993693e-03
5.704010268373137325e-04
2.682016378537258679e-04
5.436189876575550986e-03
3.207365466771045642e-03
1.224923958152194191e-04
8.661008916700961764e-05
5.783758258287608080e-05
1.487285446634186349e-05
1.682359212639161783e-05
1.130893218008437517e-05
5.594591396572520051e-06
8.862536993395680535e-06
2.071701887428287496e-04
1.865038908998625572e-03
8.404917069294324866e-04
2.977574493602972491e-03
3.893179803771404986e-03
5.055525144534099048e-03
1.880171207148816906e-03
2.600029701982232012e-04
1.779000020102957475e-03
1.151692226747365148e-02
6.045372335635935089e-03
1.480592808975010870e-03
8.434025406342589184e-05
1.028542414760955059e-05
1.519794388143496163e-05
1.431509800748313535e-05
2.630831374573445672e-05
7.976546164095928463e-05
8.522627244655431723e-05
2.933604725727196344e-05
3.247217054293975236e-05
6.080430257927400741e-04
1.319925596728215456e-03
1.089433529949037456e-03
1.793842265809528387e-03
1.015765739410149499e-03
2.185154943609304108e-04
8.781395243940363351e-04
1.633813509553557614e-02
3.832103134190580854e-03
3.571039099469641996e-05
4.457551365980889534e-06
1.286763661399089216e-05
1.424308977192641296e-05
1.373314231104590805e-04
1.917899523645307490e-03
2.593845967245889399e-04
6.450960513491012252e-06
1.531069041018791378e-05
3.793063070359202786e-04
7.099700929419847095e-04
9.635673520560946977e-04
1.792582090825543296e-03
5.148038555845074575e-03
5.559757132847835620e-04
2.353819049532385134e-04
2.840012167432992649e-03
3.965768400533037884e-03
8.556329728206377356e-05
5.419745544923950319e-06
1.232489341729293839e-05
1.070895833145182772e-05
1.029055644365192300e-04
2.926424326656440998e-03
2.036282583478484648e-03
2.091281242217506099e-04
5.170897919586764629e-04
2.910936329365253639e-03
1.452538574541524779e-03
2.088418611136673691e-03
3.945843516504904261e-04
2.493264461599344821e-04
6.079712413430698884e-04
8.606640431508039190e-04
1.054576499389001283e-03
2.794968526865455449e-03
1.859112908081418658e-04
5.948153901299358839e-06
1.021835073968962246e-05
6.035957573259188313e-06
3.960618728992753104e-05
1.595666574317172303e-03
1.122828032882364213e-02
6.692149732864880428e-03
6.512236845651916788e-04
1.334224784529666828e-04
2.184057229492712693e-04
1.369161081524052298e-03
1.472249547087780424e-04
4.257785637229237030e-05
1.570864369742544086e-04
1.577608035087656342e-04
1.887870880822581691e-04
1.278274497845631940e-03
1.325501987019167332e-04
4.212403940178623154e-06
7.713301061284580888e-06
3.940414974243645535e-06
8.769878709053989291e-05
8.771869607639298100e-03
1.960908778001649658e-02
6.802418426209321488e-03
4.700965821048999063e-04
4.310469297640669178e-05
1.501376976236678748e-04
8.151189175760412825e-04
3.578128860340996009e-04
1.896258394448914345e-03
2.817780714744955260e-03
6.215409867828907938e-05
3.300477614266374729e-05
8.028416792480402939e-04
3.313144435150322423e-04
1.314593138114888215e-05
1.015372810332309549e-05
8.755546554075989405e-06
5.229305017606050796e-04
5.041837694118950913e-02
1.887148257931089285e-02
4.171531278291659706e-03
3.788890802561832583e-03
2.456136965009394265e-03
5.406870990787515652e-03
3.125277766481353737e-03
9.574614686833839323e-04
4.828307872510731631e-03
4.169765594507691096e-03
7.836322287431704634e-05
4.951582881893336216e-05
1.668182961703998379e-03
2.038105631712584277e-03
8.557311812901064450e-05
1.902174486209195117e-05
4.935745874657363499e-05
2.119730437340866004e-03
7.886537677423853532e-02
3.943284467230264573e-02
1.304209529749608860e-02
1.160482522117071112e-02
5.202708838551426546e-03
9.145875930859179159e-03
2.499423658131870365e-03
8.053387145539313849e-04
1.042814362217269614e-03
6.317519882965831916e-04
2.184154341671922580e-04
3.502366846369121302e-04
5.136426290579224237e-04
1.468126047759613420e-04
2.728370377442982571e-05
1.742916642130821410e-05
7.817514503127789718e-05
2.513717870694978304e-03
7.573583613292562966e-02
3.839519737017450113e-02
1.310259942142431855e-02
7.591667205387769152e-03
1.121947540092679222e-03
4.594467539295352815e-03
1.729123886098085042e-03
4.243152275333059230e-04
2.094283055336794777e-03
4.364316155840482041e-03
2.350953045053191890e-03
1.439358192374017497e-03
9.460916165669356693e-05
5.502565844707732268e-06
4.664693233113137249e-06
1.430286907894443809e-05
1.296159520207830468e-05
7.105554331708685350e-05
2.534529721363066711e-03
1.170152743395460118e-02
1.375725243830240238e-02
5.273223489821155484e-03
9.730344945394088898e-04
4.448876493546299361e-03
5.808447836746542066e-04
3.559223481235805522e-05
2.104997877664539080e-04
2.240656161083728979e-03
1.350636575916251431e-03
2.150756497699470862e-04
2.371408820345985267e-05
3.754892175381213031e-06
4.114912924240314323e-06
1.556691691115081255e-05
8.017499051162971626e-06
2.539310234626989928e-05
5.695488663365974201e-04
5.407416584167619618e-03
1.169755485488840029e-02
4.543672317971319749e-03
2.451985033319406104e-03
1.864914404977498870e-03
2.139134071000121039e-04
4.864116332495495065e-05
3.278094260962663214e-05
2.645236013214663767e-04
9.625642147430124975e-04
2.746926071356857934e-04
1.722233535052234061e-04
3.039841979500838235e-05
6.060280595027274714e-06
1.347401800344749117e-05
1.420531264804593322e-05
1.056201084469168198e-04
1.473981850653655447e-03
5.136867367067050189e-03
8.421997155725427855e-03
3.110009477542150305e-03
2.262433096332591969e-03
6.721929234222825999e-04
4.121605292365147582e-04
1.284016999632001327e-03
6.164424893303926435e-04
3.870747349605240277e-04
2.383352827677144635e-04
4.588865924540999771e-04
4.073244579508274003e-03
2.925462678403671006e-04
7.949597402229152673e-06
1.108703562341338601e-05
1.459393452810757238e-05
1.454567910690618708e-04
2.849173041845498838e-03
3.727516684802318313e-03
2.090796990236146787e-03
1.368772153104144251e-03
1.543969486439043413e-03
2.325130839175060943e-03
2.823729479582561680e-03
2.652156254048235271e-03
7.621958850083701206e-03
1.438250195997262332e-03
8.186722970065773975e-05
4.565805023033992827e-04
2.400075607140505184e-03
8.468204583471122988e-05
5.375665101653083979e-06
1.177597649404067543e-05
7.933794960288723561e-06
3.569674589750378797e-05
1.818254075627375723e-03
3.991534030757519502e-03
1.004535775856744279e-03
9.237497584981227850e-04
6.785187475111044723e-04
3.518392237078926763e-03
7.622444561312635182e-03
2.410746847182367297e-03
6.319945940412842640e-03
9.074088900036230559e-04
6.918729917178274933e-04
6.488994726131311862e-03
4.164712891271321387e-04
6.274419588324008657e-06
3.530437233915733217e-06
1.486268600722566120e-05
4.688699918058059467e-06
1.846811523690835733e-05
1.347752557373995720e-03
2.239081426990600400e-03
1.293572041707644440e-04
7.701505407254656413e-05
2.546589628206254196e-04
1.925793826284632158e-03
1.495856118733210598e-03
1.287080922501596938e-03
1.988038216013287250e-03
5.824259845112243024e-04
6.558521544660768192e-03
7.856869671853549189e-03
3.631803455141197724e-05
2.002112961581200306e-06
4.743344455892771009e-06
1.850030077272968879e-05
3.270487542958483619e-06
2.299744397535831547e-05
7.555863584783158648e-04
6.228637587116493636e-04
2.233647480617470459e-05
8.571694649912708485e-06
2.001449249383891989e-04
1.768752820703853139e-03
1.361167663300057553e-04
1.190094635667098650e-04
9.152865325733170083e-04
2.600828246426553116e-03
7.602801688160520065e-03
2.829040542848679425e-04
3.341567081401919069e-06
2.361342157229334683e-06
8.279687299058638704e-06
2.024145039456551681e-05
3.687850916423659917e-05
6.412745634092434669e-04
1.652339571807825980e-03
1.532074341981989841e-03
3.456941893794456249e-04
3.063160213456264105e-05
4.453934329134211852e-05
1.114993029200295524e-04
1.932506101100123241e-05
4.842037716239815603e-05
1.485414577946801750e-03
7.457792337128380314e-03
2.301045950399294247e-03
4.169979000500899651e-05
3.284242579502858279e-06
5.292432545089615382e-06
1.139275541026208749e-05
1.968870770649239958e-05
3.428775833914055548e-04
3.453126414905817974e-03
8.354796941182656604e-04
1.514701315695839504e-03
1.361651667956256459e-03
3.964432550031204928e-05
5.341043873411754145e-06
1.846966715391563428e-05
1.138038189589524190e-04
4.878827458293972944e-04
4.250482627691490236e-04
1.510833987564411595e-04
6.624477877962383547e-05
1.659587365694860061e-05
7.630964839351547801e-06
9.447642419086754603e-06
1.170530424884313885e-05
1.816822215896524834e-05
3.727658435536388868e-05
2.784107417610318688e-04
1.090678216261103516e-03
5.020151434931663208e-03
1.638168617539958365e-03
5.764396088323062541e-05
1.449508087743013044e-05
2.099475053374196562e-04
4.821762882509437326e-03
6.540992472484740382e-03
1.522515927593063234e-04
5.277588080055468000e-06
4.959891915419656694e-06
9.122268071966849784e-06
1.084552629286043284e-05
1.127844042211912309e-05
1.156229048727545780e-05
1.821630176320916390e-05
1.178044877759934031e-05
2.761518671380169690e-04
8.903146465418171687e-03
1.156185402930420131e-02
9.520207180592418772e-03
4.266683892037295874e-03
8.903313906345792193e-04
1.461670189739649539e-03
7.769041979824250783e-04
2.012323046749679809e-04
3.312443054055658561e-05
7.433302291928290084e-06
9.645778093242716534e-06
1.689433675109552264e-05
1.914180113709796745e-05
1.817529181698521984e-05
1.827688736060298854e-05
2.731844007183605987e-05
