2.003160858863821986e-05
6.205193076937311029e-04
1.042560435793340968e-03
8.372756316756443636e-04
2.679623059810652859e-03
9.923149702452086114e-04
1.074637944458324296e-03
4.173808588972213220e-04
6.143304580207929863e-05
9.382289424451304775e-06
3.008554795009933903e-06
6.227537377816757070e-06
1.432018056016790853e-05
1.540501758308571617e-05
1.260783916976446239e-05
1.106175769180490879e-05
1.203875385913953879e-05
2.162078189628724171e-05
1.934890394960023111e-04
2.937768506967931934e-03
6.251538781111399363e-04
2.546919170220100087e-04
1.665430164495005695e-04
2.013703761511087263e-05
3.163257494273703313e-05
1.730979805649817099e-04
1.261499514401600869e-03
5.221025174732614894e-04
1.385149801150925225e-05
3.033554927129487338e-06
4.003901393422812778e-06
4.764654101635331183e-06
6.376465224926935168e-06
8.640318528812796268e-06
6.959602045847026955e-06
1.014420551316048669e-05
4.664751636605625956e-05
1.448481074802126839e-04
2.548664790231355793e-04
1.014891498318705931e-03
1.557924058894340441e-04
5.192880616858014584e-06
1.938378857050822619e-06
6.888547184240560157e-06
4.577928282927376719e-04
3.111344105825602450e-03
1.114755956359641886e-04
5.976695019899624085e-06
2.633094167212265137e-06
3.338086052746176391e-06
2.345008694832249153e-05
1.332416606665979880e-04
3.442859387878821772e-05
9.772192563462778599e-06
5.608567240103496132e-06
6.690922549783868983e-06
2.514703803814882801e-05
1.237940797145274468e-04
1.276501336764294763e-04
5.778665861728585700e-05
7.190155322790306015e-06
2.379669552768627702e-06
1.474843509246792041e-05
7.724125090016308731e-05
1.055486462839741181e-04
1.148852992721387364e-04
5.201523622010365412e-05
3.135762725651829695e-05
1.844023668457164702e-04
1.348431017833606532e-03
1.564070965392410197e-04
1.297204631032298649e-05
1.696654743558336547e-05
5.689891862865977028e-05
4.527754873511950453e-05
2.573387898665202480e-05
2.564779515155846037e-04
1.417778434274719447e-03
1.374186363064896132e-04
8.139030986378509422e-05
9.383024206551325152e-05
4.794429431064588899e-05
5.201940579428093779e-04
4.947380637511865700e-03
6.331423068285157128e-03
1.672068624932593166e-03
1.740352177413672101e-04
8.997104950735948482e-05
3.032928207624329759e-05
1.158881909995806355e-05
1.211807143337506951e-04
1.874040839804045743e-03
1.535806726985906607e-03
4.555410248028649023e-04
1.507587643578783268e-03
2.155362483978707448e-03
2.672452772548555150e-04
1.619463639329664969e-03
3.352643659950421337e-03
5.093742470217714653e-04
7.431939660035275603e-04
1.045721183620895939e-03
9.236908519557286354e-03
9.595489326849757777e-03
5.568515730454718857e-05
2.630567497183319108e-06
3.727975953524329109e-06
1.106060524212191238e-05
6.493819833584143727e-05
1.310824048876983771e-03
4.992270161258019999e-03
2.691578875910302215e-03
1.118279363383991101e-03
8.433842996263111493e-04
5.729743076028539616e-04
2.201920878101923645e-03
1.927374765421081262e-03
4.456122676224407711e-04
8.352485164747000263e-05
4.236539183830216669e-05
2.163741140169135688e-03
1.584409630624011162e-02
2.663319083243182893e-04
4.924893008384516644e-06
3.327056249266942315e-06
1.331685656075716731e-05
3.399186049106941743e-05
8.355552571758595795e-04
5.053264273735144814e-03
2.632553191131664898e-03
1.286577718431737832e-03
3.092669436166005370e-03
3.508183327975345454e-03
1.161653817357529003e-03
6.095657780365340258e-04
1.055817789234789845e-03
2.622453049645689319e-04
2.008885262120639181e-04
1.471315031089757671e-03
7.324833736710836644e-03
3.582138054632995079e-03
4.598927888112517307e-05
3.111326594106936091e-06
9.652777275748406950e-06
8.194457443420868263e-05
9.904728661114341453e-04
2.156053788198828477e-03
3.753266219894773725e-03
6.568623541644587685e-03
4.224276910947626258e-03
4.898110952452424012e-04
1.190319974071278700e-04
5.545410018960109924e-04
1.603184302429461802e-03
4.804710741741372655e-04
1.080082935011843562e-03
6.334479058249385848e-04
9.653350628428156947e-04
9.744719965915757745e-03
1.307260487540901561e-04
1.342046640197415869e-06
4.304343889379790820e-06
9.251051424966706726e-05
4.963232057223082323e-04
7.553725568021052135e-04
3.262957302874072100e-03
5.463701763116190525e-03
1.296512857288021486e-03
1.815742746510865620e-04
1.639582936758805342e-04
1.156458883278174308e-03
2.314673969876261065e-04
2.035292445616829801e-05
3.707988971095351328e-04
1.558832203659380605e-03
1.475659045387898560e-03
1.264190262923502867e-02
5.425421885745862005e-04
4.011106861542606577e-06
4.356748265926214645e-06
4.654497901947100889e-05
1.239071334814539384e-03
5.413226336636436757e-03
2.419889882293088136e-03
2.142249095077049682e-03
3.245465231687504146e-03
8.815921211361020700e-04
1.233531034082646540e-04
1.583183069237409910e-04
1.652056878281876778e-05
7.527694696881363588e-07
1.663578847140081285e-05
1.205459863159984114e-03
1.492189764398648647e-03
2.355247873498292777e-03
1.534322673972498543e-03
5.090161173272138284e-05
9.018533451558577183e-06
2.567988166722400810e-06
4.332562079594938368e-04
3.357374712918820281e-02
7.394591561450726894e-03
4.158427145572940985e-03
7.866708463221041420e-03
1.407977731787636057e-03
5.427928621801609139e-05
9.130821690095042103e-05
4.764921316079692644e-05
1.205149950731307328e-06
5.971189835915980766e-06
1.141468642068688881e-03
3.781455073241440229e-03
2.439034172357557127e-03
1.744564062866528487e-03
8.730274988988621519e-05
1.600489054177685474e-05
3.359535149396518679e-06
8.208231085029757401e-04
1.055091624634714731e-01
5.114745523442717351e-02
2.549078388513959653e-02
1.889817181119625086e-02
1.108214148420403125e-02
9.976315035623059112e-04
1.169193044877573024e-03
1.882862084620281172e-03
1.613697263766705021e-04
3.970472360597481192e-04
2.700233918692271796e-03
1.453303686558933810e-03
3.909202178870055562e-03
1.750136094908744284e-03
7.118204788634680826e-05
1.432823887430990462e-04
7.596413334332115968e-05
1.060189486697975594e-02
9.829967578563283959e-02
2.672660004027882855e-02
2.323789898034510359e-02
9.157910206696394384e-03
7.512186159420841669e-03
1.374128051209240042e-03
4.522122901732245461e-04
1.926456661608427550e-03
1.820819484788942493e-03
1.419171594684818421e-03
2.518638116349470333e-04
7.865158690021208055e-05
2.690969440408701348e-03
4.598155619197702264e-03
2.798382469589573798e-04
1.396153336655929934e-03
1.304731911437482996e-05
7.769046294355672804e-04
1.292045361049942373e-02
7.295831786415772797e-03
1.333233864216818582e-02
8.401465740021310177e-03
6.956237704466903746e-03
3.637690190132525023e-03
1.012393747286005098e-03
1.160661069314980736e-03
7.294837415911813215e-04
1.550862481903896527e-04
3.096359082845797088e-05
6.654515386004934241e-05
1.294328903238566595e-03
2.570714240938358226e-03
1.809320642543952565e-04
1.613294154184326040e-04
8.008529593675933085e-07
1.501531380992059739e-05
3.539135361323031501e-03
1.554332747016607362e-02
1.100473824334468644e-02
4.265444072926003090e-03
1.838039855698372265e-03
2.421753150481728220e-03
2.384886948195458038e-03
7.197058092586089721e-04
9.977278856489115322e-04
2.160189610878422359e-03
5.588853841479045261e-04
6.796995094607566476e-04
1.771752243736920539e-03
7.832359177632004701e-04
3.226903706809703770e-05
7.603075015347367994e-06
2.361067954680264596e-06
3.741044891088428451e-05
2.856202655230520842e-03
2.638958294999736720e-03
1.497621758829971060e-03
1.149129888510196009e-03
3.447633762870981524e-04
3.448988358142290292e-04
5.653190548839748600e-04
4.052251962156916409e-04
8.868052883310320687e-04
6.650480299957659686e-03
1.707325783756892925e-03
1.344633557871354823e-03
3.747096275642368413e-03
1.315115732431592537e-03
5.961766383656394756e-05
9.259770566363355966e-06
7.421863827143895870e-06
1.528625417442513752e-04
2.224658931254513191e-03
4.915397338069364772e-04
3.734382081888793555e-04
2.655766468126290712e-04
2.392035090447157831e-04
5.176670643676219933e-04
7.247833120419351540e-04
1.840735752393158221e-03
5.459732258982281277e-04
3.723960099585115987e-04
5.795557002303634289e-04
4.618998860679458286e-03
2.337194306283731787e-03
1.287725303982744881e-04
2.445785207723602211e-05
1.551735808288491148e-05
9.797175119408113220e-06
7.367966323467636401e-05
1.210993248613921386e-03
1.681125846250426615e-03
1.110737389982154738e-03
9.813773793565287674e-05
1.080657052682156981e-04
5.709803925278283954e-04
4.653732568170409318e-04
7.975726764890540919e-04
3.134925023177390123e-04
6.310217932934136537e-04
3.059433393010092209e-03
9.247425904502813016e-03
1.837814327338993536e-04
2.288213213534396404e-06
2.832766363780927812e-06
1.232109063165096184e-05
9.043735882222525731e-05
9.343050389951204670e-05
4.456512266336422248e-04
8.165433143407049192e-04
2.098426233616386622e-04
2.364666694818304897e-05
1.444478708797576258e-04
2.934857326992313352e-03
2.224393230822433939e-03
6.223396573314959488e-04
4.564813897062620072e-04
6.643765696744746360e-03
1.246021482896273770e-02
4.550626821581072595e-03
5.996088131916498101e-05
1.185434612154922428e-06
2.325732454920102049e-06
1.341563470604185215e-05
1.576512675604488118e-03
2.198474408128913652e-03
3.452905636548443333e-03
1.016277496323849967e-03
3.184272787861539716e-05
7.084671584654707717e-06
4.438876712389235214e-05
2.086845317450004042e-04
1.491962330081208945e-04
1.185290189806554158e-04
8.594062602050632840e-04
1.164506558158279366e-02
4.161697881400860076e-03
2.584975332892423035e-03
1.862639668275720107e-04
5.149627342916913247e-06
4.663180085388530792e-06
1.550568311012839789e-05
3.380650277274023746e-04
1.452834181628383844e-03
2.410290831719196815e-03
6.583469238299542422e-04
4.627378871097032937e-05
4.417356513332092351e-05
3.221597359081237625e-05
3.947951775226317269e-06
4.348180145588692569e-06
9.614431560692853743e-05
3.452238056731196398e-03
8.793016865455921191e-03
1.086827897303400264e-03
3.509216362860518657e-04
5.057829785499467243e-05
6.170331290258065347e-06
6.433404854000332171e-06
1.567500945434497581e-05
1.153200703332014317e-05
3.699248176324430919e-05
1.412248878703389790e-04
6.261962968582686319e-04
1.038623560942140197e-03
1.196228873578835490e-03
8.939108022202300625e-05
4.173226229012438130e-06
3.845018335423997999e-05
3.961253279952219909e-03
9.680388373100314373e-03
1.602630097598139710e-03
1.727104588813273235e-04
2.177454899562279836e-05
5.441575775052917139e-06
4.440151247952846138e-06
7.394879951863181559e-06
1.512366179283684911e-05
1.157747698001936957e-05
5.033631623047080561e-05
1.464579546042003313e-04
8.790881678428998265e-04
2.914618646812228674e-03
4.584351354724459080e-04
1.330922624289800622e-05
4.197045753329260406e-06
1.829029363757538225e-04
5.207275791735587606e-03
4.535091436743489456e-04
2.735286070224948450e-05
1.332100720114455739e-05
6.371281680314016209e-06
4.770534242686902022e-06
6.615396257665590535e-06
9.013224250488350106e-06
1.532314562340963095e-05
1.311763156063247039e-04
3.699373698780964673e-03
7.606105102539784113e-03
1.744936308052673097e-03
2.657252270701121379e-04
1.557915880551219852e-05
2.320026810730241793e-06
3.596942882579739994e-06
4.109864379209512633e-05
1.268605188684426659e-04
1.183203692311957709e-05
3.289859794413900631e-06
7.415460541897377509e-06
1.209439885566755552e-05
1.393945489854128686e-05
1.508753722591473269e-05
1.553364744359834245e-05
2.286573153779501309e-05
