2.021283789464091709e-05
1.453757749657629586e-05
1.357626216233215857e-05
1.394305190971542637e-05
1.447740760222664137e-05
1.461684238081720930e-05
1.459765365636004791e-05
1.462591605883025707e-05
1.453447937980347870e-05
1.444280403125975190e-05
1.441961923124519906e-05
1.441746077237518819e-05
1.442735528589526515e-05
1.445381663389300406e-05
1.440673587445758495e-05
1.416227789015930145e-05
1.474755684127935791e-05
1.970787498065227646e-05
1.177655773445629096e-05
7.101982733166771343e-06
5.619405192721352872e-06
5.153472830327560126e-06
7.206548672757966488e-06
9.276494419987361969e-06
9.489913587539546252e-06
1.001335964857558332e-05
1.029735421972607064e-05
1.024547378996329086e-05
1.021235742305810654e-05
1.016053799904398203e-05
1.012855418005857499e-05
1.015062441714820516e-05
1.011812327652159855e-05
9.890195271176283734e-06
1.034322306383386396e-05
1.474789054125449461e-05
6.815981179687407114e-06
8.876815141499737631e-06
7.519534807248005651e-06
2.959614411141824950e-06
7.087808896201658437e-06
1.127259671930254400e-05
6.826545368260372871e-06
7.800651914048768314e-06
9.561118701960972220e-06
9.709851743471530490e-06
9.941621459687901554e-06
9.951133049343406883e-06
9.786582154149257252e-06
9.745196035849336462e-06
9.714668502555133338e-06
9.484870847154720989e-06
9.887612478911901004e-06
1.415847598766416391e-05
4.865761322946035164e-06
9.626136624380655503e-05
2.721528324324818380e-04
2.928858512743055551e-05
9.375047310695851872e-05
4.438664075813976911e-05
4.162791274792020365e-06
6.871244262715405093e-06
1.054214464276610762e-05
8.208517739870415639e-06
9.151247761013117657e-06
1.032718143718850664e-05
1.020755226392103361e-05
1.001599384317731715e-05
9.948573601417422263e-06
9.718001057571548911e-06
1.011484706948343101e-05
1.439731856281697893e-05
4.712644674600224116e-06
4.879536603281146791e-04
7.081701798913223912e-03
2.061099514843679672e-03
4.983215103495179481e-03
2.253066258997133385e-04
7.751459938844630306e-06
3.816782451998301264e-05
2.324468943032283175e-05
4.336526817056640334e-06
5.557533629065623518e-06
9.413078167777739539e-06
1.032495435467047533e-05
1.013211678266992010e-05
9.998136422115638867e-06
9.754383769194796441e-06
1.015683711176805257e-05
1.444632443347182623e-05
2.708452370203920349e-05
5.486124919836392376e-04
6.734406915413800390e-03
2.298134353740660316e-02
1.732100055200475053e-02
1.179926054495656230e-03
4.552221716785185418e-04
2.694996233367611543e-03
1.336946699489615796e-04
3.460716767112698270e-06
4.008313945129940248e-06
8.317032425528630236e-06
9.981881194498474927e-06
1.017075564356918181e-05
1.002463458080365998e-05
9.734028902103973631e-06
1.013597053504528024e-05
1.442904898039652625e-05
2.482240651420818470e-04
1.327193849407218990e-03
5.306485901603642981e-03
2.419822272502643659e-02
8.124033601036121169e-03
6.393056560855176797e-03
7.012831756463473211e-03
8.089976656263047836e-03
8.966321471310101376e-04
5.630715952747021471e-05
1.767178346703444735e-05
9.695857436919496581e-06
9.138626110992812511e-06
1.011711837800641759e-05
1.012954521941947018e-05
9.743162282754605057e-06
1.012355363452541379e-05
1.442397527311449924e-05
5.341601793629100040e-05
5.172720670294793420e-04
5.843069266709024871e-03
1.216789674129196974e-02
3.142287003047721915e-03
4.041988543778659952e-03
1.082040655855990435e-03
4.086509193602173352e-04
2.864340542349480805e-03
2.637122815302364674e-03
9.325438979834026491e-05
8.374232824361191649e-06
7.083212857256338167e-06
9.704135359914300936e-06
1.028042908445552237e-05
9.799572727508152020e-06
1.011890031148423410e-05
1.441796395928423385e-05
6.588116044722729000e-06
1.517689035471636171e-04
9.180512274336936895e-03
1.676659491377676531e-02
3.262307456706605140e-03
2.339749684599900115e-03
1.643052889278032603e-03
8.614518078184581250e-04
5.792199820229435199e-03
3.388304983621822416e-03
6.670331568758577445e-05
6.314714670006871909e-06
5.697225257475669023e-06
8.771251475236081251e-06
1.024978209820496478e-05
9.900081077225210128e-06
1.013832229851495387e-05
1.441115135853673357e-05
5.517245271397092314e-06
8.243746012353088046e-05
3.047593993459789610e-03
1.171917370508273985e-02
1.208226038038899032e-02
5.458386662531496646e-03
9.030050740206161525e-03
1.935602917680532761e-02
1.912306222587280627e-02
3.198985567108489619e-03
2.896107899216664215e-04
3.199416825828547728e-05
7.832323515255633085e-06
7.468779555031684982e-06
9.660908149501963509e-06
9.943801827291581292e-06
1.018235562129513081e-05
1.441276004814836059e-05
5.074096948859358746e-06
5.920357899632232459e-05
2.348410580890305469e-03
6.629432376474442105e-03
7.209460105208080963e-03
5.480399583029051634e-03
6.593328188138116927e-03
1.237664875675151786e-02
8.197119872633086557e-03
4.215846818061172278e-03
1.838466322324272279e-03
1.450147039247336655e-04
1.195482514423271047e-05
6.717879651185831052e-06
8.801916395128403238e-06
9.820493677416071131e-06
1.021121100732289443e-05
1.441752525489103541e-05
1.028665422588488472e-05
3.488096673041172374e-04
2.021239823342244751e-02
1.344435702033523923e-02
4.986625550281682806e-03
5.477745183704097950e-03
3.656808202689209707e-03
3.036693975388626669e-03
2.286242979266981269e-03
1.734383997509550152e-03
9.215581131066944223e-04
2.393843034349836117e-04
3.493748088730881581e-05
9.961408709490372966e-06
8.814256205665607695e-06
9.709670129903533363e-06
1.022525086985522856e-05
1.441314257668004504e-05
2.293186696552371889e-05
2.828676065186248780e-03
1.664020996388623774e-01
3.528200598938323329e-02
6.820662598739508399e-03
7.200051518000632686e-03
6.296599747348919675e-03
8.753645825436513414e-03
8.121871801204256711e-03
3.272481970607950177e-03
4.026791272683351644e-03
2.076103467823241667e-03
1.027849883875228926e-04
1.172682882534059868e-05
8.739037908469585294e-06
9.817873186608084513e-06
1.031751131433871838e-05
1.441779385230828059e-05
1.074000531895538339e-05
5.586530280558271852e-04
4.815627179722953982e-02
2.003258446251562214e-02
1.041226612390617296e-03
3.205728286380774700e-03
1.230319569373966061e-02
7.919747596709311721e-03
3.054019109294174670e-03
9.221938359483741873e-04
4.464073130288918369e-03
8.461016041460754341e-04
1.140829970650049577e-05
3.668677314329799263e-06
6.869945420205334425e-06
9.706826814591171436e-06
1.047093942464281569e-05
1.448125055464818492e-05
4.960024471923941980e-05
2.346311500410291722e-04
2.344324904546260437e-03
7.309487320051091461e-03
9.060627457143724268e-04
2.879267541334973833e-03
5.567724446886144866e-03
5.351604947691098596e-03
6.341339771999215946e-03
3.772550822395739890e-04
4.662360652755316972e-04
5.393680504916768966e-05
2.385228767893981342e-06
3.046362970113504847e-06
6.041962700126259294e-06
8.557945856263606978e-06
1.036587575427346296e-05
1.462532128374652125e-05
2.627612364707264912e-04
1.181377543665988478e-03
3.289339410607110444e-03
1.317526136609743249e-02
3.124231933482720693e-03
2.411363313417557233e-03
8.160128445393296029e-04
2.826746829371058582e-03
1.903613640931862624e-02
1.622831087541393765e-03
1.865283659122995898e-03
4.358729183488694063e-04
1.068345690100121773e-04
4.736579875483112152e-05
8.515489172011342765e-06
6.596197668679893927e-06
9.806984826902656003e-06
1.483303706550872650e-05
2.880321755143353817e-05
9.021597025832178750e-04
1.093124829315262996e-02
3.847627252865849952e-03
9.160882835141762352e-04
3.802847519925860436e-03
2.346906543963597856e-03
1.283288270486481137e-03
9.344947989034971909e-04
1.166113369028727803e-03
4.689967477680050643e-03
1.324139248180609529e-03
1.734697649654395272e-03
3.159623267171594386e-04
8.576446234917265064e-06
4.700338752709748057e-06
9.064532732208995146e-06
1.505006209388307986e-05
1.572723753884378242e-05
5.033006039096847746e-04
5.654921847584092574e-03
3.760986137405354472e-03
6.833779108376315629e-03
1.375361668539283079e-02
4.424090151682325868e-03
8.843948080523714780e-04
3.028273708299301643e-04
2.062365258809771389e-03
7.623794602253851317e-04
2.660822272304555936e-05
9.870603493473506344e-05
8.498867965322594493e-05
6.135079870379212376e-06
3.959119708356516006e-06
8.265824801223862537e-06
1.499702155136878171e-05
8.911423010913983281e-05
1.978284288432378968e-03
8.227160158967785838e-03
1.190123116592099566e-02
1.090095658459476480e-02
1.571901074085096245e-03
3.431383123101359057e-03
4.460540362207093129e-03
8.672144102415447770e-04
2.465187939765698614e-03
1.462151295944662298e-04
3.130050308210667740e-06
3.043875621531579923e-05
2.284367934401627942e-04
3.129341905539372492e-05
6.183181931910310689e-06
7.556231520936182061e-06
1.447320547693506142e-05
1.971607513689019141e-05
7.435777166590418295e-04
7.262684953640763733e-03
4.134832449870427980e-03
1.273026938644783229e-03
2.664298941314819009e-04
1.827591846137876933e-03
9.371430566307375164e-04
3.867026724157915433e-05
6.465083181394533232e-05
2.568252959648294214e-05
6.628034833413213530e-06
1.536055804018334641e-04
2.269990623571865093e-03
1.924440793522451279e-04
1.002128144866224056e-05
7.229481071730872155e-06
1.403241317302959187e-05
2.226615490385849832e-06
1.140625618907249408e-04
4.242162125599784755e-03
3.586832145858812743e-03
4.031098947511386511e-03
6.247814738062351658e-04
1.065563528753522442e-04
1.087959945635257717e-05
1.559990068964798972e-06
4.380085822821191057e-06
7.857937104407821478e-06
7.716634943407140961e-06
4.891236710792849009e-05
2.174886459213614298e-04
4.502287973143138282e-05
7.712851986965308802e-06
7.584915290667075068e-06
1.423739978508889506e-05
4.393854396899751999e-06
3.137409570829271404e-04
7.604485157212395249e-03
8.513656502996990501e-04
2.798331364427941313e-04
5.677200784373907707e-05
6.523583617545843985e-06
2.590772999769587697e-06
2.584224871817125355e-06
5.653707392383454670e-06
8.058472743926700551e-06
6.811119187359072654e-06
7.717014915100654595e-06
9.478075757898590976e-06
7.250771245332820294e-06
6.472192568214266076e-06
8.829992616245161462e-06
1.462064440249648938e-05
7.952407207446909694e-06
9.093819445226918974e-05
3.323853684933401539e-04
1.503724135695804539e-05
2.748229086387087763e-06
3.370382975628200424e-06
3.904830652411841067e-06
5.596682754696762569e-06
7.904097976936442059e-06
9.807520474884217756e-06
1.000598837996640602e-05
8.532055514190116759e-06
6.950703872342908444e-06
6.347209028640347708e-06
6.887130607585580401e-06
8.201542885048882889e-06
9.846408464042068391e-06
1.443364008732826975e-05
8.181002690126277702e-06
8.167187726382985175e-06
8.216738986317682463e-06
2.792034707601272607e-06
2.175406645553726430e-06
4.552772075374176255e-06
7.868191683767318583e-06
1.008721363734324229e-05
1.082827906057561564e-05
1.074146405816890371e-05
1.053553480703123087e-05
1.027897473912360765e-05
9.859803212047178283e-06
9.638526153874714432e-06
9.860857896850966199e-06
1.001840001835058137e-05
1.053961560294445139e-05
1.482851317161016020e-05
1.613858947837495025e-05
9.681347197041842537e-06
8.307425438240140217e-06
8.565815682487337159e-06
1.082681820913741048e-05
1.402964787470311201e-05
1.534757802418323962e-05
1.515759844772901703e-05
1.471198811264281499e-05
1.444695551067735922e-05
1.442843467853103842e-05
1.456177459891226088e-05
1.468800078316466469e-05
1.474648048302583260e-05
1.467133164827045345e-05
1.432773527922960080e-05
1.478750511176223213e-05
1.966334919436005740e-05
