9.242384222471808743e-05
1.049387867043363905e-03
1.450550071537602768e-03
2.042351813474043744e-03
1.081641487888139333e-03
4.251331209264571043e-05
6.085328618967637144e-06
1.038180561424851152e-05
3.360922016510442583e-05
7.116746222566971817e-06
7.975651913480150668e-07
1.555782848821137913e-06
6.988630247862578141e-06
1.107016931444247368e-05
1.003881355675497653e-05
9.312155223206279055e-06
1.049279829305008103e-05
1.864296623138599721e-05
1.525196885104772059e-05
9.440213730778026667e-04
2.396602820436997700e-03
3.902902347372235337e-04
1.665992393398673646e-04
6.028968349920059536e-05
3.885316857768343781e-05
8.059946950240817526e-05
9.980409596492816494e-04
3.121581058653164474e-04
2.279481951658836848e-06
3.192321294623901781e-07
7.703718152773752340e-07
3.055782641208719144e-06
6.283009390638044715e-06
4.952699419752796021e-06
4.677606945934686462e-06
1.063332614270964555e-05
1.891311376464986801e-05
2.010577594323222084e-03
1.090805498225156864e-02
4.201521481876384877e-03
2.519930902842788898e-03
1.933618705853472688e-03
1.445203138549461990e-03
7.938716737399048248e-04
1.997674947069402566e-03
2.834068989889090319e-03
4.511121808213068617e-04
1.800487540786112548e-05
1.174506330118082985e-06
6.873489242962907125e-06
7.013731402503864810e-05
1.916868601460204163e-05
4.858022670792851828e-06
9.533287640846921891e-06
1.474341827554979890e-04
7.092214770046728969e-03
1.117053566864817382e-02
5.779836332975253274e-03
3.880066184536263164e-03
3.654060459005625816e-03
2.529566537059161051e-03
2.003387114438446703e-03
1.313692826492142071e-03
6.461016488959552516e-04
6.338797520263010805e-03
4.880837922840664846e-03
5.404101954305565690e-05
1.116642351785699711e-04
9.297564022403160405e-04
6.233626849488280153e-05
5.347915655699602424e-06
9.195223356157648169e-06
1.102327941837312105e-05
5.831339184564925029e-04
1.209630610600490562e-02
8.387698104377011230e-03
2.334784700876569360e-03
3.172672823048546063e-03
3.640920865165543120e-03
5.588861967473911403e-03
8.387409685198422490e-03
1.198686221214418117e-03
1.088168485293505502e-03
4.617876320465888126e-03
2.276058503302817899e-03
5.331876139454273366e-04
1.517633156088618162e-04
1.637951719464415749e-05
4.248005354482389043e-06
9.252834571347563766e-06
1.767350832450820747e-06
9.809916578369040228e-05
7.420997774607238952e-03
5.994000815941059705e-03
3.509505204433386455e-03
8.053106317235190353e-03
9.941715546319316449e-03
5.626892074336075147e-03
5.853836789241347906e-03
4.522750555778790038e-03
1.384322357491073966e-03
2.092047526927654812e-03
1.003906695269072419e-02
9.633325414519557659e-04
5.825639724920953286e-05
1.638893913730565512e-05
7.010075285485587940e-06
1.118959884897108054e-05
1.750266850370249094e-05
9.416749812524871253e-04
4.751443935469939518e-03
1.207773757950625750e-03
2.560435670341427560e-03
6.817220254409066434e-03
5.221898942494397622e-03
1.820905842381078787e-03
5.442244596986202387e-03
1.003793931777832195e-02
5.841887476649514598e-03
5.107906017769506084e-03
2.890924254378650533e-03
2.433723905468797646e-03
5.508203056142762242e-04
2.769517635487672141e-05
6.317412494315466061e-06
1.136034311680776748e-05
5.328111694450658259e-05
1.601165817351598826e-03
5.074664281353196381e-03
3.459549616454319146e-03
3.585557389284385610e-03
5.071229773773269431e-03
4.331784411344447201e-03
6.674651527630129670e-04
2.939812369580939184e-03
6.902724940970079472e-03
3.296991031768145824e-03
4.288860883130155184e-03
1.040481562564544429e-03
4.995324898512539316e-03
9.531363568524127894e-04
5.774967160182317136e-06
1.974395221051109571e-06
9.380112206315939695e-06
4.107283236637826533e-05
4.764036423786806567e-04
2.811690851457969605e-03
6.672821105303225128e-03
5.837364410317942218e-03
5.031993538074250316e-03
4.266488301108354100e-03
3.535062388033222147e-03
8.056382284241131453e-03
1.280261957110429526e-02
3.350171645493772461e-03
3.270258721902636039e-03
8.108995811689483774e-04
1.340219232109530513e-03
6.024061459747425936e-04
1.032950384144898571e-05
2.610836029213511376e-06
9.832680682080787373e-06
4.083759759141500080e-05
6.574365678317369921e-04
5.570430524226657222e-03
8.398523884909445819e-03
4.919039928833424287e-03
1.632618356992229357e-03
1.234301047021816276e-03
4.269745773130952625e-03
3.591500601497366312e-03
1.981661574209095215e-03
5.380301782074740566e-04
1.392079363319550503e-03
4.609553009990173035e-04
1.377016071888435584e-04
4.048024736877170937e-04
5.023158891960627191e-05
4.812540612875205709e-06
9.273668949838106653e-06
2.779435957170060234e-05
4.766437476318288518e-04
5.095800190954115523e-03
8.419350083915198499e-03
5.453113744385394354e-03
2.054463301596544909e-03
1.523740369676325132e-03
1.005510193560876352e-03
9.799815489625221358e-04
8.017526761512964962e-04
3.419671296387294802e-04
1.660041800199097643e-03
6.313363330537784864e-04
1.298894841339408659e-04
4.437563012190679293e-04
6.240885936142361815e-05
3.720392837799969413e-06
6.625587051152359490e-06
7.305432839955859507e-06
5.570331948666507743e-04
2.860752790205130583e-02
9.466877613735011007e-03
2.573253585505991519e-03
2.352139277380710467e-03
3.028442271021556872e-03
2.747639085544869436e-03
5.204131205757208875e-03
1.997395668596777668e-03
4.614997681329019918e-04
9.916350060956624288e-04
3.354930063916960049e-04
1.750752224043022908e-04
5.588331642928103752e-04
1.011886349803902161e-04
6.228175922877237764e-06
6.321404165172728567e-06
6.097261711606867520e-06
1.123416900433810758e-03
9.572745337816994382e-02
1.844679238720708242e-02
8.169432080971889693e-03
5.706879082870572155e-03
4.697385192593583544e-03
7.613393695690493478e-03
1.267614346401073518e-02
4.100686284966779428e-03
9.113809100748626298e-04
3.453375953014356081e-03
2.510852745025686592e-03
7.444498606945788681e-04
1.829290507888542113e-03
1.088368136763790328e-03
4.852023971213680103e-05
1.065042410034683912e-05
1.001959346585147063e-05
1.234426189140005363e-03
5.698304005899761104e-02
1.179701882477257775e-02
5.613488263484675729e-03
3.934422237864915184e-03
3.726939149498169779e-03
2.639328702123865805e-03
3.558806502338686135e-03
3.349277422060095103e-03
9.836331787617662737e-04
3.161871762828450706e-03
2.328662503704505195e-03
2.717897105799791171e-04
8.224954816424624770e-04
9.700453805855391038e-04
4.104443911933701802e-05
9.575342743655690934e-06
2.400187930593044145e-06
1.257456207049922024e-04
8.095414773715196508e-03
3.989486085364301986e-03
3.515307474770908852e-03
2.956579110263151886e-03
1.248219139631751321e-03
6.442805288225517254e-04
5.630505857760479457e-04
5.844345301491016970e-04
1.114080998631579488e-03
3.298739790013380854e-03
8.426897391130119862e-04
2.392549230848648085e-04
1.410270582982941796e-03
2.119182429215279854e-04
4.062188345981023619e-06
4.077837905260205043e-06
1.832265776819750822e-06
3.146285951465381818e-05
4.927124293460143079e-03
5.969437031542862253e-03
4.738898647405734993e-03
3.716522759243822208e-03
1.563452014934945322e-03
2.748596674965107529e-03
1.950800425273139117e-03
6.901485629848361789e-04
2.419215036028560077e-03
2.567098493581347965e-03
8.522733657407141801e-05
6.539795942940775802e-05
1.495322818983595668e-03
2.122354502683678553e-04
4.215653521169652646e-06
4.696483825571936905e-06
1.559729812502801301e-04
1.561992691366488801e-04
7.764407083150148305e-03
7.171031043971627141e-03
2.259483864453484554e-03
2.443723620683045401e-03
9.912046484212822493e-04
1.520734782316914956e-03
6.425115072618324021e-03
3.141079068127330780e-03
1.973413202089960902e-03
1.232114019187296799e-03
4.818480637373604537e-05
7.288669495284228188e-05
2.157845690438377293e-03
9.038836607865340707e-04
3.256215868227231640e-05
1.198375420410672683e-05
3.036180104750944766e-03
2.113175731028001439e-04
1.460039771566932522e-03
1.461163148234304737e-03
1.299092015772422386e-03
3.539249163155723261e-03
9.815212125553849244e-04
5.496552087485168667e-04
3.764815587877845711e-03
5.136571729522507006e-03
9.347153059108973330e-04
4.729620101903920441e-04
2.606801064711422372e-04
1.027404885011435872e-03
1.352301910072649599e-03
1.107085118740009744e-04
1.389034304727974512e-05
1.156607326050923884e-05
1.817453045162586468e-04
2.468548198188613078e-04
4.336897618375946950e-03
4.464339957235418863e-03
4.933101647501121796e-03
2.091855210820872581e-03
4.063085383339636427e-04
1.372149498800276932e-03
3.002304188074952657e-03
3.423397293374259246e-03
1.131590972543203982e-03
1.445579440319532413e-04
2.430965920363308669e-04
8.403716717045161405e-04
6.297152799036459536e-05
2.895905731715911209e-06
2.370630273059450944e-06
8.725385428532921373e-06
2.613261680978450221e-05
1.108586993997725005e-03
7.048301399482788734e-03
7.155554710408691677e-04
1.563229231975409332e-03
1.738446992188817262e-03
1.702107369150717277e-04
2.668768786543201303e-04
5.487923702333377890e-04
1.944088876130629267e-03
1.604764654048224711e-03
3.607080084449055309e-04
1.027957131262623083e-03
2.083158323985612799e-04
6.078592547113142306e-06
1.715496594646258248e-06
2.804363631300508326e-06
1.015396006732745594e-05
2.059953036804358146e-05
2.171982683402751309e-03
9.810470299145879897e-03
6.170015928654691171e-04
1.323081634237698642e-03
3.582701207389783499e-03
1.043134421639126857e-03
3.503041869973126665e-04
2.860510764082740249e-04
1.948811923871793684e-03
4.133552369671743601e-04
1.720366405984135661e-04
1.721008967778181378e-03
2.071773419676469202e-04
3.190896662146045952e-05
1.882032564996686123e-05
6.640951065528243069e-06
1.040395736052803542e-05
2.200456260374465648e-05
1.672603012831351370e-03
6.543006199695975550e-03
1.771780051780708770e-03
4.451381383761054966e-03
1.385197107098159021e-03
1.410535910885756666e-03
2.599651248813678560e-03
4.804923047970625959e-04
7.426787743391758756e-04
5.185091448658780066e-05
8.230875487300041049e-06
1.190917657858228310e-04
4.586881950367832292e-04
6.808512200781316123e-04
9.645587933264174608e-05
7.414374594779096313e-06
9.113580236254323509e-06
5.224713107491965223e-05
7.292217839875082168e-04
2.224984470286692727e-04
7.857201796159043225e-05
8.438246010176462045e-04
8.322307390343243168e-05
2.165113524249080715e-05
2.452173172427377155e-04
2.556986665971089498e-04
9.668241387168961224e-05
8.104570317912639126e-06
2.525933415246475167e-06
4.790675913571324645e-05
7.321942724224891116e-04
2.794125751745482221e-04
1.247600438759951001e-05
3.153022969130499319e-06
8.540244390431224762e-06
1.300920108724466644e-05
1.297252282681293561e-04
1.072174076008303937e-04
2.833834521295302335e-05
1.501728967389195956e-04
1.860502732213954144e-05
1.839782362361020602e-06
4.875074827705213606e-05
6.677101808758064815e-04
8.467634454461084629e-05
4.354814059822739695e-06
3.152200407493747751e-06
2.521859432937608974e-05
8.045299431542736555e-05
1.169006796373576758e-05
1.902319876121705165e-06
2.770016920289018357e-06
1.031238771901516672e-05
4.481218432933767769e-06
2.232485680474271584e-04
6.577118459747171610e-03
1.581674167832918280e-03
8.463095742411841762e-04
9.140095934442342613e-05
5.558967752441218157e-06
2.346462257620155099e-05
1.492220877365026219e-04
3.273516265046277077e-05
5.955244009670760354e-06
6.288447512129487819e-06
1.116453399216333851e-05
1.157727831268834491e-05
5.969164279611699322e-06
5.279554613869530806e-06
9.284168438865033295e-06
1.974943942236881956e-05
