2.545372755221527334e-05
3.239416281101165519e-04
1.748637846533855969e-02
3.657084687536763662e-02
9.034785864712773645e-03
1.435408525841165052e-02
3.496028852177159550e-03
1.890767723003388778e-04
8.969749342219893813e-05
2.402318815972609434e-04
3.914250987143351820e-05
9.958111659014894698e-06
9.819269720508459065e-06
8.893314304189877100e-06
1.421496296326564718e-05
1.927992558217438089e-05
1.948807192468767220e-05
2.597123891365726587e-05
1.188275047785318321e-04
5.608600848780514667e-03
1.474005999314013070e-02
5.349295703407653743e-03
8.299898114220412640e-03
3.611274512512781167e-03
1.720299144536166242e-03
1.262722557942788735e-03
1.558466900283851696e-03
4.635709809108738352e-03
4.722194771756007495e-04
2.681125291510186672e-04
5.904321675577424216e-05
3.360920366581495589e-06
3.942052742744164831e-06
1.021489387872394831e-05
1.314917650880664064e-05
1.894540682608536811e-05
8.424110465264285656e-05
1.194923831592376202e-03
3.149454921723958433e-04
1.876540622099573624e-04
2.110184101882696481e-03
1.222976528270432140e-03
1.459359603506043450e-03
6.676047904192780168e-04
3.311677968169531266e-04
2.323762085136714568e-03
2.636434333615691496e-03
1.024187426994031466e-02
7.446663126389089582e-04
2.702741725591436974e-06
1.240424679549414440e-06
5.762035208979535879e-06
1.120855942418656231e-05
1.829384532342182183e-05
9.242907139259029081e-05
1.483719563142439461e-03
5.675121941132969935e-04
1.014647192616506218e-04
1.042624125756979697e-04
6.426935993204654690e-05
1.603997515277753481e-04
5.112995611395916188e-05
1.718572710951526584e-05
2.865016883360284078e-04
1.546838871226330261e-03
7.982334880453316808e-03
3.270609851944768914e-03
1.543580483822403138e-05
2.336007639708460504e-06
7.063563732844112120e-06
1.028641970714835519e-05
1.711461752983182104e-05
6.530159384539082062e-05
1.676611742370965642e-03
1.799999315835821515e-03
7.846811445805072522e-05
7.000854903290010274e-06
5.683716327571751408e-06
7.855418011349648514e-05
1.686322672821729510e-04
2.670503039639463927e-05
4.583284134242986542e-05
8.168559788022516097e-05
7.024730875640879330e-04
1.103372681099560465e-02
8.784025850153300398e-04
1.388440294223948870e-04
5.569423709865170546e-05
1.143525500638584306e-05
1.360187256124278341e-05
9.224440783452918897e-05
1.770629038062833610e-03
1.548245132007021593e-03
4.268521941758437105e-05
3.237286313883056959e-06
5.697145923367575756e-06
2.497490010913235481e-04
2.102137945942171397e-03
4.367360025739575003e-04
2.074555848985619011e-04
4.214544863056712089e-05
6.818289179065901106e-05
3.340887738689695199e-03
1.076913642250203716e-02
4.803361603411618330e-03
2.197273396927493174e-04
1.001125172870394832e-05
1.065918721068364911e-05
3.898889298475930522e-05
6.812949655315664148e-04
1.935045998681838219e-03
9.084323281329075158e-05
5.512239654116721551e-06
5.567613925581630705e-06
4.468042861338146672e-05
1.842776204012145302e-04
4.609755870354488127e-04
2.073595069866767011e-03
1.732382661108954015e-04
1.432201024686478628e-05
1.804114377923823475e-04
5.230638964966036891e-03
7.859248948830430126e-03
3.767013785719297288e-04
1.821679657889109887e-05
1.320183979720101596e-05
6.406717676831113134e-06
3.750947738148109584e-05
2.136517980761674126e-04
4.672020452443818395e-05
9.578284637294510301e-06
6.586367200125355559e-06
5.625881584685856028e-06
5.097798224010584567e-06
2.005238298637623549e-05
2.184792271191781125e-04
7.335488775031002030e-05
4.921822019949460805e-06
1.018034821130528872e-05
5.999905490374458309e-04
1.255119088859531565e-02
2.193666166764178353e-03
5.248062030769641562e-05
1.478188153272107514e-05
1.025653841987267316e-05
5.200440471623314777e-05
2.860748878402687373e-04
1.868416078257287500e-04
1.499548394713116591e-04
5.054464668910662532e-05
7.914407521335191744e-06
2.939424650795581227e-06
4.760779907853685833e-06
5.838517025719030845e-05
2.190700489756223872e-04
2.028750718969490655e-05
3.090819942204200837e-06
7.299159310446959640e-05
8.981495576983133944e-03
4.752959239875487706e-03
7.048592229553749553e-05
1.304543394411076392e-05
1.794083769096427793e-05
1.256440300684818351e-04
1.776742592381058694e-03
3.832384394583798239e-03
2.213426282078847802e-03
1.697356845709729477e-04
1.258898061870334215e-05
5.099752007902454250e-06
8.439752612166608533e-06
1.844108640937752155e-04
2.346418163307869686e-03
1.622695549412550998e-04
5.730736696374390424e-06
5.944431242003899227e-05
7.531328795491116015e-03
4.748676112899275284e-03
7.017356271658606293e-05
1.294246803684200226e-05
7.397628425684360481e-06
2.923520422420636022e-05
1.359724929904125796e-03
6.396182400800622114e-03
5.576092788443685281e-04
1.999087858250994001e-05
5.077478379669073560e-06
4.891391011319496575e-06
6.898625280610462275e-06
4.479442946018737451e-05
2.333100582881751769e-04
4.287824835373332902e-05
7.719885938870755805e-06
1.488803297831467248e-04
8.454163017834481070e-03
1.303562245171161014e-03
1.272056680446507793e-05
4.543293414310753747e-06
5.345662536933636944e-06
5.741027277069223766e-05
8.941282737349051657e-03
8.678832405835655919e-03
4.888018355735537052e-05
2.001758151705860046e-06
3.275207851271257428e-06
9.231177863143076229e-06
6.709340783155472579e-06
5.814606893621366963e-06
9.316056583389097497e-06
6.168525319309815371e-06
4.845551730672594828e-06
9.183680930535110772e-05
6.815211611844775204e-03
3.266405200367940992e-03
3.184480967147206888e-05
4.275203014828905894e-06
6.641851086205971846e-06
2.864186228654214388e-04
8.796858659393297364e-02
1.472760490088863457e-02
2.616486498881007990e-05
2.900072404658176615e-06
2.407761718687133598e-05
2.269872619271040028e-04
5.591083738243013217e-05
6.465476197020108693e-06
5.500837484054029632e-06
5.829945595324651831e-06
5.552893690751227168e-06
5.673724748730641450e-05
3.629209433725249720e-03
1.106214621936783479e-02
6.566943937179678262e-04
3.341695991145402102e-05
7.088757739892447373e-06
1.431149176961177857e-04
2.531520656392306431e-02
7.691008635006686169e-03
9.501185709842507247e-05
6.568343267252088656e-05
3.943664586547500827e-04
2.106469125556877531e-03
2.727445895237695932e-04
1.229117227837849304e-05
7.403333061301471188e-06
6.769961037928815239e-06
5.851657870777593271e-06
6.471382005130366588e-05
2.319481788055827599e-03
6.338713044028530114e-03
1.991640776749422411e-03
1.682769205429210510e-04
5.244967680241830702e-06
9.246277955850423265e-06
5.140606266048177234e-04
2.065472402474746727e-03
8.004305012147369018e-04
2.104127095846644330e-03
6.264454329672076559e-04
1.416082998887277728e-04
4.155826641746008490e-05
1.039619960733248885e-05
8.347776846210502944e-06
5.236377519391126610e-06
4.200269157725436361e-06
9.602207924416043794e-05
6.917059416437356528e-03
7.229233829800008060e-03
4.527807046161657733e-04
4.348807883973634903e-05
4.928440303933365390e-06
3.118524200204823992e-06
2.110187798627332473e-04
6.558105393156044016e-03
3.805963004157086448e-03
2.733717937546824121e-03
1.423615276784100016e-04
7.151614717025450142e-06
6.038645737983851935e-06
9.129441823055492501e-06
1.019526801009293755e-05
8.216991257138174157e-06
2.217173787819650001e-05
7.106228382811010562e-04
1.221633495593525513e-02
1.929066740068781545e-03
2.443560122043348697e-05
4.309562901800325214e-06
6.982607755325149834e-06
7.403291493196039288e-06
2.627161819485508134e-04
1.751583978426804336e-03
2.014634623875303696e-04
6.062905568158163120e-05
1.732755924565176664e-05
4.456178929816576087e-06
5.325027177584609919e-06
9.144597767333105580e-06
8.592961410509783522e-06
9.308649928687567104e-06
8.339417650654864307e-05
1.851022014692673421e-03
1.016973234629264117e-02
5.473569878910028268e-03
1.057712169479692744e-04
7.237688454392176265e-06
1.275554363336493513e-05
7.995126773913365978e-05
3.060536013891711985e-03
2.039049332457588178e-03
3.661118044715871972e-05
5.738679340802439013e-06
8.372935792104081867e-06
1.144690405059806510e-05
7.226836608403918477e-06
4.517206168561705727e-06
3.249498240559702797e-06
4.796205108397534824e-06
7.646674076985322311e-05
1.224994608639039858e-03
4.048277268840723420e-03
5.607673846037704822e-03
2.609721945861663474e-04
1.454858342907041285e-05
1.625082493216057768e-05
1.671512018591198186e-04
2.853615552688546289e-03
5.355991672029331322e-04
1.859206577415316726e-05
9.285767748033491256e-06
4.534204415277634531e-05
1.958891868586830755e-04
3.902559761522226894e-05
2.982320239828420728e-06
1.835556007641599321e-06
1.423354449779765190e-05
5.768532952628393530e-04
7.301087992069897961e-03
6.783104972847178553e-03
5.159165507508652136e-04
1.755927501307955212e-05
7.196477732654264080e-06
1.172700994516970272e-05
1.974654619094451353e-05
2.231273273098817805e-05
6.712626226907711804e-06
1.735512470219497015e-05
1.075202830398900287e-04
2.743245295327065812e-04
1.890258302395541028e-03
6.725188011498611741e-04
1.554128016685261068e-05
8.841134320371047783e-06
2.583363778715253717e-04
5.404947818631532577e-03
9.519106452535539692e-03
5.020920740106440440e-03
1.611650421469469630e-04
5.914094555472754174e-06
7.386051238848261818e-06
1.361192448255420915e-05
7.692092243375064849e-06
2.583186090068936454e-06
8.730587137744853806e-06
6.818204827503620115e-04
2.148167823876475594e-03
3.651236387433017612e-04
1.655555972660230964e-03
1.767631851235222261e-03
1.326785354498977512e-04
3.279026981258910053e-04
6.295018050791458160e-03
2.285450190947822119e-02
5.149796723497427654e-03
5.105437297097899013e-04
3.490303088245180253e-05
7.089822597832221720e-06
1.309495688353159572e-05
6.426104991019624248e-05
1.371625603338877408e-04
8.596832859236271161e-05
5.872471066448102213e-04
5.124220497903926932e-03
5.925914370722530156e-04
1.228634651144813186e-04
1.314807246809374455e-03
1.382080416550805291e-03
4.728197686023334449e-04
8.483116455296103517e-03
3.353351634951463878e-02
6.213299781501792352e-03
3.815442553162398751e-04
2.369340985551372959e-05
6.328517695066437852e-06
7.378122908638602083e-06
1.737768466099738756e-05
1.533146622096176698e-04
2.347347864836446443e-03
3.608455019901678391e-03
5.489255666825344250e-03
9.964034538462623099e-04
4.144595080238291240e-05
8.696001782508841818e-05
1.592965747166058630e-03
4.447789147157329460e-03
4.488681280426798544e-03
1.281098878721342524e-02
5.827557239924980627e-03
2.269011916753353817e-04
1.302975944194953315e-05
4.117674065180443244e-06
5.131942372773468893e-06
9.508178435190006952e-06
1.856780176006923134e-05
9.534714951762746646e-05
3.797500511944659502e-03
9.713233095818025326e-03
1.040637400711017652e-02
2.489884458485720244e-03
6.595626632077763877e-04
2.243915540532949535e-03
6.036800922130056493e-03
1.775475146188265976e-02
1.782040895435382105e-02
8.310340194374976446e-04
5.980226241296473117e-05
1.515951953992613917e-05
6.105025136915091739e-06
6.247051852728262960e-06
9.517176055494068576e-06
1.252269209103180247e-05
1.920271527235722629e-05
3.004501159170651836e-04
1.860965597477367076e-02
4.274184530252974484e-02
3.842821211286005789e-02
2.318693470062893960e-02
9.180327295895072612e-03
7.164529385984426922e-03
6.310555396935536333e-03
9.505584946421575740e-03
3.441336436743635315e-03
5.155058492018679557e-05
4.807903913733690052e-06
7.934515615707735423e-06
1.386284231257199016e-05
1.740950240640370985e-05
1.883086388456305780e-05
1.927615124156696895e-05
2.613289293535511561e-05
