2.209515740569864821e-04
3.686434109282633875e-03
8.598954095073517434e-03
6.550775609794808399e-03
7.617320549847222781e-04
8.196795440842465389e-04
1.895886685486432050e-04
4.768057488952704630e-05
1.468541065595118386e-04
3.031288293527510143e-05
3.016415496125562815e-06
3.559409376283748719e-06
8.876216932354113814e-06
1.257156811361575896e-05
1.274069469224033762e-05
1.191865104452532453e-05
1.201983758339500212e-05
1.869214786449506209e-05
5.581974723527979335e-06
3.726676874907918630e-04
1.016207789504167992e-02
2.939239812657445852e-03
2.272807163615708174e-04
1.659646902768030822e-04
2.852515466458169474e-05
3.258370992004683736e-05
7.910348036703234624e-04
2.277495650812114147e-04
5.379993383308908236e-06
2.071072617664779455e-06
3.824785903433224742e-06
5.892421200819691932e-06
7.139254177925038427e-06
7.134595997978155381e-06
7.157264772044753588e-06
1.200461871193248589e-05
7.556626824995963888e-06
2.958130981079619350e-04
2.420778069961221877e-03
7.635820537606613501e-04
1.039086403126803686e-03
1.361133010335835967e-03
1.317469044557902330e-04
7.485846497110227758e-05
8.277057925068268505e-04
1.080843557460927414e-03
2.603892271201037334e-04
8.000236458606063911e-05
1.670133393072464317e-05
6.533315890802542145e-06
6.669130550541417835e-06
7.174000053372716868e-06
7.179387319099262610e-06
1.181211538372856730e-05
6.260533302291839276e-05
9.425834396417149446e-04
2.127466590663837018e-03
1.299334120152794477e-03
2.803523960461571426e-03
3.445577457590263872e-03
2.333533571128806189e-03
3.473398736022524982e-03
1.903997746871499697e-03
3.692203210466030584e-04
1.111971792720914311e-03
1.263147526433243189e-03
5.727314045883335141e-05
7.488295691150677512e-06
6.612428227000950800e-06
7.468727059024783511e-06
7.681811906206438521e-06
1.253925626061165996e-05
1.588248947706895169e-05
2.678877679551196537e-04
2.803416074533046382e-03
2.520750428617757593e-03
2.198364810569309550e-03
2.470392234566232831e-03
4.120756580206021841e-03
9.444012298812478126e-03
2.640871852600507920e-03
1.097502200801164687e-04
1.923894914507020236e-04
1.338168978732258364e-04
7.025765181540786850e-06
2.909474722693071417e-06
4.695831825412425992e-06
5.829131307612140522e-06
6.811360912446276461e-06
1.264790237580541345e-05
3.072737455780833780e-06
8.833929591147519629e-05
2.734015051025981847e-03
2.459353952868565795e-03
3.665972152709204637e-03
6.485492684027658120e-03
6.195449519522422920e-03
6.270737287721955822e-03
1.784496147992595955e-02
6.459475743797035360e-03
2.675157772069248867e-03
7.469451816897701879e-05
1.183446149491633996e-06
1.586787161128402474e-06
5.949501774115548252e-06
5.501797596502741748e-06
5.066423054016665672e-06
1.141125132041187563e-05
4.766331164040022702e-06
1.363813641413343623e-04
4.229103078245655296e-03
2.890327544126550501e-03
2.719895406030927148e-03
3.829512502627943366e-03
2.993190556844142584e-03
2.475365315450217801e-03
1.420478211580460462e-02
1.221399242663431459e-02
8.452625224572718129e-03
3.524215573659813909e-04
4.733885753147339680e-06
1.211496624366634779e-05
1.019778534394531034e-04
2.596419786880419409e-05
5.285458243557380589e-06
9.786773505206686173e-06
5.697365335761694385e-06
3.490746645126150310e-05
1.302562624590898263e-03
2.159538242690197708e-03
1.255279623853648198e-03
2.787383149496521981e-03
1.089047653910237912e-03
7.751497886884719949e-04
5.230950334717734268e-03
1.863121602292877382e-03
1.992235068493450681e-03
1.066362027967282956e-03
4.086569351838782792e-05
9.797284485299039957e-05
1.093936413730275947e-03
1.096155536810980674e-04
6.711164849466589876e-06
9.403945769510909292e-06
2.826187031276942723e-06
3.556617825028601482e-06
2.854561242298246822e-04
2.143289810454154787e-03
7.145013453118757548e-04
2.588191526653974440e-03
2.097886245796765949e-03
1.372529860747396472e-03
2.880043346005538123e-03
1.383939764465953693e-03
5.743545604994640397e-03
4.761432389540058534e-03
7.047501424548182052e-05
2.117935994402081541e-05
7.160179245089365004e-05
1.762804617661186551e-05
4.077744696481040465e-06
9.239585319723307076e-06
1.775276745196225132e-06
5.521391470401547784e-06
3.507403489469227277e-04
1.046204598891616868e-03
5.083936260103421928e-04
1.320143015339493749e-03
2.688299828552026798e-03
2.748465682454584013e-03
4.930622999719656190e-04
1.336863964801110244e-04
1.346758884476585922e-03
1.237023204287305026e-03
2.140829522142447108e-05
3.437253974936713633e-06
6.132432608086814583e-06
4.561013466287204702e-06
3.285687419419432018e-06
8.783346156298961520e-06
1.239960964995392935e-06
6.055974089956645749e-05
3.822792320363982508e-03
1.153270962679817015e-03
4.442965502664524696e-04
2.559295716995698550e-04
3.932354601855084317e-04
1.607599902261250442e-03
9.632837401944686516e-04
2.550251133806077778e-04
3.559842499523420802e-04
7.181095504242444914e-05
3.432328673606648260e-06
7.707814677237355476e-06
1.324815391958122067e-04
1.334859146686525862e-04
1.686449212875297448e-05
9.921457145894935708e-06
4.532107865445080483e-06
6.421334820675487750e-04
3.998825704470757719e-02
1.083835415129312009e-02
1.467038702894650840e-03
4.857226734631557487e-04
9.712164889467624247e-04
1.610226899184033196e-03
1.743058962703903161e-03
1.181976945405613334e-03
2.201495471780516057e-03
4.920920870489777985e-04
1.376495611685910907e-05
3.568293092489677507e-05
1.078183083436605851e-03
1.157106331182460989e-03
4.456085454107224246e-05
8.156157665198897734e-06
8.009590804130121999e-05
6.736783275002099745e-03
8.712217158302010267e-02
3.675518190907667293e-02
1.228187936252832582e-02
1.057882123409728363e-02
1.007409234917682785e-02
5.157319012015708359e-03
2.480885837700402916e-03
6.607867649844994780e-04
2.521242329019672979e-03
3.302303268185782532e-03
2.192353267844598681e-04
1.794730741518450181e-04
3.675443704107045264e-04
4.270067243064629083e-04
4.938255249497383240e-05
7.359021812645669609e-06
3.099483159034038669e-05
1.853637251058132393e-03
7.126899318020502028e-02
2.865464231336120604e-02
9.553315008189202512e-03
1.409164859847003570e-02
4.309627384022634775e-03
6.126688333219789361e-03
5.644612134983811695e-03
1.344058775772022547e-03
1.841322290639108320e-03
1.136642659418468388e-03
2.731343575422936413e-04
3.784911065346284009e-04
3.770025008378733236e-04
6.102181211333368048e-04
1.135153086175600149e-04
1.173707852827574805e-05
1.561455037958510375e-06
2.697308732231696026e-05
8.280101976907559835e-03
1.913858772196750518e-02
5.315229548703171748e-03
8.180500833571836827e-03
3.920354197978108760e-03
2.808415324943144744e-03
1.380593654188753353e-03
1.173519183852320558e-03
1.382890050974021345e-03
1.430223404628969434e-03
6.242888911917508993e-04
2.619625045955601295e-04
4.331492989139701507e-04
2.641859227764851124e-04
2.054163511958231143e-05
7.151163745243216529e-06
1.352286407822378237e-06
1.467731264687248585e-05
1.226182385283611362e-03
6.997426303487955419e-03
1.224990301165895627e-02
6.367348941123274035e-03
3.592733214275182531e-03
1.224759957515651797e-03
8.720901990083053390e-04
2.618790329597692635e-03
2.322375237827085069e-03
2.787855238445843473e-03
1.807378647442878933e-03
6.273442350169272002e-04
1.927422565360373133e-03
1.872997663291356299e-04
3.862199335254263062e-06
4.548308326736563821e-06
3.420323990700880468e-06
2.154588240644825009e-04
8.606147869229464203e-03
8.301804771366627991e-03
8.207756991811674535e-03
1.266413335828273047e-03
1.430308864783474141e-03
1.258050832319050410e-03
1.583330336082008341e-03
3.610401498445090385e-03
9.141966101707662759e-03
4.315701603730906326e-03
2.447981561514277356e-04
7.209280094343113981e-05
1.990098721269571507e-04
3.161177116328512483e-05
3.108731165572173570e-06
7.130850317625819146e-06
1.457766627871695585e-06
1.205277521534927075e-04
6.986716884901408679e-03
4.307505785394114863e-03
1.984563222541206769e-03
7.416223273160498560e-04
4.134592501865241507e-03
3.598520209132707263e-03
3.735000819044401784e-03
4.880449278168689717e-03
2.058517042065381372e-02
4.308621021523527210e-03
8.283296647135594403e-05
5.473476593216234775e-05
2.911160008188310285e-05
3.758564277117167749e-06
2.904466798317173968e-06
1.088899933626161669e-05
7.460471103590720220e-07
2.370299418960348714e-05
4.854635601527771327e-04
6.742699992438211691e-04
1.533012486784759466e-03
7.674089145924383728e-04
1.467813987728343881e-03
9.869482444830235315e-04
2.793529934559237180e-03
4.520102789829162811e-03
7.759803081248233848e-03
1.906545357583804738e-03
2.536849668397392972e-04
9.090348653637949153e-04
1.381056458860072686e-04
4.814048147545288729e-06
3.891848611106656691e-06
1.265103824122811423e-05
1.567536301887101434e-05
6.053319765218870838e-04
1.423861011255968820e-03
7.463065287904397868e-04
1.733020505434534116e-03
1.433050211340837574e-03
2.886254547935705045e-03
2.525037728185110242e-03
7.213527404978199373e-03
6.666131359876588218e-03
2.558082033957102906e-03
8.353738832052905183e-04
1.058583961379676454e-04
9.407298856513997504e-05
2.898661376006213871e-05
4.377026461393003739e-06
4.730710250929735545e-06
1.290006109818958596e-05
1.353294883067712436e-04
3.387927275534327338e-03
1.786059157277665932e-03
5.517463574576408382e-04
1.193315798234849011e-03
2.066589841111008720e-03
3.835723266844208272e-03
2.237233384263129926e-03
3.124690270564749271e-03
2.179554214936226149e-03
6.156311390119402526e-04
5.564746376098565674e-04
3.030019823350603089e-05
3.312731816148514378e-06
4.549810144576541018e-06
4.177825013988107176e-06
4.650814022702423087e-06
1.174306080805488475e-05
1.253514133663980769e-05
6.145589101124241923e-04
2.228103802077291244e-03
3.123239392478790555e-04
5.828419568713451380e-04
8.882684523767188757e-04
6.447437199189324413e-04
1.005597781022376765e-03
2.745689276020747325e-04
5.006600090146836468e-05
2.179693604983753323e-04
3.485411987117850025e-03
1.901561200701928564e-04
1.883210445134109236e-05
7.658195957070062598e-05
2.787780581231250735e-05
5.512470228013084278e-06
9.745395960530372714e-06
1.292071550821933680e-06
6.683154741965089372e-05
3.728631167863173494e-03
9.651875263986800166e-04
5.257959256299687403e-04
2.006019342967997425e-04
1.286733993839426582e-04
1.085658857283338264e-03
1.059311835989479067e-04
3.111230071159520749e-06
1.622973605127207315e-05
2.391754737557624843e-04
5.511979249448765511e-05
9.055131109651650236e-05
1.070014547472474464e-03
1.153261914480654764e-04
6.173297317919568771e-06
8.492505172351300270e-06
1.212560366438075545e-06
1.252699470648848448e-05
2.250245529835083903e-03
3.760239232765569262e-03
5.212335775517068330e-04
1.220782393294639811e-04
3.784735123056989548e-05
6.702677136681232126e-05
1.968822580646316316e-05
2.189941501064872638e-06
2.217391959034817175e-06
3.532085657874749547e-06
2.900323940320991624e-06
1.627963462058226206e-05
1.084852872168723175e-04
2.512726726239975720e-05
4.978192950924215527e-06
9.528070094479182238e-06
8.269398413477786761e-06
1.073338992800661548e-04
1.614319735290151159e-02
1.512819418094892530e-02
1.800755983862646105e-03
2.401013251465877654e-03
1.979318694284458360e-04
1.089077637451234994e-05
6.802210418541111072e-06
7.422778610298134017e-06
7.267385048648771384e-06
5.775826992829830038e-06
5.022729433664796071e-06
7.689337795501743566e-06
1.118395796960534256e-05
8.329565723855676188e-06
8.259114827517548927e-06
1.797393448744762074e-05
