9.073513324341789737e-06
7.623360852250230909e-06
7.400366296629552198e-06
7.479291669999829928e-06
7.517314839489133730e-06
7.526956273170134385e-06
7.495995153379022245e-06
7.445605577742125086e-06
7.427137135614735150e-06
7.417112500603687712e-06
7.378015580388554025e-06
7.334285453100213191e-06
7.317314465090066362e-06
7.319231836962491185e-06
7.303990674266858281e-06
7.272491051634088099e-06
7.568311920693169481e-06
9.074385912153048295e-06
7.657120053615652059e-06
6.153962954820770636e-06
5.724598919089559545e-06
5.383935268887624309e-06
5.152340387192350025e-06
5.275222644884719448e-06
5.559658073369679225e-06
5.707363297277542981e-06
5.767381610901428592e-06
5.903474432780094367e-06
5.990881703762703100e-06
5.940271011742280053e-06
5.863092768550479780e-06
5.820238120423640127e-06
5.781492118800059078e-06
5.736277500924262601e-06
6.019075989937898127e-06
7.568909504661432178e-06
7.463550776157355165e-06
5.544041409042389295e-06
4.194228577008728903e-06
3.146440381600531863e-06
2.641080415987732961e-06
2.718007108800216604e-06
3.642260402150302589e-06
4.456249211555330576e-06
4.112972953176774804e-06
4.310831758558683120e-06
5.206191642999911576e-06
5.689089324759351597e-06
5.718183236578733052e-06
5.652285603604601579e-06
5.566144091790508654e-06
5.482420863483506941e-06
5.739360593362552273e-06
7.274894953058536134e-06
7.328081431287994869e-06
4.345498360836013182e-06
2.661911017489134344e-06
3.141477634046578643e-06
3.873543042770789307e-06
2.428257119256110250e-06
3.828269414995990950e-06
6.501291042750836499e-06
2.638177100297471981e-06
1.771483837508191631e-06
2.981469291792070089e-06
4.357064595314769903e-06
5.137467376192998755e-06
5.577369223000630206e-06
5.672263038952665427e-06
5.576759573334953577e-06
5.793044310532294419e-06
7.308222020231798625e-06
6.831066725553324287e-06
3.053841852594925954e-06
2.775687405122848476e-06
3.920488182184083488e-05
2.914163676911053357e-04
3.789274785114300098e-05
3.182692400671156802e-05
9.676837379610091661e-05
1.077585579734629596e-05
2.002528100713259090e-06
2.029195766346768598e-06
2.424598459632598153e-06
3.323126295604639420e-06
4.551460721390714794e-06
5.434039820856222416e-06
5.637288277662889619e-06
5.846834755927755659e-06
7.329873060738138403e-06
6.548749095386102584e-06
2.512219493431604519e-06
3.503385431516924702e-06
3.445027883010409828e-04
1.031653384672026608e-02
4.059255295235862345e-04
1.728989374170369496e-04
1.897139936892734561e-03
7.285152638380030946e-04
9.411466133226092706e-05
1.567756333496315589e-05
5.907146207887820294e-06
4.277182173121433102e-06
3.669275648540226530e-06
4.610467049157497683e-06
5.523329281460297119e-06
5.890955814286306480e-06
7.340798784085688306e-06
6.482695269382218838e-06
2.391308868423761121e-06
2.015065697312713088e-06
3.368758913067688450e-05
2.808613708429096912e-04
2.710348285681386341e-05
1.547607444870116328e-05
2.934875814909668050e-04
2.605271998858234121e-03
1.894728187310546451e-03
3.169367062719975672e-04
2.193570038895003421e-04
4.286496165319021999e-05
4.581854236347727066e-06
3.595761356060182063e-06
5.194679851003629822e-06
5.920540197071381500e-06
7.357215701666014954e-06
5.427437710648298383e-06
2.283824419648789771e-06
2.326780976960997340e-06
6.922802857040683534e-06
7.119122997941529257e-06
1.602587392557709278e-06
9.053354700812330646e-07
4.834795577823436526e-06
1.726977492074384965e-04
6.395514438789110878e-04
3.376506040101900571e-04
1.540691188453193220e-03
2.135559635013903096e-04
4.819036971171725245e-06
2.750973045701655363e-06
4.868201006973804007e-06
5.937443095584526688e-06
7.369664250107986168e-06
3.819153310238721875e-06
3.601968855292909269e-06
3.016500434767344606e-05
1.740142725521802924e-04
3.153419340272050145e-05
2.246919984731632438e-06
6.605845622230560498e-07
1.860316108773630966e-06
2.028149902300331164e-04
2.082231597178821076e-03
3.791478561588745703e-04
8.351236356195516821e-04
1.456029122362408035e-04
3.958788494831919429e-06
2.559115337071697350e-06
4.859578952065934645e-06
5.972808371278623646e-06
7.375802809122485295e-06
2.144318140984246041e-06
9.976047263002148812e-06
4.763262635238955283e-04
1.699194319626233692e-03
9.884095257862968685e-05
3.281123913918772027e-06
6.439169307359404393e-07
1.606561841412434492e-06
1.924925932535006591e-04
4.627349070766296688e-03
1.256826788235189960e-03
9.364561505351722253e-04
8.693167646164315539e-05
3.279886927776483408e-06
2.632811503284470008e-06
4.980579548053250568e-06
6.003505183771211692e-06
7.379242867247858117e-06
1.026126405671989115e-06
2.992554898712287395e-05
1.995704841399889053e-03
1.411675392636719401e-03
2.261814344098714595e-04
1.262479315908669645e-05
7.948112193954495434e-07
1.163350853221183459e-06
6.217630832296566496e-05
1.401965521121790710e-03
1.708513000267681756e-03
1.874771840023198690e-03
8.711011392551238643e-05
2.732517838315908354e-06
2.458587532587796544e-06
4.907272593824210926e-06
5.981358991717392039e-06
7.374923145041219905e-06
3.580068591407185599e-06
8.127293264964203850e-04
4.690256569857746000e-02
8.093949238662769691e-03
4.690564881049633789e-03
4.295467786410508840e-04
5.182528701613853001e-06
3.539621060067984255e-06
1.278312018633456901e-04
1.057217898318205682e-03
1.189571091756332511e-03
3.501843176083594463e-03
2.460998857527804239e-04
5.095885781942852465e-06
2.951950170828656721e-06
4.998286185667002272e-06
5.950376678817703713e-06
7.360366046732631560e-06
1.736401549131589382e-05
8.127041144248670079e-03
5.711601445114823372e-01
5.843272298386583546e-02
1.704209055184895821e-02
2.829037310813088332e-03
3.518397230977191975e-05
5.044389786717588888e-06
3.367751696976472241e-05
4.600042521617916328e-04
1.283647935764867026e-03
5.914348566865805642e-04
2.775886469976133889e-05
3.014313740116572868e-06
3.403725126951656340e-06
5.310692136100284561e-06
5.954034563751726700e-06
7.344183561435276577e-06
4.637040107296202909e-06
5.517812564664364072e-04
6.930741013983815479e-02
3.984240224314075651e-02
1.322289844738112723e-02
2.478317259195614037e-03
4.763712534038589552e-05
2.757453614544143646e-06
4.012627760977632120e-06
2.608393259788659309e-04
6.045771610911436153e-03
1.820579052606652933e-04
1.756869275062404198e-06
1.078332671964442880e-06
3.388782592632919132e-06
5.527440778559478939e-06
5.953261447410625315e-06
7.332367346263854376e-06
2.857890071257669404e-06
1.022603614739793027e-04
6.124088913290209706e-03
7.473012203025377123e-03
3.769058466159153423e-03
3.816750106566681416e-04
1.413143489182761341e-05
3.679971539645552728e-06
2.343060101414908568e-06
2.076726547799715282e-05
1.567657685892611232e-03
5.714478727581158782e-04
8.202839774554281544e-06
2.219121895122264097e-06
3.984097566802758071e-06
5.559446898937413222e-06
5.915699415104834788e-06
7.325064828286893730e-06
2.921823204395446672e-06
1.791605489851245573e-05
1.166671540181359479e-03
9.040818876063883708e-03
8.666053431258192085e-04
1.299112987914121107e-05
3.950584343689716463e-06
3.718400488888777864e-05
4.276249875686428812e-05
2.827537849328011989e-05
2.047306141725826426e-03
7.608931628594565490e-03
1.085038983865099337e-04
6.024347130851468582e-06
4.619126206595305706e-06
5.516843865782787660e-06
5.879730896811396640e-06
7.323355478001494709e-06
1.940476303591024867e-06
1.253679159320352367e-06
2.255977379176433870e-05
3.528290990439879966e-04
3.012263268252720854e-05
8.605464781577688815e-07
1.986000419462341559e-06
1.527783978129999690e-04
1.754227886632762998e-03
1.697108973335664794e-03
5.452918762806684312e-03
7.391501465778156903e-04
1.033346863394059734e-05
2.650462971787391566e-06
4.200813052310496861e-06
5.529475272158855352e-06
5.880346866898773760e-06
7.325904760268539020e-06
2.896823631663706865e-06
1.448734973688540500e-06
2.493234140254683618e-06
5.657253300085336483e-06
3.241514232025299781e-06
1.274091180441886489e-06
2.049096210196300747e-06
1.835875040819825652e-05
5.102272891095704097e-04
6.836234813252153181e-03
6.125168333438227829e-03
5.616472114360864106e-05
1.174521910806584376e-06
1.495140585355454661e-06
4.239683125639901969e-06
5.647668837365036979e-06
5.885505546957296541e-06
7.325683661098303185e-06
4.818344877392214525e-06
1.752329421547109631e-05
4.011856480424606108e-05
3.250719223241961759e-05
8.346155790513077753e-05
1.348053623358033638e-04
6.383318905282658591e-05
3.866481991922031527e-05
2.544758208955233696e-04
1.755028318895116533e-03
2.008656717598907536e-03
8.526670948097592867e-05
3.707487198949194452e-06
2.970456163798374388e-06
5.071681642663319313e-06
5.717384586440694600e-06
5.861430941568551188e-06
7.322617877943005528e-06
5.736457373330259314e-06
2.043325523229387901e-04
2.254532018996519699e-03
8.494504534082776863e-04
1.649568925103519742e-03
3.649798830453312559e-03
1.617253695190279828e-03
1.132311289942160987e-03
6.975186224210362489e-03
2.625142805858779460e-03
1.960635304629388298e-04
2.698576084279599591e-05
6.172014718844395046e-06
4.777480439825187418e-06
5.564298113509960064e-06
5.663955313198805728e-06
5.829495965480600905e-06
7.324843134749904238e-06
5.126852880261917150e-06
2.014341955284450886e-04
2.352712076392941744e-03
2.743976810769440376e-04
9.275160563011515676e-05
1.275678593524762303e-04
8.028465558072660603e-05
7.107283071997993334e-05
3.817858451454370777e-04
1.546592112205491326e-04
1.170332172070584637e-05
4.595117043937113574e-06
4.490047817004740338e-06
5.206725273509096596e-06
5.637620715172619279e-06
5.599349639440709631e-06
5.813726550179940171e-06
7.330623890040778504e-06
4.417833249090590267e-06
2.409802797900960735e-05
7.644361198965463153e-05
1.225921192226975726e-05
2.987810875822102401e-06
2.972145102916702482e-06
2.371308266696224852e-06
1.429597016808469885e-06
2.197577582918736118e-06
2.807636357203355333e-06
2.406050605369336011e-06
3.243186140759621946e-06
4.708152074432794537e-06
5.510135001493693362e-06
5.632180572567084623e-06
5.547313802018818645e-06
5.788685445353245544e-06
7.313930341252532947e-06
5.090053113827514176e-06
5.695253214433764970e-06
6.881245042010307531e-06
3.782340197683997527e-06
2.427696551685799746e-06
2.598051778976889389e-06
2.489733577275698001e-06
1.768519112519304218e-06
1.604302996538352014e-06
2.163470962586177748e-06
3.314706742893857670e-06
4.695112239649876058e-06
5.490715082271718934e-06
5.634388635050966993e-06
5.564603847767558523e-06
5.485583114480436231e-06
5.746156080834944158e-06
7.280056952326225095e-06
6.826491163691923441e-06
5.210803282810455511e-06
4.948346947212141796e-06
4.796908825588895326e-06
4.900494647673085929e-06
5.263556553186277938e-06
5.342520228477724244e-06
4.951623475405637174e-06
4.692524985258895480e-06
4.990437431089795282e-06
5.566361311921361492e-06
5.913177981961988072e-06
5.934962067171591585e-06
5.859586687807883370e-06
5.795974218743514020e-06
5.745429507997492755e-06
6.027305306117437158e-06
7.575217097098523898e-06
9.106667508606843908e-06
7.455255255941862106e-06
7.123783377871844696e-06
7.281557284141891078e-06
7.492320831823473680e-06
7.617887602015221255e-06
7.661757550343520590e-06
7.643230050184449359e-06
7.598065510172664040e-06
7.574759720799085255e-06
7.537284973456994014e-06
7.453981583261104595e-06
7.373677985666194264e-06
7.336142389973004828e-06
7.310052600278708260e-06
7.278596501033024101e-06
7.575889410491230069e-06
9.081962652268505291e-06
