1.784776234650933195e-04
2.229411264223029460e-03
1.468605257356372061e-02
2.259539710750592748e-02
8.706560194228525965e-03
2.305980326057405477e-03
4.863600645353145097e-04
1.366597896856370251e-04
4.491595784463746078e-05
6.736945303890769688e-05
1.361683472980968444e-04
3.037421225156910804e-05
9.807496969151328396e-06
1.402909268596962964e-05
1.980652418257113130e-05
2.093085850066822050e-05
2.230895997445873447e-05
3.428283370348261458e-05
1.855479247647047177e-05
4.068737245720891555e-04
1.428612475968160656e-02
1.625805611758695396e-02
6.104046096499781381e-03
6.111179019562165693e-03
5.402419681895078048e-03
7.654936073449999760e-03
3.616580966491588466e-03
2.421722729735350989e-03
2.644770232255505473e-03
6.699497287230507124e-05
5.082191822149660982e-06
1.018023742361243814e-05
1.365718295878546264e-05
1.119605313518034537e-05
1.258749824954344371e-05
2.249269928462703410e-05
6.919585467707145143e-06
7.975005419175993954e-05
1.748480601495912496e-03
1.521622265502988553e-03
2.288470866894397760e-03
2.153076682177992775e-03
2.822859364076031087e-04
8.574178679813526660e-04
4.130614706985467031e-03
4.154449273266727118e-03
7.738643624059802877e-03
4.259313492503234298e-04
7.571090463010675040e-05
1.568387060003613811e-04
4.243355671672031584e-05
1.058924090514267150e-05
1.085556670224681397e-05
2.194462097833794963e-05
9.032877786454438304e-06
8.128203013993415336e-05
1.143199972514816849e-03
1.649391890193964384e-03
3.537768412204373228e-03
2.522653189867331844e-04
3.367466442332384597e-06
1.155691131376634301e-05
1.073938345850435912e-04
1.383744309706069395e-04
2.123662329074023792e-03
6.409295439431976667e-03
5.418864977022392476e-03
2.110607757393226716e-03
7.892383977608650927e-05
9.181913159541781020e-06
9.806825214530478152e-06
2.255260426704843354e-05
1.147849097368493673e-05
1.524957862069942249e-04
1.058549014418179533e-03
1.230800809623807442e-03
4.455063959720569067e-03
1.425481889733400869e-04
6.864618332394306860e-06
1.083762835543885134e-04
3.152456463235522627e-04
5.768143818821100919e-05
6.866404311864823242e-04
7.631080566109847522e-03
8.340792222913539708e-03
3.880114333327661525e-03
2.233284912235537637e-04
1.641969102213154796e-05
1.053677786285623174e-05
2.299321630960543555e-05
1.061545545921605835e-05
2.049507790901902238e-04
9.491936984237402597e-04
6.239158985248231815e-04
2.732811757841985267e-03
2.838020632636039818e-04
1.605733143955615687e-04
2.756805360469282221e-03
3.973463147867133463e-03
9.983279826249092000e-04
2.059446708755361625e-03
6.565452137836214714e-04
4.750309439846732364e-04
7.483694041102973392e-03
2.279716667866521409e-03
3.707099031690460798e-05
8.243708757094572766e-06
2.059476524236112960e-05
1.242447244292103736e-05
2.708316547895150040e-04
3.660130335079404482e-03
3.586498692901517443e-03
6.591421954706180517e-03
2.051033515381610935e-03
1.066313064823449066e-03
9.181649184046220599e-04
1.290937865986832188e-03
2.537070245308707152e-03
2.330210116051541300e-03
6.422492410963785215e-05
2.275557492521242979e-05
2.803303775175377491e-03
6.811811011439254139e-03
5.424919760464074142e-05
4.332459535902444875e-06
1.474902747710194739e-05
6.401239088746735913e-06
2.257961174625406142e-05
6.739676603474914571e-04
3.611850784112680384e-03
3.525327168738982830e-03
1.625405969035235423e-03
4.508221462977586038e-04
3.199022365494149311e-04
1.160604776188383508e-03
5.552478514695512570e-04
1.368215864195566553e-04
1.194047349268901752e-05
3.462454180795134505e-06
3.823683688910940043e-04
1.259561639382861600e-02
1.747237329338185367e-04
3.561410232662437535e-06
9.734267678800744271e-06
8.060903413275571764e-06
2.309026869178193577e-05
8.002823521418106446e-04
3.037968853628302858e-03
8.968685716618683343e-04
1.550786609070721879e-04
2.019549883661450422e-05
3.024141417372270323e-05
2.094981751529328669e-04
1.353507312744891612e-04
1.328935471053551093e-04
8.010252280693031576e-05
9.726167862039619794e-06
8.326479316340490390e-05
6.223651722656985651e-03
5.298635673250277683e-04
6.671028819699440624e-06
7.325320290668960044e-06
1.478915722042849452e-05
1.705014795458316597e-04
4.153504527456526943e-03
3.082393214567210465e-03
1.561606202100167652e-03
4.730527445914424413e-04
2.210737086914009965e-05
4.520496055711816786e-06
2.518914333681679347e-05
4.071155154081402064e-04
2.215850512822904045e-03
2.322982116426250930e-03
4.221781616641607864e-04
2.556090307232500736e-04
5.057377213866291916e-03
2.220221232266797462e-03
3.631435748509981586e-05
9.453000716525553887e-06
3.467212430926929763e-06
5.386231349780670768e-05
3.051805812375238142e-03
4.281274778388558314e-03
3.307504991631215682e-03
1.708246538253366644e-03
3.173845901267050257e-04
2.171205656158526452e-05
3.857123768031207786e-05
1.911934731032442596e-03
3.540896955250459870e-03
1.136438068896699358e-03
1.099264447565016702e-03
5.917661764557732504e-04
2.790664396534734727e-03
3.345646120041647058e-03
4.003144301724280906e-04
5.496171341119556104e-05
3.546705647116456136e-06
3.531017813711267430e-04
1.823787894100626500e-02
5.032703539024688082e-03
3.451439044996785967e-03
1.581915413882539062e-03
1.798377962257476917e-03
3.892177812226372234e-04
2.844232842159868566e-04
3.789145004149748093e-03
1.481450356603144841e-03
1.802756885988638334e-04
3.983152044779229265e-04
6.882461482718273214e-04
2.239385168204282087e-03
3.011932002119202100e-03
1.576481979744620522e-03
2.221675756924705852e-04
9.655315095318523278e-06
3.250197377732800142e-03
1.035051462266802780e-01
8.030072456972717557e-03
1.250629383287046002e-02
7.209537203114226196e-03
1.833009329092187556e-03
5.000211237802115738e-04
1.682374004661745101e-03
5.656291071711186391e-03
3.366297026688951479e-04
2.068534825880612616e-04
2.534802066660907759e-03
2.653139909608387415e-03
4.894461833070178070e-03
4.153242615233510536e-03
4.299830932490514312e-04
4.611873607294289404e-05
3.650946322780408470e-06
1.228640414342582678e-04
1.487018979998528875e-02
8.297905526885971869e-03
2.255796743105470837e-03
2.178560573976155192e-03
4.425536908629723967e-04
8.343095658865211383e-05
1.080434957184524909e-03
2.228329717750680752e-03
1.536891171627921483e-04
8.042633405797733077e-04
4.238896825070468354e-03
6.933567843668901306e-04
4.151557692366966007e-03
6.195043825574965066e-03
8.035262931975119683e-05
7.377430508596367102e-06
5.055761990538299942e-06
5.412811056954091004e-05
6.280397594700400099e-03
5.910848499620893065e-03
8.721675527715910597e-04
2.438811224688747139e-03
2.451412757414751179e-03
7.827168243559227490e-04
1.448911183918193384e-03
4.098825077566428058e-04
1.155554579120290421e-04
1.712608492305488922e-03
1.324539096616230219e-03
1.614267727512125154e-04
3.812816224054283928e-03
5.322281839322974724e-03
3.475067351851251834e-05
4.776291876532635578e-06
1.000081532924664334e-05
9.826568143709905835e-05
1.190157828783067195e-03
7.124963903957150669e-04
1.325495818899256667e-03
3.028638777088106700e-03
3.034442786826648582e-03
1.888446445517907727e-03
8.035899351162701775e-04
2.034905354006187692e-04
6.157886960556611684e-05
3.865696460405017125e-04
1.638942885251314530e-03
9.569930360457849046e-04
6.047336160057113774e-03
9.485062959867588891e-03
1.606822115510250608e-04
1.378395914689471869e-05
1.239290875826967091e-05
2.474901430358813202e-04
1.529433984020233750e-03
3.065757278575928393e-04
3.656874690809184332e-04
2.877655953790752446e-04
3.371533781717725724e-04
1.961547455374679759e-04
1.815313240258635888e-04
1.652563050422919217e-03
7.714108746116651438e-04
9.841376351985645099e-05
4.101458450964518541e-04
3.748360047288221576e-03
1.029069425144217564e-02
3.134883987815527927e-03
9.465634941550416306e-05
1.754886515303940051e-05
1.068262042766140705e-05
1.808772901979770274e-04
2.306080150761179864e-03
1.282926316658986781e-03
1.389054031978650006e-03
1.198571321875011508e-03
1.377204093037084909e-03
4.387112879086448904e-04
3.240474054176912763e-04
3.428427466889518316e-03
4.228789051582824976e-03
2.655778227168489338e-04
2.852548904013383572e-04
4.952796457120553844e-03
1.148511722281587641e-02
2.928652523648730402e-04
7.565944780243743974e-06
9.271531710278048857e-06
1.059814392709231982e-05
6.754511507577423170e-05
8.149764035653643112e-04
1.462591431637712833e-03
3.555526326724795048e-03
2.252317821365585129e-03
3.456175685682695000e-04
2.397634827132726347e-04
1.211659236158142434e-03
1.218100074231341732e-03
2.487253968918506442e-04
2.579109244835979943e-04
1.732610959975796217e-03
4.209439851451436850e-03
2.059996229142843291e-03
5.238532762805475260e-05
3.322128374890775146e-06
9.834267536411785905e-06
1.405336944004529518e-05
9.046136738631940528e-05
1.466038961420039954e-03
2.159430817258853851e-03
1.954194954546169347e-03
4.348720206030609169e-04
1.118299987358657135e-05
2.057507296192680928e-05
1.340770526773620193e-03
1.319409555179069070e-03
7.195211915342104869e-05
2.536312846010233967e-04
3.569476362742738870e-03
1.438097708964549120e-03
1.028427927492292331e-03
1.536241052352891700e-04
1.091751856383576802e-05
1.571496881734372444e-05
1.231794731218912545e-05
4.557059722524513468e-05
8.070853749989431681e-04
3.710593671622175720e-03
3.789436186183166733e-03
2.228122366710292689e-03
2.951158931508563702e-04
4.995589014666670371e-04
1.613721186882784023e-03
7.778694792980676408e-04
4.802383259341805972e-04
2.758343038723086275e-03
6.683121376338270643e-03
3.773240424085742731e-04
1.831929316422317754e-04
1.046625199342148855e-04
1.693903667476149934e-05
1.914811599591839992e-05
7.562040322122943407e-05
2.087150459245232952e-04
1.512961562170556313e-04
1.869016255976069804e-04
4.307281558062845002e-04
2.004062470768533562e-03
3.545130778169369723e-03
4.140448445363812367e-03
7.027955835585061872e-04
5.675720036368562442e-04
3.905005182879318047e-03
4.054507589208672901e-03
5.130950955289088726e-04
2.002642207227934960e-05
8.201723242495191553e-06
1.178759430694798647e-05
1.065160165905301833e-05
1.999848128093078916e-05
2.687618478897584148e-04
1.369620324998601594e-03
3.805522171980004007e-04
2.013990727666959898e-04
9.860526896097192480e-05
5.341075567458613009e-05
5.590933466567197499e-05
2.278798386631163348e-04
9.503865386664564962e-04
4.591818466193037414e-03
1.008099632556941003e-02
1.678095537169038524e-03
5.842416466019719493e-05
5.102403485213208667e-06
4.436898485205918093e-06
8.126008185537064778e-06
1.123396948559779487e-05
2.151062790735752673e-05
1.746227897635938063e-04
7.559561524115859668e-04
3.432191457500010333e-03
1.578854993518460231e-02
3.107785732482956729e-03
2.119056981303834707e-04
7.046795738352104078e-05
4.823014442733097938e-04
7.149627410014182741e-03
8.954644506549957680e-03
2.242657514205445915e-03
3.450818371252440276e-04
3.404201063518902225e-05
9.183037307952110685e-06
1.009365911023038166e-05
1.281868366174721573e-05
1.372660155367227059e-05
2.263408798524585617e-05
2.640554036349879088e-03
8.211018918734377253e-03
1.958407701870632650e-02
2.891856295748522140e-02
2.580048286954843631e-02
3.353522382488205444e-02
1.725768903723803524e-02
5.124208576010096279e-03
7.213347748389879093e-04
9.972794063650668986e-05
5.802986447981477565e-05
3.766496276566103524e-05
1.882572764233776129e-05
1.748279276714136837e-05
2.236815120336808378e-05
2.307107813858147812e-05
2.257443351284999823e-05
3.391210005276802837e-05
