6.475489114896886456e-05
3.260769790727112427e-03
4.664656285193614915e-03
2.260663623295292002e-04
7.575101235763440663e-05
2.132254673431977093e-05
5.697648814262491832e-06
1.565154417916987526e-05
3.794589242684774254e-05
6.797303871572782610e-06
1.521615614567249350e-06
3.069730281588122146e-06
8.334149471298953456e-06
1.084979176702667324e-05
1.182784038073365760e-05
1.379267423478556759e-05
1.546871049793024640e-05
2.403121097880938847e-05
3.991138715753150926e-05
4.371745049008492374e-04
1.391020474501720441e-04
1.637833305764422513e-04
1.370140434508583570e-03
1.059518949544038005e-04
5.790791894812574088e-06
4.294108171276060946e-05
1.529133053415733436e-03
4.161946074883364293e-04
4.980051459640307112e-06
1.228725176245979257e-06
3.674023531242321108e-06
6.909233572828582958e-06
5.250080596969754737e-06
5.087979798937500319e-06
7.663513370285493712e-06
1.551355437063604834e-05
1.560968872883794793e-04
7.896976012834655209e-04
9.929359995188329817e-05
1.975879975324897335e-04
1.139308368688454667e-03
1.805606963047303923e-04
6.871899736676928007e-05
2.830833351039331006e-04
4.776411359379530847e-03
5.977775333997934620e-03
3.066384308147181289e-04
5.473196925423781222e-05
7.633741771643522394e-05
1.502586911471004449e-04
2.607212718650206348e-05
4.113737199658874788e-06
5.363246499395585527e-06
1.513509598919755932e-05
3.420857988679719251e-05
2.633603646770508446e-04
6.172554577955328579e-04
1.135463215976859411e-03
7.768627070731212074e-04
3.668041757725817994e-04
9.335959869067904024e-04
1.510128294425767091e-03
8.721754256326137798e-04
3.712305440132515556e-04
1.461063946782981300e-03
5.206334603963426975e-03
1.314716971359436524e-03
1.278785361033093993e-03
1.500923124539248470e-04
5.159564728360447742e-06
3.913630578129783935e-06
1.436911512044676075e-05
5.163550614670704187e-06
7.226709008166195582e-05
2.469908860505108834e-03
5.382904680929001540e-03
2.863469533636987894e-03
1.024367222921726203e-03
9.035641650534463176e-04
3.555333259256022831e-03
3.890939461686944260e-03
2.711891398649567153e-04
4.358353257305037985e-04
8.531998248766492488e-03
4.144842433334790938e-03
8.804497547657275103e-04
1.913470950728773554e-04
1.310031121635532756e-05
4.524224100468978842e-06
1.280026445896796522e-05
5.731604331953414395e-06
8.694376823810121056e-05
3.921325101615539578e-03
3.954664773793862415e-03
1.450584030580773579e-03
9.034929099464458725e-04
9.277237980464373996e-04
1.721955022991083269e-03
2.446954196961523362e-03
1.005964678959181879e-03
3.620617579098798231e-04
1.500922399919421384e-03
1.048295330654033450e-02
4.843184612768977430e-03
1.441099138488386930e-03
9.860584875164711191e-05
7.465633475928362220e-06
1.078249599246636995e-05
8.444743323111117531e-06
8.229020438368032226e-05
4.342611566500628219e-03
7.813608926939096325e-03
2.213335062592580293e-03
1.149148441259024989e-03
1.843187822063923915e-03
1.971636391970696053e-03
1.062655395627559816e-03
2.925993410784492356e-03
3.313608431007090700e-03
5.902975454542789017e-04
9.562946220949379572e-04
5.166932423537444648e-03
2.437019252562626099e-03
8.471103151594252081e-05
6.700727569770425188e-06
9.083989701027143584e-06
5.007141545871140486e-06
1.368577278881096912e-05
4.250646537439930301e-04
2.536348411499324967e-03
9.558667836712563459e-04
1.128235430427249915e-04
2.878218179381753688e-04
4.409930523035524887e-03
5.906946118454713644e-03
5.549563961059178832e-03
7.013891563638473964e-03
1.812001080649392913e-03
8.948231334399717402e-04
3.763907135896783340e-03
1.597024929556466796e-03
1.735229237830040138e-04
2.755643000103468940e-05
1.405253650547118695e-05
6.227976430643060393e-06
5.335984614979732553e-05
1.805173948282898580e-03
4.104906558166082110e-03
9.436401001938708169e-04
5.133790494963121515e-05
1.384647289672273553e-04
3.432084107689396205e-03
3.238625822748133262e-03
1.691930799455558954e-03
3.011455458746850958e-03
1.980806139634972741e-03
1.364931332719710941e-03
2.098681558626958737e-03
4.397696794229091766e-03
2.378739693224974326e-03
9.552746168185886259e-05
1.395178050514093007e-05
7.246155542555708728e-06
1.841942650280130908e-04
2.359709522378019512e-03
1.252320946381706200e-03
1.880017142505227123e-03
4.869507538285444996e-04
9.627924714307310077e-04
4.133245830090901199e-03
9.969463443144101732e-04
1.459373540052361909e-03
5.621865882085090062e-03
2.850844666166936665e-03
1.358524923728004954e-03
3.690511385605484119e-04
1.720028623635663475e-03
1.254140187337287769e-03
2.164487262326953983e-05
6.513485905189587562e-06
3.324030414991606503e-06
5.564748039132537004e-05
5.089703007798767817e-04
2.481840946078413984e-04
3.418853447117144108e-04
7.858027117017790219e-05
2.597199915545952108e-04
8.830786570132486335e-04
5.632870028514348976e-04
3.987181220696134343e-03
5.460269863647866130e-03
2.962544085809429122e-03
2.551845698946999738e-03
5.730812414129092189e-04
4.815847233391645256e-03
2.197350586008763040e-03
1.853002678585076974e-05
6.693106366844355407e-06
4.430967695009496756e-06
2.469149933245944409e-04
1.262950340669263122e-02
6.793062005196402221e-03
1.166958954601425092e-03
1.351145337537870803e-04
4.611861637997222521e-04
2.089106174336869456e-04
2.285244475459180459e-04
3.663150831510466384e-03
1.950062455252839352e-03
7.292234462081082034e-04
1.656654356722857713e-04
8.916258906144256620e-05
4.537049887948135622e-03
3.113309835798305000e-03
2.714749968609844009e-05
8.203350327763408781e-06
6.415337986389457866e-06
1.596857465213946279e-03
8.406812297867169437e-02
1.041071147068268338e-02
4.535520844047425185e-03
3.227026639745494453e-03
5.933729099756363326e-03
8.694648787512072397e-04
1.289357674537327993e-03
4.873327295008233334e-03
2.881382350942602276e-03
4.337038140774181032e-03
9.960841085992187555e-05
2.455876425913526044e-05
4.009241415484800404e-03
5.395275177795461237e-03
5.584726930131871488e-05
1.153921957122528910e-05
1.746402609159961281e-06
4.660520163270682266e-04
4.209443256812857304e-02
8.477585747449856504e-03
8.090499043042776936e-03
2.261593591940164964e-03
2.037609185256734554e-03
1.879759584449653981e-03
2.844394503433115597e-03
1.907531192542488967e-03
1.333287345711688717e-03
6.599358415030823558e-03
2.151444033323242843e-04
1.017896953470107758e-04
1.121827130213682785e-02
2.778651460869169688e-03
1.914321499188570996e-05
7.563542066082891921e-06
7.193372682315589262e-07
5.044241163341859035e-05
4.820742648694982535e-03
5.516322133116093387e-03
9.610658176181979817e-03
1.993069557938387856e-03
3.084347964678859234e-03
2.517063698629584678e-03
1.273997187307499175e-03
2.633411539443039715e-03
2.841931435206153465e-03
1.182791610010346800e-03
3.654076752614627600e-05
6.114825437223943630e-05
5.041229778925445347e-03
1.212832169294156878e-03
1.414324622470738297e-05
7.116672042888348669e-06
2.322203912407049073e-06
1.677008741837671330e-04
5.198354832865802883e-03
1.996790903331647788e-03
4.967469640276285514e-03
5.541379085697168035e-03
6.343290208978532088e-03
1.084510730438284628e-03
8.056422649313381206e-04
3.697031609188561503e-03
3.688282012439243838e-03
8.581434866165248664e-04
6.076048411812062658e-05
1.231999714148385400e-04
3.557026460304573128e-03
1.925947761412991803e-03
4.569671188889247102e-05
1.146202100255599017e-05
3.685813428533529896e-06
1.454985012869911194e-04
5.203912828777666061e-03
4.584995677143603038e-03
5.727463311902046203e-03
7.265333374665634142e-03
1.137058583484833706e-02
2.154813107275428338e-03
2.544162931386493957e-03
8.041049184027360824e-03
5.873350930820525964e-03
4.475917818681294895e-03
1.195713017815990160e-03
3.508163622035134245e-03
1.159964034079312596e-02
1.453248580022695755e-03
5.365445447602693968e-05
1.441929211049525225e-05
1.916822573481816023e-05
2.224250522069936642e-04
3.486172678629372804e-03
5.576514752504871213e-03
2.270753050619234419e-03
1.993404064355490824e-03
3.240891808706010228e-03
2.431257802818729934e-03
5.655128132993928088e-03
1.040287697808883229e-02
7.428921741468662299e-03
4.670037822789323799e-03
1.371224749028782455e-03
7.881620275351814905e-03
2.094112051202750777e-03
4.241721187457248997e-05
1.017151962356262943e-05
1.370010714962796388e-05
9.577727987816089090e-05
1.086463355630481195e-03
1.012739715297492418e-02
7.827502550782112697e-03
1.627455846920833251e-03
2.410750606877535337e-03
2.734991382478427387e-03
4.280298415913809558e-03
1.113378673029808731e-02
1.020651350734974594e-02
6.653387770199334188e-03
2.849667276535742394e-03
1.431139169847210190e-03
6.424503858123350834e-03
1.862753426580142011e-04
1.948925506500123906e-06
2.572744672329905993e-06
1.299987931591852874e-05
8.854378630458216098e-06
1.898765187225873543e-04
7.736488515651026784e-03
8.005113808494598859e-03
4.567169764887105306e-03
5.496133007160080956e-03
2.161678249093874210e-03
2.600260918325403639e-03
6.955350646587158715e-03
1.253685693999453954e-02
1.266052532100904069e-03
4.038330449581112704e-04
2.527568697609067303e-03
4.858175888566321383e-03
6.845198614656299474e-05
2.014808513544250465e-06
3.558045409776670704e-06
1.512178449812409042e-05
2.803984796564819435e-06
2.718304101611595169e-04
1.723343881644608805e-02
7.656793459674924272e-03
5.588088804778386029e-03
2.214836041150797588e-03
9.673524211226736157e-04
2.723497577367839807e-03
2.216243088996650446e-03
1.852470109548209204e-03
5.145532659190245979e-04
9.202950804774496932e-04
9.435115027407578805e-03
1.866624384624840979e-03
2.545420434024845110e-05
3.945596719546408702e-06
6.605049790832001349e-06
1.647325463493852423e-05
3.459522381382729736e-05
1.965999318020999684e-03
1.027222252299429470e-02
3.974181993488088045e-03
3.480768506147418218e-03
2.030297151053381526e-03
2.127664915845151484e-03
3.903286690486897428e-03
6.817379899536620902e-04
5.248392452021399856e-04
2.629199927517705034e-03
7.724374858107366411e-04
1.526147642256410215e-04
3.498932574380400753e-05
6.988277326169250511e-06
5.604069099621253861e-06
8.556915384553759733e-06
1.601348901313151280e-05
1.511534249938579848e-04
2.382456617406171137e-03
2.700704776915338872e-03
2.037057239850864968e-03
1.909296287371712577e-03
1.439233116969330104e-03
5.999349096582264496e-04
3.861400074914720011e-04
1.375850537699469553e-04
6.367213387476175534e-04
4.509727372111923573e-03
5.182007876132249164e-05
1.052958212374475542e-06
1.667149853275984291e-06
4.630645584389269607e-06
7.409279432210565907e-06
8.809267857099254749e-06
1.483071961650626837e-05
3.906787771665706294e-05
5.799864017421593959e-04
1.215882574164035054e-03
5.549107440699582467e-04
5.891483798251971778e-04
1.067613443130140246e-03
4.668352019701485305e-04
5.942078154353199870e-04
4.704232830482846044e-04
8.927429882620291487e-04
4.284655109476074100e-04
6.647168267065219682e-06
1.065332463909825523e-06
3.223531740838478417e-06
7.840036028064989598e-06
8.935248326672577814e-06
8.758728189087474120e-06
1.473617135465963082e-05
7.502107857985251685e-05
1.366997651044574809e-03
5.268372736562479744e-03
3.137603542646888455e-03
3.234693963204428833e-03
1.655293949367255338e-03
1.819187065615628270e-04
1.277037191097048143e-04
1.140085443016392930e-04
9.393229592003361599e-05
2.235633343419858062e-05
4.202033412600852387e-06
6.270824520723065616e-06
1.469592254413046660e-05
1.733399198253116028e-05
1.517038609254209473e-05
1.468355075092299462e-05
2.342920174116868443e-05
