4.315958575718431859e-04
7.038945181867330668e-03
4.838262045631667140e-03
4.933486758157596547e-03
3.313718862358602281e-03
1.621292723416436273e-04
2.347476770065582568e-05
8.403594427173214027e-05
2.286177621199080587e-04
2.702839242875380884e-05
6.291240881384491514e-06
1.440355444177348068e-05
1.803338407492076424e-05
1.522765566667398139e-05
1.797668697727173564e-05
2.115706677921479499e-05
2.543724294241853621e-05
3.863880943140665810e-05
3.238846885148012345e-05
3.755642944296252637e-04
3.831908378106916192e-03
1.027499152121956298e-02
6.757036816326017535e-04
1.381746329495948620e-05
7.943841401538623818e-06
1.865365868089106038e-04
2.980206455155950691e-03
6.474750556066932988e-04
1.593846674993418689e-04
2.097441744902421232e-04
4.131319925429533701e-05
1.804810416991132468e-05
1.868110941505342291e-05
1.274876508318891322e-05
1.411983078743333092e-05
2.614399727654978005e-05
7.673798714282793285e-06
1.661411221674630225e-05
1.594361350598559276e-04
1.750426086530787548e-03
4.817370169216483671e-04
1.765730970894788363e-05
5.552172132103836171e-06
3.114908506263000434e-05
6.523259068931210785e-04
2.976967005052242113e-03
8.969717583511376685e-03
6.713557589286124443e-03
3.160289595664130804e-04
2.490035952881753355e-04
1.728632442674121663e-04
2.198332446904284018e-05
1.312935401041034920e-05
2.533733237706819853e-05
5.661824243657737033e-05
1.934937412836077787e-04
3.088823526937465105e-04
2.422719500724781778e-03
2.645118746505943988e-03
7.553213596685511954e-05
4.397038538966595283e-06
2.683856400250967885e-06
1.645185826729726823e-05
2.645222398169547054e-04
3.980261958541424748e-03
1.193822010979458254e-02
2.626288119836182704e-03
1.353902518268456940e-03
1.625229642588884888e-04
1.160018616705056175e-05
1.042660896728372413e-05
2.642993743365346955e-05
3.866709730741419164e-04
2.771167453959144742e-03
4.251779996066668618e-04
6.197540867594585881e-04
1.940996303042044537e-03
8.242560822063161262e-05
3.124585316843956317e-06
2.269878177190318561e-06
2.279352039548282311e-05
2.313631121892360646e-04
5.588756719693599483e-04
4.059529889957348356e-03
1.794986663776139066e-02
3.122898932583076555e-03
3.783937064642455770e-05
3.151663518970673337e-06
6.607889328455646250e-06
2.534687258516655158e-05
9.693194888018251409e-05
2.031159304191969782e-04
3.649433308297772344e-05
2.423328491493457516e-04
5.703249151537365634e-03
3.390902649568292709e-04
8.824284000233456607e-06
2.087680513248783861e-05
7.714102888239619685e-04
2.327993117448388678e-03
1.225313896996191147e-04
4.964339891668530095e-05
1.356274974373763292e-03
1.317716428290260401e-02
7.652926635509938727e-04
1.497534439124672142e-05
6.869167422976163972e-06
2.105588959197374178e-05
1.483352997398001514e-05
6.844794566827448774e-06
6.073379166351505304e-06
9.577728702850072718e-05
7.158031661613613534e-04
7.008053779159673015e-05
1.013279296554238780e-05
7.511233493375347005e-05
2.990609371155566760e-03
5.928615202154958498e-03
1.452268749662928679e-04
3.827084656289346869e-06
3.818177752991663723e-05
1.069112028974340475e-02
1.100480714050269988e-02
1.033410993047171309e-04
8.531603005033038916e-06
1.570896177997428548e-05
1.132003902594390095e-05
6.002566072306373181e-06
3.550689829011414956e-05
2.528992333472399197e-04
5.630321824798187438e-05
7.404692615452038207e-06
8.255820098862400313e-06
3.015032051004026207e-05
4.826642216101223958e-04
6.523940326857592849e-03
3.957526655770226588e-03
9.482229222737177123e-05
8.155915259936007849e-05
5.640002511824662376e-03
1.335738943209928593e-02
5.698177381103793722e-04
3.439696761733284421e-05
2.074233543067481887e-05
1.655235545709487341e-05
3.814402321578647034e-05
9.148306261111421476e-04
2.252563883245098982e-03
1.081709114885485274e-04
4.688837608145440589e-05
2.074456125453127617e-04
1.752838267378535597e-04
3.524742267816050783e-04
1.605261018226329488e-03
3.116007772072238238e-03
2.803592000135575186e-04
9.280581962412149256e-05
1.772138313591323623e-03
1.188256277089443091e-02
2.849094390135696250e-03
1.415342646484717202e-04
3.140648919129600264e-05
1.183387836404952959e-05
8.730176865502485301e-05
2.131967523173022936e-03
2.195341665659235591e-03
4.949680991620885153e-04
6.876854504457044449e-04
1.918268087609756789e-03
1.386909973749870855e-03
1.443639113350257165e-03
3.162365565362883126e-04
7.950661923939144737e-05
3.125081336277750070e-05
6.478919142124545127e-05
2.727696723502192559e-03
1.306273916429483671e-02
6.368171844789351915e-04
2.193318887092014628e-05
1.433766973449292793e-05
7.979349802890495070e-06
3.105409908331341188e-04
1.069125697790259712e-02
2.511083342592352382e-03
1.461776259702484912e-03
1.103070947203103761e-03
2.938218750982431551e-04
5.965830073758456248e-04
1.314608670884347087e-03
8.167464641441241253e-05
5.714658113574507393e-06
3.030314448737844388e-06
1.619752686617683356e-05
7.831184390864868615e-04
2.521330881375210241e-03
1.114043622581121042e-04
6.172282629441198027e-06
7.970969966153673060e-06
5.158903660417607573e-06
4.687808776836632362e-04
3.561679842102464383e-02
3.603174843958204757e-03
2.348889720337558537e-03
2.768749732211611692e-03
5.252661762121851787e-04
3.114254786728168616e-03
3.098622685494864092e-03
5.807953175524850110e-05
4.747416358301270885e-06
3.435796645550434832e-06
1.212713325315713111e-05
1.184317379846471115e-04
5.644966804745190150e-04
8.575365670277591617e-04
1.003144155840262735e-04
1.781694993528013584e-05
2.321414501253762497e-06
1.070540324075930431e-04
2.971538642086912069e-02
1.781150301717086132e-02
9.994940813958422265e-03
1.608582396286055080e-02
5.930691711820630305e-03
7.367847180324582808e-03
6.944191087869488977e-04
2.858331148492618409e-05
3.181664642751485075e-05
2.582560604213777014e-04
1.101162627551034723e-03
2.021420730829866143e-03
6.746202831747649675e-03
1.270839458363924417e-02
3.530312457255041416e-04
1.527095228845409407e-05
5.571682602160708139e-06
3.944546855298059645e-04
8.159465618637093409e-02
2.168330041553879692e-02
3.297057467283884703e-03
3.907714849984605769e-03
5.887100771229932493e-03
5.003740155946255486e-03
3.777320334691834603e-04
1.182831038581197690e-04
2.577079491227605599e-04
2.462463152126099283e-03
3.207068813078299985e-03
1.533132232730185368e-03
1.335361603052493719e-02
1.215787168729999014e-02
9.089246864894749939e-05
6.439815762736019912e-06
9.234467937894563677e-06
2.119131332677955777e-04
1.034100247979649438e-02
1.327659008916422245e-02
9.413174627885434465e-03
3.508462376835450817e-03
4.396805644831737643e-03
5.010619278245468343e-03
1.343115586238019911e-03
1.608497089564220371e-03
1.543689684109934282e-03
1.726425739162804063e-03
1.381583323272159993e-04
2.418739319323579709e-05
1.704860658180625118e-03
1.282486405770759050e-02
2.232023992526463603e-04
1.554114859833616329e-05
1.533655767485704851e-05
1.172077883402215440e-04
2.639796026815269866e-03
8.060073950774146109e-03
4.197925457118109778e-03
1.721518144926233347e-03
3.845865177210838412e-03
1.765926209321330145e-03
6.301276658514374292e-04
8.479723769965867314e-04
3.121989932811823805e-03
5.788464264119959519e-03
3.075292317198303517e-04
1.851477302751606906e-04
4.107548277703988206e-03
1.606064439372169870e-03
3.662377062986663329e-05
1.405829301908239843e-05
2.629860406653912398e-05
6.592613166731602580e-05
2.490057919123248378e-04
1.757196712587973965e-04
3.444929347178621467e-05
5.586418800469113280e-05
9.395139992676056206e-04
1.793099834298849879e-03
1.279713233278774367e-03
6.123935333069866014e-04
1.428073415657982832e-03
8.407010606731842636e-04
1.914952498603963928e-04
3.715232415240577769e-03
1.859032397113536891e-02
1.288116484826133353e-04
2.699046759013299490e-06
7.628063441465497666e-06
1.959847488110909053e-05
7.835151337323549583e-06
8.264851082264185826e-06
3.514014743858887718e-05
7.506903227238851967e-05
1.980503427094768617e-04
3.520392370433481858e-03
2.840741931478803738e-03
3.534428890857658741e-04
8.334194047510374388e-04
5.636113700398485624e-03
4.447108665113749305e-04
1.822949093787322287e-04
4.830985374554577771e-03
5.568539378907970926e-03
5.797741899892953693e-05
4.020657687385688650e-06
1.275538861962932621e-05
1.462761672751715654e-05
5.198002161866028232e-06
2.116644158265056257e-05
9.384596480134474753e-04
2.637002052184691733e-03
1.042478069986032922e-03
7.066942096020693669e-03
1.889191595584371235e-03
9.154286116978957097e-05
9.647905372015315060e-04
3.834833116984275297e-03
5.968591004741443436e-04
3.236407697620916069e-03
1.550527325675495754e-02
2.967760090728091549e-03
1.200911093255573546e-04
1.571664291482524560e-05
2.246565927146290103e-05
1.272886315262354454e-05
2.112509338855310799e-05
3.206250061604765892e-04
2.486014724517672352e-03
4.970258266838873664e-04
4.841079903226163300e-05
4.573528273952596275e-04
1.776437986298434052e-03
7.741708746012952724e-04
2.014453785048248447e-03
5.365779541163877807e-04
9.688749767906801270e-04
1.621925193139426777e-02
1.501071217110647692e-03
8.656756469855785235e-05
3.917736667201965936e-05
2.100146887415370680e-05
2.624445136938065504e-05
1.393445388777948235e-05
1.875672804431650301e-04
3.789941950320090212e-03
1.487619247045763107e-03
2.207757128155783861e-04
8.334770163520973047e-05
4.185622319681662823e-04
1.398343651647891055e-03
3.212838218983933179e-04
1.517243596645068084e-04
2.403995365236109123e-04
1.197509741020908423e-02
1.867919302225615197e-02
7.477737386850893855e-05
3.810128785123971185e-06
6.421497997698194530e-06
1.354763101090900542e-05
2.627672568800200358e-05
1.372631134173354465e-05
4.039612738529856344e-04
1.096141521976291486e-02
4.254090478701598628e-03
3.047555420363966695e-03
3.719483676066040814e-03
4.176386102773346071e-03
1.925340165444901913e-03
2.406142516877965778e-04
1.996223605880709251e-04
1.105317313255941994e-03
1.499917329931465398e-02
2.326009076387241994e-03
1.481008618904824275e-04
3.102710686797132680e-05
8.889104978070487754e-06
1.094493483376166268e-05
2.581598500900563443e-05
1.094816493822627398e-05
5.324447519743137229e-05
3.076217191093125712e-04
2.315589524668120261e-04
2.615300278590869973e-04
2.712158734108652768e-04
1.755779035676428563e-04
3.337658079412140675e-04
2.245983092474325947e-03
9.383633318403441365e-03
5.250586052757024239e-03
2.826614478966025124e-03
8.636665654250722359e-04
2.058572979960019648e-03
4.695108296508233793e-04
1.592778050529735780e-05
9.549845594634280755e-06
2.433860452371728507e-05
3.496510002850672616e-05
8.993700600380703303e-05
1.590061077890273530e-04
1.325222952979380553e-04
8.403046677760435510e-05
5.767558097482171039e-05
3.938232098059473417e-05
4.675876523606726370e-04
6.221930496015873856e-03
1.235746760827629437e-03
8.831002915850126979e-05
6.999442896727925401e-05
1.179800328766948615e-04
3.809078152290197518e-04
1.039671780713681326e-04
1.079487409161140353e-05
1.050667694465451754e-05
2.581961618118283738e-05
3.054670076807572562e-04
3.294924318219317073e-03
1.301215383109947075e-02
1.499880463192958084e-02
5.330431237647080892e-03
2.561340493388429996e-03
1.137212489228120980e-03
2.975063689444975949e-03
8.742950317320110926e-04
9.454094616242598485e-06
1.707536423939339472e-06
6.281896536347419117e-06
1.422534307276779763e-05
1.947258065611659562e-05
1.596278867320593972e-05
1.384593931033720588e-05
2.163669818329504673e-05
3.954899004957777652e-05
