1.379372836141229544e-05
4.624381738850169197e-04
6.988761987638869577e-03
9.377869511710384617e-03
1.225092619565990026e-02
3.442935945318171338e-04
1.224465367648440622e-05
1.715440864523442893e-04
2.014652947108613347e-03
1.831648891338731188e-04
1.847315003985561862e-05
1.084639102041131757e-05
1.179457318816010559e-05
1.694933114583561270e-05
1.979889582447955741e-05
1.985952700864052791e-05
2.055154047732949397e-05
3.062213695737501916e-05
8.510940271683562896e-05
2.639357239573228171e-03
5.776925254165866767e-03
1.924727418719335455e-03
4.740812368355461865e-04
1.378259828844035857e-05
2.193848017789608852e-06
5.505667612063738537e-05
4.646178722794191192e-04
1.039271992520096767e-04
6.745982080448752129e-05
1.933246376866113616e-05
5.169385139681017445e-06
5.085274514324082346e-06
5.963367760801441706e-06
7.776357397916496564e-06
1.070788006854396934e-05
2.019888145890369959e-05
1.843421624206616823e-04
1.752252675981267639e-03
3.355151808824233402e-04
3.817472039618195501e-05
1.785498833169435638e-05
4.345535297521827961e-06
2.693162695223843060e-06
1.323213407874315815e-04
1.743656079614387027e-03
6.836935386127038911e-04
1.757469298849187803e-03
4.792269512363455200e-04
4.068822962864244297e-05
1.161310781894868031e-05
7.083946833516497829e-06
6.992613175438929735e-06
8.164104316603285123e-06
1.766654310626485921e-05
5.379708928531946047e-05
5.503971893189305367e-04
1.924952553772199331e-04
1.347334042032225613e-05
2.380134284422239386e-05
5.607757687059039813e-05
1.400791776491233392e-05
1.606549045797195981e-04
2.518587726954496682e-03
6.673838403437502235e-04
2.010719714919514435e-03
5.987298355869254476e-03
1.929254334784607844e-03
3.814617877416806276e-04
2.004922584194242371e-04
5.265396695356939171e-05
1.152308569009933348e-05
1.631330613020905043e-05
4.821382439487173846e-05
2.307904899020616143e-03
4.947915207590861814e-03
1.041179368854229130e-04
1.160375580935297645e-04
1.876614646418273266e-03
5.748602586734552228e-04
4.080143434549240609e-04
1.796027339689371203e-03
3.434004738117252048e-04
2.391555010437006797e-04
2.231743374089555781e-03
5.617842411215772866e-03
2.660617355296442978e-03
1.683748014806204975e-03
1.761236470253416781e-04
1.466420988551510307e-05
1.629150610391828240e-05
1.979171773942180445e-05
3.776060996306699821e-04
2.142025772196159972e-03
3.202951588106653651e-04
4.304195866978270668e-04
5.722437546599002528e-03
7.471231966365256966e-03
2.053212095116923892e-03
3.829445786780648342e-03
2.024342240081755846e-03
3.039754372589731184e-04
2.902794101761282551e-04
2.057338225688958976e-03
3.789135180768110015e-03
3.622077992971749118e-04
1.737295051531987405e-05
6.424563961681478134e-06
1.663034354173362298e-05
4.580027143985430590e-06
8.063043103714601784e-06
8.330078476658151734e-05
5.456935310678106936e-04
9.838689419904120444e-04
7.978977879024290584e-04
1.679406363391120188e-03
2.067777938186049925e-03
3.375577425361390039e-03
6.000015859851347277e-03
2.139657002801894237e-03
1.819975692240080568e-04
4.540533584565726363e-04
3.431266247467895658e-03
1.268592737129079428e-04
2.786960940916005925e-06
3.188942883149106064e-06
1.672817694070577663e-05
8.168725659044488117e-06
2.568329947966589721e-05
5.058980458707750200e-04
1.954011491949930301e-03
1.083428342010944517e-03
3.555734533514133544e-04
5.666776269291749378e-04
1.125164026713089968e-03
1.050446216841701948e-03
3.678913075945407750e-03
7.110906378795563663e-03
4.802069725119538371e-04
1.240650665468253137e-04
1.118515946762437593e-03
4.930933456796973268e-04
1.524717196172523441e-05
5.611268587351289592e-06
1.739796412991914332e-05
1.672054459608099226e-05
1.930395567197477685e-04
6.879379417580846340e-03
6.021764540282996056e-03
2.303654351498796680e-03
1.271167233837140753e-03
2.159783711294692226e-04
1.177509467060345862e-04
3.217366757851433776e-04
2.924427718495460887e-03
7.451270511091570396e-03
1.091394101029476756e-03
2.563587853714747100e-04
1.850793968826373393e-03
4.445986209054543503e-03
1.566705461031938913e-04
1.154216682905104904e-05
1.729653394329390127e-05
4.192461336836492070e-06
2.149201020900469626e-05
2.998786856314023842e-03
8.560981866204271998e-03
2.224523156772747513e-03
1.613699677187641372e-03
8.443958847985408940e-05
4.380009291248306697e-05
3.473872036710298566e-04
1.550214284296714271e-03
4.171192515843000909e-03
1.080623090518019903e-03
3.735790946568171293e-04
4.229561145859520488e-04
2.919954282038667048e-04
2.366574382230034114e-05
4.198325351278642769e-06
1.094302312138333450e-05
1.683519634891563506e-06
1.404360630874488682e-05
8.849315528547471374e-03
2.196138340357085481e-02
1.880162733983288320e-03
2.760211924122769021e-03
2.093507504476002949e-04
1.438239795721503998e-04
7.436225474055725747e-04
6.099541329821309577e-04
1.322966944290187999e-03
7.580459545573227766e-04
7.940775829036340189e-04
5.378275722020774401e-04
1.886728122282963112e-04
1.627687686022981643e-05
3.387005767023738300e-06
8.347733348351372965e-06
9.942538097032051426e-06
4.931849200335352776e-04
8.209553763263389980e-02
2.805689721258846497e-02
3.006278707291555868e-03
3.296294780606114430e-03
6.136327823245710331e-04
6.296424824422361443e-04
8.560289974811623355e-04
5.705361008282573785e-04
6.608414010376320417e-04
2.710734173424317567e-04
8.901538985600998891e-04
2.966812831650538027e-03
3.720855758507192728e-03
6.569731636116466237e-04
1.180927607547202127e-04
4.312512827382962579e-05
6.581234340868642870e-05
5.003689330182872763e-03
1.211826579893611477e-01
3.264309547320261295e-02
8.756385113044811569e-03
5.456946146667437589e-03
5.131506174355325405e-03
6.336095500242092463e-03
2.534589952843360923e-03
2.026965254284209070e-03
1.324182583077174137e-03
3.507010617617839759e-04
1.071614449834291374e-03
3.435018109638210155e-03
3.588702242973938316e-03
2.558615038881126812e-03
1.901131913111415170e-03
2.181809756291056359e-04
3.692652088148360779e-05
2.738273806877886390e-03
8.085119054881605150e-02
2.867456343128036225e-02
5.095745547132140424e-03
2.377104393899820856e-03
2.979830684493362750e-03
1.277262458382625188e-03
5.279374817089647334e-04
3.622598798653767671e-04
7.580510105827301505e-04
9.968786955126980858e-04
6.798731620802446257e-04
1.808294213469840766e-03
1.977913712297588080e-03
3.414992429056615047e-04
1.411070489218102227e-04
5.064472641306489776e-05
6.168551977637801703e-06
3.566199834592101957e-04
1.506965326981522107e-02
6.626517162495837270e-03
2.379489495136300273e-03
1.354211133494919025e-03
9.094337980023031991e-04
5.624767644065595479e-04
8.668164949263582140e-04
4.008131656114112757e-04
2.839800243570459772e-03
5.464920171445565057e-03
2.657309828947344529e-04
1.040498390815866809e-03
2.779243103780668772e-03
6.908342651370705896e-05
6.836539743945008784e-06
1.004609831274052201e-05
3.317884034166152213e-06
8.762654524633575661e-05
2.470754418114847785e-03
1.021170778979876110e-03
5.109914591691442493e-04
5.961273852766817670e-04
1.992224907668953141e-04
4.548027480105612335e-04
3.522206776433545877e-03
3.983347355230352441e-04
1.128882237377694863e-03
2.805949640889448139e-03
1.861564431934134307e-04
1.290129153280337310e-03
2.523218291632577277e-03
4.630348188185218417e-05
5.712187964367982543e-06
1.261409880361404474e-05
2.939901313734948895e-05
4.353458309200818857e-04
2.654146213860364336e-03
1.092751144062828602e-03
5.698860138926161410e-04
1.405430599326811100e-03
1.553741086284188212e-04
1.637878674286718963e-04
3.126573970667017796e-03
7.277667689512973010e-04
2.000388101116096478e-03
7.661033852372823617e-03
5.589669252778700984e-04
5.996095348675648147e-04
1.918662550559779747e-04
9.168762081951097064e-06
6.038553080140234067e-06
1.917358155187096099e-05
2.479062129154553347e-04
1.424774007795556264e-03
7.729802252940772738e-04
4.649729089979552144e-04
6.247360111925555392e-04
2.388537732428888845e-03
4.775778805714321487e-04
1.838525859133495770e-04
1.719278548325460640e-03
4.630920033165314420e-03
6.636445981014054210e-03
1.047980981965367748e-03
3.333819681094711139e-04
2.158878887889118057e-03
1.587461222460938911e-04
3.870710574689808048e-06
4.901588321434100247e-06
2.000210718058523761e-05
6.278503227151498514e-05
2.521603235595290212e-04
5.277263498761886312e-04
1.638582072327701960e-03
2.544134475675315088e-03
3.289659115864342759e-03
1.920356897250452988e-03
2.392959498453357207e-03
4.397403712506650283e-03
2.866815992420361156e-03
9.284795146956090076e-04
2.454680627934017668e-05
6.604641226638289478e-05
4.464057082312896524e-03
2.847300299879279594e-04
5.070862324737585424e-06
5.682257373867011974e-06
2.003935899258348229e-05
9.958964642303693630e-06
6.390952641495450167e-05
1.780315664340634350e-03
6.274015727705417600e-03
2.595962480732071174e-03
1.659303453986548001e-03
1.030943133204663105e-03
2.809216555547906086e-03
5.411769541470863240e-03
1.053545125983476388e-03
1.054029322959301610e-03
3.867233764395287495e-04
3.272090036937758801e-04
3.502071958029126780e-04
1.940012318486868164e-05
3.723188548155258336e-06
7.688806662924147463e-06
2.092658592583665359e-05
9.456022032928376121e-06
8.788693502062497733e-05
3.483151031437341748e-03
1.902430708495934540e-03
2.493043152543368470e-04
1.110876352485958181e-03
1.622919535772666044e-03
7.762500591835066500e-04
1.431798610124043270e-03
2.425977361226612484e-04
1.713599868222159535e-04
2.619537461734762745e-03
7.285402184527693323e-03
1.760947867626417825e-04
4.313626505199083648e-06
3.982274308143534339e-06
1.050675141116909823e-05
2.148386579797152875e-05
1.347262656690079794e-05
1.012133459914462221e-04
1.670955517384321810e-03
3.471689838123257345e-04
7.323237561863789780e-05
1.885487377638210777e-03
2.605427593799848705e-03
1.375496012199221483e-04
3.933796934777911039e-04
2.723291283291890460e-04
3.356294354787598858e-05
6.747261808440631987e-04
5.143362986209530120e-03
1.105750601683018366e-04
5.326570970170836701e-06
6.813990597889944470e-06
1.263173540061789041e-05
2.100528329837424420e-05
8.818545813855518942e-06
2.580166204069360411e-05
3.841180707700906586e-04
3.901461897085216931e-04
4.762774068819865795e-05
1.339274706599621152e-04
9.757994236834334836e-05
1.086883706069394380e-05
1.978422147501892236e-04
3.865799677973767463e-03
1.235212733749528656e-03
1.355454676281462982e-03
3.902345079221337053e-04
1.392347560353604680e-05
5.050439587317995322e-06
9.258760603062971502e-06
1.263683566016407711e-05
1.968098276245574274e-05
2.362520961250788107e-05
1.253410885917961761e-04
2.950710246984818066e-03
1.218757658687849924e-02
4.326934958619738764e-04
1.300320991769391267e-04
8.048898345863553857e-05
7.603236136501417360e-06
2.144347044863289129e-05
6.470729166693969109e-04
1.957699893821207831e-03
4.659115424881146565e-04
2.379798062774238199e-05
4.220096793324761918e-06
6.567251599641609746e-06
1.157542175530378370e-05
1.274225398146369950e-05
1.978361815769907693e-05
3.020568711798159861e-04
4.571003046647151985e-03
1.669834135524470020e-02
1.848223650157421877e-02
3.267720022205143973e-03
7.408476997446092512e-03
5.270196500463881703e-03
7.464900688711415271e-05
5.841166973660198255e-06
1.729172332246182997e-05
7.553754032249082942e-05
3.334077392940765742e-05
8.034566148570190111e-06
8.700046174110638304e-06
1.732824426749127162e-05
2.100472628988873217e-05
2.035179362192063773e-05
2.972826494338854167e-05
