1.389701230833169414e-05
5.656277104968108777e-04
3.198988162766972648e-02
1.728576188645744235e-02
6.978013949064160518e-03
4.801305386959355687e-03
3.078881674690673448e-03
1.017304824575069591e-03
2.064317890251153749e-04
4.083664127001094922e-05
9.094368116772265007e-06
5.936827027080723463e-06
1.140735056786631245e-05
2.341274789165622742e-05
2.923826310712698058e-05
2.715058328483849873e-05
2.672924622860072192e-05
3.881424970829594278e-05
1.037067790332437261e-05
1.606400101543055175e-04
3.228864489075038841e-03
5.348158585622884379e-04
6.678090847357187696e-05
9.525184369455731920e-05
4.964451862030582700e-04
2.984013465472183137e-03
6.995833715845344719e-03
4.725267372911472544e-03
4.675493524844235313e-04
2.019183450579223126e-05
4.887708831602967363e-06
7.679633017244979655e-06
1.518066281121846088e-05
1.787369223344992671e-05
1.762752141198723136e-05
2.663503408232782601e-05
8.216616360340711674e-06
1.478152309406936350e-05
2.226509580654751437e-04
4.074532137743097269e-04
9.898809893438602835e-05
1.531785137086022844e-04
1.557638136238418357e-04
2.616380784549627051e-04
2.516362120084505993e-03
1.452069846253509385e-02
1.112598755858063872e-02
6.316436154381200457e-04
1.848769988234672979e-05
4.500897455617647269e-06
7.839344841021966088e-06
1.510942237219281092e-05
1.794057524127604813e-05
2.640468322838135492e-05
4.054240279698792201e-05
1.110196197870498639e-04
1.383863126856838552e-03
5.419351423041867365e-03
1.694827943987291209e-03
2.246967304306510867e-03
3.808044672726344261e-04
1.446363463910616833e-04
1.112153945200977222e-03
2.457449787546702770e-03
5.642726032890302279e-03
6.909602667574898070e-03
4.334396885180933235e-04
1.110424048832010544e-05
3.614657757284927761e-06
8.724796548586250626e-06
1.746944365945415711e-05
2.868444972639933827e-05
2.816659277499152024e-04
3.064268480437586616e-03
3.716222602912565287e-03
7.577124633965565993e-04
1.644755811926931744e-04
1.638544094897613609e-04
5.595050480488000366e-05
1.365157059893677455e-04
1.920935304802126814e-03
2.538642423499003035e-03
2.312066142550678501e-03
4.859164580429993149e-03
7.913452207551322989e-03
2.847438174092874002e-04
4.844205930806372240e-06
3.485305163365936546e-06
1.208755361258780780e-05
2.985257162013480977e-05
8.054010224435843130e-05
2.760807536220049154e-04
1.229813557330525328e-04
7.245921639229947026e-05
1.214184207295646402e-04
3.551123508155233437e-05
2.041684994015932882e-05
4.823306996301667871e-04
1.976037189625232116e-03
1.244992587617761628e-03
1.422640523070151618e-03
7.318697874301250197e-04
1.057034832462912764e-02
1.303782944730646348e-02
5.265317923130512315e-05
2.465516408504621742e-06
5.986846851679051726e-06
2.494394305920184094e-05
1.432396047199414040e-05
8.574014832050546694e-06
1.070699884406609121e-05
1.467686242301239729e-04
2.778815583116941035e-03
5.728360456238378940e-04
1.634383181520718969e-04
3.136150718183872924e-03
1.370188427451275162e-03
6.285873550387609818e-04
8.558395504511978960e-03
1.735698724675264169e-03
1.329366113017903641e-03
1.433412342199963906e-02
8.295255119264250895e-04
7.414687000033129775e-06
3.214679502047204594e-06
1.359851353697701215e-05
1.549006124737265454e-05
1.064766593458611379e-05
5.757266783647204723e-05
6.315928733366256128e-04
4.576088361424058074e-03
3.453019963351179524e-03
8.666606587100578532e-04
4.093783843754166506e-03
2.472305537086120532e-03
1.436815495493635629e-03
5.723625901308466643e-03
1.656893355342823303e-03
1.541716765992509489e-04
1.004625970609494346e-03
3.535657698111933922e-03
8.471566547841818495e-05
8.228409237513449574e-06
1.376928909548447444e-05
2.056348402347706324e-05
2.145622135621658594e-05
2.665455310763998470e-04
1.814765705239826041e-03
2.291369153473495762e-03
1.627933884864918778e-03
1.068775259243075898e-03
2.873026292368097926e-03
2.999201987386602986e-03
4.240613138227379911e-03
1.435234030660067226e-03
7.553829963079875800e-04
3.568714925279631626e-04
5.317284261386767295e-04
2.769256898333105274e-03
7.900169597010593377e-04
3.120081267481762568e-04
1.177734578995951386e-04
1.592950710121060113e-05
9.680374754805762326e-06
3.994449645704106110e-05
7.339754580544187142e-04
3.637360563448301977e-03
9.253602601768089880e-04
1.467315443731734151e-03
2.303814813921189076e-03
2.149583746085532814e-04
7.701491854197257177e-04
4.304965257651065420e-03
7.626058201131464577e-03
2.596658265554194472e-03
1.857908401539922697e-04
1.040530309650554045e-04
4.148617518273674362e-04
1.993475752526526097e-03
3.002463168310529821e-04
1.379326544292111396e-05
3.554110183719351473e-05
1.873373964658672829e-04
1.310606278538824568e-03
5.643007215738015357e-03
8.664900356778835327e-04
1.622751496768608422e-03
1.559934818750464795e-03
3.063812123997387810e-05
6.865158197655394767e-05
2.943667396642706598e-03
1.284063974340631312e-02
1.463638354271402540e-03
2.805379536156138573e-05
2.383044440143269001e-05
5.253089868898646892e-04
1.622480162688197912e-03
1.042522969263571359e-04
8.862771152919882487e-06
3.583451598987008732e-04
1.906971248469916877e-02
1.187086500900337398e-02
5.394664900690358637e-03
1.190334119376106363e-03
1.187357843142402246e-03
2.785534382977895591e-03
5.796708985103431796e-04
2.298330553893499872e-04
4.939283559943840685e-04
4.049540792583792778e-03
2.473907804916934770e-03
1.596707575266243493e-04
6.506026009669818155e-04
6.386072888462465506e-03
2.791829028789315995e-03
1.554406666552222256e-04
5.002817273140124728e-06
4.163355265356382144e-04
9.058325624490781713e-02
5.083692706575110298e-02
1.540878508643087931e-02
9.581571296733974730e-03
4.998274961303631782e-03
3.896136265475390933e-03
3.841850449503298685e-03
2.736904704775206150e-03
9.988092415827425508e-04
3.983024278267663192e-03
4.673438784900244003e-03
9.067725040643034515e-04
6.318770115002620737e-03
2.885637345341915145e-03
1.518880584882151730e-04
5.081047800372285613e-05
8.900248248362282381e-06
2.431472619459154605e-04
2.369686885126748646e-02
3.198554694104498164e-02
4.738480114325674571e-03
2.308429168142527542e-03
6.990282804895463220e-03
7.952759135307704711e-04
1.014235944123969158e-04
9.533862185036433160e-04
3.470834102233359263e-03
3.828985930242207510e-03
2.780443818050406992e-03
1.120249218375293353e-03
1.182294028792685650e-02
2.832523445437211407e-03
3.205252464056072202e-05
1.274862202061094459e-05
1.707341646224897483e-05
2.785898994845943571e-05
1.236040131242531535e-04
1.226359642072300275e-03
2.463531075657448329e-03
7.043794569521730263e-04
2.774044948628869283e-03
2.238446288248543362e-04
4.646946538872575622e-06
5.491580668783615756e-05
2.055700162264349675e-03
3.745027709889764325e-03
2.273446683570514142e-03
1.394200423228262719e-03
7.477985697037518344e-03
4.990316439078031595e-03
1.012098655012508411e-04
1.615961788106707337e-05
1.884442446112323657e-05
3.362220393605638235e-06
1.898688297331405803e-06
1.504953562162815168e-04
7.721131262548834237e-03
6.770692442991375383e-04
1.467890875310890733e-04
3.778342787311524857e-05
5.385251070472749934e-06
2.680962966281998905e-05
2.102704174275908753e-03
1.280186521611480395e-02
1.857532086837186376e-03
1.776225243832221974e-03
5.748326371155721391e-03
2.906476059312398594e-03
1.720034915288671954e-04
2.644832842764510748e-05
2.127540196368004895e-05
5.408312007353843350e-06
9.952844150789309435e-06
8.217787114165209673e-04
7.331675666650109419e-03
1.237261274674735618e-04
5.716313275712572178e-06
8.329119041471551231e-06
6.381576384264398699e-05
3.944222578673510743e-04
2.843120879254089003e-03
4.783590981243921077e-03
6.483114818371089969e-04
5.628784937895855121e-03
7.150014382877089951e-03
2.953206578413109505e-04
3.951418096868415848e-05
2.479661602383603517e-05
2.396298433392825554e-05
1.844465346679584352e-05
1.742429372756605838e-04
2.898486043276456234e-03
6.943838011180901828e-04
1.315284349609715627e-05
3.067950670550895076e-06
1.060798784239338207e-05
2.298073692936900328e-04
1.674162428511218352e-03
3.150589634645402717e-03
2.473239523178570685e-03
7.868476207379362279e-04
1.307070063870030552e-02
1.382407817900668410e-03
6.840377067809986803e-06
4.246037925520604998e-06
1.874699371405553667e-05
2.269908108189191336e-05
1.764358480205524484e-05
8.214653975687740003e-05
2.102465451029136324e-04
2.636689652062790214e-05
5.746442104356039288e-06
3.209308840392838941e-05
2.565242718868256068e-04
6.888147580150011861e-04
1.179650347098995999e-03
3.057545144029875754e-03
6.397545553194120861e-03
3.077515894695914429e-03
4.574913151979751597e-03
1.103259935240915815e-04
1.671145474054884319e-06
3.420551476754753440e-06
2.227937492995127696e-05
1.783766099215471001e-05
9.292115607551564046e-06
1.064266643956092183e-05
1.314452696172211504e-05
9.660430835316833540e-06
1.454780238728788040e-05
1.714828399632501951e-04
2.900146439163263194e-03
7.450883849048193022e-03
3.682200888480810681e-03
7.263271274966319859e-04
9.511311022231482655e-04
5.701296227171889601e-03
3.264165292305202474e-03
4.749305319790210505e-05
3.644997736386357649e-06
8.222124234268838141e-06
2.862744083782280816e-05
2.350734333660431215e-05
1.514861027731638800e-05
6.586626689529135029e-06
7.704998705556479247e-06
5.438414902082413626e-05
1.789186443593253069e-04
1.019644722609003095e-04
2.565922431848533707e-04
2.363447231052291306e-03
5.795737826753195876e-03
1.123397945134044966e-03
1.428299238549399751e-04
6.201959004186703229e-04
1.414525541425791597e-03
5.895871708140487557e-05
7.025567088946450219e-06
1.140947487406511301e-05
2.876923553109721145e-05
1.170359367359347850e-04
2.736421586882368064e-04
3.646023462801407954e-05
7.314358661873681111e-06
1.081884540206521576e-04
2.996426012326251515e-03
9.404588808370158756e-04
1.941931591205458163e-04
6.598012533777012061e-04
4.521231358369040727e-03
9.073752752330717722e-03
4.199665978805152485e-04
2.675469292538443537e-04
2.270738830472229623e-03
2.535233816332673243e-04
1.417377279588472700e-05
1.194107029101708616e-05
2.687830851482135173e-05
1.401271195029467993e-04
2.524712090962430867e-03
8.126669505973688071e-04
1.829128244042275958e-05
1.396627261040037720e-05
8.005891474923931784e-04
5.910545962714822479e-03
1.753889550505584056e-03
9.991086936770737521e-04
1.943365317838387186e-03
1.229673404079780624e-03
6.146440478853978419e-05
4.790022089191669520e-05
3.790628751628467570e-04
1.078994242233765656e-04
1.369370250606501767e-05
1.232840114261996851e-05
2.589420304194885107e-05
5.036465095008613234e-05
2.029301444178457751e-03
6.217792327968965117e-03
7.090794359707044622e-04
6.717202474589263150e-05
2.096341072161838671e-04
1.508111453396976560e-03
1.942193693247130969e-03
5.397392320459608057e-04
1.543634195718663715e-04
2.586254837715738441e-05
4.119270943722402894e-06
5.730142630112662418e-06
1.667303955745236694e-05
1.438977063565122705e-05
1.085259940862856244e-05
1.463857980714815118e-05
2.730079106726538335e-05
5.054685922837792245e-04
5.820147005440070610e-03
6.912305292610399984e-03
1.825300183925888595e-02
1.788824692394185706e-02
6.348151251977708458e-03
7.242116273581494746e-04
1.989606623189488232e-04
7.088327959040436861e-05
2.257751706983565244e-05
1.168621309698703658e-05
9.703058412694826867e-06
1.396027131232594855e-05
1.814580633425669532e-05
1.954124317660049058e-05
2.248120058802484858e-05
2.698459880732160355e-05
4.009389180628119046e-05
