1.069198265027882037e-04
2.209188765191611847e-03
8.021291007626349043e-03
2.149841715618759988e-03
2.359457191931994303e-03
2.240308425291506755e-03
1.168724640366782929e-03
1.342290792500047030e-03
4.144633247087456287e-04
1.954132863602276251e-04
2.924620279989155906e-05
3.535746946057689428e-06
5.405239112199138228e-06
1.505349680270821272e-05
2.048713018966020886e-05
1.988601889328362441e-05
1.971611505057444691e-05
2.901902183686653791e-05
1.154358849479055690e-05
4.515508391972517812e-04
7.232574084132434820e-03
1.059167546413814333e-03
7.615333127414977395e-04
2.325745747189045167e-03
1.729085448123671848e-03
6.790954355731604417e-04
6.153700840865564689e-04
3.826371521993536789e-03
5.170186393747183739e-04
6.344724292990926935e-06
1.963595358661201995e-06
4.107303492787118926e-06
7.204139512268254015e-06
9.739066595744587395e-06
1.202701255661675393e-05
2.009435874082580046e-05
6.280464829783279794e-06
1.155839282388077389e-04
4.741698898274581374e-03
4.531962167404995738e-03
1.441664795552385957e-03
3.363367705312310103e-04
5.521395038186370854e-04
2.343673553648908513e-03
2.063281335196812290e-03
8.941858065858522206e-03
9.663628177301221076e-03
4.857073742796005206e-04
2.880675047590966942e-05
9.344362915832043955e-06
6.260697131933882531e-06
5.947205002767163388e-06
9.237154951558741901e-06
1.978042194237614673e-05
9.274218915620023221e-06
1.553640898019008519e-05
1.492132493980685042e-04
9.870808083591567274e-04
5.825420751453234697e-04
3.281538048828123912e-05
1.008702292501399640e-04
1.734261787241159810e-03
8.572537995104238893e-04
1.449956073283956018e-03
8.226046912184445045e-03
1.229826296613731676e-02
2.332774289963631797e-03
4.017961838396654959e-04
4.306768094766365263e-05
5.750422504996487181e-06
5.525107695682433598e-06
1.611492054506861725e-05
1.250052448071994145e-05
6.065062598290092501e-06
5.154893794880732191e-05
1.873015731556413330e-03
1.957730066188694256e-03
5.037695779796296457e-05
1.777409887878123729e-05
6.109358287412870259e-05
1.066031216004261487e-04
4.315709821513418528e-04
6.986342174019490427e-04
4.478447458810322183e-03
2.256158549671213875e-02
8.564650763868912609e-03
3.452599614687354608e-04
1.669943299585626570e-05
6.451080181474654342e-06
1.230933600557485510e-05
1.262673639301016942e-05
5.738815769019626532e-06
8.738703619899599868e-05
2.809943520121300706e-03
2.781809633128853702e-03
3.395332050150087571e-04
9.843423565226813883e-05
2.063578718555808436e-04
5.349462205623462842e-04
9.288177271575425884e-04
1.417446115171024622e-04
4.755391765127488365e-04
1.594294622144442827e-02
2.058778548760507865e-02
1.949267422613371568e-03
3.128769165902443687e-04
5.317294472412352073e-05
1.844565312350184558e-05
1.106134430795285042e-05
6.447119530017581841e-06
1.847113817622095461e-04
2.141918524573759898e-03
8.471128099305061431e-04
8.131342423550583015e-04
1.122505463261043229e-03
3.476740153973868243e-03
3.089575443444742085e-03
8.684576950570965098e-04
1.249620067002412468e-04
1.641760146371343135e-04
1.291068460460106926e-03
1.577487284859592498e-02
1.143057524669898774e-02
1.539231384069209658e-03
1.291282920628682217e-04
2.318129255388769124e-05
9.543130520904546395e-06
6.133009340745799784e-06
2.063267497845323157e-04
1.755280754268869490e-03
5.207612217602079719e-04
5.982907271967841459e-04
2.249045639862481385e-04
1.437729157306574996e-04
4.964765552090945550e-04
1.034860015343038548e-03
1.166489443423014173e-03
2.996467198969448176e-03
1.748558711548827121e-03
1.041844407063497770e-02
1.597272821098236206e-02
3.708793675030872179e-04
1.620611747333777292e-05
1.149485855952344007e-05
8.812001755298346379e-06
6.574568379811073307e-06
5.363912501995460666e-05
1.159061551956854565e-04
1.580317780273687053e-04
1.288113733312012477e-03
3.044142538975366514e-04
1.817185519611532536e-05
2.944323904410544562e-05
8.611509200248501476e-05
1.813036955832372039e-04
3.140835898145807100e-03
3.956068034713980039e-03
5.389419884576296220e-03
1.927403191204577274e-02
6.245792193026499309e-04
1.195955063190277023e-05
1.122305905791522438e-05
1.166976154367300622e-05
5.782316814656012345e-05
3.230575263084511602e-04
4.339782785880756612e-05
3.895476556641490887e-05
9.699494890502292476e-04
1.887808547366438350e-03
3.758120711491782368e-04
3.581028094346380984e-05
3.816369749304787716e-06
2.809676664676076306e-06
3.823887807575295904e-05
1.082951200392654801e-04
3.741918288830527531e-04
1.209955542329201744e-02
1.247054723133677332e-03
1.158112442103095602e-05
8.870579074333563628e-06
1.043152087325477798e-05
1.743025887482394637e-04
1.152645818459372426e-03
1.197963773308448088e-04
2.675180141877748249e-04
1.667055142908056668e-03
1.053669458905790455e-03
1.453716500914447587e-03
1.425197760733715776e-04
3.423108354169098603e-06
2.081176321903164603e-06
2.700499628650662319e-05
1.466151437056657260e-04
6.749774392146088006e-04
1.745042289163227511e-02
2.529979687832639712e-03
1.477245216248140558e-05
5.836213109344446936e-06
1.893254485938826697e-05
2.865979098228370043e-04
1.141996237551358949e-03
5.045719496480029122e-04
4.810624716419303545e-03
2.560211152190833457e-03
7.321668890351039404e-05
2.327263518999486821e-04
4.264915831708083354e-04
1.792749238041418787e-05
3.561147116011831683e-06
6.294142690481772256e-05
1.662062535562418590e-03
2.379914691207852574e-03
1.067154276130417856e-02
1.282119181656075566e-02
1.513436080139440333e-04
1.012622418267501197e-05
5.659885742113238778e-05
2.201757583441125640e-03
2.704087718457972092e-02
1.083732078398650343e-02
4.650118525928515975e-03
1.869494350807827097e-04
6.320376231833077597e-06
9.008390446352779353e-05
1.798188716158649354e-03
9.309028697985369054e-05
3.267684193726086607e-06
2.982971157493441105e-05
1.060642637411774282e-03
1.923293513671554258e-03
1.183056317806869227e-02
1.969504315265929034e-02
1.593709620192190475e-04
7.144960393183942515e-06
1.406171492438807821e-05
3.323748384713857192e-04
8.888817868426081292e-03
4.244940562222019806e-03
7.631032025892626417e-04
7.206094977701538835e-05
8.464735794695651711e-06
2.841746533515579007e-05
1.565126709641228664e-04
3.424416240059854975e-05
2.705620205249057656e-05
8.611938096350092156e-04
3.390716519823894215e-03
1.855077246017984094e-03
1.517877596761898866e-02
1.451243661665811008e-02
9.689714931611064105e-05
6.507648114488800695e-06
7.370650593087152313e-06
1.078389776334562924e-04
1.601399220653814109e-03
1.075415452943555847e-03
2.014093700833709429e-03
2.174066159380164988e-03
3.417977616700435179e-04
3.288262507636440879e-05
8.564672933285906965e-06
8.755348600476227291e-06
1.284754695693897115e-04
3.451784194841523400e-03
1.409534985580593747e-03
8.507281394745169279e-04
8.805105093374869171e-03
5.567013503917874438e-03
8.096019953567527925e-05
9.858266555088503967e-06
1.419243736925761934e-05
1.471853590611279519e-04
2.245071335319069779e-03
5.625577121441056525e-03
1.255565072679760280e-02
6.012650523115593837e-03
1.668084637916271689e-03
1.546035682959806513e-04
5.406001536745923193e-05
1.337686420586756868e-04
3.865193558190058686e-04
1.000733515064541543e-03
2.364106649638471097e-04
6.517829336614631942e-04
2.261304380538531333e-02
7.406378908547283334e-03
7.848945433762291677e-05
1.276974114446314583e-05
1.136131290423270978e-05
1.712173339632377445e-05
2.010911500277844154e-04
2.197319587520174099e-03
2.020574639699556588e-03
2.568088947158619169e-04
8.212461564417443557e-05
4.401478548205194899e-05
2.140448194419335376e-04
1.649312978398815525e-03
2.526466361120010412e-03
6.700610674895258675e-03
1.925089006411116266e-03
2.653171779474744474e-03
3.144149567337861662e-02
2.766745554812263981e-03
3.172634761723984421e-05
1.254826487374310936e-05
8.941564012228066558e-06
4.627729839574201199e-06
5.334679830137982167e-05
5.847585343720608161e-04
4.594556103268948697e-04
2.166846883261366223e-04
3.910699131394538137e-05
1.039342391497314728e-05
2.611507070956755824e-05
1.325441183716405164e-04
9.977849657434221219e-04
5.636201809424312703e-03
2.910679551970578836e-03
8.291233157595740560e-03
1.201534697816369034e-02
1.448887428320091465e-04
5.255119508454179832e-06
1.024393352713764671e-05
9.772264054979107261e-06
9.390875196867648429e-06
1.855229328896623329e-04
1.085958003638497855e-03
7.534087565132066870e-04
9.252912557567920075e-04
2.800487868402119361e-04
1.032853478714581050e-04
3.637196255283936958e-05
7.424406491749949285e-05
2.075333752849573433e-03
6.303176226105372884e-03
6.505096529677472164e-03
4.531519340059445011e-02
1.160582022191094381e-02
4.936566752296088305e-05
3.460323652440249998e-06
1.124749060452335000e-05
1.134473619497510241e-05
3.184518585646136274e-05
3.089248240919677604e-04
3.699660836891260516e-04
3.478661827834897934e-04
7.120850537996420383e-04
1.021825041237181281e-03
1.540846189376533565e-03
1.797420338139151159e-04
2.163474155145926029e-04
4.877134622597146564e-03
7.095783895937072400e-03
1.131874334532261342e-02
2.955441249996151876e-02
6.530551237516729265e-03
1.186899537443787087e-04
9.478885034448927168e-06
1.561041519682991116e-05
1.598008263074191573e-05
1.204597310892982650e-04
1.456633918616258945e-03
1.265444610256743260e-03
1.149616899402058695e-03
2.429025892302606824e-03
1.505447419083482796e-03
4.114696046525751611e-04
2.819925561665092564e-05
8.535287895006997243e-05
4.810947737311461331e-03
1.229565856454455618e-02
1.087183338420159850e-02
2.973659448877458231e-03
3.227014728233922546e-04
3.658510434497662503e-05
1.086961318277671549e-05
1.782638995213806307e-05
5.225828907731066626e-05
3.458724162285408896e-04
3.146643740041956284e-03
3.677972649118115868e-03
1.547038351011193781e-03
2.555580477877569551e-03
8.407908181007345142e-04
1.255116830651715619e-04
1.232266813536916905e-05
5.064086335907936752e-05
5.254427827035929206e-03
2.400750661927114962e-02
1.502184229566716663e-02
2.033144585038123165e-03
7.113131510914962323e-05
9.060822537646096025e-06
7.837103493041261269e-06
1.818196064570197094e-05
9.969426021214271099e-05
1.214348593273732735e-03
4.051733951248430790e-03
1.813906040627373973e-03
8.617937701153478153e-04
3.219639125874422265e-03
3.583137168444746560e-03
1.336963877899204544e-03
2.340746055014160105e-04
5.149416920006412391e-04
4.661075999521057701e-03
2.217964716478307025e-03
4.196617836944091648e-04
1.323635056241865421e-04
2.531675425910852250e-05
8.298303469712159478e-06
9.082989930906345375e-06
1.886096888102082220e-05
5.018814066981133119e-05
1.469834811579944899e-03
8.049703117949790626e-03
4.387517541662650997e-03
1.211098525946463977e-03
1.742752773227333914e-03
1.784600613961055291e-03
4.378404717313723305e-04
3.407278307087008621e-04
1.572456764092446287e-03
5.982077594293398488e-04
3.175860659917202584e-05
6.028089584663244005e-06
5.834740089773047438e-06
8.382505016378491786e-06
9.652433831926593603e-06
1.139839735046072146e-05
1.971211170103874890e-05
2.352113982965093350e-04
1.209141890845477629e-03
2.126460875708760436e-03
8.426286193506550906e-03
3.902880729455850389e-03
1.515037375789450016e-03
3.306385700777756905e-04
1.971450194699883560e-05
2.505964618933433948e-05
1.412211936924151023e-04
3.272362053862225512e-05
5.191007600850859395e-06
5.297044013425752378e-06
9.777939112765999437e-06
1.594007733284973202e-05
1.883072386961711438e-05
1.974273333375016498e-05
2.927876278724246800e-05
