2.054541631280157495e-04
7.242758649521783762e-03
2.485440689700415401e-02
1.182847261162056976e-02
2.724369240218062378e-03
6.081204916982017655e-04
5.323802922136382102e-05
3.427330303824224756e-05
2.084694194214444603e-04
1.424137519886736216e-04
1.404360556290133131e-05
5.179625350507954839e-06
1.360965161453167362e-05
2.192866316806631676e-05
1.732255909717605170e-05
1.802143560789440331e-05
2.074019145387137359e-05
2.879016015562398594e-05
2.094662836807577072e-04
2.711015437790365804e-03
8.707344129657401677e-03
8.593626595864290243e-03
2.041322461384530336e-03
1.900803766745307391e-03
3.523647157293192662e-04
1.796315619213903340e-04
2.811462005470851018e-03
3.600254632066965388e-03
1.001415375981349563e-04
1.203524500332671444e-05
5.697240201465439066e-05
5.736647326347168519e-05
1.292270041974813835e-05
1.040050957150281388e-05
1.381724833678000176e-05
2.097117815821234081e-05
4.874844839242343267e-05
6.577598014258437677e-05
7.103413820397392481e-05
1.217420991254422981e-04
8.561409115005969234e-05
1.133993745668041578e-04
4.571491058528249964e-05
2.538497790621986112e-05
2.924850937162956719e-04
3.697441657300815435e-03
2.936885565446168810e-03
1.466464315472427267e-03
2.721853053803416789e-03
2.105426364919705704e-04
8.219011785949022780e-06
6.525503582991672403e-06
1.251961849529001754e-05
2.097762432914734664e-05
1.291716933006838954e-05
8.691569129938223737e-06
5.924648393890102552e-06
2.197288777736630888e-05
9.387326202627456625e-05
2.517726465055699934e-05
6.589550909599757868e-06
4.240707352233656894e-06
8.476575303078996159e-06
1.699492573539916553e-04
3.536420822491536872e-03
1.347881542596354731e-02
6.963804121025533866e-03
9.490574912573454894e-05
2.302408649038948803e-06
2.661845177270668059e-06
9.421077119038606071e-06
2.128639001958423455e-05
1.331129113618513002e-05
6.346379660296604423e-05
1.258327692965769188e-04
5.384046287950583704e-04
6.284566795471405003e-03
5.615018863171991614e-04
1.400563980540833493e-04
5.007582627739930951e-05
5.189291982308379654e-06
7.473255682318996047e-06
5.379869217082514793e-05
6.273252432015785337e-04
4.334990290941799669e-03
5.526597207199897060e-04
9.506084555895812210e-06
2.642477999075171662e-06
6.822570022751681184e-06
1.971000013265122373e-05
1.880336566623868203e-05
4.443960828395041420e-04
1.786084793999676186e-03
1.814986195557971929e-03
8.718338130348420381e-03
1.786823685527531109e-03
1.808902907665212991e-03
3.842259082769306378e-04
7.622164529812507910e-06
1.996336700170375160e-06
2.988418568392700636e-06
5.214675678529415891e-05
6.180434206547545835e-03
2.381956163206477156e-02
7.515526010185854351e-04
2.130286989833440656e-05
8.959643470587965464e-06
1.850512891469582966e-05
1.208777688247302673e-05
6.092632492360148535e-05
1.754419233795634337e-04
1.204159913919768723e-04
1.123434853210998548e-04
6.130124670594029178e-05
1.949426442377453226e-04
5.991667029041456306e-05
6.497407555041664091e-06
4.718986594121096401e-06
3.544725537589514511e-06
1.272721138721387053e-05
4.171938239306766712e-04
1.296036689082890637e-02
5.932557894250621230e-03
9.132057572567920712e-05
9.380093579083750263e-06
1.526999219757419504e-05
6.933271725558645329e-06
6.273428398797542333e-06
5.815133965045408303e-05
2.590305057356559817e-04
5.541007133019492422e-05
5.236188842847088934e-05
3.973951753737918089e-04
8.482110654822459556e-05
5.597762547499998242e-05
1.949646582713499444e-04
1.070578127736288108e-04
1.501826340038851511e-04
4.493632274317989664e-04
5.133929080253353192e-03
4.684178839864833709e-03
8.718044505435430694e-05
7.942552773623659011e-06
1.311022992267373612e-05
8.003341906214921339e-06
1.209728307051667230e-05
4.525274416942966292e-04
2.061938935045176408e-03
1.418472980430426239e-04
4.070084168029017529e-04
5.423178311581938922e-03
4.256516622124760789e-04
3.345805919789694911e-04
1.966036600433265173e-03
1.254183793027251366e-03
1.758802113032688526e-03
5.225949813727511070e-04
6.659574631404354067e-04
2.696150317501562390e-03
4.282375961797746963e-04
3.134688275782683938e-05
1.860944981432475893e-05
1.368447375071723942e-05
1.098928776923947261e-04
3.553909370126794292e-03
1.025913808860973251e-03
6.890607397048203651e-05
4.611203627775975434e-04
6.672388143830063545e-04
2.167965767029732477e-05
2.180792860864515836e-05
2.745678234441421123e-04
5.904622922710962537e-04
2.757693680247242296e-04
2.731220491257843375e-05
9.731627970920668481e-05
5.024036823079760551e-03
2.224405167093122804e-03
5.427315352383595793e-05
1.517917214095368924e-05
6.557356724233839781e-06
1.485082105458504162e-04
1.329253759838999217e-02
3.359329890867213207e-03
6.471869393901687412e-04
1.973551450355289123e-03
1.023782033924214638e-04
3.111446261350320090e-06
4.311539340063437806e-06
1.668132559562186530e-04
2.736317072464349454e-03
1.996919445887426693e-04
5.659873591530203907e-06
4.460455555340946403e-05
4.103992782946707350e-03
2.430436860559029646e-03
4.564564420711337498e-05
1.058280639420929743e-05
1.726193424268494999e-06
7.555316215029484579e-05
3.429925227943846078e-02
2.500707371145215185e-02
7.106450005719512804e-03
8.036429492880558731e-03
4.089330927288892877e-04
1.364694008207934504e-04
6.333780496365932090e-05
2.097293269356756320e-04
3.198419569485176986e-03
1.983928019051352113e-04
4.547743796468387769e-06
3.016692046986493964e-05
4.081522687248552092e-03
7.868578477600465457e-03
1.394594384849130730e-04
1.374750906102975863e-05
6.437734434866671803e-06
7.883116047789658206e-04
1.464919313488557695e-01
4.390599541347969120e-02
1.212113658849380514e-02
8.476072346578076427e-03
1.597699156101767531e-03
5.252267361410867946e-03
5.384382872726222726e-04
3.014372519779870267e-05
6.782508794556518642e-05
2.375326460025313028e-05
6.334825998612013885e-06
1.490425056164860172e-04
2.121040565794413482e-02
1.313704983766829544e-02
8.898937103593014097e-05
8.801535054371798154e-06
9.965210578057753527e-05
6.714619626775140265e-03
6.328019198370370135e-02
2.566477638212949844e-02
1.038193749178253043e-02
6.867279987399819248e-04
5.624105537626654605e-05
2.474201148327199789e-04
6.907183964950629879e-05
4.725446619485643293e-06
7.397193030672990129e-06
1.021606924523251185e-05
5.128461151156637044e-06
5.178928268338251563e-05
6.661731074464034494e-03
9.641516108504735727e-03
1.176535349544742255e-04
1.144238550273034744e-05
1.818927038776216201e-04
3.232744437224783791e-03
6.858751825338106622e-03
6.862654234758982369e-03
3.210824283269722492e-03
7.091228544131607920e-05
2.906169832326327975e-06
4.700408263461071307e-06
5.806549800484055222e-06
4.686410331346115480e-06
4.234847522193986536e-05
2.084954708240333813e-04
3.113512666700200040e-05
5.796149535013189410e-05
5.391485729967429065e-03
7.039291951453255196e-03
1.113303620708821394e-04
1.530262934839931587e-05
2.854193936839247603e-05
1.307567155568127701e-04
1.953567250144518943e-04
1.351939302735379489e-04
3.428062018971079431e-04
3.493683366013524425e-04
2.964155485772640796e-05
5.538990656687040090e-06
4.493506982144872669e-06
9.492224918679812879e-06
2.739463836496548060e-04
2.618686609867710430e-03
1.890626206042610288e-04
2.634395529900487409e-04
8.142722924629156034e-03
5.856461416715455851e-04
7.393708380294916911e-06
6.964529605226820717e-06
7.840204752464894245e-06
4.200367314783726662e-05
9.674288649592974047e-05
1.947247246807431696e-05
1.353607075241509798e-04
2.246930992123387632e-03
2.431789062194706752e-04
1.276275059105474123e-05
5.956565725074513420e-06
8.675900140284196810e-06
6.350695650142965402e-05
1.627086904879697404e-04
2.585872059269736436e-05
2.419025484154159196e-04
9.160414039073716888e-03
1.852027553680122597e-04
2.495721070924364594e-06
6.010764908338309493e-06
9.754637027384140788e-06
2.974307944531350630e-04
2.815610217034329819e-03
3.287540846325706493e-04
4.991102099763949787e-04
5.575382247252107714e-04
3.596362920470357218e-05
9.763382581436025250e-06
6.428537960101029857e-06
4.252072255023469759e-06
5.187197779986184113e-06
4.107127457645927842e-06
4.788856935454262249e-06
3.004212879323261910e-04
7.896316400708317668e-03
1.862437576173607188e-04
4.792044165912516259e-06
9.896614642602508723e-06
1.133142223407020423e-05
2.779005233104470379e-04
2.798871805809757980e-03
1.113429767200168827e-03
1.693319831477903227e-03
1.843478316568654060e-04
1.794277954003674797e-05
5.177618992003258172e-05
2.382195184608159295e-05
2.817352534711339426e-06
1.801030713471041712e-06
5.200621115432972180e-06
1.060325569232276993e-04
7.478220518483620453e-03
9.970835839665327660e-03
1.208748666579702508e-04
7.873370368684122204e-06
1.472658653481141460e-05
8.993725406034818148e-06
3.599550964684310270e-05
9.442136356972975167e-05
6.235796161585374414e-05
3.882911295736408519e-04
5.708206125134327553e-04
4.595937347979976240e-04
2.671524819026435855e-03
6.928678293399715945e-04
1.388998681956903307e-05
7.906177859226873588e-06
1.388188157161548042e-04
3.942755422454835047e-03
1.316652845512982298e-02
5.928956233699988164e-04
1.298192047064225944e-05
6.190847755354527116e-06
1.759599420201779076e-05
8.192829702253681391e-06
4.319874532370294464e-05
1.570194434660047446e-04
3.526121373044945609e-05
1.384336103264642613e-04
2.602257108856669519e-03
3.329129640238344227e-03
4.356067752492761604e-03
2.398348176691714878e-03
1.640605103807494614e-04
2.743658952007114039e-04
3.550366689440049000e-03
6.171354741384281646e-03
1.774447124845506072e-03
4.197537257765870407e-05
2.971208118817022613e-06
5.231829466129480407e-06
1.902049795390346051e-05
6.561872821745630607e-06
1.983934264068329617e-04
2.796671381482854126e-03
1.783441460801823866e-04
6.264967397822413116e-05
2.361718763487999232e-04
8.575848408867103271e-05
5.503278096417136764e-05
2.063150968483604868e-04
4.866014296827994036e-04
3.331951404310947665e-03
9.813191219665326481e-03
6.124580587637188170e-03
4.712104396484084225e-03
2.169742842343758496e-04
9.296778214296759301e-06
8.216213331345402642e-06
2.029575647793125864e-05
1.305353022168316583e-05
4.732646380972484212e-04
3.271884040357806150e-03
2.929338277123115552e-04
1.080703357608561439e-04
3.745553990977883131e-05
3.327484021246149326e-06
7.463694791384535655e-06
2.510778024116855941e-04
2.996907097160579972e-03
7.802313858578787883e-03
4.131006841707726522e-03
2.191865563744409533e-03
1.005551129433624119e-03
6.708727097032388684e-05
9.286862814079564315e-06
1.000964677110795371e-05
2.019305004355742390e-05
2.719348837182902659e-04
3.138528365064662332e-03
3.543196110319207521e-03
9.556430995523842922e-04
2.158897622310405363e-03
6.473132311619558430e-04
1.878837987820341457e-05
6.181646627986501239e-05
3.227879261490093805e-03
7.733277733466466589e-03
2.580130716344870498e-03
4.091683720387756648e-04
9.656907468882134726e-05
1.957998460909569875e-05
4.950695590172566212e-06
5.762850665144068016e-06
1.145177548396030358e-05
2.108085568680066342e-05
3.368853236879420805e-03
1.096766077115756896e-02
7.447629100004617315e-03
2.660572050255164984e-03
5.045254102956600595e-03
6.028662486118119453e-03
3.205263298877281510e-04
3.428079318057013236e-04
2.890348170074941159e-03
5.933015474106574563e-04
8.509871834202806348e-05
3.019647175042844523e-05
1.418298594718561662e-05
8.570698469201131582e-06
8.340492503086208932e-06
1.415237893183762679e-05
2.083520762146741186e-05
2.967161280879383980e-05
