3.210360625811014006e-04
1.055582620021182014e-02
3.083530330049283341e-02
3.017426729242808289e-02
5.476568749689974397e-03
1.235734620642880402e-04
9.789529034731428989e-05
2.060732577241466881e-04
5.589929251803421042e-05
1.121480858313645014e-04
8.352391185536440241e-05
1.793395105713948808e-05
1.704659211752793750e-05
2.551633605232806590e-05
2.795731200545690842e-05
2.661950998101614058e-05
2.694477966142392786e-05
3.645848618804905112e-05
1.167064312030397497e-04
3.172508204011805378e-03
2.293841833250025424e-03
1.299686084114406179e-03
4.378028415504877854e-03
4.616678500097258237e-04
4.059623788162099005e-04
2.885879783608952080e-03
2.467286291431808765e-03
3.677287730923018295e-03
3.394104215881553412e-04
1.586902318714938820e-05
9.691004241005981404e-06
1.294420510038038975e-05
1.659276986131027708e-05
1.811308539415523532e-05
1.909723683319663952e-05
2.755533625632362383e-05
3.964086210452588970e-05
2.904205021399246939e-03
6.499141649928769603e-03
1.357918932189064931e-03
3.566991967373115899e-03
3.881627212832328491e-04
7.108762299630225711e-05
6.403448937867089715e-04
4.360664134984357232e-03
4.586020451332672304e-03
5.104670236903688027e-04
1.172664683177886136e-04
2.354318506109031751e-05
6.182124395219404556e-06
8.137283812387003572e-06
1.253923879944904602e-05
1.598576497968794621e-05
2.649981367941016736e-05
1.439478143920970630e-04
3.292242595658313817e-03
1.320825511193269653e-03
1.173141891361763610e-04
2.431221824537861231e-04
4.857178362839265740e-05
5.189908719395793967e-06
2.049595699341536981e-05
1.625825117929563589e-04
1.703040511551472580e-04
5.415814240659682852e-04
4.481638367729057736e-03
1.924631946216875575e-04
7.429945433131779440e-06
8.405218580266986126e-06
8.949416429479067024e-06
9.509316694640448757e-06
2.102244286941273212e-05
1.017284879844175625e-04
2.408950876130692010e-04
3.880831431957519455e-05
2.601762378644218617e-05
2.929789381058235448e-04
8.292153082870644507e-05
6.988987594251904228e-06
2.737834499089870707e-05
3.777255729744593616e-04
3.105287304814092130e-04
6.157290529571362615e-04
8.109302886692783957e-03
1.355714085410351585e-03
2.353191565051564920e-04
2.126528745707473344e-04
3.693436873602029666e-05
9.415829318783949708e-06
1.527393166109647024e-05
2.326679933812844713e-05
1.127943412008590072e-04
2.595903907614404847e-04
5.652989125547823847e-04
3.452894188602066879e-03
4.128819771734051599e-04
1.635624820937145620e-05
6.718685620476223092e-05
4.237471439277531483e-03
3.889037273201334088e-03
3.081210533316797433e-04
1.600757094067998361e-03
4.960914781089003668e-03
4.020928355471914059e-03
4.112474837841520632e-03
8.231713213395843191e-04
6.167615918638699659e-05
2.187053907259321734e-05
2.106611990834342824e-05
4.019328267459838745e-04
3.381097706198816014e-03
7.319029120364760593e-04
2.523613772137926368e-04
4.978945431840926897e-05
4.777505605226490153e-06
9.659670907048775176e-06
1.124026674845808984e-03
5.842096887986285812e-03
6.004049030326319815e-04
3.948707726159356689e-03
5.083293452068924842e-03
6.679038472507391492e-04
2.056665628170634055e-03
3.196468654243157098e-03
2.094163612542793141e-04
3.007283242884905967e-05
1.667418849031157845e-05
8.015251042078520177e-05
2.951858436117855175e-04
5.779736989590982319e-05
1.296510038441961873e-05
5.447336116111154081e-06
1.841313508675950856e-06
3.305608419991597649e-06
3.157792366785283113e-04
7.305327306906842302e-03
2.463917665452757064e-03
3.249560722202342496e-03
5.578675396055626833e-04
2.368002661303926623e-04
3.641233982290354755e-03
1.207260429862177901e-03
3.121677152476075279e-05
1.333154692215577775e-05
1.314192327438336526e-05
1.711512790957459259e-05
7.482853198933445702e-05
3.033426663189511970e-04
3.123463996657869775e-04
2.860188438929445293e-05
5.281429083538258621e-06
8.218415840066538487e-06
6.460330490927854868e-05
1.143950609361776664e-03
4.392590969882623035e-03
1.439661762291737611e-03
7.694630630894724638e-05
2.451992950334814592e-04
4.436202840767320549e-03
2.101304014457002454e-04
4.863169086348759215e-06
6.829061674045628888e-06
1.888002911084762545e-05
6.324194371601416138e-05
4.805238586951355120e-04
3.868727311713045756e-03
9.506691998906835125e-03
3.339430893120037673e-04
8.018723839556141249e-05
2.744506196853525957e-04
6.987248005238315093e-05
1.258864007531424703e-04
4.628558707516873712e-03
4.128751140675231829e-03
1.083247477104575700e-04
5.733932150394502260e-05
1.753796281341594618e-04
4.010728288307961216e-05
9.196076306837564128e-06
1.143633399117299911e-05
1.298239724114253451e-05
2.205071055361941177e-04
3.178161568249062482e-03
3.621672820802995709e-03
4.300785754620090051e-03
3.573374516010232845e-04
3.228125707449301706e-04
3.473936921857773228e-03
3.328774508954954517e-04
4.623292664675959654e-05
2.203289618004656007e-04
2.948167151213493351e-04
4.122050998134563432e-05
1.144903992723434319e-05
1.582861760339250825e-05
8.264170431962030968e-05
3.007652422304688488e-04
8.718239379868835358e-05
4.179669612950430544e-06
3.991937630430322944e-04
5.851880659732661832e-02
1.920060612705868502e-02
4.364500451742604585e-03
6.780920415494740786e-04
1.480180786924480162e-04
3.125394253478767361e-04
3.357343277922867166e-04
1.959130089155100194e-04
4.193410063564659404e-05
8.349593666192486717e-06
5.606461227548065556e-06
5.216481368248323076e-06
1.085397447267354653e-05
2.949520011465903819e-04
3.759535171719848023e-03
3.892900463598380416e-04
2.815589993597326578e-06
6.046847754862639352e-04
1.964077769812610508e-01
3.253166335297894007e-02
1.217619227257787755e-02
9.220037183999619732e-03
2.028870871947655247e-04
2.167636113110539062e-05
1.826276954357698007e-04
3.568780269083982222e-03
9.399927076011499374e-04
2.465914665587825658e-05
5.491710809086457509e-06
7.592430038426876069e-06
1.589330460109491513e-05
8.019086715115833659e-05
2.913133760368311976e-04
8.485605635145461901e-05
4.359317144758733427e-06
3.841675036036449340e-04
4.726001460622534373e-02
1.213810129322877469e-02
7.603094085978202334e-03
5.377649087807485212e-03
1.014437971700616893e-04
5.987860361017358647e-06
2.246360446946634793e-05
1.029121358193828360e-03
3.880753234525849502e-03
1.935542153542053857e-04
1.806665694547730238e-05
6.973635859597375431e-05
3.146131941584575861e-04
8.158269920576330825e-05
1.721652296907338358e-05
1.458618777262633121e-05
1.076800850289393633e-05
2.119656701231985708e-04
9.513070138017240204e-03
9.089626366358707216e-03
2.496154799493706476e-03
2.219338157759614895e-04
1.147377356329710790e-05
2.974858778610733478e-06
3.226914149647792955e-06
2.136719517706749829e-05
1.441265407378270825e-04
4.853877976532038296e-05
1.586886616532899669e-05
2.852794831008609549e-04
3.776498816044390142e-03
3.067523891128659313e-04
1.502278791013998231e-05
1.434931092931979150e-05
1.787680984732062942e-05
3.767462842560055078e-05
2.058833440069176451e-04
1.188288764817273116e-03
2.852910074656525054e-03
2.117474995736057946e-04
9.887090142112040211e-06
4.844386269121550712e-06
6.502864872507701042e-06
9.116707134239486853e-06
1.354364868665851223e-05
1.332525126717770038e-05
1.128800021953949076e-05
8.074039455327804572e-05
3.102617755222454783e-04
4.959938740833137781e-05
1.168002108049778369e-05
2.043082264338354434e-05
2.051531660457444207e-05
9.007375192685788522e-06
6.677686685659402776e-06
3.694860257733351594e-05
3.710506758000942638e-04
1.259207795469852458e-04
1.261457046049703331e-05
1.291491288093551902e-05
1.213898843307774426e-04
3.230532829638829684e-04
1.934555107296954978e-04
2.947780716314883274e-04
2.080104771770384517e-04
2.206717454803633143e-04
6.511963657915508213e-05
6.748696270155952837e-06
6.189293481362601825e-06
2.143796913209089407e-05
2.538397314907045904e-05
1.166077673504650403e-05
6.236695446658865146e-06
8.575704523150127595e-06
2.186403792649420301e-05
1.822629625664526151e-05
7.646402945552908546e-06
1.417092667197974438e-05
3.879955838686230201e-04
2.846429674078727445e-03
1.747429525587350981e-03
2.121338158506063266e-03
1.475627064849329003e-03
2.978286955916711800e-03
1.015461531138727022e-03
3.051036380396125812e-05
8.561575446634756733e-06
2.079133189554198554e-05
2.838350118375258959e-05
1.855211104098419218e-05
1.413374705332834236e-05
1.171609307212918079e-05
1.138943837011744177e-05
9.522481954091283326e-06
6.196434934655688592e-06
9.317380262984419694e-06
7.783685677319174528e-05
5.861971288970043966e-04
1.035968237568763014e-03
7.007341953344651316e-04
7.320753379934551641e-04
6.545957218816868955e-03
9.004233784732463414e-03
2.365930813991827530e-04
1.713157781531740199e-05
2.111064744101505218e-05
2.781594760772128534e-05
1.701622096592024153e-05
1.219831247951669922e-05
8.903612895955420611e-06
6.701907705281605893e-06
5.253779431471018954e-06
7.984391649849495950e-06
6.879318768180477984e-05
4.408452193693819109e-04
6.557013642205405165e-04
1.729850200219044476e-03
1.587194266777936002e-03
2.592063214752655248e-03
1.629010009040576107e-02
5.252805332182121367e-03
1.121988663175252566e-04
1.390409792387291127e-05
2.102542250245688533e-05
2.284001648228562727e-05
1.090441011018294618e-05
8.781031649741756289e-06
1.083778820052027833e-05
8.331035971344327029e-06
5.443730553172290151e-06
1.695893715499788046e-05
4.633306670281412418e-04
2.815968800788854788e-03
7.298510423946900829e-04
2.094088595915746462e-03
4.575241385461040547e-03
2.076579224795888339e-03
3.552485135995580006e-03
5.242323101456345617e-04
1.940903819237245866e-05
9.119678017261242212e-06
2.215585847516903829e-05
1.512484942121826349e-05
1.027129414140717811e-05
3.771267176096892082e-05
3.654002606148879515e-04
4.509798930034224630e-04
1.518458679793243543e-04
2.063608576472136607e-04
2.578712459477570181e-04
2.966391312195475606e-04
6.943378794356855734e-04
1.447170437656211325e-02
2.490544889442109638e-02
5.065448918243633213e-04
9.152603159335337174e-05
4.009454574111230747e-05
1.049885991940346080e-05
1.111293467105297177e-05
2.514334223796730496e-05
1.494803676956030525e-05
3.540373247727128720e-05
4.188675655820372178e-04
4.261828094558824803e-03
3.286611399959878197e-03
1.312109848797871504e-03
2.751046565868212144e-03
1.127029414150999614e-03
6.505927339479223703e-04
4.192703362201682590e-03
1.657855785342973384e-02
5.008017008958282924e-03
1.087690887436693971e-04
1.325526654523476793e-05
1.252542121051736353e-05
1.250810483556633598e-05
1.557707887606992462e-05
2.649481693877030132e-05
5.259258620060737699e-05
4.814572178324392831e-04
3.811710447181637911e-03
2.336148656717663887e-03
3.014473610938925687e-04
3.555443939443811408e-04
1.597561816406258082e-03
3.407617309111238280e-03
5.384518728096926964e-03
4.468915806698261529e-03
4.203706729932308477e-04
5.240673839907851412e-05
1.828969182158336881e-05
1.199419033393850642e-05
1.445067762234307620e-05
1.677539798722417144e-05
1.859143210614696423e-05
2.730077600130246791e-05
2.838318594832137261e-04
4.119651002879864098e-03
4.372674132132308572e-02
2.793434755994454732e-02
2.499516092574720696e-03
2.512650097161141498e-03
8.172864260112905560e-04
2.169308098687783748e-04
2.761373736741265560e-04
1.701408579524504242e-04
2.620871546847387861e-05
1.065299883989091691e-05
1.625203226874707475e-05
2.337915295259691866e-05
2.642866329586034010e-05
2.647438968354484982e-05
2.710826127095075853e-05
3.655369853019844025e-05
