9.765556778179144439e-05
5.636896400965847077e-03
1.307682053514296235e-02
4.347163992101409080e-03
2.626475675603688522e-03
1.153023880882595364e-03
9.040681233895180632e-04
2.545946503153877715e-04
4.132437627983463524e-05
1.258800943810498481e-05
4.030747678819287277e-06
3.817027718456297504e-06
6.645866932597552184e-06
8.794740318542611614e-06
1.028246705567067121e-05
1.036220222475582962e-05
1.023544041850447604e-05
1.619618465569103570e-05
1.872103446202751318e-05
1.175554638071409173e-03
1.870355186323384216e-03
5.948120414343621362e-04
1.541110796408587131e-03
2.593241538586549418e-04
1.302701003335195531e-04
8.705872357257741102e-04
2.246159502119259542e-03
1.252868454665063492e-03
1.172615843291922925e-04
2.011236978067617876e-05
8.910361965262533041e-06
5.074685566424579749e-06
5.278901915213297123e-06
6.025476418272729319e-06
6.075061437276027976e-06
1.016447842916257722e-05
1.439183827213982981e-05
2.445895598265484801e-04
6.624628008045094023e-05
1.533724113871481982e-05
2.421890118062104366e-04
1.168377703512816726e-04
1.023346865110858395e-05
2.014775738952676550e-05
2.190255259237629249e-04
2.869955830682051345e-03
3.574299561102674706e-03
1.009369350407763113e-03
1.061539881518600183e-04
8.672161740663543878e-06
4.005438619765897592e-06
5.278681720134048611e-06
6.244319130046013603e-06
1.032748802251697277e-05
8.490760215880439204e-05
7.536062464881506176e-04
5.474860158905338526e-05
1.648147051772910158e-05
1.031588921430365334e-03
8.906946275681241294e-04
8.852708842798793210e-06
2.996280358784272586e-06
3.737154675669824417e-05
8.530106750827190758e-04
3.295439251549879718e-03
6.043043163757663358e-03
9.188895799818543085e-04
1.351315332934441891e-05
1.888595038445575975e-06
3.072809959107790721e-06
5.769188056878183903e-06
1.096304383125415242e-05
3.401288454275287857e-05
7.820755053041840432e-05
1.572209544777755327e-05
3.206923421211499442e-05
2.305460011410991137e-03
1.323637097142652767e-03
5.116447081042319977e-05
1.880222167332999640e-04
1.046051959339766363e-03
1.121096802235619543e-03
3.404001667972235824e-04
1.856434891029674428e-03
5.074011894682053936e-03
1.091491288808533853e-04
3.527547271272606284e-06
2.349027513528285174e-06
4.628052444359051832e-06
1.072092482969116564e-05
2.822796911507862972e-06
2.409951267493902100e-06
1.056310417236842124e-05
1.431993938751814079e-04
1.245443864185663291e-03
6.651721827811132772e-04
7.566414307987901497e-04
4.802276447885453839e-03
1.642733959553195535e-03
1.003785286976351630e-03
1.721100151574545055e-04
4.310823557929283263e-04
5.070504808144816675e-03
2.232134069513705323e-03
1.076608937898793571e-04
8.319688828553615511e-06
4.884972720059901284e-06
1.056368921793428108e-05
2.103413254834859877e-06
5.574128878834135665e-06
1.633875329073681355e-04
6.704415555374329235e-04
1.451118594970638126e-04
7.850980093263167613e-05
8.215160788331216709e-04
2.499807730721373758e-03
6.059080073134875434e-04
2.956679440250927111e-03
2.093734260262742220e-03
9.554446044550912948e-04
6.951020500065911668e-04
4.795152604137767165e-03
2.142677180017633128e-03
2.298953146891057067e-05
3.912655394911859355e-06
9.651189291646638751e-06
2.232638750052498699e-05
2.035430524889570412e-04
8.284856023603717669e-04
3.642676844603201687e-04
5.804545710002810029e-05
6.248994421685572160e-05
4.518547267648418981e-04
6.933210460314812506e-04
1.299189704483981532e-04
2.599469504359365989e-04
1.884348815459826066e-03
3.331345377401944644e-03
4.275133048026168734e-04
3.957389987446107045e-03
2.569955358682642250e-03
1.218491728661044249e-05
1.953732195510646551e-06
7.707918878236928254e-06
9.476019182488633222e-05
6.596618442391972937e-04
4.577308311371862523e-04
8.015944817608247923e-04
1.463442497488994572e-03
1.549273073849486738e-03
1.522775154413678108e-03
6.760768658245845100e-04
4.809544831206427921e-04
9.722232409399850098e-04
6.544571460194666991e-03
5.252411375428569541e-03
5.107462616044350194e-04
1.025725570560841095e-03
1.285327009839385337e-03
4.493494523479026081e-05
4.337876281232344782e-06
7.914349713363469458e-06
2.209266228706606468e-05
7.829977836487048582e-05
9.873402802247407809e-05
1.052717037189618244e-03
3.078696641952176436e-03
2.267419853911692776e-03
3.654649657841791289e-03
1.526641868913567856e-03
2.196062374013172790e-03
2.845562943704346703e-03
3.352280291550632611e-03
2.205351755550792429e-03
1.394928193353518666e-03
5.961804308861307859e-04
3.122045149833316269e-03
1.168904163863656708e-03
1.977173606479362699e-05
8.107253307461832431e-06
3.964994125875792000e-05
3.192990641846322661e-04
6.074696950960573397e-04
1.974005618667163103e-03
1.978020185096491992e-03
1.177697407832451956e-03
2.114661448544917673e-03
5.608355718715011965e-04
2.450117488644794361e-04
4.294576811745666814e-04
1.706768667929554114e-03
2.432028961381723937e-03
2.022371458416131682e-03
2.814950782553085791e-04
3.369777148321170465e-03
2.286655793904712221e-03
1.390232941220359140e-05
4.960465339948058495e-06
4.374757782993595801e-05
3.661625640868768593e-03
4.090851638262015671e-02
2.294197484273175630e-02
5.539910692194378525e-03
1.750415175521685034e-03
7.851491392459789649e-04
1.202711475472781479e-04
1.888961103043438673e-04
1.047925336100585846e-03
2.296199837620249706e-03
2.543119432567080614e-03
2.324754839916703085e-03
1.884950872216171666e-04
4.351659202455044825e-03
5.096709874168890535e-03
1.874460127562607226e-05
5.009891419597185745e-06
7.033803760751359285e-06
2.498484307487312123e-03
1.822677779712466861e-01
4.985326791538269992e-02
6.742991783532856047e-03
3.441884404978717751e-03
5.525075007476094348e-03
9.267827267574840723e-04
1.115106467496503788e-03
5.083429178188483485e-03
2.189017726651496052e-03
1.475897236523110228e-03
5.097989376950903470e-03
5.091077902323998781e-04
6.946520269814801876e-03
6.318824260981415093e-03
1.951615519941041904e-05
4.977113805259163450e-06
3.012994238942036770e-05
3.696707876236759397e-03
8.265446165085159336e-02
3.609398395204393289e-02
6.323499199854917124e-03
1.213213969857702274e-03
2.399540666553760890e-03
1.091128512856339230e-03
5.743132434433725723e-04
1.750006571188442162e-03
2.214710831964147690e-03
2.542795827135048859e-03
4.793755866836121350e-03
8.336568231760226825e-04
3.858407266148599583e-03
1.109512356804035968e-03
8.444027013728382702e-06
4.387585622117004761e-06
1.682571343905645120e-05
4.420358135121769125e-04
7.698164755693253161e-03
8.916629321495674401e-03
4.204282737048412912e-03
9.090102732751711816e-04
6.021188046210567508e-04
5.912703091596851254e-04
1.110613304939026382e-03
1.346202479788288211e-03
1.528043917669818369e-03
3.018367699739237572e-03
1.169144240668437001e-03
3.807834150334400052e-04
2.954489893604751206e-03
1.260680997917117130e-03
2.451117218085685550e-05
8.865335748647897336e-06
1.642203335556610816e-06
1.864514468138352401e-05
8.772890008847629211e-04
3.342319891514392537e-03
6.065788600142075701e-03
4.022272074322787855e-03
2.364700334643077100e-03
1.314135888071884389e-03
1.750643979124214293e-03
1.144881810495154218e-03
1.074793448484632997e-03
4.666794375235222385e-03
1.732366748100773327e-03
2.963756129009736061e-04
2.134112243305533781e-03
7.262883246347405942e-04
1.167185109249920145e-05
5.547186464561133111e-06
1.406830762142248188e-06
1.837387075789992600e-05
4.464213427377067191e-04
1.148913848148503357e-03
4.155505612181367540e-03
9.883092531536691837e-04
5.300403807783150888e-04
1.301779301323454990e-03
2.693249734350223416e-03
3.913011735074205591e-03
3.122431243449806052e-03
4.033768321715985525e-03
1.961808588195408827e-03
7.694944365304478727e-04
7.451476950610894101e-03
2.159452905214313302e-03
1.887074893572955516e-05
5.442110286006118328e-06
1.983857175474216849e-06
9.076072262576925938e-05
1.421420612118689565e-03
7.338839382291661865e-04
1.240944473660127298e-03
1.671499552731341501e-04
1.311510799883655186e-04
5.216727181979177383e-04
1.133426494822458276e-03
2.639923308875474425e-03
3.850212886975826112e-03
2.288858875831582124e-03
9.625774081467934314e-04
3.176502801849551486e-03
8.685443689284243554e-03
1.065774265753620300e-03
3.643623218409016589e-05
1.062828823182177922e-05
8.919641535090706760e-06
3.721203703749213602e-04
2.376704305546587480e-03
1.325050739170514653e-03
2.366084671920387888e-03
9.937700405160960603e-04
1.041023552027802021e-03
1.344152101131563994e-03
3.164792219699287014e-03
4.834191820094407149e-03
1.990071508769187311e-03
1.530872639096807772e-03
1.312523632595708357e-03
7.555583869005595178e-03
1.107262773501285075e-03
2.146571348291175107e-05
6.487307278016745054e-06
1.011429835802918204e-05
7.753580842039152423e-05
1.712646972447301897e-03
2.607369749746812383e-03
8.406696490058301408e-04
1.100361162180206551e-03
1.316088410803581670e-03
1.263975477385333168e-03
1.093710332287165356e-03
4.822337938065221312e-03
7.590714210077777364e-03
7.017697155238857834e-04
1.893066008981108281e-03
4.649636975770643499e-03
3.833351233436051338e-03
1.193166356295162055e-04
1.988212852912175614e-06
1.741120014052696369e-06
8.409936905701380637e-06
1.576647435607939779e-05
2.860598051625809967e-04
2.224794454020287502e-03
1.286482023710044595e-03
5.649986377110012342e-04
3.493465765144755891e-04
6.656351508385538115e-04
1.558379678038306418e-03
2.240123787370618905e-03
1.615858248602591819e-03
5.931191741745494824e-04
3.929938606046313836e-03
6.524080339709137366e-03
1.545279566414276039e-03
2.191550507693713575e-04
1.004564288301391318e-05
2.750449948365256157e-06
8.129295820186093892e-06
2.210519656578050429e-06
3.293561765713985299e-05
1.005263553981220219e-03
1.125616790858191291e-03
3.502759244676661998e-04
4.090042485236604754e-05
4.265453128283752947e-05
7.427636976089451283e-04
1.349609548473488943e-03
3.610982935853278872e-04
9.652971734929281919e-04
2.720046377863681586e-03
2.969931640440580216e-03
9.048777448526059211e-04
6.330253888968952148e-04
9.491237368158891581e-05
6.896164218955616371e-06
8.147812258787109964e-06
3.099756091084135378e-06
5.206231600430613426e-05
1.045391984781717009e-03
5.131709343872377978e-04
3.331976332676862568e-04
2.299130756821745226e-04
1.828150303746140556e-04
8.512918278937622310e-04
2.298151066893850715e-03
1.195920930562489317e-03
6.715966319900859571e-03
1.345473101458928523e-03
1.261332232079718336e-04
3.152843046594097594e-05
4.000931666298910032e-05
2.884740012042549741e-05
6.015138755447208295e-06
8.065841376023848302e-06
5.054661682847988175e-06
9.150258383710582332e-05
2.145542096697808029e-03
9.641489483207028475e-04
5.940156770324589962e-04
2.357971779833796001e-03
2.597198623101700226e-03
9.159227831944155747e-04
5.099996501459621960e-03
3.221078832997604537e-03
4.449249190707917729e-04
1.817252758916194856e-05
2.298135755458101111e-06
1.867239810581494983e-06
3.761516724568024110e-06
5.699808234610514299e-06
4.728064906793841034e-06
9.226779175460444421e-06
8.851042756378812751e-06
5.710700846542833721e-05
1.074604286467625283e-03
3.813257166363436066e-03
2.828716612752060679e-03
4.077914744784216805e-04
4.230414696252450681e-05
1.102812666108922176e-05
1.153416203510646991e-04
8.427375537735537654e-05
2.702350069098644809e-06
7.151971678537392698e-07
1.774597887039422376e-06
5.053428524193929359e-06
8.239212792532679176e-06
9.281122239383337311e-06
9.644138988202263945e-06
1.654239044269776717e-05
