7.440854590208926614e-06
1.350027988709774868e-04
2.391113233443053349e-03
1.647681532562742185e-03
2.157563099983138017e-03
1.511976044052647109e-04
3.705901249314841871e-06
6.212193191452907641e-06
4.806200492326686717e-05
3.777749934407088791e-05
6.117057422375562738e-06
3.243697177746560644e-06
4.964327289398103206e-06
7.617120732735155690e-06
1.096074723711244879e-05
1.260231489605326764e-05
1.238394914097943784e-05
1.906139297990271117e-05
4.862762566738437605e-06
1.149384324513350259e-04
2.221487120434628704e-03
1.595644099904740308e-04
1.887669489413382903e-05
7.563318164824481015e-06
7.171944124189341796e-06
1.291193549434522831e-04
1.303916670307994239e-03
1.054354282455192233e-03
3.132026043777156807e-04
4.817467156564445382e-05
9.403280824181337190e-06
3.515701627016111137e-06
3.246025409829548578e-06
5.325149869299385923e-06
7.035570568637738720e-06
1.213564373414381851e-05
4.120387944942239310e-06
3.192572203424135277e-05
1.405096256271585976e-03
2.389006100124909120e-04
9.778139025620114546e-06
2.855004758497810881e-05
2.019583420356235585e-04
1.005170732643806625e-03
1.054982103697060586e-03
1.613549178015953687e-03
8.731196195800502644e-03
2.221358536445930745e-03
2.484721631166458573e-04
2.133291760026858718e-05
2.755835097858394718e-06
3.002325525376724029e-06
5.946020268917991175e-06
1.231523519257057328e-05
2.869357094026950477e-06
1.057316370750910026e-05
1.269467118413214165e-03
1.874138391282275263e-03
2.755128867697649868e-04
1.285380795520553107e-03
8.116131668205073691e-04
3.005241229742927340e-04
2.850894340949485526e-04
3.645525442199984683e-04
3.240948050631646885e-03
6.756770124008589472e-03
2.843621180927354431e-03
2.482517201481721663e-04
9.658876295197527294e-06
3.016054309183421569e-06
5.027740630488804453e-06
1.281669136576570037e-05
3.426376942053756024e-06
3.184120985465952413e-05
1.695134939556367220e-03
1.322180613340087109e-03
8.912607298429110975e-04
3.825601465886155697e-03
1.446075364916847399e-03
9.881010675352351266e-04
4.646480441455539366e-03
1.082106951835320628e-03
6.377746222386288097e-04
4.838007127896770503e-03
3.693949857448814832e-03
9.618324152735495186e-04
1.204547771554775946e-04
9.527811911723191833e-06
4.773947224330301700e-06
1.236034600781400774e-05
6.670405785227606047e-06
1.922451665778212118e-04
2.930616664825854995e-03
6.941664155255563131e-04
8.972925665637471442e-04
3.473590200367683740e-03
5.937512099147866824e-03
4.233734440975699814e-03
1.095344697534106002e-02
2.454838592408250478e-03
3.525836993504011122e-04
1.735184234921789128e-03
5.196588906955184814e-03
5.085985762350980419e-03
1.203663528501236479e-03
2.500828672814428449e-05
2.887270346937011646e-06
8.454541975064286855e-06
4.749027587695456392e-06
2.688440711323447345e-05
1.806694304741265065e-04
2.257979531506681676e-04
8.128488847232697096e-04
1.369031516418558678e-03
1.921733964478137885e-03
1.992840968197283694e-03
3.039736654179038978e-03
2.652422130264541541e-03
2.100818309919894392e-03
1.542727200058702057e-03
3.167433944868341868e-03
6.944503073393325579e-03
2.580361790993574225e-03
4.379790476621661270e-05
1.788154030414172842e-06
4.272694872040468492e-06
4.673851363652857540e-06
1.364115925790369930e-05
1.838994367490851488e-04
9.171331294729373517e-04
1.895179121744470715e-03
1.111885177538090522e-03
1.076287764178402622e-03
1.864404622090878004e-03
2.938398823671057192e-03
3.624005558541452694e-03
3.465571437080480072e-03
1.978358703672552024e-04
1.614586708946259982e-04
1.643073818855582185e-03
3.143693604440004046e-03
4.420894102054956582e-04
1.290106804379069535e-05
4.455512865435775927e-06
7.033936608603464735e-06
7.663169145884756860e-05
2.160211447488677612e-03
3.089011846877108818e-03
1.733365273080704917e-03
1.592920077689684603e-03
1.411106629804994694e-03
6.065028583500021607e-04
2.218311084559488906e-03
5.671319976960000932e-03
2.536120787011127056e-03
3.104080415882625376e-04
3.335748212887049602e-04
1.472788580516433367e-03
4.103083574437065180e-03
2.887326550735298033e-03
1.230516963046158791e-04
8.522288250752481267e-06
3.964169728956048178e-06
6.461984110073335907e-05
2.651388103986276369e-03
5.136199676870117393e-03
4.622243870344160295e-03
2.991495300701464861e-03
2.634631051297590867e-03
9.263324175559362050e-04
8.448457159921083683e-04
9.083897237487199242e-04
1.641461275440353560e-03
2.056463748191736558e-03
6.721091525175882384e-04
1.063502885037118919e-03
9.459767381941125430e-03
1.753633734112657050e-03
1.727052212433932287e-04
2.673835892407681419e-05
4.519404199652449966e-06
1.250558074924027244e-04
5.028683933650875300e-03
8.201491262778581870e-03
1.281367138973145588e-02
7.853730630038982530e-03
7.808298585714901034e-03
5.121755647202525484e-03
1.779720214791332550e-03
9.580577319418290922e-04
1.739772718012145072e-03
9.574661771806914756e-04
7.777702839308058165e-05
1.867023813708668415e-04
6.916929988133953613e-03
1.009234721807936250e-03
4.536104025815492218e-04
1.033129622746002424e-04
1.461479783384651404e-05
1.356225994846148352e-03
4.529011956831646701e-02
1.314780726036467173e-02
6.691005757917999064e-03
5.151629561266495537e-03
6.466897449072753039e-03
2.961171779576807477e-03
1.822311120691617794e-03
1.844640974873194362e-03
1.584965798408625049e-03
2.309221582094105312e-03
7.748383968364339633e-04
4.350885393083204740e-04
5.566785609829112864e-03
2.335606641039541815e-03
1.371209409434895896e-03
3.235872888276078441e-04
1.341386660988824948e-05
2.560029831500000921e-03
1.423599535550971740e-01
2.996316266943361076e-02
1.754676817381090742e-02
8.783559278609879770e-03
6.707802403185264377e-03
5.896066681833781430e-03
4.089166442702323566e-03
6.283233294772144241e-03
2.628775255333602647e-03
3.889698782113470803e-03
5.402109516968569072e-03
1.275642268069807680e-03
9.539366403453909682e-03
5.719981591601020626e-03
1.201491496484336343e-03
1.007629469269972176e-03
2.794133681215760208e-06
2.833030923133666350e-04
4.201812911099718495e-02
1.528798864455900575e-02
1.174773369679506414e-02
5.624936070540480226e-03
1.617317228853741356e-03
3.564542449874187786e-03
1.876566927900390723e-03
3.508912371336685241e-03
3.678677239783681181e-03
1.982080120213669961e-03
1.871609354910938735e-03
4.837340553426168694e-04
4.603847810006258569e-03
2.123094602021225255e-03
8.065698834155922339e-05
7.357595680243639281e-05
1.380073225786637269e-06
1.866993992081387302e-05
3.233315862609621380e-03
6.934753061799576838e-03
6.684322048837076230e-03
4.453692523683131128e-03
1.283557019379001065e-03
2.999513154396241110e-03
6.965660815217312313e-04
6.917803738126513183e-04
2.522797198092277191e-03
1.182183668244956611e-03
9.527105987917074657e-04
8.492666093461034111e-04
4.701619168333458047e-03
2.257858077698273770e-03
6.730346318293624916e-05
1.125794045401268922e-05
3.978361074909668422e-06
1.853017377672353788e-05
9.064559129021801951e-04
4.309632483808829677e-03
5.726268095771655867e-03
3.886404441743000673e-03
2.063491214638714551e-03
2.815361240387465741e-03
1.889354383325185819e-03
2.522473495676769931e-03
1.919812261908760212e-03
4.981531684560651634e-04
4.209147195241809479e-04
1.304918858493107079e-03
4.856846816016668032e-03
4.065967350547971919e-03
9.686447745337088211e-04
2.440318790180792132e-04
9.446292217168510131e-06
5.682014821066332777e-05
1.429295670380091414e-03
5.218726277566088090e-03
4.197926779347871222e-03
2.895959357740462720e-03
2.019907081360265352e-03
5.871594583583023431e-04
1.617499799665362897e-03
2.895445050156186025e-03
1.350691693230860304e-03
1.956081770829302003e-03
1.086695858810073339e-03
2.484958385608643325e-03
6.936674570755904656e-03
1.136356315537421537e-03
2.979439787583186994e-04
9.436206550207355088e-04
1.040808026571898721e-05
5.304934322322311040e-05
1.013445358520694874e-03
2.790716576165198394e-03
6.792125578364328637e-04
2.440685082432809657e-04
6.833209020374089162e-04
8.201157691272136906e-04
1.375933831923941168e-03
1.038536729366125932e-03
2.078463561010237843e-03
3.462074302830737797e-03
1.763367259834904520e-03
4.397581344007031427e-03
4.161218020701597069e-03
3.788839343157071019e-04
4.551680747600304314e-05
1.034612234385922855e-04
7.624625018401748292e-06
1.141781489827130277e-05
9.833250805035054817e-05
1.130539793762504359e-03
1.908036513353805969e-03
2.907593575525130682e-04
2.933788581275037976e-04
1.896423674638377877e-03
3.394391501814379188e-03
2.542401643208112762e-03
3.455055158326156717e-03
8.797808508377150984e-04
1.460642268764718223e-03
4.793297315560342796e-03
2.288480379208450519e-03
2.555126935406028255e-04
1.437141725775499983e-05
9.433953549942098596e-06
7.708856274209323434e-06
1.187882004534229561e-05
7.089055020441321952e-05
3.415073297096239777e-04
1.436888569925731923e-03
2.204382087594400439e-03
1.532718786325012019e-03
1.640862021035261950e-03
1.893622393489463422e-03
1.407174112855762247e-03
1.157008624867093133e-03
1.347148056558069911e-03
7.886414650316650801e-03
4.090310865351155963e-03
7.034647364952951966e-04
7.319160205656357731e-05
4.148224302297804720e-06
3.757833471389224151e-06
1.018542236683110868e-05
7.186029799088787192e-05
2.307221846342796985e-03
1.221157879263451386e-03
8.402308038710123691e-05
3.186396782743123766e-04
3.248756011357281214e-03
1.551681397926475475e-03
2.704950056997594489e-04
7.686481316294922219e-05
1.846027473297083901e-04
1.386227067978477090e-03
8.527959383341632629e-03
2.883727122717859304e-03
3.992935086582499065e-04
1.324018746267349776e-04
1.421154094098197300e-05
5.932860228181010645e-06
6.521296638788123092e-06
2.678156761753840390e-05
1.391611321151772123e-03
1.051712045294709609e-03
1.500305496441809809e-05
1.188125722165781574e-05
1.959927265942484757e-04
1.179716535104850979e-03
1.033557561416977846e-03
2.615841720404427453e-04
8.634392363876444015e-04
2.544670751655099452e-03
1.100394678313535964e-03
2.080373559355370940e-04
1.741625584444716319e-04
7.823406244523583870e-04
1.144985073601055889e-04
1.079199197541980772e-05
5.644721734948751222e-06
9.714353057032345623e-06
1.578803823420086119e-04
1.476944600078774919e-04
2.219575564164062253e-05
3.723025234120006048e-05
4.426050508548144815e-05
1.507683873586154158e-04
1.120226511117196084e-03
1.258739813920549703e-03
2.942990165849133834e-03
1.258000962708311077e-03
5.034938135665442102e-05
4.908311088484477083e-06
1.083606749923793182e-05
9.664845120578382273e-05
3.450513922301611382e-05
8.471151261621652314e-06
9.580571347457716007e-06
3.873940933202365595e-05
1.056538351582708571e-03
1.128780474236292181e-03
3.925978168601280504e-04
7.574432555854262008e-04
7.854739899417612341e-05
1.035007190769149236e-05
2.862520436048598315e-05
1.804965393650802556e-04
8.603972855880587852e-04
1.347857633163189841e-04
5.645075015216280610e-06
1.762972903996692617e-06
2.988620869764539838e-06
6.617724447305552345e-06
5.643177003691804987e-06
7.807805594608584475e-06
1.321368413216958938e-05
4.217270200162621761e-05
1.402297656820034825e-03
5.174639635813289146e-03
1.164488554060130873e-03
2.289267458655537373e-04
2.068104959518757320e-05
3.677071358135471472e-06
4.225373394579226613e-06
1.966703509329894678e-05
8.426385380219486804e-05
2.632715195242026841e-05
6.151235404750614095e-06
6.928753472180408955e-06
9.649914359605551292e-06
9.549308742966954117e-06
9.657612717257375986e-06
1.794224018184333553e-05
