3.794953873277782198e-05
1.890183596254066661e-03
1.205541872398780204e-02
3.798446027447386839e-03
1.084869677481622909e-03
2.473431270270890089e-04
1.438508636812112391e-03
3.151361259204960106e-03
8.258167589459387511e-05
1.927377901920413519e-05
1.278865565304150632e-05
4.768092620094875363e-06
5.849223532307560274e-06
1.110897641306648844e-05
1.434795615835347711e-05
1.384465307921097000e-05
1.354953930735816111e-05
2.087316121031977019e-05
8.472406644077339890e-05
1.121835112776631413e-03
1.939175730353355932e-03
1.093121214031968864e-03
1.143664179366167338e-04
1.009019877832086030e-05
2.208307361148087683e-04
5.629650648217292275e-03
2.209375360554573578e-03
1.301013122869135608e-03
1.507032700747701348e-04
5.610547790821883520e-06
1.319252334471884921e-06
1.886479462272254491e-06
4.352958947099522905e-06
6.440995822554821109e-06
7.690304044559104148e-06
1.351151757734571635e-05
2.779815116673398727e-05
4.423099019170289865e-05
8.683976543334692710e-05
3.380300017383291674e-04
4.276489773622950413e-05
9.588027947220980929e-06
2.283776322093351071e-04
1.830923695228649315e-03
2.863434106270423222e-03
6.003600624052900930e-03
3.069815862444510383e-03
2.794458999894983641e-04
7.225198691396296536e-06
2.567233328596262009e-06
4.824756558576478892e-06
5.144739839952734448e-06
6.594800848892189602e-06
1.343320419495316888e-05
3.425483065929818923e-05
9.271465778586618844e-05
2.689000138582153332e-04
7.123137557073349344e-04
1.210370467286109981e-04
1.004133576249561540e-04
8.742724295841375164e-04
1.947137149035483650e-04
4.285454482720094620e-05
1.436007097645585352e-04
2.219746291389095016e-03
5.132024439035317437e-03
3.252552388692270128e-04
1.694021048468206264e-04
6.100415776651642476e-05
7.034103090885034347e-06
5.609258035352082951e-06
1.372082001182572906e-05
6.713703794321236509e-05
1.107503699400427030e-03
1.564464671444195385e-03
4.264010633492309435e-04
2.100335706355502729e-04
1.108710427684544438e-04
1.053720646428518151e-04
2.733347853630305925e-05
3.721369813809050103e-05
2.458867723199046544e-04
9.372892763937246434e-04
3.792470870289192317e-03
5.515737926949200280e-03
3.440249151168834219e-03
1.188521861300688431e-04
4.494386351458049846e-06
4.165758808678854203e-06
1.320071759140607655e-05
9.200542953022860257e-06
4.393974569886685403e-04
2.818230082235273840e-03
5.227403939894361817e-04
5.324997559029651930e-04
2.232851712395839149e-04
1.135987346387759653e-04
1.350505361612272894e-04
1.373220435744158720e-03
5.772436575893991929e-03
6.542673291683102736e-04
1.135016727995933911e-03
1.306959570385319257e-02
6.238403204087646960e-03
1.349317848039867168e-04
6.543626133589367377e-06
4.770962279957247818e-06
1.328527415014315632e-05
1.970604372493846897e-06
6.263497303550568177e-05
1.095530079017111155e-03
1.451190663279559086e-04
1.384316871351887310e-04
4.544979089656175594e-04
9.031328247832401445e-04
1.434679275856108908e-03
5.511113288722384318e-03
5.882136847936546981e-03
3.908017508022925443e-04
8.731098141192190660e-05
7.387285120158409860e-04
1.142672316138100379e-02
2.831148319581517411e-03
4.377038775297599781e-05
6.148578293724971919e-06
1.280915941550574131e-05
1.321346545896595092e-06
1.893592126677701477e-05
1.729916934949495607e-04
2.531855146368893673e-05
1.671576983982453219e-04
1.382272564820181656e-03
2.545525755969347648e-04
3.222918500897555818e-04
3.561133174466989213e-03
2.623420537795126146e-03
4.537314839439287369e-04
6.007872833252864288e-05
1.206979847979011450e-04
3.598450348218931553e-03
3.474847337339015754e-03
3.432224124459688455e-05
2.566652904852309721e-06
8.830454670217408459e-06
2.602094412717758030e-06
1.331610821015773215e-04
1.600788434071296826e-03
1.604820421683645975e-04
1.081488333808350343e-03
4.324627427328963172e-03
2.821486281567317316e-04
1.667836734819057342e-04
1.864565393376516359e-03
1.410772835811661442e-03
4.618060519444227652e-04
4.690063336963056157e-04
8.840389951085581314e-04
4.810509614584017497e-03
7.569906050616892132e-03
5.262663540417608665e-05
1.194030890979855712e-06
5.141220512535563560e-06
1.572142807066129929e-05
5.817981845618379420e-04
5.761944027070795005e-03
3.102222602194496057e-03
4.638896786760571614e-03
4.054999399058834691e-03
4.146745545031135100e-03
1.481613677897991328e-03
1.435782787538108542e-03
1.183991843415314275e-03
1.667251546153440201e-03
1.152449601951120728e-03
1.098105959083677023e-04
3.981121466584982248e-04
1.517828065481271506e-02
4.470548703524780286e-04
3.058962026587635414e-06
5.133728267071812955e-06
2.363660850203906232e-05
4.798853474995542416e-04
5.003828177859072183e-03
1.207157920828634198e-02
8.663425140211889613e-03
1.984090755758140083e-03
2.253499197635359854e-03
8.363352604399960748e-04
1.285496665841969572e-03
1.105667325484741004e-03
2.289564062910663667e-03
5.169332042004678605e-04
4.132594739268977550e-06
1.944801322906636207e-05
8.265562725506062081e-03
2.776779398439412593e-03
1.737178782785927199e-05
6.675285479418794912e-06
1.395364588988244615e-05
2.880121745664847820e-03
8.594919569922926383e-02
2.018853593317824005e-02
5.171325953346020236e-03
3.374500275644125909e-03
1.915737263168332000e-03
5.142240419224537642e-04
3.436894315776455131e-03
4.709547814199283207e-03
3.630314774464838985e-03
1.282644502439810779e-03
6.167487456560543421e-05
2.661454542505417163e-04
1.504393410374040181e-02
6.696444231094978404e-03
5.064054816676621365e-05
6.167804996843883220e-06
5.007632189041304617e-05
7.156970606232791743e-03
6.598383934008712759e-02
2.497960463203135334e-02
1.156859032733651739e-02
7.979652039322068444e-03
5.314943857288780688e-03
1.369622569378048426e-03
2.993649249212772517e-03
4.299905858971582798e-03
3.166132190651809765e-03
1.117478310338253884e-03
2.229466958684296000e-04
8.834815293823281013e-04
1.047813421515253994e-02
8.972491425976865734e-03
1.313736513099637295e-04
7.778355941881730048e-06
1.180311941558005766e-04
6.241901754877525292e-03
2.698983878618549728e-02
1.384874829187218888e-02
2.464059276379017543e-03
3.561968197579394027e-04
5.236027314274267286e-04
2.123597539949179189e-03
1.572805585792956496e-03
5.449488531151975863e-04
1.287594688586461049e-03
9.263103534608033368e-04
6.892434262923052217e-05
1.189615079975240528e-04
2.912872605365860682e-03
2.804773983264868820e-03
4.634658680812195732e-05
5.919259273041864798e-06
9.430295499543755371e-06
1.076518995397704605e-04
2.130084330918492232e-03
8.619747961730411107e-03
7.238848445910405806e-03
1.323500133801223380e-03
1.144667379197773479e-03
6.100280265429617980e-03
7.688166583794420758e-04
2.046999218990027205e-04
1.846090104355872785e-03
4.687708679179000866e-03
2.723082490548150427e-04
1.268506287117998187e-04
4.521329888981654062e-03
2.441030365571156963e-03
2.200108352316651036e-05
5.245270143482526083e-06
3.233543136739913166e-06
1.435239708068302238e-05
1.832401902328186882e-04
2.629095257165922476e-04
5.794867064010161741e-04
9.600778303050649812e-04
1.530135043624130742e-03
6.349774296730885392e-03
9.466271672690986525e-04
4.126952975311107838e-04
1.386671368195554468e-03
2.086228048440002744e-03
5.466293912214355375e-04
5.955715336150913843e-04
1.234515697513183588e-02
5.291677075902341543e-03
5.186097790655561340e-05
9.089438682369076910e-06
1.031104799414656155e-05
1.189482714876740846e-04
8.167050488321592715e-04
1.483401997026523702e-04
1.187987986859198331e-04
2.343282658680004770e-04
6.094700227542380324e-04
2.864761787904126882e-03
9.124995872671640357e-04
4.406815360749818814e-04
2.649265451588232560e-03
3.658470344060746077e-03
1.433626080751315701e-03
3.990223376931827971e-03
9.930119521117372616e-03
8.970719097947079312e-04
1.714361666997007451e-05
5.231427059846974938e-06
5.329847301206802824e-06
2.914923988397807010e-05
2.064448278284990190e-04
2.607447532007476851e-04
6.841394364330024257e-04
3.005023875821726453e-04
1.849566332750019729e-04
9.413358798849689882e-04
1.256999845197169377e-03
1.005632153641200033e-03
4.011846974572408353e-03
2.957701711154950112e-03
1.784942265536975953e-03
9.900142598391075202e-03
9.029753660165850543e-03
8.346159934846613228e-04
3.197162580468779057e-05
5.326850581290190067e-06
3.167160478569549963e-06
2.060779259769796490e-05
1.083626040651185132e-04
5.992995387102436461e-05
2.295503244814746716e-04
2.108589236789316468e-04
2.954961088459535833e-05
1.647185977434454838e-04
4.084683427608111657e-03
4.679970628597164214e-03
2.700731043394286914e-03
1.778528864456457945e-03
3.020458604608318009e-03
5.906744907785001046e-03
4.858916862153297446e-04
2.225957395348556551e-04
2.883558153855878383e-04
3.370159997210299971e-05
2.035985451251401076e-05
3.791748357680802570e-04
6.353823107595563081e-04
8.536789815693665258e-05
3.858399547327070263e-04
7.863043904624874691e-04
5.687293980616701152e-05
1.931298966419006202e-04
3.559589586220936099e-03
1.329379584984487174e-03
1.041698651852943341e-03
2.068830721830288485e-03
1.505742530307173713e-02
1.709490705262942806e-02
8.440272557933233054e-05
4.220270872260494931e-05
8.054320580638158226e-04
1.121475904837326653e-04
7.993814544253519171e-05
9.778865866130845731e-04
9.556970057072913371e-04
4.220550430093935289e-04
7.473788344070998778e-04
5.576368039102424373e-04
1.787186668581931153e-04
1.246644428188769963e-04
6.103284192976708180e-05
3.900173236357450373e-05
8.090674272848624509e-04
6.939645170785894469e-03
2.093016989653769672e-02
6.216510247418343370e-03
4.523462196961959369e-05
3.753538474342102031e-05
5.314527170504228020e-04
6.173787015986679128e-05
2.689021667148996247e-05
2.441028919497987713e-04
1.005979566381236343e-03
9.899185247596183589e-04
3.316928755262192542e-04
4.704648940775925880e-04
7.588972070597293021e-04
5.103520865630369665e-05
7.009613828904814526e-06
1.131636112125401485e-04
8.854757960315106508e-03
1.947710593098051640e-02
2.868179104655000592e-03
1.207289686241510077e-04
9.853388845897049028e-06
7.704146030621202067e-05
9.595474787212971346e-04
9.542361911981019908e-05
2.398577817518845985e-05
1.066157317403672143e-04
1.697522737491006552e-04
2.945861530336774743e-04
4.030132136710500089e-04
6.334202854200611651e-04
5.103933900204662717e-04
1.450198067584014864e-04
3.053654240079510789e-04
6.055148497372816324e-03
9.726449501753232571e-03
1.312430809423469286e-03
1.098301034407061930e-04
8.308191923682125749e-06
3.642980723077221191e-06
2.812990859164438387e-05
1.472800561089970459e-04
4.140456694465774343e-05
1.098646504140740707e-04
9.820723541547882445e-04
5.965204213847673720e-04
1.080339735667635356e-03
1.380870758772915130e-03
2.764081788120431485e-04
4.700702788839428528e-04
2.492771476768423748e-03
6.238128006121126078e-03
4.492324515978377876e-03
1.997658471389314547e-04
1.931504681297270862e-05
1.037072171971769968e-05
5.213488576550968035e-06
3.999375387813022839e-06
5.785959721784408477e-06
7.760270916836084206e-06
8.985417529622012647e-06
8.437140782105475418e-05
3.338460542661935912e-03
9.026831306907701427e-03
5.156190270829797556e-03
1.255703558916698888e-03
4.856352650071807451e-04
3.923898923871038148e-03
2.051538875410244180e-03
1.356456246876184938e-04
4.319910275547827062e-05
9.486278347599179711e-06
5.280918255932738664e-06
9.558188299171491387e-06
1.247949418671891963e-05
1.218631537645651390e-05
1.032351824544681532e-05
9.474319144176448037e-06
1.556839023171115925e-05
