3.883392109975873185e-04
1.019533911386115351e-04
6.125385113895380658e-04
5.362878053251758648e-03
4.276792143367316029e-03
4.738501669363626265e-04
4.038239201370277549e-04
4.952901387771337831e-04
5.864157661049541084e-05
1.745427538277419041e-05
1.498889752186922985e-05
1.458232022012074137e-05
2.107332582046649616e-05
2.788886620459088821e-05
2.881402017675762617e-05
2.777095945492172118e-05
2.862848006598521240e-05
3.916917805177974490e-05
3.905408651366309384e-03
1.184964111188180780e-03
3.133194909134858278e-03
1.006076202329634229e-03
1.351035270620990945e-04
2.221061221224021609e-04
4.797202871538687984e-03
8.806575785301282849e-03
4.996998415501088288e-04
1.277593062702711286e-04
3.870091047556292952e-05
6.889224739142633674e-06
5.856402008400482295e-06
1.120635979105547506e-05
1.574416241653081691e-05
1.726655634679144453e-05
1.912793554437289910e-05
2.858373716452677164e-05
3.379505428797388859e-04
2.074172309208149368e-04
2.439484206831620146e-04
2.711713645312250462e-05
4.445159275860696428e-06
1.321088459540577127e-05
1.672624333738012537e-04
9.627372045182197103e-04
1.664672588997803508e-03
3.268343650170747045e-03
1.184544683512365896e-03
3.531558759831493152e-05
6.489690271133160206e-06
1.207751266143153371e-05
1.656005373535210276e-05
1.552002777119037373e-05
1.754106924450222563e-05
2.752973155465010958e-05
1.050359990082423684e-04
3.333362601477893187e-04
8.008182179574607166e-05
5.464173615438394425e-06
4.020177959011360669e-06
9.650297120123886501e-06
1.413175928391891529e-05
1.729159187614099085e-04
2.225298382014464452e-03
2.885756797595447759e-03
2.782235379759569801e-03
4.087578012700917164e-04
1.656630152966645454e-04
2.304715093586807723e-04
6.464495691059122476e-05
1.912320771637048095e-05
1.732759412644759253e-05
2.808940866631936344e-05
3.856058482586305109e-04
3.676925482994675230e-03
3.014256142962498490e-04
1.425280641195656935e-05
5.500093070106095333e-05
4.202939616856539852e-04
8.893244418475033670e-05
1.945610913432965566e-04
1.279425586447387880e-03
1.409459654697385394e-04
7.774761328566601160e-05
7.343325000029499346e-04
1.078310343741402735e-02
4.414561210715378312e-03
1.038988182470532574e-04
1.488613391247539710e-05
1.523043559297580593e-05
2.763961721705410224e-05
9.122952418720146103e-05
3.835414044380995396e-04
2.901898720397632584e-04
1.595153559208186355e-04
5.222582751382661738e-04
2.881002734866330243e-03
3.629267076819516283e-04
3.364041230138890056e-04
3.493695244355648349e-03
1.079934231257345038e-04
6.300112680073532074e-06
2.234437193279933921e-04
9.099428954413015316e-03
1.024706445633233884e-03
2.905642792348739708e-05
1.156691652267025692e-05
1.501196908394703640e-05
2.712245570397197271e-05
1.301948544259538957e-05
1.498276163953325490e-05
2.233007674328716253e-04
3.606022629563795153e-03
1.810760043426099973e-03
1.018535765929242873e-03
5.501554118076736619e-04
6.300164963364627679e-04
1.054786086352451323e-02
1.243990530036167674e-03
1.528143877038296705e-05
2.976699148153408699e-05
3.785959568487314497e-04
5.002800466315562291e-04
2.346106227634325706e-04
6.624429325788658675e-05
2.274467832482158621e-05
2.729555523557314776e-05
1.019658920090968260e-05
4.559903300280376232e-06
1.111298185061704606e-04
6.613498564953560269e-03
2.146311858912246587e-03
8.783208232102451222e-04
2.455554867477562856e-03
1.100424161845839268e-03
4.457073267071261571e-03
4.170662459675363205e-03
8.458534714735216895e-05
1.341934441979249576e-05
1.613496092904882643e-04
5.029637716621895502e-03
3.780365640620285492e-03
1.088252675388405713e-04
1.309775966183283019e-05
2.045326456332482930e-05
9.990161642490209370e-06
3.858650173071594181e-06
1.066717700576353290e-04
4.632398885138825327e-03
2.218684356900763998e-03
2.019090190774083457e-03
4.938802678605185882e-03
1.550775779054796482e-03
4.653580814681589593e-04
2.902176112508542973e-04
7.978597025276510356e-05
2.071308644035990164e-05
1.429371348100717061e-04
4.605838914010387461e-03
2.109687299199433739e-03
4.087803735747347583e-05
6.199631390967794065e-06
1.402483061807077877e-05
8.376240901155827362e-06
1.155615641084499038e-05
1.038339038128889254e-03
1.456073202781550668e-02
5.708435247508073483e-03
5.866016759965252993e-03
2.683771835753269702e-03
1.634494366465582714e-03
2.220725293465055641e-04
9.001521793657863942e-05
4.541697779314137666e-04
1.329759160978613271e-04
4.222841548574334739e-05
4.622225166593140529e-04
3.411795350833868919e-03
8.139691466864229898e-04
5.092040180168288182e-05
2.099036416210105192e-05
6.437289899113095062e-06
7.910987205861587563e-05
1.547961808244563940e-02
1.143062044222155696e-02
1.008164595194678461e-03
2.083392199596201429e-03
8.796855501071837143e-04
1.168847680851543098e-03
9.953671940979766635e-04
7.284122670022926760e-04
2.656718860494177836e-03
2.598526705841584924e-04
6.157710381495651281e-06
1.431325345251733041e-05
9.234353032578948269e-04
3.502567764590680532e-03
2.002829089867474489e-04
2.620224276537824219e-05
7.505517358655839865e-06
4.920295558131296265e-04
6.488340230520590890e-02
1.400612841977787355e-02
2.415117067280114684e-03
6.871187947556482885e-03
4.738049950158950904e-03
4.958310712826543079e-03
8.624219078731960864e-03
5.664805339476837454e-03
2.274056299521923750e-03
2.570577141719146831e-04
9.801258750026037102e-06
8.634018051482042415e-06
3.826851164428425232e-04
1.399085318558259197e-03
8.709186336435666110e-05
1.712719389180449164e-05
4.935967688646520621e-05
6.035378613543322147e-03
1.333837022437219799e-01
4.185649402051381390e-02
1.788982260912903854e-02
8.405652304868132044e-03
1.240894846648102866e-02
5.347283818825128779e-03
1.786138533472086650e-03
3.881762734836637259e-03
4.737074649505580368e-03
3.981979208167387048e-03
8.702796097619832629e-04
3.616207098414622452e-04
4.015624350354193330e-03
4.347410117175915141e-03
1.274969995590985775e-04
2.102037666528437681e-05
1.591132449785982587e-04
9.826896558675763532e-03
6.487742784478688074e-02
3.662550611740525430e-02
1.019407576956187812e-02
1.383131421087982526e-03
6.567771061371795692e-03
5.353923353674409219e-03
7.710582994937607675e-04
4.484512532551394545e-04
2.485653788580000556e-04
1.126177704031835125e-03
3.402822888450076754e-03
5.598035972811255933e-04
3.994555816180220850e-04
3.610069083859300402e-04
5.602588308742862175e-05
2.421658147797262759e-05
3.282942959822745491e-05
5.644223602562277063e-04
5.800229939178168023e-03
1.167746840477391738e-02
1.086051985872153215e-02
1.126893937630194095e-03
6.112468922103760777e-04
2.243724623213405253e-03
2.572885580573868944e-03
1.029624284875547583e-04
5.128169842564653296e-06
5.060272677356725252e-05
7.086180595172274612e-04
7.260087465751528194e-05
7.609330270664987824e-06
8.595213418908420456e-06
1.247309968917712909e-05
2.211678644135198877e-05
8.807304261577801450e-06
1.598598522699135125e-04
4.027674213123817390e-03
5.640368347125614482e-03
1.526600774170378677e-02
1.384238406354741137e-02
2.520912946218888118e-03
2.452395243038006396e-03
2.331318539625504196e-03
6.168042171277073461e-05
1.054455461862731105e-05
6.019034145060219408e-04
4.518531742559866136e-03
1.292289177059127573e-04
6.859050270329182758e-06
6.622898580747873424e-06
1.302191444200030946e-05
2.619697325591122464e-05
8.883877607452570082e-06
3.581005164791956508e-04
1.101077523253604293e-02
7.439580173748451281e-04
1.369182354311768385e-04
1.904060359985118925e-03
7.554056651749462524e-03
2.513727300351344812e-03
3.172430592628575508e-03
8.209007242394859329e-04
2.080531516652787060e-04
3.673528749982368866e-03
5.669188212529199453e-03
1.277508126947384253e-04
1.311518764461632562e-05
1.338652094163397718e-05
1.891368506326237734e-05
2.919818961278317115e-05
9.980106372549695786e-06
3.674638523564051850e-04
9.117697319293781646e-03
1.671296501029858402e-04
2.151563450309385612e-06
1.454658590547916378e-05
2.024912043109500313e-04
1.092078089884022143e-04
7.881440931532245628e-04
8.433594581426059195e-03
2.014471681370979487e-03
4.195004610676464699e-04
9.413551268748460805e-05
1.623109542484370393e-05
1.117751927189845319e-05
1.654354755941912580e-05
2.025125853161279446e-05
2.868664176871190983e-05
1.108610860417033993e-05
8.504524490233174110e-05
4.157188027164267284e-04
3.804108699755873093e-05
3.247324515056328866e-06
2.109850674454008472e-05
4.244177674594625839e-04
1.987145780276877347e-04
1.016725024726461174e-04
1.355807340648678208e-03
3.177225794937436291e-03
1.887540728305566514e-04
1.688203324148017121e-05
8.529774308698604430e-06
1.052191835104635322e-05
1.621690055585954459e-05
1.982519094419212625e-05
2.827607026763418122e-05
7.291831430908747352e-05
3.513984468174276743e-04
1.076109676718043208e-04
1.092287378690932507e-05
9.411374689313042403e-06
2.019270207608145557e-04
9.817787879479334540e-03
4.533209020116110016e-03
7.542324207645852813e-05
3.315666208540867318e-05
1.459169168434216893e-04
2.255439168802506836e-04
2.399669369236420897e-04
5.970042859819001401e-05
1.370086848466303876e-05
1.375370230597083562e-05
1.895033630777213761e-05
2.841497963400611333e-05
4.114888260251746942e-04
3.749478007092482516e-03
2.951940468764376068e-04
1.108609746759100862e-05
8.228883165114763565e-06
4.756270317795870779e-05
3.905038455752747281e-04
2.979027647039368459e-04
2.824983494157724844e-05
8.222937748239115497e-06
2.847850399017435964e-05
1.124452934800721383e-03
9.176693241864515918e-03
3.960482926017043948e-04
1.522061340959280051e-05
1.160851749252878683e-05
1.832946990002433789e-05
2.862066097537717429e-05
7.271635933533985771e-05
3.850904855427376224e-04
1.081298431280245309e-04
9.725182274420138869e-06
4.982951834083224333e-06
5.422262430370061954e-06
6.946065694722961828e-06
1.748101982560190185e-05
8.582823462993073788e-05
1.894863519672294449e-04
3.230744565332181479e-04
4.047356228417849956e-03
5.848917414367656858e-03
1.320446601886172326e-04
1.039508475648737766e-05
1.177293961650033569e-05
1.864078513907599822e-05
2.854839560986296540e-05
1.082852186116358002e-05
7.574383023409221897e-05
2.123052366335941292e-04
3.093829414798455546e-05
9.483415904260479365e-06
7.905085507361446715e-06
2.072598755959755013e-05
3.889254234007644075e-04
5.666710821999450427e-03
4.080875244553553056e-03
4.418368732498390602e-04
2.317248365716627389e-04
1.003903082844647483e-04
1.577663790483149596e-05
9.207141540848933509e-06
1.432615660526164273e-05
1.892897893902605928e-05
2.776668365513171717e-05
1.191150459109656222e-05
3.659365051956913525e-04
4.112092000861994855e-03
4.812393930708695864e-04
1.645566677906853536e-04
7.869753119696126385e-05
1.594592200969086678e-04
4.393827249714215774e-03
1.042866780039665778e-02
6.031958963514038544e-04
2.622660860633304388e-05
1.045877042024611345e-05
1.089519203034815043e-05
1.092944763239712707e-05
1.437854371004532813e-05
1.824273703840112828e-05
1.986629214723671972e-05
2.851897212834452529e-05
2.031810141776094292e-05
4.957190359183375741e-04
4.318889251772262128e-03
1.770355354499836319e-03
3.421652660817015978e-03
6.202112970831485158e-04
8.590218561165498452e-05
2.723581231894969573e-04
2.126030603781121073e-04
2.459550744295674820e-05
8.065941237836142343e-06
1.141873762088590681e-05
1.960925447947901509e-05
2.537247186909419693e-05
2.837791184276899854e-05
2.835441542635390710e-05
2.872413120924132224e-05
3.897325993515705184e-05
