2.576734574764176261e-04
1.049373894972121081e-03
1.003169028581756862e-02
3.620966379362830848e-03
1.001427143981899285e-04
1.112683420275112182e-05
9.877590692682937040e-06
6.681872433121098715e-05
3.774863820875480809e-04
9.661697941092218058e-05
1.600582924834266160e-05
1.256019342080004029e-05
1.723194957286713639e-05
2.086327074194305881e-05
1.729200762714490068e-05
1.703048335919187935e-05
2.326711153268529484e-05
3.805279441103706899e-05
1.092568133201128958e-02
6.452870390421004861e-03
2.005659144156442773e-03
5.498536845019045887e-04
3.332979352148440744e-05
3.818750005118419002e-06
7.405741819703127410e-06
2.346579817862648216e-04
2.445379291509884069e-03
2.315782349348607613e-04
1.100098549609040309e-05
8.842235499200199562e-06
7.267614933649239775e-05
3.360139973536741182e-04
7.375417960234372482e-05
1.320105739757936636e-05
1.310199979468622287e-05
2.610756875339031381e-05
3.347506798533450394e-04
3.783598392643539097e-04
2.281390340204018929e-03
6.685276171657369287e-03
1.826352743160794296e-04
8.031872907398702007e-06
4.071898997100913890e-05
5.521002430956200527e-04
4.064545267391128256e-04
4.332344915843001822e-05
5.829280084159259556e-06
6.117618560553968098e-06
1.803163803065935625e-04
2.546006437439315637e-03
1.824616541965146956e-04
9.032676026329297610e-06
9.258094346368051018e-06
2.468225044371550472e-05
4.405557298641382357e-06
2.679204905687255104e-05
2.262901024477843252e-03
1.115365355862070300e-02
2.046112682889122958e-04
1.421246912168533943e-05
2.109157829094559567e-04
2.146412102149548255e-03
7.642716206069219333e-04
1.839665122612073095e-04
2.432100202492483407e-05
7.804718765747854908e-06
6.802103154257662027e-05
7.593950515820844724e-04
7.178963843215101757e-05
4.341956305937398122e-06
6.525839038768428925e-06
2.356050031438298602e-05
2.514252597802797861e-05
5.492035038823540882e-04
4.554920945700149763e-03
4.356044016654758190e-03
3.416810149315247500e-04
1.851935605966979219e-05
2.712000249168812808e-05
5.322293659498423179e-04
4.347459866139771582e-03
1.975834928100047867e-03
3.442223083119571128e-04
2.482122531747046586e-04
4.195500423939339373e-04
2.704685438435779077e-03
6.937062063050494212e-04
2.241938003329936507e-05
1.001273265202950908e-05
2.386678087592801448e-05
3.360032340247185779e-04
6.366030693684977468e-03
3.192643374394964467e-03
3.735726168296676485e-03
2.863757543507954115e-03
5.142024713141737994e-05
3.352096938050861539e-06
1.019798525792770823e-04
3.100830747673618930e-03
9.022053519321710131e-04
1.834832167761362961e-03
5.119456333657190078e-03
9.791392721130195813e-04
3.594733082171519718e-03
2.975533076334998042e-03
8.402804438425527970e-05
1.505185600083402961e-05
2.493311120038317415e-05
2.225565097968711147e-04
3.577681013360535425e-03
2.764354647440230451e-03
2.990542493521155913e-03
4.504579124062234319e-03
4.572510284719713525e-04
4.296225567429897237e-05
7.005276107862202627e-04
2.899967314027248472e-03
8.421826359828270790e-04
5.487406545315275802e-03
1.265813989575426558e-03
9.233862626555126808e-05
5.699125117471834758e-04
3.687972325502334369e-04
1.577901654780541570e-05
6.889277196119984883e-06
2.138247630697265309e-05
2.589890434829095371e-05
1.461092465032209453e-04
3.165616650960700494e-04
1.934516849179976719e-04
5.133564050806578962e-04
1.917693994293327188e-03
1.141395804730542963e-03
2.399376631419503428e-03
5.337969175235623455e-04
3.425513389386767335e-04
3.816261236399669417e-03
4.536165524063031566e-04
1.820439371193661071e-04
1.793954151474434506e-03
1.013254588189857388e-03
2.914221261004297766e-05
5.535283627749604014e-06
1.735111093117080476e-05
1.383772261167194917e-05
6.419568390200676737e-05
4.853560255132938358e-04
2.179541740177689385e-04
1.027898026401202286e-04
1.840659650165137680e-04
1.196714772476717881e-04
8.708002543307760007e-05
2.655451946904226508e-05
1.165782564279364012e-04
2.945827479107585890e-03
4.389606331786392521e-03
3.064438676138478597e-03
2.456119305051203145e-03
5.546369041309470380e-03
2.905186916924784937e-04
7.653899519742864149e-06
1.317496623044847998e-05
1.604767105161698115e-05
1.134995922297793013e-04
2.426190053818978298e-03
2.605547762420163619e-03
9.202206541123871073e-04
2.379312663970104718e-04
1.842968441174003597e-05
7.368690921690254621e-06
5.381671728154265461e-05
1.128386357633043725e-03
3.166869406043605097e-03
8.722844343318677737e-03
5.496686521015326995e-03
7.306556541536161258e-04
4.156114982862685152e-03
3.959378068900454620e-04
5.616427690958901004e-06
9.878991423471357425e-06
7.888909986211627357e-06
4.711066657413669537e-05
1.226704248680890452e-03
2.622324136017617404e-03
4.936496379169225818e-03
3.750136012935133267e-03
1.020391135466447463e-04
1.419330141414160227e-05
2.765051174130886066e-04
4.567348573056650464e-03
1.942862361622728568e-03
2.750584712385633485e-03
1.549649489366966169e-03
2.788017061121691315e-04
2.114862298379037529e-03
2.783390277662939902e-04
5.943612890201715077e-06
1.087633775190122759e-05
1.346940860010180999e-05
4.409001305329468480e-04
2.551523099886356810e-02
1.599909078112256647e-02
8.210764663168374985e-03
2.780555180806429383e-03
1.083389444211611401e-04
5.006605484551166841e-05
4.540676105552897044e-04
2.350180745568067244e-03
2.965452612698188991e-03
4.285755479517373324e-03
2.348503815595103655e-03
4.720793536930987123e-04
9.301786872460073193e-04
1.504194514477285899e-04
8.540388590217261317e-06
1.406120025015420828e-05
3.011739041013596530e-05
3.612859095159494816e-03
1.582842137643290792e-01
4.536783839462024681e-02
2.254137310631933525e-02
9.173323377163551846e-04
1.712821708174269394e-05
1.060019159674396226e-04
2.256482251857744488e-03
3.387534196324297735e-03
2.547412137674883847e-03
1.224330320493264342e-03
2.796588641788600154e-03
5.747772502825795708e-03
1.678045847529688328e-03
9.949166171935127007e-05
1.188797601791000145e-05
1.611460253418470139e-05
1.213931788065709473e-05
6.796840046182280612e-04
4.369839220857958673e-02
2.343143220850045852e-02
1.231123533094850321e-02
8.583212030867419734e-04
1.544668169414626198e-05
7.218352063617899505e-05
1.070882799171387267e-03
3.960187811608842845e-04
2.715297151499480042e-04
2.846491509086710218e-04
1.239405184543063620e-03
8.290379388962544963e-03
2.386205935524703895e-03
2.752783046286202918e-04
4.811844224560999478e-05
2.435721921231207758e-05
2.851723315471667891e-06
8.994369011692332700e-06
1.284416837179247180e-03
1.479682982206240172e-02
8.246526630639974820e-03
2.112680488999585642e-03
1.166450696348777713e-04
2.263069713980801225e-04
2.268269902079891962e-03
7.678045209862512880e-04
7.516756039455906296e-04
1.264429503624981853e-03
9.732167079465091960e-04
1.251043890546807598e-03
3.302661664080283957e-03
2.493549281419591476e-03
1.670875474112490963e-04
2.905645658098972921e-05
3.096336733500304727e-06
1.287661445296349913e-06
7.727952674402226402e-05
2.535527931288513413e-03
5.532902763798194313e-04
1.492694625490570502e-04
1.690142817096811816e-04
8.899506209908952369e-04
3.710300469265323791e-03
3.602847122307377501e-03
5.558403952867328399e-03
4.089463088618001604e-03
1.089211391762189398e-03
5.149867647197268247e-04
3.399444165820955221e-03
9.177481189366451693e-04
1.927054374713254876e-05
1.105607834655445752e-05
9.847520332074687777e-06
1.192474931251594862e-05
3.032741026977481703e-04
9.807999408135558306e-04
3.936755474608963194e-05
2.585351691734136037e-05
7.746400036236397420e-04
1.776249604748399288e-03
4.498187033598612344e-04
1.087022727249423214e-03
8.672150494717789301e-03
8.945645671902750784e-03
1.484942420355217160e-03
4.419923983093178668e-04
3.089206238982140657e-03
2.389754908457626572e-04
3.517182975303397611e-06
6.808535564594252013e-06
1.975219944312947847e-05
1.605026381046016583e-04
3.436410562736603828e-03
2.247591236642601954e-03
1.589677581909546109e-04
2.918138285147476728e-04
6.108708861020960279e-03
1.936306992603892361e-03
4.732752709032742575e-04
2.308660894503101503e-03
6.719441116478244193e-03
2.273094423852215721e-03
1.258085745018971795e-03
1.941673095329435415e-03
6.548559077175307615e-03
2.856113444925270748e-04
6.456807044929485136e-06
1.167410795805436006e-05
1.413122468105996355e-05
1.892291262871859906e-04
2.994949877888701192e-03
3.041985244221967390e-03
2.293776688384047222e-03
1.987883888420389957e-03
2.449744217947215190e-03
7.470042716967883372e-04
1.095391040715635970e-03
6.820231797426242609e-03
3.092218524842891680e-03
1.359700838586720825e-04
4.934759103464633062e-04
1.066704014306727767e-02
4.125693918205902526e-03
7.448987133494236077e-05
8.100908289870204927e-06
1.844659379249213805e-05
7.579854965401898558e-06
1.698752725285383063e-04
4.401614854385020072e-03
5.538795369091382460e-03
7.818293683334285454e-03
2.337016124644728920e-03
9.489138840384162693e-04
5.935944777644915115e-04
7.699375652162940677e-04
6.748200722184262250e-03
3.090222499183579996e-03
1.334253338443057468e-04
9.552584823892953459e-04
6.963874442766060900e-03
2.566918536778641565e-04
9.289750095668515990e-06
7.300656750572077858e-06
2.292716665924641705e-05
6.469382346816471540e-06
2.198762075746696723e-04
5.788384452216284101e-03
3.045705828253224366e-03
2.846136192697466469e-03
2.281073099168017329e-03
3.143733043724474246e-03
5.544706927330259397e-03
2.052028268103904540e-03
2.430322696265794537e-03
1.111063524990054709e-03
3.203536024282688374e-04
2.140920219200554125e-03
7.648431230555633202e-04
1.361739702971424229e-05
3.911918103923051507e-06
9.707343264106833332e-06
2.625345961929998734e-05
3.898067442510818394e-05
8.041154724260671195e-04
8.122773817025445361e-03
6.570552552889544380e-03
3.746485190292734180e-03
1.915948224616282605e-03
6.692306600418040236e-04
1.305661231472289097e-03
1.626419353207768197e-03
1.664673945651532969e-03
3.047479982263609066e-03
5.197076224257224028e-04
1.516585488753760481e-04
3.023900561354793588e-05
4.830548340097942605e-06
6.248697559125848055e-06
1.428217413551494533e-05
2.704501337936060371e-05
2.645939616830344002e-04
2.065559303713419229e-03
4.510815235312053313e-03
6.696951698214038268e-03
1.785337603183913095e-03
1.186487085992165956e-04
8.199856362522952991e-06
1.101457729399461750e-05
5.935165893384322091e-05
7.250961495440730320e-04
1.356947275503246099e-02
5.288394021374972619e-04
8.393718121743842076e-06
4.826864302978065344e-06
7.513555294077540973e-06
1.240093513285737956e-05
1.643656870179721911e-05
2.537521819729685667e-05
4.660948992636579369e-05
3.525975742789782250e-04
1.225022353802108577e-03
3.301760688930100406e-03
3.206863783226462754e-03
8.995344645027401832e-05
2.413832797309799274e-06
2.130664188741741981e-06
5.664091680624737625e-06
3.851289166680370659e-05
3.995707205867738690e-04
5.675771190644260199e-05
4.799267402262329558e-06
6.833157817729384987e-06
1.426266094943761486e-05
1.665266620175501587e-05
1.673228294992134798e-05
2.528964833135844927e-05
1.525064585417970041e-05
6.467842912781145495e-04
9.147161440576201397e-03
6.006765440638412758e-03
1.013323357424606580e-02
5.538156182651872384e-04
1.065547512187507794e-05
7.295870098168620173e-06
1.005019669137034980e-05
1.093810125069935913e-05
1.699516024703404208e-05
1.362725983973660575e-05
1.268909861230066602e-05
2.140229682185415338e-05
2.753427757353857385e-05
2.574646532289155394e-05
2.527573123295360737e-05
3.663237073571184858e-05
