1.854756168759081518e-04
5.799831885203976176e-03
6.247525477887519788e-03
2.887774866450363784e-04
1.326032344135535883e-05
3.771221140677825433e-06
4.333954792042214262e-06
9.351073795999129622e-06
1.608513452244450344e-05
1.131043446864993542e-05
9.263473236834753741e-06
7.310872927934488578e-06
7.590126716979644747e-06
1.267411072295943258e-05
1.663911296245209693e-05
1.612286803759102087e-05
1.584015292255561093e-05
2.379759668366523823e-05
1.365018897667519115e-05
1.457849143524099066e-04
2.013670820100219461e-03
1.515425502634413840e-03
3.432769766841344992e-05
2.083887254062492184e-06
2.631996237228534748e-06
2.427482303378140154e-05
1.352588627742401788e-04
7.177175803590024594e-05
4.027413057324567109e-05
8.350408686987427896e-06
2.156276034981413132e-06
3.374047084128172097e-06
6.780883776046915640e-06
8.945374712888262808e-06
9.712756670927825641e-06
1.571220295144365331e-05
3.582449774950075486e-06
1.285362175098151592e-05
3.824793678194248966e-04
2.090937197822531537e-03
4.593841016316210519e-04
9.713800746082823750e-05
1.201522610313017687e-04
4.625753285709491573e-04
9.055045146979890996e-04
5.107454218152027246e-04
1.605647961695310386e-03
4.781704526482370189e-04
2.768628524684939744e-05
7.897353004999262732e-06
6.080790697895177351e-06
7.583174207277298909e-06
9.486610307800355667e-06
1.561675031811928904e-05
9.689660068772992256e-06
1.079343455046451850e-04
1.472225107745599301e-03
2.320385611236183091e-03
3.209300423336036798e-03
2.226978463931459339e-03
1.157267934956075035e-03
1.934376699011411708e-03
9.867906523398776216e-04
2.684274400785676188e-04
1.511888056970962964e-03
3.681251738293367382e-03
1.988246051835354088e-03
2.008152502825172260e-04
1.258892395585736383e-05
6.458383696962267557e-06
9.197203214083127622e-06
1.650484760209037548e-05
5.032882911960606420e-05
2.129850076107542983e-03
4.305661147442362696e-03
2.180070071882766818e-04
3.021324456932560510e-04
4.865301713742250784e-04
3.348904336007233200e-04
3.223484111442730896e-03
1.850520351028095509e-03
4.611317691372135408e-04
6.297990201053338529e-04
6.411866522498802694e-04
6.075544520719010008e-03
1.627992606878777030e-03
1.682161959057360746e-05
3.858274479212044786e-06
7.368896701679106627e-06
1.677168815732862591e-05
6.152063611115720461e-05
1.880258470879433638e-03
1.596952562986731676e-03
4.673812139061071720e-05
8.898552669382322848e-05
5.400130770563945715e-04
1.345443594837740465e-03
1.376826448541358834e-02
3.416345328272496745e-03
3.387598315446624462e-03
6.970495506294059791e-03
4.711614191054805693e-04
3.215826957842655206e-03
9.401415908996351919e-03
1.244589096430734647e-04
6.091072966265230990e-06
6.230645950286275255e-06
1.664312282139887082e-05
1.585986202058198559e-05
9.359727960193237831e-05
1.972254626838266189e-04
2.501623839960363653e-04
3.813320823631032226e-04
5.327654155970969240e-04
1.624623220242161050e-03
5.559265448647082025e-03
3.702981392056113857e-03
4.969743511081046831e-03
6.488729209926515779e-03
3.602304629596635101e-04
5.921445115454273969e-04
1.302564453741516214e-02
1.896131938175916630e-03
1.895583559964514510e-05
4.068344737365781488e-06
1.319845253632169688e-05
5.138434428419408448e-05
1.747278422855677452e-04
1.548442265031672795e-04
1.302472171758528021e-03
1.242801369275074036e-03
5.330775484748810373e-04
1.464136906587823255e-03
3.199459309738763050e-04
4.474719519430964110e-04
2.504078155973692588e-03
3.399453599366227853e-03
1.709715140153695396e-03
2.487263929675766682e-04
5.568314524277270458e-04
2.623137421734648284e-03
5.234693352355180548e-05
1.915030439695710373e-06
6.955003292214424682e-06
2.444063445254282237e-04
1.028263170686020836e-03
2.942285064089831094e-04
9.422704132294649039e-04
3.042353577804506417e-04
2.129514260545299143e-04
1.522645691443658394e-03
1.084278887056715912e-04
2.179562710073708397e-04
7.131242843260485187e-03
5.751913271494644465e-03
9.698027280557281957e-03
1.729213679506277261e-03
4.686188916287268159e-04
8.954244477480678352e-03
2.973393822174225684e-04
1.689140830024448272e-06
3.770662095274985428e-06
3.987434420907299236e-05
1.662467606188509103e-04
6.875935544470228138e-04
2.437002424534584748e-03
8.853779601278602364e-05
2.588540173740220535e-05
1.112763752263718614e-04
1.736746115197011059e-05
4.922370795595897887e-05
2.156501811649691371e-03
2.943574703787259390e-03
5.388451971109565856e-03
5.305115637202709004e-03
1.243156996986646921e-03
3.649751084199295229e-03
4.637549969242123768e-04
7.208489897539698670e-06
5.618480574691685960e-06
3.019349825440138484e-05
2.914678803002616740e-04
5.684465374725422224e-03
3.077238838065847124e-03
5.577026628838793602e-05
5.659522853096481181e-05
4.778117882899444790e-05
2.415553584022106268e-06
2.670845077424308290e-06
9.717923818156797358e-05
1.028978597923610634e-03
9.153907045508773588e-04
5.687309950394335914e-04
4.797173247251130656e-04
1.123137065854679963e-03
1.438314090955064876e-03
9.702217847775595127e-05
1.450889547197892900e-05
3.167290648156371877e-05
1.155500261275834361e-03
5.251870029153810765e-02
1.505314326535100479e-02
1.418409422301291408e-03
3.080643952508907348e-03
1.757389984841865979e-04
3.163817763551941758e-06
1.029088829300298474e-05
4.381441620431506651e-04
2.748012577472915170e-03
1.054702091379648883e-03
3.108798387246627091e-04
8.746225244011482944e-04
6.045036779867155388e-03
3.703211444030812642e-03
8.683613012285718469e-05
9.655221405359176636e-06
1.445914883336559274e-05
1.293750580865029882e-03
1.046266773453771864e-01
4.686609019428367856e-02
1.285414083244538347e-02
8.939571511372592164e-03
1.108847163203381870e-04
4.774807919726248630e-06
8.353299248519561657e-05
1.125147658747436760e-03
1.245094131320316141e-03
7.388901475237005800e-03
7.783532398679354411e-03
3.525685714935546718e-03
1.794624355292103943e-02
5.240593528827104490e-03
4.913049000436333025e-05
7.237013999100035416e-06
9.377262727179996860e-05
7.253113743138865817e-03
8.937893096503045365e-02
1.780345750333256830e-02
3.670744626937106053e-03
1.334319996339269595e-03
3.484197282048088980e-05
3.618591794945852524e-06
8.008309477065940431e-05
4.328586172514632614e-04
8.777614839205638184e-05
1.815110727073384342e-03
4.809151767112904673e-03
4.119517336339361801e-04
5.264761295301675220e-03
6.544320068890997245e-03
6.442429763774622817e-05
9.795523738944015668e-06
4.178044746822935667e-05
2.878769808602500702e-04
2.034915888628046135e-03
8.572239110369429468e-03
5.217685907865608763e-03
3.263923342737780928e-04
9.186698708566834064e-06
2.836501330697002900e-06
1.328417509307295696e-04
1.265508738778246519e-03
5.808016936959641132e-05
3.351637426168820261e-04
3.232369579398164123e-03
5.172749376557617042e-04
4.516269788858055974e-03
1.811089608669449146e-03
1.456758798594613412e-05
6.113511321195398519e-06
4.877764651363528655e-06
4.995576252408296045e-06
6.590135851415135446e-05
4.133232612626183862e-03
2.314750926398861670e-03
2.586344358113806130e-05
2.032389462462222395e-06
6.337966310022872540e-06
3.679075827141305285e-04
2.006362631675676859e-03
2.087551336114194843e-04
7.198935416644659802e-04
3.060842214867209778e-03
1.033685014912084921e-03
4.328907430318811728e-03
1.085985789434412404e-03
2.079594486069766791e-05
1.039094463278642861e-05
3.286662264296032307e-05
9.204987880234762336e-05
2.611274977291761748e-04
1.507691521038354845e-03
1.385852497870223264e-04
1.357634310788501997e-06
7.762888786964320556e-07
2.787113846746772794e-05
1.430987399827795973e-03
2.488743807538733224e-03
1.687724142579907121e-03
5.374658421948707784e-03
1.322038859458842626e-03
9.387673884672909606e-04
2.416826721087620127e-03
2.637519165144349320e-04
1.591127282986460044e-05
1.210579822416734376e-05
2.046160814207901072e-04
1.332394156503600860e-03
2.328097432149523632e-04
5.683104542576738739e-05
1.215104980786831904e-05
1.212757603352821729e-06
2.363024486564701792e-06
1.229056929188591756e-04
2.694340940245842919e-03
3.285391378354629230e-03
3.317712364978160546e-03
9.738947189200082219e-03
2.036335914020238631e-03
4.553668499440120636e-03
7.767399480120077727e-03
3.322098617558873288e-04
1.733539938240290451e-05
1.022205423353049952e-05
3.549234077787251915e-05
1.078270860484543958e-04
1.624908589899048589e-05
4.485470214434423960e-06
2.843598521813674637e-05
1.944107220961714081e-04
5.417244728928995818e-04
1.469822830864435598e-03
1.787600348274625151e-03
4.247802513971370847e-03
3.963762598730736879e-03
3.822280097917396795e-03
2.668777701533330774e-03
1.161962149687376794e-02
1.307323518970981979e-02
1.395601670320974078e-03
9.040669695527600450e-05
1.817256776954422772e-05
2.657198369791635023e-05
2.174075032716500492e-04
2.843360240874920342e-04
7.355212350468396786e-05
2.214363056968010558e-04
2.806417735348436943e-03
6.375313352918752889e-03
3.413824903667613594e-03
1.807098863871803556e-03
5.098010600168594551e-03
2.615547140923358237e-03
1.984431618702257438e-03
4.129276337049609877e-03
1.256810586999268335e-02
2.049673548855428240e-03
1.387612090451655587e-04
3.120369989958767366e-05
1.637724241153516673e-05
6.357229767135462732e-05
1.565372108211892342e-03
5.549645250899216953e-03
1.537616427348241326e-03
7.214868622755896046e-04
5.948260656660049822e-04
7.287742672333593144e-04
1.879515137844561942e-03
5.545524718034553283e-03
1.866131604761107118e-03
4.924086382231996099e-04
3.506231609866304871e-03
8.875004072183218309e-03
5.464951296121360082e-03
2.126888589972019761e-04
7.720958026427227595e-06
5.191732313997204684e-06
1.208015911662361901e-05
2.912317966270980114e-05
4.507059296939841531e-04
8.324971180430989180e-04
6.770698816126933086e-04
2.683770102999765220e-03
2.411395577840377748e-03
7.827067354289262910e-04
8.009734042401195310e-04
1.915122092584500401e-03
1.868639359336558023e-04
2.597166276777741821e-04
7.993628822698717329e-03
2.119165244855107655e-03
1.605032929200047849e-04
1.885581940161438892e-05
4.037378422079598603e-06
5.224729276098477778e-06
1.444422300804230606e-05
4.703234511886572936e-05
1.787108129210053823e-03
2.885334423490083962e-03
4.435401835155843736e-04
2.637555694888506740e-04
1.823978925102799241e-04
8.341069633747998958e-05
2.061707194953959197e-04
1.602306926133966131e-03
5.736153994914961743e-04
1.723441262721930834e-03
4.064020054819460388e-03
8.217901460164836849e-05
5.390201459292659171e-06
4.500747470438954912e-06
5.750748202858345070e-06
8.344889893934932101e-06
1.621471598462601274e-05
7.916269600543030373e-05
2.182212074190159438e-03
4.864700348926583387e-03
1.612915392892395406e-03
1.465626906197828349e-04
2.892992053920032737e-05
3.528898510405699407e-05
3.511032272659037577e-04
3.595760780982567174e-03
2.149575058729423158e-03
1.750135500920178919e-03
2.380387737575653849e-04
6.940778045828143669e-06
2.870604765381203700e-06
5.938457836218998593e-06
8.901372627782400032e-06
9.975949914102856980e-06
1.615970831834615478e-05
1.844655051131040703e-04
1.503342274351240904e-03
2.452314548458802389e-03
7.829480840688199383e-03
4.377628372720003894e-03
1.782321071977548610e-03
2.114736208014232014e-03
1.715737766682380290e-03
3.584720616257484286e-04
7.215154198360475930e-05
5.948048628711502018e-05
1.896093792872502755e-05
5.973348624825769284e-06
8.980267148387044150e-06
1.582821322197258771e-05
1.666359909939950417e-05
1.603268313462530921e-05
2.373281001320314796e-05
