8.444480170330669359e-05
1.331802791371850415e-03
8.553729284886646758e-03
9.386373986490170740e-03
2.522857651847555845e-03
6.946256906011088897e-05
3.590854998308604406e-06
3.040040980887536570e-05
2.642377822304015577e-04
1.253644399623767393e-05
2.246461902095235810e-06
4.551721116823011009e-06
6.901524546037776619e-06
1.053766651961126992e-05
1.250318333372764322e-05
1.106250606555155720e-05
1.223564188442402311e-05
2.288895272170403056e-05
3.658536736866724406e-06
4.337489145312944250e-05
2.060298312271544030e-03
6.331938049610939118e-03
2.075495563260740250e-03
1.146485344741622386e-04
1.036486008496816216e-05
2.594753003284451694e-04
6.244687945350530130e-03
4.803548790719735823e-04
1.241975011443611880e-04
2.214422389780114776e-05
2.052410383669942610e-06
3.609684207033429348e-06
8.810085491116026289e-06
4.257150909783503983e-06
3.298685607668594716e-06
1.080789395473550516e-05
1.117070410878534832e-06
4.980053359550295832e-05
4.029088155117806734e-03
2.285241920896346514e-03
1.331360113426267042e-03
7.238822619802951159e-04
1.356670400346694956e-04
2.464282478709829412e-04
2.983094057254344431e-04
1.840634732925402670e-04
1.972483556380843443e-03
2.902443391652730098e-04
4.474829276666376724e-06
1.048423332070406574e-05
8.463765512165659919e-05
1.378091036166523284e-05
1.941277864119444891e-06
5.810193993707889570e-06
1.044598960050620128e-05
6.486384910365770601e-04
1.499493668344199782e-02
3.895833594272909116e-03
1.503563632011482073e-03
1.952295109785968236e-03
8.763464354940610213e-04
9.243272086546792162e-04
3.435790597898645722e-04
6.281182998981271032e-05
6.353846716461126554e-04
1.316400275487028060e-03
1.472160966588051271e-04
1.049682156286728917e-04
8.987593484321394289e-04
3.691235093149531775e-04
1.205599793844078006e-05
6.493136907907786257e-06
1.156554206332682371e-04
1.872313166157042567e-03
9.449935091356515687e-03
1.420115510881289275e-02
8.668423054082554161e-03
5.927050300167558891e-03
2.307391496052724287e-03
4.061964836121536963e-03
4.413613967557613281e-03
4.645545939232499340e-04
7.539318917186631046e-04
3.148026075663819343e-03
3.882323929480915869e-03
4.050721162905194508e-04
3.063326181677080286e-04
9.518136622290576448e-04
9.067154797840260342e-05
1.289385720552618618e-05
2.271016888007103095e-05
4.736822398698245333e-04
7.569557685634697650e-03
1.460328345440985165e-02
6.349295693993987737e-03
2.528190005474994628e-03
2.471944361221150438e-03
4.602289154963538388e-03
2.978754093300724909e-03
1.337330835088311508e-03
1.677323551765937722e-03
4.829624508167035496e-04
1.317198654295529976e-03
1.192986457041725909e-03
1.199544297374106926e-04
7.310189342440669819e-05
2.715506851496244476e-05
1.232354664036489632e-05
2.896533963135862166e-06
7.894484725899436270e-05
4.702608848887728822e-03
2.887045831488382029e-03
1.252714836840412111e-03
1.899043523385771787e-03
2.356083655134935586e-03
4.779712657351344561e-03
5.452305757982531080e-03
6.748782146548623975e-03
3.351026255890220476e-03
7.264189551620838631e-05
1.241241753624033157e-04
6.028219230448959853e-03
1.544146065449034143e-03
2.938215661406796766e-05
5.209677328480406796e-06
9.413233064024666038e-06
5.217458561266122025e-06
3.726428808444195675e-05
1.150619481222237917e-03
1.038749688701796599e-03
1.090642082638334284e-03
1.510578766588869257e-03
8.408182695149984389e-04
3.120304543159141755e-03
2.660897199855649566e-03
3.931763402677672901e-03
2.242393764618203899e-03
1.713348895912405524e-04
1.170764495074377843e-04
2.422912464842795488e-03
2.694451169496710555e-03
3.857248710532527560e-05
3.732500896353820186e-06
9.670626085043117226e-06
6.190178469616286956e-06
5.341021404060053275e-06
1.303349182729308009e-04
8.943787852510806657e-04
1.545122394155307036e-03
1.253871095397552206e-03
3.572323963993666979e-04
9.081887462960466480e-04
4.740824883635054161e-04
2.335332775884183584e-03
3.195657400985349710e-03
1.665501340374147708e-03
6.718565980222657944e-04
2.548782646405293745e-04
4.079579586739119808e-04
4.533152398129579498e-05
4.607942372571001356e-06
9.850709057255600354e-06
2.887363371875362270e-06
1.111108867643020318e-06
1.160454294234654056e-04
4.377093576286137169e-03
5.259494232351321318e-03
5.090037392193488136e-03
6.517415336327560997e-04
1.065590522551158317e-03
8.814485458506588975e-04
3.660926592907952446e-03
6.525328236113875358e-03
2.740282536078502904e-03
1.687539877206380504e-03
4.244966323407503008e-04
6.160271898278738001e-04
1.095454108378382052e-04
6.956258549976147117e-06
9.712201308388982975e-06
3.661043500509714367e-06
6.598463147269856068e-06
6.576536277581243595e-04
3.091421860328257432e-03
2.024950147086351966e-03
2.340531492793156837e-03
3.353290204146773144e-04
2.675983753464520210e-03
2.284510315479328004e-03
8.705242649206231063e-04
4.633012332495281896e-03
1.010100588220424296e-03
3.133931592622217640e-04
3.724556104687964421e-04
2.276150821180092192e-04
3.362660140625863502e-05
5.187494032217225246e-06
8.092013987451902884e-06
4.125880542799038894e-06
9.757884272605540877e-05
1.648785440640727212e-02
7.853577496966071200e-03
2.353152299901145432e-03
1.885393850947958980e-03
2.255134204495551028e-04
1.508792339210155526e-03
1.494545991461129894e-03
3.670170116956153689e-04
1.886268470218666711e-03
5.806640433468072049e-04
3.083038128742471946e-04
5.354422051640290092e-04
1.448371768079591520e-04
6.768798603216901854e-05
1.631569088349065102e-05
7.465799836360106307e-06
1.856065722234676688e-06
1.407319647810261517e-04
9.404941580375804355e-02
3.797335991862034466e-02
6.459587408506959304e-03
9.628337830346438142e-03
2.972255779226574794e-03
4.487489791553636760e-03
4.441003438155428397e-03
4.037940031528510117e-03
8.382247696129004055e-03
4.103338966371060208e-03
2.468850536838945991e-03
6.338450209717750574e-04
1.977460110031287741e-04
1.035913645254653379e-03
1.272855347546009369e-04
6.438956116281132929e-06
2.754363219865897144e-06
1.514612834997942838e-04
5.033984320297681114e-02
1.948854914908504377e-02
2.828391404238542791e-03
3.292180405290202026e-03
1.647929526511013841e-03
2.202817655077259507e-03
2.039520201927775677e-03
1.180128306346255561e-03
2.221307077606538873e-03
4.370314489847314764e-03
5.057246774478373411e-03
8.711722974839770407e-04
1.951731086884235869e-04
1.310346016996046274e-03
1.367719370260537495e-04
4.679385231388993886e-06
4.867864278760366047e-06
3.208192169179561917e-05
2.265272420222434573e-03
4.653079564513000650e-03
1.441698017752710047e-03
9.081670508081438054e-04
3.542172203660145396e-04
5.724931082703030782e-04
1.080019637095243736e-03
3.425716741062585628e-04
1.067253840776250483e-03
4.326854871555750950e-03
2.771155730265053262e-03
1.151910392498424734e-03
6.411417410912060005e-04
1.222732589318406820e-03
8.803874250465675759e-05
6.157098778002593937e-06
5.986050748587191844e-06
1.090175775731952913e-05
9.363692117425571285e-04
5.742775549573772217e-03
9.210425992123068978e-04
1.304283843029724636e-03
1.724263164393209516e-03
1.860461277919187983e-03
2.173848061836426097e-03
6.545618506200200689e-04
9.905647224846788387e-04
1.697783643045654720e-03
1.797560032631644695e-04
1.953321413664910698e-04
2.549833470338754102e-03
1.357011704493958811e-03
3.275690141664661711e-05
7.580000992365507057e-06
3.615743557410865920e-06
5.063651116791264749e-06
5.161219061685352015e-04
5.199127120498867397e-03
1.901156885190957626e-03
2.286918714974117001e-03
1.417373712547056065e-03
1.160698488298000930e-03
6.140495711043077003e-04
7.291507412059034269e-04
9.311726655284822268e-04
9.946718516989348259e-04
6.696213630544936319e-05
8.391058561740145623e-05
2.978885438072261752e-03
2.735075274999892547e-04
4.411430957666532960e-06
5.586213915240913699e-06
3.211255012118318573e-06
2.083397445634514264e-05
1.574971642752800516e-03
7.634998040276372994e-03
5.902183647742579274e-03
1.071842562482203760e-03
1.995034232836621804e-04
1.174132520538469790e-03
1.789106401503461497e-03
4.714176947915539942e-03
4.843866018476489926e-03
1.103303236985574099e-03
6.184189249988686799e-05
8.409337466043810007e-05
9.799946185899072529e-04
5.719956965490820456e-05
2.594917554426841362e-06
7.022172608893080230e-06
1.144625577400855236e-05
2.295801790855222439e-04
6.368136281785325044e-03
7.678401496231542465e-03
2.737819594383412557e-03
2.794415290210999401e-04
2.510847514668168297e-04
4.487907422859607753e-03
9.885003948084567296e-03
1.003763994727003075e-02
2.516400992498070942e-03
1.409481357194394640e-04
5.026443611195852243e-05
2.648658934608001691e-04
2.023722553046328827e-04
1.000344218537191337e-05
3.205599806721629080e-06
1.135347431704334069e-05
2.333577380254925077e-04
1.010916542796961833e-03
5.933279564336747976e-03
1.108437951534896500e-02
5.259947406807075065e-03
5.356508321319073621e-04
3.234587563737728946e-03
1.003583407174314657e-02
6.185204369880901651e-03
5.213480408625324053e-03
1.357572683442886301e-03
5.523845302280001261e-04
1.474245925630333128e-03
3.714165325506919337e-03
1.384407593734743487e-04
3.806968476552221574e-06
3.537780368911406363e-06
1.345857033913257788e-05
1.021468085213369115e-03
2.131323291340267087e-03
1.281645451596770229e-02
1.038377633338458464e-02
1.206076152049131295e-02
3.418713536930731954e-03
5.055233881454908318e-03
3.883872914558219105e-03
4.528514480898812068e-03
1.496099286059231724e-03
5.678462260172283680e-04
3.294307020325626389e-03
1.766714877863060414e-03
2.040496453817660792e-04
1.664908102114543307e-05
3.564168858401736727e-06
5.215306823805660194e-06
1.417289093079059958e-05
5.009372079171157125e-05
2.141376668269602535e-04
9.324773925262812291e-03
6.150073675121212231e-03
4.461733128769396033e-03
4.465492567219174133e-03
3.170910382781476095e-03
3.394831646057722575e-03
1.584926839554629549e-03
1.743512230628243946e-04
2.040310771799829165e-04
3.395328659432987031e-04
1.409349080532103759e-05
1.473073245932968000e-06
2.098492566410718477e-06
4.487296217485388361e-06
7.437427028283663221e-06
1.425980862516436980e-05
2.199996544973544375e-05
1.719265143702128525e-04
3.832190951982182396e-03
5.051106294919826059e-03
9.132144067539546030e-04
3.542025090499281541e-04
8.205526001655849815e-04
1.386848564544642575e-03
2.247593919533107847e-04
4.075042578070202999e-04
2.076989044406013594e-03
9.390432719597494537e-05
1.677545312102385185e-06
1.037168289438651526e-06
3.495885523219373021e-06
6.931946126622242579e-06
7.988619310726159659e-06
1.323808889628205000e-05
1.034073324305625775e-04
8.252044586771162087e-04
1.035787365045268789e-03
1.968699782259439052e-03
1.997624437301269342e-03
2.947886719892164257e-04
1.320044832946061768e-04
2.072534065301193714e-04
1.434273707968198512e-04
8.025744101509085879e-04
5.294464278360608896e-04
1.012769169126960049e-05
1.920357858330062148e-06
4.235702777211219702e-06
8.032129197731369398e-06
8.230863753349036398e-06
7.724796597403750506e-06
1.302841227872557300e-05
7.745478133850232849e-05
3.156431923127050402e-03
1.870036597406603621e-02
1.295155537176411256e-02
8.072055007264324414e-03
2.265471218616911270e-03
5.589412405781532924e-04
8.193165718340405688e-04
2.860442009796513251e-04
6.735205133329906328e-05
8.239010275155895905e-06
1.795378876430978860e-06
4.543012549202628124e-06
1.330152333232938313e-05
1.553303454674351614e-05
1.331260328688343385e-05
1.291836230664525881e-05
2.089860106440710410e-05
