1.171527672696295782e-05
2.452559364887997519e-04
1.366799187427695551e-02
6.896102847817063390e-03
4.436693957397812305e-03
5.742683437101746453e-03
5.336091480094508257e-04
3.806016413233916876e-04
1.207491903354038698e-04
8.037856000462286231e-06
2.078701909197950561e-05
3.437451819292427851e-04
1.220292829421033067e-04
1.294668004043422686e-05
1.128641078017953688e-05
1.663720916991089102e-05
1.938180406913043706e-05
2.836941500471976330e-05
8.771714305554134805e-06
2.199079874815085441e-04
2.338054837831735414e-02
3.110176618836102760e-02
1.328611058058696247e-02
3.228496494702608275e-03
1.046751888722075594e-03
1.195103534846632225e-02
1.031841264691839809e-02
5.389205956252948780e-04
3.233808784369829412e-04
1.856343735580154395e-03
2.009257782230009523e-04
8.686591351538278051e-06
8.843271343536745737e-06
1.221273014545082011e-05
1.156118526386867544e-05
1.892692775187046990e-05
6.874840784405292079e-06
3.007935824105888571e-05
3.054110852923478444e-04
2.294415977968066182e-04
1.268083032568550214e-04
4.122289703367853798e-05
2.209853648350913090e-05
1.324351324928271225e-04
1.271314031038417664e-03
8.083075235963814789e-03
4.767493019949258642e-03
7.034515305356737807e-04
2.421617128965333922e-05
1.566574499733950124e-05
9.547334395445428612e-05
4.402407686884524357e-05
1.264024922983992240e-05
1.726306684266646981e-05
1.076331399322331873e-05
6.573942517163656075e-05
2.431257767065807393e-04
3.299579364032152344e-05
9.686137785291519574e-06
4.009073395805231473e-06
1.038957570473946863e-06
5.993117192948234490e-07
4.156937292756091390e-06
5.252273997044314092e-04
1.668564330936213660e-02
6.108362057937342417e-03
1.945045201886364894e-04
7.106256095120895566e-04
2.816400767004395480e-03
1.187681858606127739e-04
1.162089105399026244e-05
1.660978599988572829e-05
1.423320452640330633e-05
2.554232726828348731e-04
1.819910189435703122e-03
4.041887864862078522e-04
2.150009376195455573e-04
4.115706208493304606e-05
4.246765307514753972e-06
8.574291308917841756e-07
4.366496273372510443e-07
3.718132062622780205e-06
6.246878638313095068e-04
2.991344192754939388e-02
1.283595544229548628e-02
3.823583375724376714e-03
5.900060764846840533e-04
1.891538224241292427e-05
5.070630366148754689e-06
1.370175286698722596e-05
1.164298119879818534e-05
1.300007438249131371e-04
9.778699812390695151e-04
9.232221008795769542e-04
1.416544624677714120e-03
5.034253953360886798e-04
2.366400011913330948e-04
3.809887564777193655e-05
1.685579258556568983e-06
4.109029419941513284e-07
3.603912608005342998e-06
9.234056048946110437e-04
2.099755328593408410e-02
3.762263342497540811e-03
2.197033536174124722e-04
1.980750557816276521e-05
5.922698713497122736e-06
1.132393513275855112e-05
1.639098777917635913e-05
1.333098079822135726e-04
1.921048049660772092e-03
3.419403191751064358e-03
1.303646247560109449e-03
5.864314412656139973e-04
1.960246812523492622e-03
3.377996660338210408e-04
7.965230394158730079e-06
9.439975762727062584e-07
3.926820222226758255e-07
5.231409556200972908e-06
1.337405671510554037e-03
1.870803048785920839e-02
4.905027634504229711e-03
4.722165883081354634e-04
3.599336972127152801e-05
1.266897818656522553e-05
1.242966695662906571e-05
2.711328632363454004e-05
7.469386076292547968e-04
1.087690003604518431e-02
4.774157479007215196e-03
7.250146216154612069e-04
2.968803359167791647e-04
3.549006580954506998e-05
6.222051977198607069e-06
3.709408971848464056e-06
1.065945783651107862e-06
1.108268145156856742e-06
1.024957429729129701e-04
7.011488976081271113e-03
6.661678431580573233e-03
2.518890368324632270e-03
1.729526214770215990e-04
1.405962655975243411e-05
7.212828590467762459e-06
3.954254367673629786e-06
5.769576889233981454e-05
1.963613709737434092e-03
5.763005128263159506e-03
2.418894474809934417e-03
1.022731371197986984e-04
4.875405301469122005e-06
5.095520176178319162e-06
8.660122078630343430e-06
4.348777146267390174e-06
3.135386864536770999e-06
4.234906375746027316e-05
2.390952758788197647e-03
8.912289870333848715e-03
2.827023793482554091e-03
1.740130028323559207e-04
1.486642166619165826e-05
5.395521524123423704e-06
7.679447177946926127e-06
1.106635185227473162e-04
1.145895181597760991e-03
5.998236645669416910e-03
9.942290270035115257e-03
7.252699943795361346e-04
4.815440586362217692e-05
7.312793179227485550e-05
3.607606222960327736e-05
5.910182850274790209e-06
3.757025232281156316e-06
2.124037780575084962e-05
1.488469023930673709e-03
7.388696211681765151e-03
8.275680188672265630e-04
2.957522984446488059e-04
7.900200166508141656e-05
3.289028040100434651e-06
9.214975134645436055e-05
3.528348795101254095e-03
2.306540132958821189e-03
3.232907332538670787e-03
4.811303796948391241e-03
1.408869706624057538e-03
7.070292043330975032e-04
2.776261075339142830e-03
2.826591047221885407e-04
6.912466438451941106e-06
4.378934476034991600e-06
3.624703014199964155e-05
2.526592588145425405e-03
8.627324770479533056e-03
1.175299568918913590e-03
1.418514845159277475e-03
2.746908970944731028e-04
3.898933671795457868e-06
7.618200715569057669e-04
2.556031812497603153e-02
2.604534425866015992e-03
3.152767201893241604e-03
3.219347106730277835e-03
1.050994113862152102e-03
7.275722475139233172e-04
2.525586617785412040e-03
2.932284768765002891e-04
7.834503458085713553e-06
4.225488594269710063e-06
1.586125810718785735e-05
4.942808752366014465e-04
4.837612679627107011e-03
2.767628083917496491e-03
1.479897234159197224e-03
1.139816560239583605e-04
2.543963363977586024e-05
3.692249460181820479e-03
7.597548519521289678e-02
1.825562954286027301e-02
7.216400745192350086e-03
1.620718441697301506e-03
1.334711101512773808e-03
4.091617354376348445e-04
1.115582346911958713e-04
3.122232731839480062e-05
7.299128120589393122e-06
4.194390731636861592e-06
5.109517254160777091e-06
1.210338281377033555e-04
5.305563011668311402e-03
7.531319747795697621e-03
1.941505301587475316e-03
1.335114411209696432e-04
6.613033328247847076e-05
2.820866649705663833e-03
3.480698148461085217e-02
2.253129959038185567e-02
3.117072533639964928e-03
1.200476115436568714e-04
1.062486362234103300e-04
8.167648247096612820e-05
1.265096339221805917e-05
5.782467563461905996e-06
6.525665250792056263e-06
5.158898861361501654e-06
4.318675364696075411e-06
1.287582189591581264e-04
1.107120356113263163e-02
7.359826513351902522e-03
4.522189571300320771e-04
5.478311852178810107e-05
1.384347607673275691e-05
4.319131379195830585e-04
3.601268231994195039e-03
1.540060003964520549e-03
3.093222551423616910e-03
5.448550320031159914e-04
1.031954366975355587e-04
2.126132780899219453e-04
4.203021686789332905e-05
4.288143562833011924e-06
5.232486538688862633e-06
6.840474092264373828e-06
3.548542021016221378e-06
1.044516301536350901e-04
1.278722383863041372e-02
2.747454506093059256e-03
3.750749526568120730e-05
9.873072023741771546e-06
5.899339436045516913e-06
4.552533114466840078e-04
8.502315864319967900e-03
9.307811935862248410e-04
2.398128788393018209e-03
2.495052770401292013e-03
6.640584618605380185e-04
2.292589480589191531e-03
2.099874733987981289e-04
4.927842866380622646e-06
1.891346020938715274e-05
8.283579422805982724e-05
1.787713559131385741e-05
3.072961109113133706e-04
1.122861883143862378e-02
5.132732252734073129e-04
7.244229829924320177e-06
5.454992399628071045e-06
5.407868847599002745e-06
1.096041123676917060e-04
6.933856625835671875e-03
1.029976887210164865e-02
4.831758498877410969e-03
4.291595744903912144e-04
7.109895367492986861e-05
1.746514332456234643e-04
3.689893604532618163e-05
1.182504927158153637e-05
8.334397681520384514e-04
5.873982888676934806e-03
5.054540761559191521e-04
3.581072592364903471e-03
1.493371511011860539e-02
6.364011246962956959e-04
2.370372077667893558e-05
1.106233440004977018e-05
3.573608883100211734e-06
5.391501205836555144e-06
3.812109485338074249e-04
1.045539598073711579e-02
9.473460939654798803e-04
8.994349454381619306e-06
1.624943355326112275e-06
2.530330837360560001e-06
3.386255606967022137e-06
3.445876486343205162e-05
2.738233076642654536e-03
5.998062620859122111e-03
1.800780847211078941e-03
7.895630847309310224e-03
7.542283111203827717e-03
1.729456758585092620e-03
1.758797774405216154e-04
2.589626694418117704e-05
5.988387301897846997e-06
6.415009030713608665e-06
1.377562411504677320e-04
2.282666496908942414e-03
1.147094687870550076e-04
1.495977587342816536e-06
5.678970351289135847e-07
1.114896937030012618e-06
1.007865691240901711e-05
2.938436921814213502e-04
7.315753972836069874e-04
4.784440387788683698e-04
2.922560939621451654e-03
1.131911886159595558e-02
4.347430892190690468e-03
7.045612066367710948e-04
5.849220264331340643e-05
1.635128442332750060e-05
6.144618042432450911e-05
2.121193617898334228e-04
1.495013444608637944e-04
3.328918027505067823e-04
2.770889218961466484e-04
1.594683342168533218e-05
3.299329934262508073e-06
1.909784897433987823e-05
7.900408691285312887e-04
5.964093027590956601e-03
2.185020923218851385e-03
1.937645514003505766e-03
7.819226753769009317e-03
4.879379377918434055e-03
5.335332535067961648e-04
3.436708639039491044e-05
6.433179636765435631e-06
1.011206366749989232e-05
3.230111259132816470e-04
2.283422506697966800e-03
1.663664480095134791e-04
1.999849103075097931e-04
2.683218744887397658e-03
2.296110829718635456e-04
1.345480971192942351e-05
1.315145787715004809e-04
2.094925012707376469e-03
6.398813056969406563e-04
8.980555853529160202e-04
1.506420055940890096e-02
9.889112779943120754e-03
1.604413261143864842e-03
1.352239761767564427e-04
8.425263748118957979e-06
4.757088504964510027e-06
1.411209504117001059e-05
6.257247161088892837e-05
2.365382746775966986e-04
1.389123842101322296e-04
7.694963468098648361e-04
2.757431505806450401e-03
5.640959717581987018e-05
4.265275914676434724e-06
5.358020597236058528e-05
5.059858549755280122e-04
2.499494593435622799e-04
1.053929379001182758e-03
1.321132106296433670e-02
2.781380820225509871e-03
3.690568431181281408e-04
6.235846210500015443e-05
1.040780257823498255e-05
8.941501036436645287e-06
1.970368257730359241e-05
8.977030315827107921e-06
1.150547618271599906e-05
6.965465660797714456e-05
1.657899055165195333e-03
1.477594117766518802e-03
1.922799449629564490e-05
9.030197519963734985e-06
3.769995505237132998e-04
3.298830237457635144e-03
5.881786034606185931e-03
5.782423414470571656e-03
7.927650704263804020e-04
6.088458124413518809e-05
2.135050561635056323e-05
1.322697359491529987e-05
9.548565375876440041e-06
1.153950893156985127e-05
2.018405227449808321e-05
8.944844098466356839e-06
1.146790308766625389e-05
9.245610039629957437e-05
1.951907611286343713e-03
8.142018425505706189e-03
7.354199038257897784e-04
2.730509961599719986e-04
5.387569376328974965e-03
7.651809391500672027e-03
8.017900297620438824e-04
1.298923519690491980e-04
1.287120202113327738e-05
3.954807224455861032e-06
6.058168141025464587e-06
9.266772089477778062e-06
1.104005172820186721e-05
1.307267987969506652e-05
2.034189586774370122e-05
2.692102385704243198e-05
1.659961325589677506e-04
3.059843280686143623e-03
9.360857383391020525e-03
1.529116015344645849e-02
5.679416564159907657e-03
3.825958134241784427e-04
9.001404412257507171e-04
2.456189445608666401e-03
1.120757402237663699e-04
8.199658011951154336e-06
5.068176414372376244e-06
7.895130406937465983e-06
1.491235699880237379e-05
1.949569029327824249e-05
1.975371854732726549e-05
2.030818928959627500e-05
2.822191548583922595e-05
