4.455108158762850654e-06
4.026980831610342476e-06
3.912467779839376118e-06
3.909186991131950492e-06
3.914447602326306571e-06
3.914656812101934074e-06
3.913798047140369370e-06
3.913536513580700047e-06
3.913337208510061805e-06
3.912885198100734384e-06
3.912776632743422163e-06
3.913018969681189979e-06
3.912892410296876202e-06
3.912727288961953851e-06
3.910038468500759141e-06
3.915365911154393285e-06
4.029989525930503353e-06
4.458171252518915517e-06
4.026250306100225851e-06
3.532291666814457425e-06
3.405578341531665372e-06
3.403676927912017704e-06
3.410426128790700501e-06
3.410973942175529959e-06
3.409841039101809816e-06
3.409789734900750695e-06
3.409945204868599072e-06
3.409070039370227039e-06
3.408240857972044121e-06
3.408599822898894080e-06
3.409762178348280645e-06
3.410584658346217988e-06
3.406519466966929199e-06
3.409161357330358746e-06
3.535125131857023321e-06
4.029433037103496629e-06
3.912638981971419184e-06
3.406475615922845860e-06
3.279767094291977961e-06
3.279405954263240578e-06
3.286839884346756514e-06
3.287311771457487880e-06
3.285822557287269459e-06
3.285910015489090133e-06
3.286330938484098369e-06
3.285355055708153466e-06
3.284183121414571286e-06
3.284455207059757640e-06
3.286356692187909619e-06
3.287909001417706504e-06
3.283153419392531878e-06
3.283124289542157282e-06
3.407872273420792543e-06
3.914078405900384003e-06
3.909774712153632285e-06
3.405218659526411972e-06
3.280509441675411812e-06
3.281054221013088857e-06
3.288162545710285088e-06
3.287849236256498495e-06
3.286151067953649018e-06
3.286793233652693454e-06
3.287783929329848323e-06
3.287121128276516690e-06
3.285864807629879200e-06
3.285600236625834471e-06
3.287067028267823008e-06
3.288551698225080015e-06
3.283709624496099336e-06
3.282578669990800848e-06
3.404848288151398493e-06
3.908983743222038860e-06
3.917868200749341307e-06
3.415870185432067202e-06
3.293096050651937687e-06
3.293710686878715286e-06
3.299166624541533313e-06
3.297494778974808387e-06
3.296693709676865798e-06
3.300617876534930366e-06
3.305104788128590110e-06
3.306042454609939780e-06
3.303751383590173555e-06
3.299916441313697995e-06
3.296842539451040569e-06
3.295188413990197207e-06
3.289397897616285610e-06
3.288298733131975661e-06
3.410094102765293171e-06
3.912789391531097487e-06
3.935448416884304008e-06
3.430437846850170860e-06
3.300667140415361905e-06
3.297594321365285533e-06
3.307549314372295591e-06
3.315039822299189249e-06
3.320795856699522834e-06
3.321337853822262165e-06
3.310464008032051507e-06
3.300807133642560204e-06
3.307670951850180396e-06
3.316447649759247799e-06
3.311888329764332375e-06
3.301397276766437895e-06
3.290282118509611661e-06
3.288391741587363710e-06
3.410739851850097138e-06
3.913350713449940432e-06
3.914402613574542668e-06
3.351916583275836021e-06
3.174012370432384272e-06
3.161705319133790197e-06
3.211998871964018940e-06
3.293419100553171731e-06
3.331224684548747057e-06
3.242993114294635670e-06
3.060879470229118236e-06
2.953772740945875974e-06
3.032926149453038213e-06
3.204285585652170986e-06
3.305021504984651860e-06
3.314329869104074946e-06
3.295540251697374976e-06
3.289405881184992266e-06
3.411365346898682832e-06
3.913973514285369194e-06
3.518562112551905348e-06
2.834951533222731350e-06
2.734199306700489719e-06
2.804426137828370312e-06
2.805330804010747994e-06
2.926239400285986087e-06
3.023437096645985469e-06
2.763421734236287406e-06
2.399919112264115852e-06
2.231967726653740880e-06
2.304631685422685516e-06
2.676897796755941536e-06
3.119752376159861173e-06
3.304328904393752679e-06
3.306848554631518110e-06
3.293754832069110869e-06
3.413549635433864003e-06
3.916294082184003100e-06
2.667743417126263541e-06
2.335705700015805067e-06
3.451254236628619048e-06
4.340971004924936985e-06
3.012195055026845116e-06
2.110722779045594208e-06
1.957806720509384379e-06
2.090020675039900371e-06
3.349669248432179214e-06
4.986397852629284983e-06
3.272046083541405414e-06
2.268200236117896561e-06
2.680757782610844777e-06
3.205108174352936850e-06
3.313118339120357261e-06
3.299140605318689487e-06
3.415123131466573143e-06
3.918137537443700339e-06
3.180716910453256254e-06
6.878204371145640892e-06
3.347407737413150749e-05
5.552307088390902296e-05
1.322000724521819778e-05
2.116373258821443610e-06
9.228784405318039400e-07
1.829258329990844037e-06
2.505888223122675277e-05
1.829833290758937111e-04
3.308192266822929909e-05
3.316113101304241832e-06
2.322074560548011058e-06
3.037551834227875495e-06
3.304621494644014317e-06
3.302122275047949396e-06
3.414433166472003716e-06
3.917366345105189807e-06
1.141511276261751466e-05
1.898844752819874048e-04
3.068215628138524706e-03
2.705855186708402711e-03
2.351240521964499284e-04
1.087747634940318949e-05
1.485787099019323499e-06
3.866238230773864879e-06
1.508708688991427919e-04
2.158729567866401328e-03
1.802371671652407993e-04
5.085481642312263733e-06
2.260844217558671815e-06
2.961129388533915568e-06
3.296560579135915498e-06
3.301986104819034583e-06
3.412860626153825071e-06
3.915462268567287569e-06
2.117155437533668042e-05
2.561416810259368668e-03
1.083008742733725938e-01
2.514712640734191595e-02
2.184387708431226316e-03
3.388149474280219937e-04
5.581671912977115556e-05
1.040048885558357236e-04
2.107797060479260664e-04
1.493198973104926442e-04
2.331453152653563605e-05
3.331482359502498331e-06
2.415102191061945187e-06
3.063584973627873126e-06
3.304649955012741636e-06
3.299723364873113499e-06
3.412007858220476777e-06
3.914729649708146073e-06
1.536454172425942520e-05
3.989181871310682956e-03
4.046416549333899382e-01
9.912291535849643287e-02
1.415844628018573560e-02
4.541934238584268736e-03
1.003969745422972869e-03
1.820208840340338790e-03
2.238186751529267610e-04
6.670950870295500184e-06
2.120652842408436865e-06
2.168084856510168958e-06
2.772476972438905404e-06
3.233711893298212667e-06
3.313586897664501722e-06
3.296472841585204647e-06
3.412662710908926913e-06
3.916054816704085202e-06
2.299260729469222866e-05
5.369711347471924599e-03
2.363575467476559389e-01
3.908454277181578479e-02
4.933501140326599158e-03
5.209131976937437722e-04
5.819438096068554959e-05
1.230340490813959043e-04
3.683218821564753089e-05
2.668486134442848141e-06
1.619024171557648367e-06
2.504261889944026295e-06
3.163951441209065564e-06
3.323120153573309320e-06
3.309218376596313068e-06
3.293878167295624689e-06
3.414274135276574843e-06
3.917868673790181340e-06
6.814424303026765495e-06
6.049382343521459392e-04
1.972922775002243848e-02
2.564531835029337879e-03
1.001112620013823451e-04
6.218099691999675548e-06
1.272823944774601199e-06
2.899594701082521648e-06
3.997547179502560307e-06
2.405515933162720297e-06
2.488632512284371801e-06
3.105265268936197934e-06
3.329888347794592562e-06
3.326225887767165796e-06
3.299407399096728162e-06
3.292502248783873013e-06
3.415429954873479827e-06
3.918721152085925488e-06
7.131694456300897286e-07
6.285942531495209813e-06
8.585973353257201051e-04
4.188121129542402357e-03
1.305936339587074715e-04
2.732455705255316729e-06
8.567150235587772157e-07
1.547163210696256572e-06
2.515191863767180921e-06
2.854495429657743728e-06
3.141377947044460601e-06
3.318696648849908414e-06
3.330938447475301499e-06
3.308585967358575295e-06
3.293744911944945594e-06
3.292210134145085018e-06
3.415959561136422431e-06
3.919105000783220681e-06
5.925854268614925596e-07
5.156154853124358723e-07
1.500022038286557238e-05
3.357512877226100784e-04
6.206092418213182259e-05
3.169849292145322688e-06
1.464890137364026442e-06
2.138278117182638997e-06
2.934853297443774479e-06
3.262760937326993667e-06
3.332014770431493017e-06
3.325567424917098632e-06
3.308095473232180332e-06
3.299652456063920758e-06
3.292602978113428762e-06
3.292551171259407273e-06
3.416274346771406160e-06
3.919420064474798443e-06
1.762002580529944963e-06
7.336371483062363192e-07
1.039267634371414056e-06
3.239947228813818139e-06
5.019087418035532010e-06
4.514085513978928656e-06
2.910902542836326513e-06
2.250496090750899254e-06
2.722931198375953981e-06
3.239831955016794829e-06
3.337757581178642436e-06
3.312299899553879276e-06
3.299602063692566006e-06
3.298120973390815051e-06
3.293068082713176242e-06
3.292969209298795605e-06
3.416532639122259199e-06
3.919694212600331744e-06
3.286633519701475573e-06
1.675243815001153109e-06
8.764144210324354266e-07
1.333649156889392896e-06
1.835874196670918856e-05
1.648265281503687868e-04
3.317715234037504679e-05
3.358506200637940484e-06
2.339247295278258920e-06
3.050494294819362611e-06
3.317157461444295820e-06
3.311757228652581347e-06
3.300027456879060772e-06
3.299200608692130299e-06
3.294082083684959816e-06
3.293725319310727215e-06
3.417197719743687686e-06
3.920340130510815990e-06
3.332003309617483277e-06
2.219057392232154878e-06
2.126408556589877341e-06
5.599926729237600607e-06
1.452114089059972947e-04
2.178891440462960450e-03
1.814943596815277334e-04
4.978862794584297111e-06
2.240323889743545544e-06
2.961947783481580769e-06
3.308237031841358792e-06
3.314469842025276590e-06
3.302042996887969211e-06
3.300687254631822776e-06
3.295307016109387595e-06
3.294823151437221051e-06
3.418254701082965030e-06
3.921224834980373637e-06
2.871367067289208617e-06
3.493779493905324433e-06
2.534984208786067171e-05
1.524409992707536786e-04
1.812604345836453111e-04
1.484516408206678977e-04
2.460761261746302804e-05
3.298553143684332343e-06
2.389067421576795986e-06
3.061341984666654805e-06
3.316310371071217627e-06
3.312997239642588122e-06
3.302076305451312736e-06
3.300817477471776169e-06
3.295146350437934043e-06
3.294565310440438419e-06
3.417996308575923835e-06
3.920851747253986639e-06
2.661354785347802566e-06
5.178945455655726228e-06
1.809695622264468576e-04
2.163613479226623657e-03
1.505725131568337518e-04
6.270145656647227118e-06
2.389811917377040096e-06
2.227738792366360359e-06
2.759360506559853510e-06
3.225879277590251524e-06
3.317640978002400916e-06
3.302525216135864220e-06
3.295702609246260104e-06
3.294905556782359687e-06
3.288837599278868955e-06
3.288290596452456318e-06
3.412237006842768036e-06
3.916078143549902781e-06
2.755948814311979589e-06
3.411184613790160225e-06
3.272979911323967568e-05
1.810384797515067880e-04
2.529805003180424485e-05
2.416739632657825972e-06
1.781071423939248763e-06
2.582611954272341431e-06
3.159681037988742973e-06
3.314891082413564538e-06
3.310718160367146575e-06
3.297353075473960786e-06
3.294956070574367427e-06
3.294468782982410002e-06
3.288252543139415522e-06
3.288482749226356362e-06
3.414193165545771645e-06
3.919615487885639527e-06
3.298022657181561027e-06
2.454382702168295593e-06
3.413458866029928728e-06
5.178607321431877156e-06
3.469361911636182077e-06
2.323950283498989090e-06
2.681897253737895493e-06
3.264878328828811594e-06
3.448730754798130004e-06
3.443303926303449742e-06
3.424056359634790364e-06
3.418480155142734874e-06
3.418511507166386802e-06
3.417972955358138631e-06
3.412122996868192571e-06
3.414094154816251163e-06
3.540262469829389173e-06
4.033893483085392575e-06
4.246766921764521255e-06
3.298237002762730937e-06
2.756668742847340119e-06
2.658689591061287166e-06
2.843354695807920186e-06
3.287319448961963976e-06
3.765510786434402269e-06
3.959967230465552303e-06
3.957726085503055299e-06
3.931048780162827321e-06
3.921574197906781977e-06
3.920931043589972076e-06
3.921529176816264071e-06
3.920833058161331897e-06
3.915956578184176411e-06
3.919428130537608726e-06
4.033679979088799892e-06
4.461717751729349267e-06
