2.181720293483245629e-05
1.411567177031252985e-05
1.432184770863277428e-04
4.269865330931823903e-03
2.217442569268582818e-03
5.917954954769598841e-05
8.925119409568894324e-06
8.177526147371585026e-06
8.883516698571574400e-06
8.677255941751294579e-06
7.221731094142000163e-06
6.813784028436079632e-06
9.650350909364704093e-06
1.565779725416455460e-05
1.959879958843089166e-05
1.835229379424970761e-05
1.761615134797228012e-05
2.650492542291323981e-05
9.816543471959481427e-06
2.755324652445440405e-06
8.131792649726444811e-06
1.736229281762582499e-04
3.249933472122661917e-04
3.321200891784276886e-05
4.070694515622883840e-06
3.348766759624593027e-06
2.503333869546238170e-05
2.454397421291062888e-04
1.528631260752997124e-04
1.275926852002562456e-05
2.377093878189502550e-06
2.960165772987148269e-06
7.688186995191205700e-06
1.149073797413014052e-05
1.168030974524968571e-05
1.812428471731456240e-05
1.052838418597696482e-05
5.022103391735860585e-06
2.216898781514325297e-05
5.682542746211025758e-04
1.299884562690702475e-03
4.198719131816224881e-04
2.715676606049398950e-05
7.576807615467554795e-06
1.243676440048789762e-04
3.987542177187127120e-03
4.398117152257212913e-03
2.647537717585772424e-04
8.009556484825739863e-06
1.391471721763915882e-06
2.836309343387533631e-06
8.448770164203844496e-06
1.163376583527171478e-05
1.729146251318768580e-05
6.171638471421408870e-05
1.026685904185957552e-04
2.661700906570522670e-04
2.797913893592754008e-03
2.168110634619380486e-03
8.980180903189017650e-04
1.439705094528222868e-04
8.282828552709319394e-05
2.106095553401163701e-04
2.609102748706980282e-04
3.857479150846033393e-04
1.383887516071572073e-03
7.232633374663652130e-04
1.282062784192501609e-05
1.414099829723130508e-06
3.386270286733207474e-06
7.289039820305022529e-06
1.183922056480935325e-05
2.545507974805050070e-04
1.246069051110038984e-03
1.128248415816479003e-03
3.105679928596952015e-03
1.451666349784053178e-03
5.728216801592050499e-04
5.404228307547070346e-04
2.136989453994782902e-03
1.577097086539540685e-03
3.049101393475312145e-04
1.987497846239715254e-04
1.068614373639707998e-03
1.005133402494901365e-02
3.225680877546252003e-04
2.609260325352863041e-06
1.466922588170212409e-06
4.617276283621459047e-06
1.447148182736338867e-05
4.572223404714757545e-05
3.117547339684223050e-04
1.819502954255581856e-03
3.463867726404537030e-03
7.790704319954128371e-04
1.453302288408866300e-03
5.256506074391820160e-03
1.057715062052482814e-02
1.104916525202907090e-02
6.742500272882906605e-03
2.901392742196511314e-03
6.361234615638142360e-04
2.709053534192275813e-03
5.189277396155566636e-03
1.040915530293587339e-04
4.983023617201546401e-06
1.711125665191388286e-05
2.422249964677752139e-04
5.686194811405954727e-06
1.057055005309086296e-05
2.998217651854154925e-04
8.732590638178187956e-04
8.873587802644589844e-05
3.530603339985850125e-04
1.183769475496296514e-03
1.555484688830861264e-03
7.577771011765020888e-03
6.982429519948798492e-03
9.534855006128360039e-03
1.132519196477810167e-03
4.759953574599326380e-04
1.236274845054116146e-02
2.447490768785452481e-03
2.682022091053200459e-05
6.457001438781350474e-05
1.713942852048792398e-03
6.301935374396155149e-06
3.994435515472093399e-06
1.262295428486728062e-04
9.452947121399254320e-04
1.696899850860793257e-04
2.736171830835787671e-04
2.207907210032755620e-04
4.006360380284758804e-04
1.902652135652907646e-03
1.735434185785466113e-03
1.542867584697116094e-02
5.423362528699532219e-03
6.074136565376330767e-04
3.701254091986445113e-03
2.184796247640766534e-03
1.285687247300258489e-04
1.693504159240264719e-04
3.551361538765733582e-04
7.253066090289281744e-06
2.060352572664522450e-06
4.326790809466871335e-05
7.156608404609760042e-04
5.065739564352261196e-04
1.033227878383988002e-03
6.701085351874238802e-04
1.360711164093382670e-03
2.834509853984758590e-03
1.583925197469358706e-03
4.249703883994063354e-03
5.042533068026165514e-03
3.167384798641608660e-03
3.837518980111507411e-03
4.214591509845157583e-03
3.000461972010317561e-03
1.600035071833850586e-03
1.349335852067842670e-04
3.287219167481021348e-06
8.195751009811359948e-07
4.418162800179150913e-05
1.537185345683678888e-03
3.919516713497744127e-04
1.454714655271566355e-04
6.423750946241659127e-05
1.876072308954845978e-04
2.031640727507292177e-03
7.362654193292741782e-03
5.856527606189065351e-03
4.292161869839356859e-03
1.329378097552594458e-03
7.369121525570898395e-04
5.595135062871963057e-03
3.584405323663829822e-03
1.946929557004539410e-04
1.999974756109960787e-05
3.999376548308434595e-06
1.096548908416879004e-05
1.222815076447720476e-03
3.608792644692058842e-03
2.768490246942489430e-04
7.862573257365988309e-05
3.396571473807481398e-05
1.078868760625418497e-04
7.247514024044596215e-04
1.481454855748165792e-03
8.982868988036665694e-04
2.669815321017483725e-03
7.835823833167699336e-04
2.460619338764944743e-04
7.181620983323198579e-03
2.081685765578999720e-03
1.343645210565814569e-05
5.617560621332906389e-06
5.259457503623532189e-06
2.396041793891298850e-04
4.236287864293430960e-02
6.432015325128119868e-03
4.667765040315451433e-04
7.123667541949500661e-04
1.073064877308365153e-03
3.696680897448825689e-03
2.150743817950526420e-03
2.854525902721226339e-04
8.993214604751330853e-05
1.634348492834637777e-03
1.470741830600784134e-03
9.626042562671836226e-05
1.846291375800398734e-03
4.554758297220999445e-03
1.238978212820291834e-04
1.732277953881212248e-04
1.837376002620890564e-06
1.422198921136064457e-04
1.210345081523593325e-01
3.905912800129555246e-02
3.397124113074688131e-03
9.131401346369690669e-03
6.845693772963170817e-03
6.282994409192822934e-03
6.214339924772144426e-03
3.375428658708934816e-03
1.191643547752550174e-03
4.393156040457895338e-03
3.335281961588706066e-03
1.546330374074432132e-04
8.792524847587804976e-04
4.349701214231528439e-03
4.369767726358290126e-04
1.652719531450954618e-03
2.958997695115180986e-06
2.297733786470685172e-04
1.023474486046577064e-01
2.305613822794132933e-02
4.742641253152467436e-03
1.822052354304827190e-02
4.265745552167144947e-03
4.087640292080839573e-03
5.445580623996594191e-03
3.241099682037068205e-03
5.214044236833302245e-03
3.729057136650605793e-03
3.560506200271747385e-04
7.005548508276333787e-05
1.441389760184719595e-03
6.908901980509365819e-03
2.517591341099532855e-04
1.451370715881967588e-04
6.838433643003979146e-06
1.022943536221899004e-04
4.168130864733072399e-03
3.471129134214326166e-03
5.518934662234650443e-03
6.078295942430831343e-03
2.003725223463272229e-03
7.088480575041697720e-03
7.366960433101150518e-04
6.182086291434817245e-05
1.484336472249120614e-03
3.088217496518560947e-03
4.636645939068790098e-05
2.550327295168019210e-05
1.352242453625822263e-03
3.830747570575253509e-03
2.580969396373258774e-04
3.313714033623024443e-05
7.282948193890224838e-06
2.145592372453283193e-05
6.719798612504194633e-04
4.459366470207366297e-03
9.088041639839975969e-03
8.994250263915476787e-03
3.208887929935554020e-03
2.915675632005929746e-03
5.877611103066986836e-04
1.632071778868086204e-04
3.064195287840641973e-03
3.654379123046687990e-03
2.679327529573604245e-05
3.807122100279650953e-05
2.579708924247583416e-03
4.338458765374360142e-03
1.494481354907714089e-03
1.657002452574994384e-04
1.327307969112626481e-05
5.164282309432033998e-05
1.899676584775481609e-03
3.891531654404845140e-03
1.589387901975771464e-03
2.087854950802458566e-03
5.291032974343481531e-04
8.906462523587646736e-04
3.447331392432187100e-03
1.630724388086773067e-03
6.475872488112564829e-03
7.996282658055915704e-03
2.112786672101080914e-04
6.835979671346430761e-04
6.212758588051884613e-03
5.364535859115410676e-04
1.256242059654250694e-04
6.106097574621786135e-05
1.335748901672122524e-05
2.378708381365178350e-05
1.449300373348910752e-04
3.125744371864069013e-04
1.550777159298170286e-03
1.935105292400336697e-03
3.140890874479637814e-04
1.574005951723146538e-03
2.408776193749113167e-03
1.722777810266406260e-03
5.769382460667366215e-03
2.452309985893687174e-03
3.926890394307375317e-04
5.771999831448376174e-03
5.236642217087267119e-03
2.481998202871215056e-05
2.905171573877052062e-06
8.403772862897207721e-06
1.055578775780752751e-05
1.851634811487567103e-05
7.658179623463049293e-05
2.858926984655201691e-04
5.283936055136034121e-03
4.169698009011449900e-03
9.899241590685834910e-04
3.638452463708544138e-03
1.560774532981057524e-03
4.672257842152127520e-03
3.089423905033364653e-03
2.288337628749971780e-04
1.429360543154410896e-04
3.167021530916488622e-03
1.916794829788713529e-03
1.818138086528462048e-05
3.323878105344749335e-06
1.054592924835855870e-05
1.390815794484792657e-05
1.220515770872078823e-04
2.033301706464329690e-03
1.874101390960226194e-03
1.989225373356525231e-03
2.059487429288288114e-03
3.214941408735518327e-03
5.745994780171767395e-03
3.398179373146030871e-03
6.841401914947350081e-03
1.107808050397193420e-03
1.156039133819583868e-03
2.921529336018731469e-03
3.580317482151581642e-03
3.911065901879934260e-04
1.306826589360589425e-05
6.618461305897167090e-06
1.754153626551112027e-05
1.328758114784512115e-05
1.023444876387972157e-04
2.038776278797551841e-03
8.876894353621551719e-04
1.188615406525387561e-04
2.684401367960698582e-04
1.380665698366581465e-03
8.728174070701938663e-04
1.912204840669291372e-03
3.862934788923709940e-03
4.867606697743889809e-04
1.912637232570325212e-03
2.497526300207846342e-03
2.437799600806829622e-04
2.157366351759937271e-05
5.092140314447065091e-06
7.138841226600643337e-06
1.848604883814088025e-05
9.379953977352581065e-06
1.467351867411344309e-05
2.377268444106018055e-04
1.398558391908007615e-03
4.026379782981164132e-04
8.626946072582529913e-05
6.060232184601967723e-05
2.398277592097889486e-05
6.389375538513685339e-05
1.717946505373086621e-04
4.029009701522637352e-05
5.313140655185224538e-05
3.518057569131227387e-05
7.121840794573352903e-06
4.156608194587186124e-06
5.457772758779630446e-06
9.346192238636777757e-06
1.856520849539731408e-05
7.126286689097948517e-06
4.969973982165367638e-06
2.455567504316162532e-05
4.504070224069486915e-04
1.479066389651523738e-03
1.096252636656505733e-04
4.821100947077924613e-05
1.403115980861158760e-04
1.732623045387902180e-04
1.419902378143276524e-04
2.521015738775925254e-05
7.145397463262848751e-06
5.474874719706774635e-06
4.887858543215149225e-06
6.540389046158133809e-06
9.173675887150734836e-06
1.093413131568591907e-05
1.773698381005373503e-05
6.685080800095841329e-06
2.346233651495342189e-05
5.676403218024733200e-05
7.145302357472414485e-05
4.503042376440678936e-04
1.036050189594040150e-04
1.463975587727655398e-04
3.848141971493832664e-03
4.930597210442290435e-03
1.674199887948713168e-03
1.272784287042687907e-04
1.061119522158762622e-05
7.212011291784241683e-06
9.641868544062855978e-06
1.121238811991896235e-05
1.114300907483135052e-05
1.106821055743939182e-05
1.765875220880316901e-05
1.211666768679460357e-05
4.251566680379792029e-04
3.555809757246611389e-03
1.142202040801339235e-03
3.454551777468322510e-03
3.638675746223335255e-04
4.266596151442399442e-05
1.632026296821599434e-04
1.855748461270080672e-04
1.417479426915099327e-04
4.974809331419025618e-05
1.457855669145880998e-05
1.437578982796323921e-05
1.851098839583983468e-05
1.882173413862323297e-05
1.747683788640240471e-05
1.755728378901805364e-05
2.665067782301882719e-05
