1.344820792330029551e-05
2.413120052163213354e-04
3.483031671705987854e-03
9.444970473462225170e-04
1.814828927646520464e-03
4.057237002180765981e-03
1.228598340963341670e-04
6.850068964656654174e-06
2.337134421671824630e-05
9.222535972344525067e-05
1.568169140065005487e-05
4.182195337061967958e-06
7.369546276644304150e-06
1.412091889899572823e-05
1.759669435947952990e-05
1.676451327312686218e-05
1.638039223006810557e-05
2.452889812815268943e-05
3.644585958319759492e-06
4.630584395955758531e-05
2.776350784081063876e-03
1.375879325191873854e-03
2.512589264525786335e-04
1.268327656935262782e-04
8.121219213734383053e-06
2.473286897646784942e-06
1.455866389882349763e-04
1.983268286882217037e-03
4.439359023370248263e-05
2.570108612536645847e-06
2.017212227365772888e-06
3.031062007240786915e-06
6.858244660202764068e-06
9.615253652342711313e-06
1.016670911970202529e-05
1.653124780532328017e-05
3.317604600726124889e-06
4.335637127464706312e-05
1.569543089682312641e-03
3.593201197798592578e-04
1.117093136716655567e-04
2.085625567461131600e-04
1.649296290709883066e-05
4.439554994593917298e-06
2.006110815437249322e-04
3.296776789419563966e-03
7.232803333418144111e-04
2.796875839801545244e-04
2.037352378650542323e-05
2.971044277633097847e-06
5.758727711397797866e-06
8.530502415541153124e-06
9.543332241860967620e-06
1.687825434273586454e-05
1.433995482662541880e-05
3.680180667633076771e-04
2.303527899224496172e-03
9.325555497368673069e-05
1.069699361343102052e-04
9.910756107505537624e-04
1.652530727942794729e-04
5.926498391715970899e-05
1.885244193027672301e-04
7.679791987669873669e-04
2.337755582653853938e-03
6.681434054159275139e-03
6.896950970900251904e-04
7.146338511757209977e-05
2.536331952550941525e-05
8.571138999354813308e-06
7.266695179066723123e-06
1.503203194425897786e-05
5.781545830205813650e-05
1.782044983399624525e-03
3.836108611238531110e-03
5.912323559805037621e-05
3.820494196273283287e-05
6.843032157480745002e-04
1.200969720362546388e-03
9.782484983359180254e-04
3.300928590992755342e-04
5.351449326591407657e-04
9.791384430586536243e-04
9.232519402672617701e-04
4.896071248144291677e-03
3.491924738881059184e-03
9.914584076492863904e-05
1.019985900298541494e-05
5.367343528398891298e-06
7.600882813783279906e-06
1.818732985513450958e-05
2.467060328511234252e-04
2.576861611977596805e-03
3.359791064854256507e-04
1.127302592127175880e-04
1.246259815331302251e-03
3.181599377522029929e-03
2.527409423431609212e-03
9.198574321185802290e-04
1.355555538002225060e-03
2.489996270750072065e-03
6.872303460232837479e-04
9.208425081290980141e-03
9.558143368839609744e-03
2.292521731578325752e-04
8.689105678165030995e-05
2.384542185192613923e-05
5.306686067697134282e-06
5.911280472134500304e-06
4.081136080600479652e-05
1.683468863208211104e-03
1.376167775478659991e-03
2.645163890652003176e-04
6.319412425389298168e-04
1.058074510148492020e-03
5.063129525382981458e-03
1.487996265227174708e-02
9.105250002439599366e-03
6.998185959762499159e-03
2.337052003608364962e-04
5.794716060977468837e-04
8.705000954840268548e-03
2.090852396779872661e-03
1.217898881277799895e-03
5.102458477180769328e-04
2.922537983439085749e-05
1.070530223357200449e-05
5.321778568309646566e-05
5.575503577190984560e-04
2.964927305625802458e-04
2.654275012875332847e-04
1.292836618716004110e-03
1.267363804504050267e-03
3.809134687027196462e-03
6.145040636912940842e-03
2.308877135474461922e-03
7.540978854570500566e-03
3.352091771039174641e-04
9.169628838012239172e-05
7.569086778649944044e-03
9.479882192310485484e-03
1.024590239631370005e-03
1.207957144025145063e-03
1.963665588345246454e-04
1.415493390168860289e-05
7.602308989873957600e-05
1.154084139991489420e-03
8.889450081622785049e-04
1.097052767375901808e-03
3.577553473971912743e-03
4.027705831179293166e-04
6.109464482829753173e-04
2.848126243621661342e-03
5.480000872697643162e-04
4.764835118906378918e-03
6.332530461383620822e-03
2.808075380003219150e-04
9.305486181762532508e-04
2.787743853605364423e-03
1.731831239434817107e-04
7.727672621904053420e-05
5.806499937418882333e-05
2.210939203838510411e-06
5.277612387716641778e-06
5.598201832534357991e-04
3.146899523102063279e-03
1.485678460127904136e-03
2.210726174716843087e-03
1.356347509707420628e-04
8.403808258044908166e-05
1.674014204506563304e-03
7.889979297392434336e-04
1.460878255037130176e-03
6.436570323176718858e-03
1.417393545171792123e-03
6.314458430017014408e-04
5.241788796081952358e-04
3.068063251225191607e-05
4.029257612108442752e-06
5.873519438231333341e-06
1.090785225601856592e-06
6.354183338164050368e-06
8.679426039648813814e-04
3.656917577736636289e-03
7.288827932988695526e-04
4.440164584305413432e-04
3.898296091442526282e-04
2.139781224854036320e-04
6.333634134534520989e-04
1.197779087926844569e-03
8.047716694577828527e-04
4.122454913910871574e-04
4.233762526304031895e-04
9.749062038976466981e-04
1.921054316811880063e-03
3.648496961233669471e-04
1.553198830780937783e-05
4.538881430536083389e-06
1.240277319167375110e-05
6.845070956269882047e-04
3.006853164294755534e-02
2.445054991503860589e-02
5.883827730653946528e-03
1.776259744576100296e-03
4.867250281583025175e-03
4.336776812227066506e-03
1.881679204615270724e-03
2.661082239257568129e-03
3.754098852268057326e-03
1.478094653057557360e-03
6.645969225973765793e-04
5.246697181972827468e-04
5.194997690016214982e-03
7.366170124993028090e-03
3.463043571663546754e-04
2.047353189652818033e-05
5.754772409157728923e-05
3.608433751499022599e-03
1.070643266263584664e-01
5.310773457152430377e-02
1.421741422521419392e-02
8.223773377740084198e-03
2.751044778533399439e-03
7.391597833937274672e-04
1.109865854704138004e-03
3.509313833770083373e-03
7.757534188970149382e-03
1.067429919772335152e-02
6.099019779834614213e-03
1.325524582627756820e-03
6.797924187595888804e-03
6.311254881224328400e-03
1.600126704959074515e-03
1.541681003989693220e-04
1.435864616565064636e-05
4.766202742711279179e-04
4.633121206563228789e-02
4.580451980945444285e-02
1.172461426378290129e-02
1.020755034357683118e-02
1.717162891205669967e-03
3.568684566869136402e-04
3.890940672026953792e-04
1.099203884049780415e-03
4.335992257987884846e-03
6.519524992876200159e-03
6.216055436956583824e-04
2.393026326310025633e-04
4.407473607242456265e-03
4.120019742951402594e-03
1.559503767859251504e-03
1.833279912209776949e-04
4.097488488971622077e-06
4.604977766828895582e-05
5.176944684982407764e-03
1.399486633518093499e-02
5.200343443329024165e-03
4.608252316814972875e-03
5.788035272226904615e-03
4.796693738487969871e-03
6.979709972276034596e-04
4.406609825053292638e-04
3.122523332852258221e-03
5.171174381944518283e-03
2.296567697382437235e-04
2.108732937195956410e-04
3.761742716178364219e-03
2.818002882400373697e-03
2.524008868385518769e-04
2.104812882527523147e-05
8.923954323576571124e-06
4.331848297413149406e-05
1.549026899024556194e-03
3.165730316185013781e-03
1.187129579705455823e-03
2.367637216437598006e-03
5.149428845950746250e-03
3.415333664460851789e-03
1.806605735758804116e-03
3.512798417053608364e-03
8.701265964876725087e-03
4.584232006683765237e-03
3.044405072089222206e-03
5.643150290461786990e-03
3.082765050628528177e-03
1.232877651495246267e-03
1.015043248038957299e-04
7.724999319985508765e-06
1.206420309944325908e-05
1.522834408853841587e-05
2.552185613060315838e-04
3.317137585503148085e-03
4.106177586339901896e-03
3.389721977974206445e-03
1.400321872442052791e-03
9.049131057654758326e-04
3.230117690338242097e-03
4.583812364191766631e-03
6.072999558725448652e-03
2.644334789982797414e-03
3.269260414806581406e-03
2.053508659123278856e-03
1.139869359919789670e-04
6.212000780685623046e-05
4.372004248749229249e-05
9.989296747743347187e-06
8.933564161208293255e-06
4.775347334682421212e-06
8.882690889015722093e-05
5.378019356146813805e-03
3.976681136615379739e-03
1.237945563826177648e-03
2.875936337959449866e-03
4.642918395772671798e-03
5.553510790301599553e-03
1.671352891973442020e-03
3.859521720975662724e-03
2.433028050062180803e-03
6.378059948017388925e-04
5.342917462448037958e-04
1.227429846032213946e-04
5.802107277877092381e-05
1.423226920617674958e-04
4.694212106156067053e-05
1.300192101204163121e-05
1.379098759319758310e-05
1.675791900656125569e-04
6.949732961964772728e-04
4.223233221341211917e-05
4.536053405533478557e-05
3.914743443349185531e-03
1.199060554716845257e-02
6.332526598919879617e-03
3.946680603722555608e-03
3.936096885327718294e-03
1.825584631266608752e-03
1.680424235411999163e-03
1.072611455960392236e-02
5.578989187335936170e-03
7.135221912207448218e-04
1.281193149029185826e-03
2.311877163336853425e-04
1.671342508322149528e-05
4.907143540811453631e-05
1.712197824451078309e-03
2.148845612791294626e-03
1.695521370853869862e-05
1.123211509475992017e-05
6.982031029085095097e-04
2.579899093187222776e-03
5.614224013042183777e-03
3.903927423456361300e-03
5.773373221212351001e-04
8.416045474274653658e-04
2.430357171954146411e-03
2.235129119509812398e-03
2.885349049931577913e-04
4.535267672902317660e-05
1.114294277211757585e-04
6.031056960056908049e-05
8.915591625919108075e-06
1.058963396316276995e-05
4.963284537100897710e-04
3.493110597633387014e-03
1.955424386797194683e-04
2.396542822134612653e-04
1.209131275492879168e-03
2.476335145750563718e-04
1.790759101127902008e-04
1.352198311389471159e-04
1.551708895555427997e-04
2.980008619709280122e-03
2.126282357584761019e-03
4.791979848643259971e-05
3.144520445925645727e-06
1.980839252104387739e-06
6.173119867311256224e-06
1.207654996786718217e-05
6.474986453267253014e-06
2.288559596641627421e-06
1.250389110900491499e-05
1.704353845720040200e-04
6.611263127743898828e-04
1.631171742735732346e-03
3.541290151032747070e-04
1.402171966317479860e-05
1.497800052149485114e-05
9.855239498246932657e-05
3.026993650232498770e-04
5.059455706393891977e-04
8.805174532450599863e-05
7.044714057158062418e-06
2.844044770282873204e-06
3.710049522888528157e-06
6.510639017285824862e-06
1.291855071651919204e-05
9.424968587728157007e-06
1.456141180845798869e-05
5.287616777351345214e-05
1.972532721169001292e-04
1.230878543462108352e-03
3.833054712038898347e-04
1.038281706352096560e-05
2.791054833369467940e-06
4.296235358879555143e-05
1.834361968117022811e-03
1.659419821489277079e-03
4.818041845305388768e-05
4.105331351885048010e-06
3.848981145936408916e-06
7.114961445406006893e-06
9.359278456199255288e-06
1.020896552223915052e-05
1.641056681368749498e-05
1.059002006992374543e-05
1.559209494642563602e-04
1.649809318021900392e-03
3.442422450053580986e-04
1.076302905534365600e-04
2.247027769135102686e-05
2.927347858087703145e-06
3.226727884674631133e-06
2.150114105412234111e-05
1.880807368824503239e-04
1.708670623817382594e-04
1.686190717958201769e-05
4.678407943381128912e-06
6.760468222058040426e-06
1.044637431606834460e-05
1.065707284078368732e-05
1.040149718937450559e-05
1.660535184175909777e-05
1.153824542476709119e-05
1.806883608412954850e-04
1.962658386443449660e-03
1.195577280920670591e-04
9.057331906146543469e-06
7.322069659265116978e-06
8.717691438201500721e-06
1.029088288323554956e-05
9.087910265602846182e-06
8.361219780887599743e-06
9.410256517922146191e-06
1.030399472356971644e-05
1.284811766904159726e-05
1.662736187251174513e-05
1.749612511538954857e-05
1.611807682854745106e-05
1.611480546315112453e-05
2.449538069263081252e-05
