2.675280770670323524e-05
1.723741759620794680e-05
1.446692624754354735e-05
1.484397690724492791e-05
1.683408247677192470e-05
1.899747372937847349e-05
2.002164332626296870e-05
2.007356377821609342e-05
1.994002570901282542e-05
1.980940868393476340e-05
1.965655186706488015e-05
1.953378493020511690e-05
1.945062966411696063e-05
1.941695220487966788e-05
1.933175276630948647e-05
1.899742420709012075e-05
1.978286473760927866e-05
2.655624925771086416e-05
1.465174799928993768e-05
9.060673465366222436e-06
1.113689992408531759e-05
1.379252463088682344e-05
1.237412296617325161e-05
1.196780358682579708e-05
1.309660279145457522e-05
1.338119708320893550e-05
1.301121642941238585e-05
1.303549199519391532e-05
1.329859503650596944e-05
1.355757117009269234e-05
1.371946193485450365e-05
1.369075847754772062e-05
1.353808150129578533e-05
1.319630338919922944e-05
1.380604159199400018e-05
1.979599183662829632e-05
7.760332059899884824e-06
1.457770228306748239e-05
1.169889514956772909e-04
1.618683481613378023e-04
2.559090889563652899e-05
7.985362910001800950e-06
8.290072303032158083e-06
8.755831185307799946e-06
7.679502697802317079e-06
8.917581828927601567e-06
1.087121286268364925e-05
1.181073291890665013e-05
1.287233450074200063e-05
1.334821484633805192e-05
1.314204233660294512e-05
1.268410523521397986e-05
1.320048266042085114e-05
1.901005867113438009e-05
9.197964853524647283e-06
9.813856569366935848e-05
4.153527995236865750e-03
3.584608133042619001e-03
5.271838249840442921e-05
4.843310413120842213e-06
7.844069897393680967e-06
1.138933530091517007e-05
7.528972003955168156e-06
1.263428821901172975e-05
1.630162098017611276e-05
1.114592794416354345e-05
1.149845159832742236e-05
1.341478457107256268e-05
1.366755754420647144e-05
1.310535461126333293e-05
1.352562899048287576e-05
1.933521183891025118e-05
7.977371581693004610e-05
7.940662532428505822e-04
6.937695299881280198e-03
9.138015330580333273e-03
3.219669544633012824e-04
3.542241403840029271e-05
7.984910588989188054e-05
1.869871437220853435e-04
9.708560639253943593e-05
1.745972359438497398e-04
7.818170378853793489e-05
1.123838391778814790e-05
8.455600541382374537e-06
1.173671159458871514e-05
1.338570420532042951e-05
1.325689280866959334e-05
1.363856174084957984e-05
1.940304259943065996e-05
3.194597005507652577e-04
1.647389838315720849e-03
3.633230160660304818e-03
1.822349961844060839e-02
1.356325249634565515e-02
3.376977637657893258e-03
1.080669592100880726e-03
1.773411264296506466e-03
2.001649635300147001e-03
2.311472756669982493e-03
1.932423226117892701e-04
1.356010297825690889e-05
1.001322534514185265e-05
1.078814017288554216e-05
1.209292735732605761e-05
1.308294621585906607e-05
1.369492351309153378e-05
1.939082035497093762e-05
4.551844914643505099e-05
1.036138488976034609e-03
1.980450193262653022e-02
2.572900554874646417e-02
1.679863576152944987e-02
1.112480891551091353e-02
7.961097498341313406e-04
7.676928624804203564e-04
3.145220920097040445e-03
5.206210855471926982e-03
5.330918756114060497e-04
1.301906041578007177e-04
6.226662382383703202e-05
1.476591736812494229e-05
1.065052123625255927e-05
1.270238092189073843e-05
1.376814353433048102e-05
1.939049283324895129e-05
6.561875511951144746e-06
1.748260679968329054e-04
1.141029846118583706e-02
7.408234441026743423e-03
2.359440566954771300e-03
2.877155176920057327e-03
1.811042822274337933e-03
2.387063830006897879e-03
2.142435084670289269e-03
5.643869007588780441e-03
5.192836989227123112e-03
2.605855616097284971e-03
2.450399531076411061e-04
1.445736912360889024e-05
9.102996162521615779e-06
1.255153584178580931e-05
1.391642692776224857e-05
1.938935257672615302e-05
4.480247596205677567e-06
1.090517015763124395e-05
6.068619988237477668e-04
1.086660869304765555e-02
5.090062766397752785e-03
1.025989284206147486e-03
2.857340131821560492e-03
3.573519096999604357e-03
2.288916610427010206e-04
6.036974908825584957e-04
8.770924777242658510e-03
4.919107343060412363e-03
1.079302098964232589e-04
6.864037759287763473e-06
7.535677773931849174e-06
1.268765297695074639e-05
1.418640508153397585e-05
1.944000927215520097e-05
4.617480598714150813e-06
2.934047758316419333e-06
1.654611950474080685e-04
1.288828265315222071e-02
6.555280176417990594e-03
9.714538889203105671e-04
8.495507641667164730e-04
2.339923924569683230e-04
1.083071073826279717e-05
3.402581523504037030e-05
2.625157196793711893e-03
3.593622979157941669e-03
7.088271029735880254e-05
5.134603619441875527e-06
6.202184637112655124e-06
1.181702475874978756e-05
1.428329830247548966e-05
1.959964472208597020e-05
4.132243158112028654e-06
6.062890753914166900e-06
2.579263035889195303e-04
3.027679112926977365e-03
3.235439933345398908e-03
5.571824439645525241e-03
3.566707277505572898e-03
4.114440512735200567e-04
1.847122477430715505e-05
3.482287681168056619e-05
2.047679624147241868e-03
4.230638447822330540e-03
2.790850847833593038e-04
1.584738315928371929e-05
5.943373196409398441e-06
9.342167519700235906e-06
1.371694599427152794e-05
1.979759659228239518e-05
3.774436570204348088e-06
1.142514912884312432e-04
1.292069641506413992e-02
2.084680928394757465e-02
1.554735555695163814e-02
1.767935168035058083e-02
1.502810443893559146e-02
2.102180333250410274e-03
6.631814333356654382e-05
3.057602293196781825e-04
1.446975168520928112e-02
1.219870054495966402e-02
3.920489337789776277e-03
1.945432300131257986e-04
9.098959947166549670e-06
7.364848305419724712e-06
1.279843155088527440e-05
1.990063738815981922e-05
3.931600991467113758e-06
6.035364906640682979e-04
5.600516340888799655e-02
3.941067726288353945e-02
4.895739587921227320e-02
2.148104607080416478e-02
1.305909622819882189e-02
2.376338742903554187e-03
1.319736808084812508e-04
7.180476428015501386e-04
1.182521438347497282e-02
7.436325769058115508e-03
6.491182161354261404e-03
4.028085129385440663e-04
1.071545845149035107e-05
7.021943440521892239e-06
1.259902781198549676e-05
1.992235958679218648e-05
1.902869299656659307e-05
8.360577319793968763e-04
1.193670411467810666e-02
1.113086007008443588e-02
1.391647324147920854e-02
2.774457128102766814e-03
1.114505659945050006e-03
2.889774170615259669e-03
4.089984725769854439e-03
3.736166462971788043e-03
8.970053563611239678e-03
5.965161917091571162e-03
6.453785124414572688e-04
2.833678596077257388e-05
5.457931489050953332e-06
8.052509112043128802e-06
1.338991671077108475e-05
1.989389365863793258e-05
1.375025000424491377e-04
2.432725281900625404e-03
6.754192821057481561e-03
6.671306239780057899e-03
1.349923136469672290e-02
3.803139314250273025e-03
5.230705181777864235e-04
8.650850146188556345e-04
2.552747663642521755e-03
1.095294997049003167e-03
2.753343819646979738e-03
6.073156555149518063e-03
1.416047148761373259e-04
4.084145538458664331e-06
4.022111699066931886e-06
1.013971225098300615e-05
1.418660143351617876e-05
1.972930625249788296e-05
3.824785209414755508e-05
1.076684760490658139e-03
9.935059890686629910e-03
6.959762833773823834e-03
6.561899108918022548e-03
4.546847463332398184e-03
2.920104443761850372e-03
9.950921113731803647e-04
3.308234969770221983e-04
3.889361351448345503e-04
1.713992104834568013e-03
5.785542171890803095e-03
2.655187942573349925e-04
8.355825513123444267e-06
6.893351691285867825e-06
1.233484547887052631e-05
1.425507599199657995e-05
1.948486005310752346e-05
3.400818189297755298e-06
4.618953308625695553e-05
4.187743527679650690e-03
1.222345701636187894e-02
3.466696479674809001e-03
1.854491045452573992e-03
4.569103901406875064e-03
5.452764152539173702e-03
2.617066490859609827e-03
4.847281601217860378e-03
4.604925302616230849e-03
7.438131621193125103e-04
4.233136853887022993e-05
8.351397629461836212e-06
1.002686508288692719e-05
1.340776584953673077e-05
1.397310144183886642e-05
1.932556316441145545e-05
3.492392686106558177e-06
2.312384270900454626e-05
1.447351104118560060e-03
5.954271462306920740e-03
3.174653567293626508e-03
6.314130812922798134e-04
2.541368009100355247e-04
2.585423523449555724e-03
6.005248893546153224e-03
2.841860703776388167e-03
3.483492861946532303e-03
1.783821593250754995e-04
5.233676783044557031e-06
4.475235248713016993e-06
1.082290309382045672e-05
1.369197854380348035e-05
1.377128639930162936e-05
1.928238019199415162e-05
8.516601205204843000e-06
1.922630525970549112e-04
6.275651077299402268e-03
7.570798457053442947e-03
1.307130691811345634e-02
3.341717700531383461e-03
6.139177473199805947e-04
6.663700399238006201e-03
4.011689379769385784e-03
4.878776330184930970e-04
2.710029028144218376e-03
3.619567499190596595e-04
7.345194141320125326e-06
5.521213927606838951e-06
1.197200124502040679e-05
1.371006884878228734e-05
1.366006958804565771e-05
1.929131601916467595e-05
4.823076417436247312e-06
2.351866075447260293e-04
1.270205442849379682e-02
7.001349317853966699e-03
5.900829930759542152e-03
4.833576263117362118e-03
4.237498401975675101e-03
4.482530175255271428e-03
2.345074923760364369e-04
3.914046216723399580e-05
2.229407054457806247e-04
8.700097561206676081e-05
9.040604465437166297e-06
8.342802742675882292e-06
1.309297945372283139e-05
1.352672207600706558e-05
1.358570577418468472e-05
1.932281476306517090e-05
1.035633341082202104e-05
6.080881846367928436e-04
1.223865370287244812e-02
4.774768134254361515e-03
7.732559339784754113e-03
8.482599035491767900e-03
3.136729227627977658e-03
2.656264018660404796e-04
9.368426619189574502e-06
4.338646533987041120e-06
1.245946291321086327e-05
1.246959225817471207e-05
8.724717905495303071e-06
1.121102665078656137e-05
1.368494542429699227e-05
1.331080169807946325e-05
1.356449472639468012e-05
1.937787982543560488e-05
7.700659783100427926e-05
3.720500505350331742e-03
7.141195932677809471e-03
1.593199964316202415e-03
1.073477927621067397e-02
4.811916390336271401e-03
2.098534660269071124e-04
2.164727397999423794e-05
5.412369851014447054e-06
5.538074619331640410e-06
8.787178321706648186e-06
1.027114944327368789e-05
1.146511117603846929e-05
1.322822109747124976e-05
1.366116918796004905e-05
1.307438979629185660e-05
1.349500309851287293e-05
1.932962403456593502e-05
4.280359455363537261e-05
2.704478151001043769e-04
1.551551114618979264e-04
4.393976502498574393e-05
1.981778155191877265e-04
8.261408013729297950e-05
8.935734620602891437e-06
6.222052296757466694e-06
8.527560054154143519e-06
1.132555230576593010e-05
1.277400916504710023e-05
1.294321253128633340e-05
1.316210493724561177e-05
1.331530219369720047e-05
1.311392172764952568e-05
1.266518980247110485e-05
1.318770586437423361e-05
1.899994797349389500e-05
1.291763312529021168e-05
1.177817994498062130e-05
7.714699989060478868e-06
5.346594727209980965e-06
1.006682976339355224e-05
8.682426961689105295e-06
5.809899868370276220e-06
8.540467733452893653e-06
1.275570417161007940e-05
1.429084903207407941e-05
1.415616986882839108e-05
1.384456380611456605e-05
1.370899127238391435e-05
1.364254553763185243e-05
1.351789533324988118e-05
1.318886545364170791e-05
1.379936779479362014e-05
1.978268224132581269e-05
1.993826606056660859e-05
1.313731449230973542e-05
1.169144813874048077e-05
1.190005997572138490e-05
1.396635401392605833e-05
1.492966122812442653e-05
1.615631246072665400e-05
1.900478469460767191e-05
2.028381563409708548e-05
1.988557422571999306e-05
1.945526956542051154e-05
1.933791090030213169e-05
1.934666086416458793e-05
1.938045552152035955e-05
1.932095441850261558e-05
1.899598854737740650e-05
1.978268740768814913e-05
2.654968214471107116e-05
