1.310525295067099002e-04
1.966777850604733632e-03
8.297611635646030478e-03
2.310137269771697296e-02
7.640691484648553730e-03
5.063267579214099628e-05
2.073674986837848743e-05
2.732714764111704485e-04
1.893444532328648758e-04
1.754997542098754018e-04
1.870190710764229247e-04
3.611032032895325483e-05
1.430038523250944301e-05
1.487312212576551413e-05
1.712255350162988500e-05
1.904758000424401014e-05
1.997516877380975153e-05
2.924864160609502031e-05
2.903842492953843745e-05
8.983216957479996795e-04
7.198590683242828137e-03
1.166276422871084274e-02
7.564871786685449344e-03
3.842470672051935001e-04
8.891310193098433652e-04
6.238229053409737219e-03
2.588092106192843318e-03
7.715722622027165398e-03
1.984121476534186825e-03
2.526388882018971860e-05
1.100005992631082429e-05
1.353164976047561096e-05
8.376108764252362636e-06
9.755894831537263303e-06
1.259720298540673039e-05
2.025293148915234721e-05
5.543304065997254330e-05
1.929190926846330052e-03
1.815672343395843824e-02
2.066945772548993074e-02
1.506000940220245457e-02
2.800950229181001835e-03
3.578813906222700313e-03
4.069371141807928693e-03
1.383932583023436214e-03
4.116289903517065391e-03
1.094006684006444598e-03
3.580579023053418028e-05
1.480380851270287658e-04
9.890910914981933472e-05
6.675919842825656889e-06
5.844909243208204410e-06
1.119555600671338627e-05
1.983475986281368241e-05
2.586069840763562480e-05
3.437379523932303530e-04
5.525037279067764560e-03
5.856868494529289364e-03
2.436510764475856555e-03
9.039840559004451177e-04
7.107313155016139116e-04
4.717762007992595645e-03
5.815692023966804146e-03
1.850096626060329956e-03
2.919941914874094133e-03
2.129907516341723612e-03
5.957348598077901770e-03
2.760511892410956979e-04
2.458571657977928390e-06
2.194784335820983050e-06
7.289813947730310058e-06
1.459206381019798064e-05
9.365719097765672142e-06
6.832843505978572366e-05
2.160782369034160849e-03
1.902132439838707077e-03
8.000745638599623131e-04
1.044429388291804456e-03
1.722250368249934925e-04
3.909397905805836698e-04
2.568258572304920814e-03
1.123934739490685310e-03
2.357052180458853261e-03
6.689490872233342170e-03
1.151604661473175882e-02
4.675710599109843355e-04
2.706510076183053949e-06
1.690903543426397042e-06
9.800310770566872460e-06
1.326807368386349377e-05
9.472521870025882225e-06
2.630353406373941850e-05
1.802794950199103840e-04
1.023316869568267841e-04
9.054826184484836293e-05
2.107219535275964848e-04
2.749885672433130209e-05
1.268479172255757587e-05
2.995845240801647195e-04
1.087108800572276915e-03
6.533474744954120145e-04
1.434759417555547725e-03
9.261685245220328822e-03
1.009288974406528580e-02
5.741533744750721839e-05
1.197980935940978249e-05
1.932359915911356879e-04
7.403858014446997829e-05
1.185154222547094451e-05
3.257728415783265691e-05
7.323205187778508729e-05
4.281613483975573272e-05
9.687148507980010024e-05
2.172189498035856955e-04
1.605648026098718502e-04
3.866360203429281234e-05
4.408791820244270846e-05
1.129547392832025703e-04
6.892222563655121207e-04
2.782866611653711780e-03
2.361333418475946785e-03
2.216607532035264408e-02
9.539096953046725252e-04
1.010248998339051017e-04
1.611551475349082491e-03
2.810966987879778335e-04
1.570963767612917696e-05
1.980159195412130107e-04
1.827361075915962104e-03
1.229783284728853910e-03
8.990824985140514862e-04
6.921613191556244028e-04
1.560823983569617924e-03
2.032167127410067719e-04
4.575861019175321253e-06
2.435561358402870293e-06
2.083047470449172762e-04
2.547170008339640253e-03
3.349285361738361401e-04
7.867359085120618004e-03
1.002574709723804379e-02
3.810234594642764407e-04
2.081032561384135217e-04
4.437472537191190840e-05
1.279681324996178571e-05
1.236589692674966282e-04
2.520233819482453879e-03
4.577300716873134931e-03
1.252910382879550205e-03
9.491289920981484628e-05
8.557449520483536708e-05
5.797164266658414556e-05
3.009527446389777434e-06
1.304705870990539269e-06
1.398754839777702934e-04
2.424517370110956371e-03
2.195852875780966772e-04
1.945572612398036591e-03
2.642510063798933148e-02
2.394255473749201842e-03
5.700401214110086716e-05
8.568224156556714455e-06
9.129852039168798224e-06
1.603741469935483145e-05
7.830995504945206462e-05
5.240955632540809928e-04
3.813310388285643966e-03
5.723059218280240196e-04
1.002274202098449893e-04
2.582913081577257477e-04
4.049879795129936004e-05
5.902634324039750016e-06
1.591986701539089991e-04
1.935726562367879938e-03
3.155850604351972196e-04
8.943090693808220838e-04
1.572575884184609224e-02
7.635599209905813076e-03
1.049658984444353806e-04
8.768288467133196102e-06
7.402898199089339762e-06
2.481387046971717184e-05
6.242293831038257790e-05
3.806407553534379480e-05
5.238497654056598106e-04
1.393356396049998461e-03
4.785071610401237050e-04
1.295752577806223499e-03
1.638885668657780322e-04
7.664720713871494973e-06
2.949087622617258629e-05
1.373128074094890152e-04
1.889947586975876382e-04
1.192874749937210439e-03
1.063510942766760815e-02
7.811884675901035503e-03
1.236510482739375943e-04
8.819768495098691610e-06
4.495195659075577568e-06
1.667622473749208543e-04
4.492097881972282117e-03
5.038526578847765496e-04
3.093284003983818122e-04
6.629734019895679046e-04
5.502771332660243587e-04
7.677133802537363218e-04
1.341966260352155571e-04
2.463914408531664787e-05
5.793074363148725527e-05
6.321464042496254074e-05
1.067802621656398823e-04
5.968231022644637307e-04
8.644350284960284833e-03
1.264920529222762595e-02
1.097664608339331125e-04
5.281739115694532591e-06
8.964739255998714209e-06
6.879477786552979594e-04
6.761934476032092911e-02
3.182047930749391101e-02
6.601294984264265316e-03
2.528248640562009118e-03
3.695711008579182465e-03
5.568608225966868545e-03
1.558976296626986540e-03
1.202720391091659496e-03
1.406727664856377612e-03
6.775698974538760157e-04
1.920351215275347724e-03
3.204942248352588615e-03
1.155051191515029003e-02
1.336612098735591621e-02
9.902659186310501819e-05
3.614596444859758663e-06
3.629743698370387588e-05
1.841940356083444225e-03
3.997676821800099506e-02
1.306032199778379976e-02
3.106910342479688326e-03
8.042712833355211265e-04
1.255954371965240608e-03
1.855308093633988758e-03
8.772894614827774027e-04
1.586387150536117292e-03
4.633134431666573703e-04
1.710268560444223179e-04
2.360491700051658721e-03
4.556776240482483115e-03
4.548425297483338348e-03
7.065307622038365098e-03
4.839728544722771619e-04
2.127962254110561132e-05
1.633242738624894185e-05
6.738218989919270282e-04
9.670440137049188603e-03
2.648210581617347400e-03
2.467779022451729518e-03
1.794015328691751267e-03
1.724157527133544530e-03
5.886696844661090059e-04
6.213429170009811590e-05
6.514929891253148193e-05
1.930739843140360604e-05
7.804725020761484018e-06
5.473273430580295474e-05
4.346002742851596276e-04
6.639960473081727745e-03
1.103569018200628929e-02
1.785513835415561022e-03
1.577376188597645655e-04
6.139147126688001104e-06
9.031332187324389279e-05
1.988914927317344920e-03
1.787188776423458613e-03
1.363290036370292703e-03
9.532153659009880977e-04
3.194395789486765506e-03
1.872531837244704751e-03
8.190884579057133082e-05
7.819911388575134879e-05
1.631642080879675775e-04
1.963233946558663745e-04
1.670351231734268913e-04
2.822092153451741009e-04
1.281569350832195697e-02
3.151379309501700469e-03
8.923492708404967219e-05
4.157111780063043493e-05
7.318505958922759507e-06
1.609508366058698354e-05
3.353520392857751780e-04
1.101819506720552863e-03
4.052463285264523555e-04
5.060454155406457271e-04
1.771577140304222107e-03
3.661236359855988111e-04
3.119543094201139360e-05
1.342302327260074045e-04
1.473859421677428325e-03
3.373735989908207590e-03
2.761504694293415423e-03
2.284498593907345002e-03
1.163982010980668842e-02
2.865996456488392546e-04
3.843035043245806895e-06
7.551163898191355674e-06
9.996462379612476747e-06
6.247614965611176712e-06
1.016144186617460113e-04
7.900454733933209243e-04
5.374600448337530506e-04
1.451807500842541322e-03
5.161079658419295705e-04
1.965414737378785775e-05
5.171562815846915278e-06
3.128210296530347534e-05
5.846713986546980520e-04
6.762629454513053098e-04
7.994447088695357277e-04
9.570516981415257488e-03
5.557260414299624619e-03
2.569028881512529152e-05
1.614330830187858961e-06
8.037631515368167951e-06
1.354310625131271429e-05
7.484660581970576664e-06
1.467173848118010881e-04
1.324518955529970909e-03
2.451655892302006439e-04
9.384227524306308307e-05
3.606475281709697607e-05
3.097861416467336947e-05
4.695697191450876940e-05
1.027805812917698884e-04
2.298203661844508416e-03
3.381698827889652488e-03
1.772603402897503320e-03
1.429061329456674662e-02
3.567294317827192016e-03
2.318670790849061732e-05
3.293567679548298266e-06
1.296498024643482276e-05
9.864803080360931889e-06
2.978487467106129742e-06
5.237344666318862857e-05
6.104980911560344437e-04
4.216667642676490428e-05
6.305794292044427605e-06
2.469262637829108657e-05
5.015455811851934464e-04
1.235060199376596893e-03
1.094896686620110311e-03
2.513011850902466000e-03
3.633555172666069494e-03
6.453879580421628334e-03
3.857133168861673778e-03
1.337189812086952501e-03
1.270432156528631849e-04
1.410218271852528711e-05
1.730673283848208768e-05
4.252328591795592622e-06
9.806216677694844481e-07
5.051758483967039645e-05
2.102837820662557203e-03
2.713433276660561335e-04
8.240053546170549004e-05
2.423297947823375759e-04
1.220968895763575304e-03
2.295259572417316252e-03
3.874230844947842804e-03
1.748140022620817569e-03
1.621053074131156412e-03
9.193715125565495375e-03
1.076801402159607542e-03
1.324707840259176312e-04
5.224978733030952394e-05
1.483412442999318889e-05
1.764856222188502911e-05
4.990543123754723884e-06
8.265937716453549661e-06
1.137974451976154350e-03
9.178217638559096891e-03
8.608776532814159605e-04
1.077861154577672330e-03
1.078046004067385140e-03
4.351770473502490719e-04
8.772565938364875566e-04
3.556498987598796097e-03
3.428416457659061792e-03
3.866485042430299092e-03
8.635739872433005962e-03
1.646472892621600502e-03
9.507511439318359913e-05
1.500543834964404111e-05
8.946033837205204120e-06
1.745865571442345072e-05
1.032714235183636433e-05
1.358932900206207678e-04
6.317099447449537122e-03
3.454268940708193555e-03
4.445894931548888956e-04
8.544570224156951494e-04
1.124555598013702098e-03
5.207865915027632981e-04
1.074161385590262970e-03
4.642120450150530146e-03
2.294595570931088398e-03
3.139996063693276606e-04
1.219907747281705483e-04
1.325879978881572881e-04
4.817106809009985964e-05
1.131939956125128587e-05
8.962044209072720830e-06
1.837032091637104126e-05
1.817815881350215529e-05
2.450963189507629220e-04
3.197520139861597267e-03
5.645035034380130323e-03
6.385829188142484215e-03
2.628580838052395861e-03
1.279725008597653192e-03
1.603377512331374604e-03
2.372409746248114754e-03
2.452755717566795519e-03
2.258533205372208240e-04
8.807904886787373160e-06
3.073727230899016834e-06
7.472060712987423360e-06
1.210676651804495008e-05
9.982574026221474074e-06
1.080070910938975257e-05
1.969618271215596794e-05
1.316499187487209948e-04
2.261815498090642435e-03
1.299642720004862487e-02
1.266755844994290822e-02
8.691207160914095689e-03
5.060020257358379542e-03
2.032868150636363801e-03
4.804631189154825338e-04
1.466994549391712410e-04
7.969336575935795190e-05
2.073623710412550371e-05
6.202788940136858757e-06
6.675084563639636780e-06
1.241095383818912879e-05
1.727979172179473381e-05
1.806864073283627483e-05
1.940672155776149130e-05
2.972599424054376036e-05
