5.394947021555252125e-06
1.062468803832216047e-04
2.474372628450217937e-03
2.023184808500059139e-04
8.427022494814651325e-06
8.367320965184590553e-06
1.447541193492249238e-05
1.557193670809524176e-05
1.618314788132812834e-05
1.699728929147455115e-05
1.712239862691353483e-05
1.654960807125813760e-05
1.607777999166958588e-05
1.638911197431400861e-05
1.687745421170101442e-05
1.643390702645818318e-05
1.656749160578468468e-05
2.358006701839186135e-05
2.519384129289040141e-05
6.916447045449884787e-04
3.886613420377636480e-03
1.208518323408958175e-04
5.811640874354553817e-06
6.856716597607355546e-06
6.565852144131704454e-06
4.679698838678843203e-06
6.065786395414450152e-06
8.146811714804461503e-06
9.017212732075068990e-06
8.597646611026337065e-06
7.754188354276979897e-06
7.595990965037397285e-06
8.633274073176368637e-06
9.873892748670279172e-06
1.088067394272129216e-05
1.669740001962050899e-05
1.080196160756006878e-04
1.341544500660998189e-03
1.504080836328998980e-03
8.720264047245923026e-05
2.756019841522047576e-05
5.663106860625452793e-05
1.351771025327586170e-05
4.888757603012232152e-06
6.691163776481103155e-06
5.846812589615183411e-06
5.061933523989738020e-06
7.574993302760720241e-06
1.000710532107677804e-05
6.208730319890239174e-06
4.412073388625279823e-06
5.928588953881933595e-06
9.156144952000535219e-06
1.635962705814686253e-05
1.608165646485397709e-05
5.763283842554538195e-04
9.707598370881838704e-03
1.568836727961976608e-03
6.770448117519700226e-04
1.857610531534976180e-03
3.157654092752600820e-04
1.771046503505410024e-04
1.309368998619470635e-04
1.785250713571740378e-05
5.062517176305723696e-06
2.164466941715337731e-05
1.532442279009156127e-04
5.582878593337183769e-05
7.677444441439063049e-06
4.553408181200322684e-06
7.114955240725000815e-06
1.566462159343510113e-05
6.258077142713421700e-06
3.520478484712509667e-04
1.413510293411284098e-02
4.082225353035688446e-03
2.211040920855010788e-03
7.259679567007448590e-03
3.227580622689277604e-03
4.196092452283092279e-03
2.101836204994636005e-03
2.259370996193925439e-04
3.161061365917007987e-05
7.930450555084470217e-05
1.927416138555305839e-03
2.629555928866157168e-03
2.265012344789015105e-04
2.012862430057885842e-05
8.053857724216234427e-06
1.423305490477576618e-05
8.325873843097503940e-05
2.224810940172699050e-03
6.496733115114759066e-03
3.428132789064960474e-03
3.274595856672652457e-03
4.951197135900157510e-03
2.637881617904004345e-03
4.688830187090668213e-03
7.181569250650876417e-03
3.636128476810263337e-03
7.157828930568481841e-04
9.277066172664863626e-05
2.282890318844009176e-04
2.490012516741768080e-03
2.037972632669249329e-03
1.008337027497526383e-04
1.137186623405747588e-05
1.370501742082170428e-05
2.265705788831677136e-04
4.372268692273468919e-03
4.566288140529276528e-03
3.439726992681402945e-03
2.241103406557301645e-03
2.209661745243951970e-03
2.825884937629969187e-03
5.697578104357449783e-03
7.741476542126350495e-03
1.789266653048156861e-03
8.737463347003706152e-04
5.654658781719334814e-05
7.916620018363111297e-06
4.506292880284937268e-05
1.365678955215879646e-04
3.319807927123505305e-05
9.531198119293686613e-06
1.402646976760498947e-05
1.880433019113486928e-05
2.285158037695799089e-04
9.311019439374786794e-04
1.283675745800658173e-03
4.633627199442819111e-04
4.024020878028976571e-04
1.464554036145186092e-03
5.679673771417912721e-04
1.118766777490593731e-04
8.341919129066814251e-05
9.042779993728421737e-04
6.995132663569586474e-04
6.266543289948257477e-05
1.798339829108139425e-05
9.581332063590715709e-06
7.206073146888695238e-06
8.084401351840082592e-06
1.545656020431650108e-05
1.199515622964810587e-05
2.268044241186859098e-04
1.402044590790627650e-03
1.539297584435710782e-03
1.507653546643046008e-03
1.173472995671540498e-03
2.208492890178772976e-03
4.370622464034833892e-04
1.134070427026174772e-04
5.628593570427997033e-04
6.102393509321082064e-03
9.160287898020470082e-03
2.270851228006110466e-03
1.051144262866439476e-04
8.542973318483897401e-06
6.240686182212544581e-06
9.574926496667302705e-06
1.722906688974884699e-05
6.741228569242381735e-05
2.452999561484870295e-03
5.273153846523347989e-03
2.221282980674457643e-03
7.273267271443961852e-03
4.436419241877125573e-03
2.530877544114344679e-03
2.182381430469078083e-03
2.229181443405084135e-03
1.678305557428658081e-03
7.805418306805788405e-04
2.326953411438134091e-03
2.021269759987657892e-03
5.783180993334733467e-05
5.110707050867919927e-06
5.386093823925821538e-06
9.027367496720654783e-06
1.695218321076383733e-05
4.629624106707100068e-05
2.206367825616435338e-03
7.888409237313548025e-03
2.618895800391963635e-03
3.394939352378731692e-03
3.064393540137321046e-04
2.798586968201832972e-05
5.021483418820838179e-05
3.034892888451838763e-04
5.132422236123654032e-04
7.495251161496678093e-04
9.271214001507613323e-03
3.526494671975106878e-03
3.158123325470157266e-05
4.653387245565272936e-06
5.820435882451691896e-06
6.575457433211128936e-06
1.297205416120149126e-05
1.154700424171678996e-05
7.152364351239996103e-04
2.663255473251480154e-02
1.945531634881495636e-02
7.354260930735830037e-03
1.108737587097957103e-03
6.112987753929579042e-05
3.833648854623069896e-05
4.758881252009378822e-04
1.378491570637125577e-03
1.962456904887549883e-03
1.046790964366469019e-02
4.029410177818932084e-03
1.335669848820345441e-04
8.997699187526462790e-05
7.250805703779185244e-05
1.155704543423793655e-05
9.344502119236618463e-06
4.036908914162356594e-05
2.292674645364017189e-03
1.132363492054403870e-01
6.214229301784100074e-02
1.066611960121086923e-02
2.669524251734831446e-02
4.492173708773406632e-03
6.633107320623902710e-04
3.449733538462188432e-03
2.136608262811294338e-03
1.967637730905143646e-03
1.934076030521146572e-02
1.031240817972631403e-02
5.569403287820749336e-04
1.807548516024858878e-03
2.688565406086807375e-03
6.869570814987237880e-05
1.027977213169843546e-05
1.186684274810180821e-04
4.631902044562443387e-03
7.656138886968283375e-02
3.794136310736571926e-02
6.838953599545285859e-03
5.143660005743083512e-03
3.182243608974336091e-04
5.715737505593760276e-05
4.297566680470195550e-04
1.127696724741124399e-03
3.497992019023760980e-03
1.276938120999328297e-02
2.103902521699646967e-03
8.759888486355323599e-05
3.675348920452079730e-04
2.056023345391348039e-03
1.196767975992687739e-04
1.327342771983107835e-05
1.381207326084967342e-05
2.869896344625142369e-04
7.074245263682702248e-03
6.626429233405149895e-03
1.810883330582150090e-03
5.082083703163068180e-04
1.476757819768707597e-04
1.907167925786527819e-04
2.534807353457625180e-04
6.314771890209616148e-04
4.155929861755928816e-03
5.325164676390152074e-04
1.006250860138990533e-05
2.325295528888287555e-06
1.784238670961671411e-05
9.341063512715972903e-05
2.642326692491614809e-05
1.189415351987057626e-05
3.770079457004740033e-06
1.258885111212433637e-04
6.006422833377135506e-03
4.904926840828552174e-03
2.337416230604530843e-03
1.144164251845375098e-03
2.710220037927239638e-03
6.821408600269114955e-03
1.514082254962295778e-03
1.138089568604316306e-03
6.788244771794886383e-03
5.482468926279209691e-04
4.526352690027003086e-06
4.361262477989813278e-06
6.643440327048664648e-05
5.846341883777925045e-05
1.090110319426387200e-05
1.122422659583501107e-05
3.721745799395322656e-06
2.217758072402286652e-04
1.045523193046250451e-02
7.129295612400643987e-03
5.950126067932532022e-03
2.590913902379669061e-03
1.889455587981719474e-03
8.990664157928325790e-04
1.072818709990346368e-03
3.931530004705563117e-03
6.099700044877282880e-03
1.291647222197488858e-03
1.618005686330872340e-04
6.585558072745823725e-04
1.767340511256897768e-03
1.005156304908403860e-04
9.555943472721190531e-06
1.280682254410038142e-05
1.987996158784092152e-06
5.775977876559103632e-05
3.722814410039355405e-03
4.794993077470778055e-03
2.051297585607586398e-03
1.870552060885950297e-03
1.488997424398438634e-03
5.311670813314775010e-04
1.366566878757850172e-03
7.625358141085912533e-03
5.550542072553282281e-03
4.021857980319681436e-04
3.052687663860909604e-04
3.933693424761267217e-03
6.689369311028828041e-04
1.183631786034725859e-05
4.612669841232840122e-06
1.348558470662226037e-05
2.574326208579994562e-05
6.773696330432253014e-04
4.201720531903744942e-03
3.846602277858907504e-03
2.571581285432038115e-03
2.174520795227511110e-03
1.110176936818784267e-03
1.970201935160472914e-03
3.325636183440524359e-03
3.420765483079619800e-03
6.029794766313224461e-03
2.511423540301973450e-04
4.401530731024221992e-05
1.360989210052513635e-04
1.593204972401240612e-05
1.900676111208242969e-06
3.947986020885737104e-06
1.514164606355536046e-05
2.827377923421388133e-04
1.087701033696095859e-02
6.197686450534597470e-03
4.404115724833590831e-03
9.366064483366331669e-03
7.628455879156252270e-03
2.657899075730963626e-03
5.199254682280237891e-03
3.909344986792144885e-03
3.004218373145373013e-04
2.148779232771855631e-04
1.861656947738589592e-04
1.464365583017359024e-04
4.389320884676468551e-05
4.268562028509651247e-06
2.797701702754164200e-06
7.249863795419368439e-06
1.734223679563857255e-05
9.072668507350047649e-05
3.657787342921555752e-03
2.690775738301524368e-03
1.896526558638982887e-03
4.308046419183186697e-03
4.842603416482421479e-03
1.844523168517925565e-03
4.674664876653153965e-04
1.824104093324544981e-04
2.252956814635256953e-05
8.734348247232456079e-06
1.278948024408868014e-04
1.741741181678304771e-03
1.815386359259527343e-04
7.843932871694403434e-06
5.787918140580820066e-06
1.028460173756970125e-05
1.744958969356150700e-05
1.168898581596685419e-04
4.142849903808743656e-03
2.072920881253199118e-03
9.581837355475260288e-04
3.199890159391001205e-03
6.808744876718341625e-04
4.158422946978582461e-05
8.952771367599868805e-06
3.453323054611745090e-05
1.195417303028206853e-04
2.749304730874032555e-05
3.666947903710291053e-05
1.875573090618520183e-04
4.750758403168964575e-05
7.726940815627953820e-06
7.574576466046864050e-06
1.069337405644815316e-05
1.666885937398034036e-05
4.533482119923698496e-05
2.807555642932079093e-04
1.183772059737826484e-04
7.159278861537935379e-05
2.304692776063656484e-04
3.236971728594870335e-05
2.638259438513127306e-06
3.635186226190823980e-06
1.254257945696351031e-04
1.844537866994010915e-03
1.523336534209474697e-04
9.024625939049587140e-06
7.292065881551584714e-06
7.068705329325490974e-06
6.711036480528171605e-06
8.702190791876696500e-06
1.036049522653283073e-05
1.589510346781516296e-05
7.863817884849796038e-06
1.868216647464902605e-05
6.150794929287560920e-05
5.976381950649788989e-05
2.247190478633634677e-05
4.994362366377566686e-06
2.736622658288117420e-06
5.629251261516803342e-06
4.439058300753228621e-05
1.878092379667339277e-04
3.849224107792253443e-05
6.116810215635265318e-06
5.279874069089316136e-06
7.356396005217708011e-06
9.262774008956976355e-06
1.017783519078485750e-05
1.064316187305002162e-05
1.629791640998466053e-05
1.610658744728095572e-05
9.572887954484211208e-05
2.315155948441927590e-03
2.326732270557971619e-03
9.963381168094789060e-05
1.186523802983579209e-05
9.978191466881940644e-06
1.117824907904530422e-05
1.201641343752593735e-05
1.341841274706042638e-05
1.105093363762905355e-05
1.087079357716536715e-05
1.425755486232792588e-05
1.663581092885329577e-05
1.687837165010139018e-05
1.613438291453833233e-05
1.635537614942606172e-05
2.355722412731644253e-05
