5.771897194207833959e-05
1.880147927544281380e-03
1.120971679668757853e-02
8.986254363298753003e-03
4.154217739894282974e-03
1.437215439785045120e-03
2.670123736480003551e-04
6.215473054917864803e-05
1.004233366243758322e-04
3.418516591573582029e-05
5.782902921424156033e-06
3.409125429502141801e-06
4.357798572274913358e-06
7.663549880755938867e-06
1.040335124752735770e-05
1.096101104288431997e-05
1.132438294621424441e-05
1.592771187331522772e-05
9.329849837479504613e-05
3.456433809307905489e-03
7.171158957223982763e-03
4.189103960250974666e-03
2.719773155547423014e-03
9.502398290703569297e-04
8.160307437651606035e-04
6.778025103059401096e-04
9.881039231428906302e-04
2.694355702665267608e-04
3.552553516863591113e-05
5.681469052134289994e-06
3.245551750911207118e-06
5.127127038035874004e-06
5.930093863131480327e-06
6.508142745476575406e-06
7.354673947686585118e-06
1.121833972379110422e-05
2.017875977716582949e-05
6.479547097304203863e-05
5.833642472341662522e-05
5.552033574302209901e-05
5.923271082832646883e-05
4.438371951911774025e-05
6.306239015087761548e-05
4.596526220437828394e-05
6.484714156446347777e-05
3.234763612975029875e-04
1.319850237276715653e-03
3.789833931068075225e-04
1.155711699683480392e-04
3.288654814597323555e-05
7.043928712325880241e-06
5.497526449380327115e-06
7.013718616112376764e-06
1.095267334541817292e-05
3.983155391180482290e-06
2.958473859662918759e-06
1.256440095934228360e-05
5.266709119262283215e-05
7.390148785010725832e-05
1.153231690434440852e-04
2.681936591220669154e-05
2.028456073064350723e-06
2.207380203634428212e-06
6.376087611684473481e-05
1.626945630987591471e-03
1.935500217703990189e-03
1.055887685681469864e-03
8.313903606025935689e-05
5.518003722832656357e-06
4.392782533620181174e-06
7.179813508313993989e-06
1.160335010070514941e-05
4.621805788130379314e-06
1.369011253345333124e-05
4.477849735414696154e-04
1.156352182914908077e-03
4.547972125750574402e-04
1.081199336487687459e-03
1.048676892058299367e-04
1.852038042467987765e-06
1.120631638793389195e-06
8.329682888674159267e-06
4.283752411330347406e-05
1.537637500261175864e-04
7.096171978895818430e-04
1.146488360119692236e-04
5.229833496890871828e-06
3.270688422794538094e-06
6.533426664945040742e-06
1.211882407797562939e-05
1.022380387437634153e-05
6.586372798592007036e-05
1.054089249282423287e-03
3.433837765691962656e-04
2.211936345894142348e-05
1.509580772408437399e-04
3.775256863060610013e-04
1.676059676460525989e-05
2.432328151244696952e-06
2.688848903309882382e-06
3.933186832307584318e-06
3.990412828637852547e-05
2.735663815947015839e-03
1.869537462788983893e-03
1.309439771526107823e-05
1.408601830110619560e-06
3.613752530173261849e-06
1.098432797103386771e-05
3.955973990280827797e-05
1.441996675095961198e-04
5.016583127767535941e-04
2.511592750970950455e-04
1.215374515295526140e-05
4.865039793250669915e-05
1.043234169232003282e-03
1.132032230549890369e-04
4.749596435259522536e-06
3.435832905311616253e-06
3.565775309484432888e-06
6.946671643580768633e-06
6.560099968794822151e-04
5.408039450236687244e-03
2.809019911117507140e-05
8.896934194209003951e-07
2.423488712065572941e-06
8.711334306854727887e-06
8.540670246421089306e-05
1.051095222786979991e-03
2.630108534367565313e-03
1.733905303407296027e-03
6.296142148786207761e-04
3.369031051643944417e-04
2.427429191411756878e-04
3.129620361943903834e-05
4.732094234278440929e-06
2.488382720311068877e-05
1.062902827376715055e-04
1.572198334924822136e-05
9.103445481855554854e-05
4.768125735144186639e-03
8.336896918615344055e-04
4.811830765462000331e-05
1.445867531205056910e-05
8.269263268226561747e-06
6.997660829897544947e-06
6.146589294999409061e-04
6.436051390641925850e-03
2.407834901543745229e-03
1.056392029091078773e-02
2.709407887887992777e-03
1.583137727312645146e-04
6.948963870810746541e-05
2.146983315865818106e-05
1.044062028024734124e-04
1.288790050346219325e-03
8.090577700836002297e-05
1.214947171532792488e-05
3.492014886414707034e-04
4.673118466408489498e-03
1.424314142692142265e-03
6.270764152324557171e-05
1.318268673378065273e-05
7.890088781343747911e-07
1.089776305493274567e-04
1.419130032162159785e-02
1.257800861498924519e-02
2.105101627912821585e-02
5.418149335702267776e-03
2.148379026264339835e-03
2.918235293508284877e-03
3.170974910010111877e-04
4.585877128413264455e-05
1.005629869928270441e-04
1.688766060674027264e-05
1.388743646909366179e-06
2.299348742265757927e-05
9.475589422762037157e-04
2.423085843614534031e-04
3.935718518274928504e-05
1.518411805689928078e-04
2.574526334852366398e-06
1.770492870444905040e-04
1.356207914415017909e-02
1.111116964656990759e-02
8.709779181334344200e-03
9.829234926554727969e-03
8.134708921010163143e-03
2.915576817027211963e-03
1.265495385309705744e-03
1.399350920628457309e-04
1.871615393268613614e-04
9.019118544823361027e-05
6.422317857580776810e-06
9.426922850173648184e-05
2.337066300262834618e-03
1.134549657651638601e-04
3.917111876670011653e-05
1.409798435875349570e-03
1.672413627316375801e-05
1.737576619386661542e-03
3.408142719256491288e-02
1.026122021558268337e-02
1.083209238535323346e-02
2.248330045248130710e-02
5.834583619796953301e-03
3.297601119051112766e-04
1.045275028646396910e-03
8.203915498487865778e-04
2.788187324093536860e-03
1.798340817364722831e-03
2.975632720995311021e-05
1.038965324046017786e-04
2.618947405999679564e-03
1.979691305483836418e-04
2.097815078903003352e-05
1.468811924198968753e-04
1.649826087406491430e-05
5.727343956127147265e-03
1.124236800992987617e-01
1.744099118417845665e-02
2.433145209412459348e-02
4.263042233376562740e-02
2.113673193666769368e-02
9.176935872277374893e-04
1.386882761251012836e-03
3.353754986899276300e-04
1.192865379784403156e-04
8.610485904056574690e-05
8.187239435992747335e-06
5.691350013798139248e-05
4.768731009611456607e-03
1.735002092259163662e-03
3.286148266209718217e-05
1.107323903489368250e-05
5.461764505259136438e-06
2.112567686510191233e-03
8.649330651484411769e-02
2.164174954196739983e-02
2.711116635735905459e-02
1.016013832863064438e-02
7.528589136489387962e-03
2.988814012150577213e-03
2.927854401204266557e-03
1.234778622202026895e-04
3.375459169544854077e-06
1.853158571808254359e-06
1.858607260247123720e-06
4.595328801671322023e-05
4.243105251096759324e-03
1.704184964058311994e-03
2.949206155527899620e-05
7.005876026650647705e-06
1.222611058131037731e-06
8.848505547022840381e-05
1.262424452117945350e-02
2.065260927176298944e-02
1.764482688979567004e-02
7.441214354536835468e-03
9.154298830223646724e-03
2.744674230229935709e-03
2.882075777648343074e-04
1.761994674806781962e-05
2.084703783514674991e-06
1.101961879547656659e-06
1.408617865583274995e-06
6.640619621022088249e-05
3.184975427759398261e-03
2.073543823484030272e-04
4.302202253953513979e-06
4.842379512780871850e-06
1.402362627231685712e-06
8.619965095529311995e-05
1.390723372720843558e-02
2.441078193489463338e-02
8.104477893667140845e-03
2.272882313900941639e-03
7.899333975711710781e-03
6.236132671075864499e-04
4.745120991147980167e-06
1.493844763924928699e-06
2.244435552938605531e-06
1.124524617896727133e-06
1.027849138678007819e-06
1.167920760118358527e-04
7.383061260552363329e-03
1.408552900650987365e-04
1.970828504924856534e-06
4.169953733681855252e-06
2.326014500571130096e-06
2.103843554587760036e-04
8.884003755350039153e-03
6.961370911770162553e-03
1.175813094778557777e-02
2.341525617148398040e-03
1.462399104329434926e-03
8.233729014530934360e-05
1.286724755788991299e-06
1.282902184666156805e-06
3.143538509776256874e-06
2.051124209451063449e-06
4.141475450250659664e-06
3.283857418247257192e-04
5.038447719051608771e-03
1.057527978461832716e-04
3.135537700819743927e-06
6.121301778876237417e-06
2.501863366012524671e-06
1.750645863394403282e-04
5.304909570942257895e-03
1.756553008708514703e-03
3.773223062934408147e-03
1.641633830303063915e-03
1.623695498430485231e-04
1.402320287254043676e-05
2.643675985309592885e-06
3.571269500599478584e-06
6.208822063701091551e-06
1.969081648441133411e-05
2.490351381844596330e-04
1.364674852533657784e-03
2.624951758844736656e-04
9.562015116437885839e-06
3.092996236170981409e-06
8.771085146966908314e-06
3.108583983544019830e-06
7.376658760802289299e-05
1.422296883550400572e-03
1.617191951822668887e-04
4.392291206741322999e-05
3.979752813790850681e-05
1.223445099904748821e-05
4.688195307936915301e-06
4.149105542159540134e-06
4.444497191294952167e-06
4.620754446705670780e-06
4.318276101896227853e-05
3.087587758933431868e-03
4.197111481542815936e-03
4.262670140468737749e-05
2.024918669742376248e-06
2.986186210622643805e-06
1.046584582124822291e-05
4.415202340313749588e-06
4.333868115763470883e-05
4.275007765563545764e-04
3.260509670137970239e-05
2.841087283777035338e-06
3.522503975982910866e-06
4.397681008106465245e-06
3.935564016214956607e-06
4.073227088122958086e-06
4.471288855996075793e-06
3.841514823956737761e-06
2.259662742192703017e-05
2.585376345221793767e-03
6.684234598420313138e-03
7.562586819267437738e-05
3.817819241036797569e-06
4.639697743882445476e-06
1.145256368930479056e-05
8.218335452004230939e-06
1.058783274728187916e-04
1.177543074380783079e-03
8.450801785257950650e-05
4.066193433905238857e-06
3.178141666028496158e-06
4.780874064541701478e-06
6.388810369340119681e-06
7.986332944258634051e-06
2.128959639743396357e-05
7.853699412526199083e-05
1.994765633605536271e-04
1.040502763276357490e-03
4.096022727355686801e-04
1.559546804914788650e-05
4.083574555128888223e-06
6.039162298905947430e-06
1.165694096263715034e-05
5.002285283804756292e-06
2.515025609879305597e-05
1.594457114860341261e-04
3.346420373812540697e-05
5.680181198262842830e-06
3.702313387138259991e-06
5.099593169000190953e-06
2.957326634286272542e-05
9.601283206308850219e-05
1.488633335910097429e-04
1.099575560102816979e-03
2.224522897769974725e-03
2.112685203474709463e-04
7.278145714318533784e-06
1.733052886721996231e-06
3.258721807338826563e-06
6.706431802211298958e-06
1.152896093984959262e-05
2.480739611629321799e-06
1.068534499311154921e-05
7.504768918611151541e-05
5.921761382448794824e-05
3.903373233478612631e-05
1.031915079501952299e-05
4.153723324675475789e-06
7.473913197536956082e-05
1.175474327566289551e-03
5.052707117164426630e-04
5.168556031721661687e-04
1.232012542650187366e-03
8.326451151304708250e-05
2.955237980152953202e-06
2.031545338188699333e-06
4.821418794280573208e-06
7.297737902098265224e-06
1.109437083968163602e-05
1.004855561584243044e-05
2.888379724629949632e-04
3.194291148895235261e-03
2.118477709188004883e-03
1.497817684158595690e-03
1.596749505282401324e-04
1.467386278557906329e-05
1.271751439673347048e-04
2.370174942283805302e-03
1.038854716365196192e-03
1.209694296979761755e-04
8.233926481704050102e-05
2.634483315254210504e-05
5.481965681686748594e-06
5.067263616787014636e-06
7.048268256265291535e-06
7.695547542251056472e-06
1.124155160897934191e-05
1.191165734479233859e-04
5.197661292220165721e-03
1.320813889026775829e-02
3.596268887188295606e-03
3.910062867217672412e-03
1.481334032303100899e-03
3.688758526420396629e-04
1.355752125820026055e-03
1.859845151007565771e-03
2.231619485831886284e-04
1.962725594964685649e-05
9.019678969771652584e-06
9.576910328400444074e-06
9.290745770773544849e-06
1.062845731349325568e-05
1.130806061410045202e-05
1.137401227564612819e-05
1.584063573612931190e-05
