2.273683844115076058e-05
2.224271776830642153e-05
3.289434710048409218e-04
3.289148404023455301e-03
3.046715475652953626e-04
1.255973846229432635e-05
6.110768501905396893e-06
9.956906197930033542e-06
7.629378167242789903e-05
4.201743996197006043e-04
8.006818471793877314e-05
1.260387853655662156e-05
1.445900513305748882e-05
2.258639039879939197e-05
2.400948403201894044e-05
2.255031237715147513e-05
2.291281065625975106e-05
3.125299972252713833e-05
1.710331080779371236e-05
7.525718320649386458e-06
2.614883559287768769e-05
4.600865465534401057e-04
5.885376064263651581e-04
3.298427533952341288e-05
3.990758551331613472e-06
7.332629428726151524e-06
3.836929864207017787e-04
7.305914438639316867e-03
3.416194781919490745e-04
8.377770760910837702e-06
5.824907597554897474e-06
1.100038949075135078e-05
1.472329976778387121e-05
1.543471826883048911e-05
1.596902894848400680e-05
2.295707252572000526e-05
1.994746016867908871e-05
6.963487717918512923e-06
9.138173274010602583e-06
2.308551301184074746e-04
2.715692339104025695e-03
1.933961219576759490e-04
4.436398418823147015e-06
2.638594210086830185e-06
4.096973018416967289e-05
3.403752853430406654e-04
6.471598837327258212e-05
9.071604261063559441e-06
6.127770784835405637e-06
6.530954084234856519e-06
8.957189296907283783e-06
1.259368511639886784e-05
1.523906969127105031e-05
2.241323674169326953e-05
2.148996685931215645e-05
8.797507958170343737e-06
6.436415532610897021e-06
3.828763428819237797e-05
6.362926870343210348e-04
5.462425303155103154e-04
3.592476069346458906e-05
5.399997236441518994e-06
4.392825894202633803e-06
9.493646537287393810e-06
5.873896892495540477e-05
3.460851215416456080e-04
1.434530022177084221e-04
1.921345657714692323e-05
8.447466591567021272e-06
9.806566490636669394e-06
1.426886837855121192e-05
2.312581597142625680e-05
1.636425390089916044e-05
1.087999376524062867e-05
8.834649205793921185e-06
1.006054988275036527e-05
1.215676595213107297e-04
3.192584022689882572e-03
4.739744846316807161e-03
4.641816278307426148e-04
2.195380178110391674e-05
9.667077909195136449e-06
2.542980005307329794e-04
7.638838694317306999e-03
4.213006480836974446e-03
4.186728647700977942e-04
3.761741286274975491e-05
9.826511082158601021e-06
1.202152871657080660e-05
2.319290344732108882e-05
1.229770432567568107e-05
4.256812928998131198e-05
1.349688924830428044e-04
2.370538473986029906e-05
1.708595339117295099e-05
4.650900016765464689e-04
8.391943578418877697e-03
3.078914184753845772e-03
1.066520812232168406e-04
1.765439781589702242e-05
3.838224841323777407e-05
1.505947145674084334e-04
8.099651022170601756e-04
3.207071516790537154e-03
2.101150395614615049e-04
9.266867495613001650e-06
9.021820994475622012e-06
2.286474135638325817e-05
1.218477175913804048e-05
3.175017676077791329e-04
3.846183654797817077e-03
1.569460982415706246e-04
8.590345471056561505e-06
3.600014863043255419e-05
8.399970423646769668e-04
1.044069222517992430e-03
3.732958725432107485e-04
1.589167802028572298e-04
2.043423319056017875e-05
5.751995744855977578e-06
1.064020018853206506e-04
4.690632177733666461e-03
2.966295171272976573e-04
5.583966702630859068e-06
5.813250425930286067e-06
1.986046049900196068e-05
1.154172646043313180e-05
3.003070659931748832e-04
3.060282795760018749e-03
7.019779796644021229e-04
3.095500971682482901e-04
3.661308155614115831e-04
2.467759805816671995e-03
4.201345979014441123e-03
4.171319345399797027e-03
3.044792002404999968e-03
6.925179290479040618e-04
2.397792154217118503e-04
5.003145479410057951e-04
2.871847796073154300e-03
2.152271079489234728e-04
4.915035335324935725e-06
3.612112571836842796e-06
1.242576977552430730e-05
1.421832093027199689e-05
1.579049282290853899e-04
9.594259787027030516e-04
1.409773141201661924e-03
4.646198067135838376e-03
2.535902248113376667e-03
4.319690557147692726e-03
5.956394454480451808e-03
3.213140595786484130e-03
2.380011997825344072e-03
3.383990485500955325e-03
2.902328129279894108e-03
4.347457760261616241e-04
5.860955302914349144e-04
5.860962746332482520e-04
3.036718515928363282e-05
6.157983934363890978e-06
1.652636557827313269e-05
1.318927244352208164e-05
9.870745189458750713e-05
1.658725899255957459e-03
5.142734677907311383e-03
7.233638613638948382e-03
3.555552046157109836e-03
3.317679984234584486e-03
3.501162810219469578e-03
1.286956789016641210e-03
1.755523789160551296e-03
2.218707492345057403e-03
3.171808086960541009e-04
2.810730905653032399e-05
1.914682601197385510e-04
2.791569434216394866e-03
2.809987250249229335e-04
5.536580990584635028e-05
3.231463478198288324e-04
1.627587364122958647e-05
1.096073283762271527e-04
3.470102208372645609e-03
1.540373709624865035e-02
7.440864342494582333e-03
3.161731380250843923e-03
3.013519293633512997e-03
3.463940697928348349e-03
5.148497451988796577e-04
8.457957708488754965e-04
2.660053458817225863e-03
1.350723493876581250e-04
7.275114533525499359e-06
4.080543867220970877e-05
3.890082866831465550e-04
9.634544259368198671e-05
1.456495894760669182e-04
3.478566560276056228e-03
1.301766697200524409e-04
4.386626777711372972e-03
5.037042438822236096e-02
2.815099770883035257e-02
7.125170190476111561e-03
4.569340400277028397e-03
7.719096708811161618e-03
3.769711688516255103e-03
7.465351431723542556e-05
3.627769494410596239e-05
2.998644189918823685e-04
6.577195017039652331e-05
8.220870150754450408e-06
5.015859760674942205e-05
3.259246118259549762e-04
5.757497016456701735e-05
3.457522540338809323e-05
3.216929285943484918e-04
1.062463206140467443e-04
1.243073385478386285e-02
1.492627325723463183e-01
4.709297930569442819e-02
2.899591133333230888e-02
1.267526405239234426e-02
5.075387748831214699e-03
4.560381589804371862e-04
1.115009577713703851e-05
1.483642789857862359e-05
1.420354031833271833e-04
4.449742906046320862e-05
1.316812375094691861e-05
2.469701452942113431e-04
3.140702147989930196e-03
2.342632526884641097e-04
1.273137216815467121e-05
1.739061626572401667e-05
7.714902383061395799e-06
1.289488796502664481e-03
9.007052281124199034e-02
2.173593229894935433e-02
1.168180274574681134e-02
1.238519283931597409e-02
2.757889911081248552e-03
9.374192545569205639e-05
2.356071018475736106e-05
5.841793565445190526e-04
3.667730818021947611e-03
1.704467722409917080e-04
1.222515093178848122e-05
5.249390057133422171e-05
2.982722600941610860e-04
6.104461949966881516e-05
9.345998355409643800e-06
1.213377136438089173e-05
2.528812204141632854e-06
9.162641905149919604e-05
1.788496086964734902e-02
2.004747786819654695e-02
6.568157542973150631e-03
1.335914890805156748e-02
5.860219895092329094e-03
1.663592619553751000e-04
1.094724484856609469e-04
3.515321529058870135e-03
4.507812062702919176e-03
9.252952073192331479e-05
6.244169585028572504e-06
8.868971725973326351e-06
1.978638460887713910e-05
1.087424133444910980e-05
7.630395981195370228e-06
1.708799665502754123e-05
3.264977070089694559e-06
5.159512812779432729e-06
3.550165221467225509e-04
9.860851781385291878e-03
7.093983788278405977e-03
4.390067988747499775e-03
2.685485444847673930e-03
1.369781654269820379e-04
4.135930795931422668e-05
2.121943268092440766e-04
1.235553978348168124e-04
1.055671621772711080e-05
5.666144010785995787e-06
4.788364189149040890e-05
2.466419288224779949e-04
5.271821229136203305e-05
1.094798064961679207e-05
1.753364352471877273e-05
6.257194292200708732e-06
6.522952328690615530e-06
2.775230265503337689e-04
8.281522773082569677e-03
5.020196097105442817e-03
1.671913726600752353e-03
5.332765166154272577e-04
4.410378259375325046e-05
3.045579263539928744e-05
3.046019335564406952e-04
2.653418440261083285e-04
1.790163842367568071e-05
9.744091945358743353e-06
2.527359085556821032e-04
3.250211630441552074e-03
2.861776187652998295e-04
1.578994135391512739e-05
1.641378746465521019e-05
9.397507440019049041e-06
7.660405350097672058e-05
4.617636675979316409e-03
7.584784329280466406e-03
1.263573608140492648e-03
7.530465086605988298e-04
3.581561632454693792e-04
1.227617490112326612e-04
2.066220437732269608e-04
3.503409322078732471e-03
3.845882796847212466e-03
1.130821682674296250e-04
1.677972574596658841e-05
6.056984133520573624e-05
2.457695181763166451e-04
6.152986391683946065e-05
1.242965630732768378e-05
1.743928973426103128e-05
1.265587345360076445e-05
2.083773647893189917e-04
1.195513207054734947e-02
7.004092693935365724e-03
2.533692170522442236e-03
4.774283265248712577e-03
4.047924021137884465e-03
3.804146820957373699e-03
5.891518799616844628e-04
2.068379497275313718e-04
1.784647140986531523e-04
1.205163946906150936e-04
1.378619465424370141e-04
3.908648088662589423e-05
1.055209248506668172e-05
8.385861093635091584e-06
1.058298729705888247e-05
2.071681036431392768e-05
2.082349386786819961e-04
6.485510917028662527e-04
9.071990278583071804e-03
1.101433644008862830e-02
6.901090733898222924e-03
6.188055904444376629e-03
1.987326046700641814e-03
3.043449782636235921e-03
2.608513588313692271e-04
9.781570034941175588e-06
9.047026533622788973e-06
1.743205087345827515e-04
3.687398864607455227e-03
2.859964351480583241e-04
7.629674191514115180e-06
5.934278996786730682e-06
1.264858961934253001e-05
2.338007703898267926e-05
3.797244662533695841e-03
3.598368724177915777e-03
9.759045539534839594e-03
9.757687062855327845e-03
3.454795189677977406e-03
1.389561901168810676e-03
1.209397414347036873e-04
6.381020067851694963e-05
4.034796011052645397e-05
4.500546722233000527e-05
1.639923195480207866e-04
6.621283054089501918e-04
3.541709916195110754e-03
3.105013937515975985e-04
1.038932511297128530e-05
7.852688922771345950e-06
1.456963515650817431e-05
2.369381678630491720e-05
2.598991729794877890e-04
4.834208461988382440e-04
3.494705676197044399e-03
3.157006584754482644e-03
1.381876005306721189e-03
2.467255521696205562e-03
1.956149065765942731e-04
1.415245026277939887e-05
1.845860169241284171e-05
3.170763366539983098e-04
2.818932409847857163e-03
5.181436429703647649e-04
1.170814005330698992e-04
3.352657020788386383e-05
9.855941550827479299e-06
1.070255660631169050e-05
1.538498691151758344e-05
2.306489411039285223e-05
9.389895131202111273e-06
5.658644909382244963e-05
1.093140696226347231e-03
3.416894382968550825e-04
6.712667499749536474e-05
2.274842635409000328e-04
1.162710625144536817e-04
7.359513905136040807e-05
2.256840718960837345e-04
3.272407121516296229e-04
2.564733154632877713e-04
3.856519955646967740e-05
9.517953662822170851e-06
9.379132480866305270e-06
1.105762396500116914e-05
1.336866653321339306e-05
1.534258373643977670e-05
2.222145021147144212e-05
1.314413591142242423e-05
1.945064923951445122e-04
2.774081301188141991e-03
2.027302611649448461e-04
8.498189704796863328e-06
8.507895843865650472e-06
1.848469358273421243e-05
3.000041783692651413e-04
3.018093473571224674e-03
2.623598777393953128e-04
1.517945820668319084e-05
7.097347192949156203e-06
8.081769459053123923e-06
1.186608309680457486e-05
1.475076298534236919e-05
1.528340372120862370e-05
1.585603690312451303e-05
2.289514194721246147e-05
2.323232009164749701e-05
1.030024749744185074e-04
4.291075126618550486e-04
7.939263353365629623e-05
1.079123690327725574e-05
7.686387990118600345e-06
1.115938523368486123e-05
7.713383426892197949e-05
3.675577119195314285e-04
6.703832090109355750e-05
1.104375909460808674e-05
1.213513609339677525e-05
1.955595200194265565e-05
2.329923248637781052e-05
2.336282996110237485e-05
2.234535781938908538e-05
2.290849749087672243e-05
3.128605017567872789e-05
