2.078143730109592848e-05
1.269277307802830510e-05
1.546755353394953478e-05
1.751926518158092053e-05
8.545993710844863961e-06
5.782127403482678831e-06
1.062576421132429065e-05
1.543425423555797182e-05
7.999627723291453355e-06
6.570967910189386527e-06
1.178741314783258801e-05
1.644475659914209262e-05
1.637791487736844578e-05
1.570286200637262638e-05
1.547567919471946516e-05
1.517154203523667249e-05
1.578595728611638952e-05
2.178734176851193196e-05
1.253063521319957248e-05
8.156516635895357930e-06
4.085661035111947509e-05
1.126416320513888417e-04
1.671768086987417612e-05
5.681117908812827077e-06
2.674122402644351449e-05
1.064166715114047557e-04
2.119358882587044605e-05
3.519991617977371570e-06
4.610225200988778261e-06
8.919431526262086294e-06
1.088721702829689698e-05
1.093491850609754952e-05
1.064915487411051581e-05
1.024054693767357240e-05
1.066275503524263793e-05
1.578707070650583224e-05
7.311554669244863041e-06
4.554254233064356779e-06
1.456962917771192933e-04
2.238683869099132064e-03
3.668229854463154159e-04
1.402063080042149662e-04
3.373610595649406511e-04
2.011236661328570045e-03
7.723122810081978727e-04
1.990593676400059147e-05
4.014945974901074069e-06
5.436934180606639375e-06
8.166761393668964941e-06
1.010824944510998781e-05
1.049375873910957869e-05
9.949134574373499616e-06
1.022674165150357237e-05
1.519125106547874258e-05
3.889916678271048380e-06
2.217463105560438760e-06
2.172578060750017471e-04
8.996440930425902635e-03
3.281166379994251200e-03
1.743850695103656622e-03
2.734727205877677592e-04
5.518940614952448078e-04
1.488559377836029367e-03
5.831993020583206143e-05
9.842377211815841396e-06
8.320068757142671086e-06
6.512965321165000358e-06
8.546136593384465161e-06
1.076896289824756192e-05
1.042705779787624858e-05
1.052777096142326685e-05
1.549752445774589589e-05
3.919135642338982374e-06
6.176706447527458290e-06
5.477892462093893796e-04
7.119626596858551724e-03
4.579922252810303233e-03
2.870670553457807441e-03
1.284792874924004923e-04
2.461693958983502024e-04
1.255227733242630060e-03
1.946297841801801650e-04
3.064514038956355347e-04
9.668122536400521299e-05
6.940219190059174149e-06
5.870904422577142980e-06
1.014316154990362480e-05
1.069679915814462360e-05
1.061641746892859879e-05
1.551121692879726662e-05
8.548892028022059167e-06
1.048783169457315358e-04
2.592053745877450494e-03
1.308368380326513413e-03
1.921681927751226924e-03
7.954497886806154161e-03
1.138732975046215148e-03
2.141628112776319988e-03
6.374811222368279365e-03
1.787505472880499295e-03
3.567057460580204831e-03
2.644010582242392235e-04
4.723811953097291940e-06
3.675982701831086992e-06
9.041803279839906134e-06
1.089198852373943694e-05
1.072046070808863637e-05
1.545130787462057801e-05
1.073566470181562427e-05
2.717922955208997189e-04
2.054227676737302530e-03
1.129401593207724218e-04
1.808190739710108805e-04
3.971303633070096158e-03
1.669120404477831502e-03
8.954149164643504565e-04
2.358170145750630893e-03
1.309658235652833404e-03
2.102352489718930812e-03
4.601417518505506333e-04
1.236787912961958998e-05
4.156361477076420630e-06
7.863110042769243081e-06
1.080728758244175554e-05
1.100386251579509318e-05
1.552850026745266105e-05
4.522671104572424144e-06
3.202566141619018141e-05
1.459999227321662110e-04
4.786570147785411243e-05
3.524953881885190682e-04
2.249329824395671085e-03
2.836632129803363543e-04
3.181066073055225144e-04
3.186152267397354947e-03
1.763658389570962057e-03
3.907315342396311571e-03
4.972528131215938653e-03
1.044620314049748294e-04
5.294622837743058628e-06
5.058163306158062065e-06
9.131781288572425140e-06
1.117421074363091185e-05
1.582822945428670523e-05
2.882423566931282937e-06
4.186770383443902475e-05
3.481939249497669028e-04
2.558686079531231439e-04
4.937338346216209664e-03
3.466733048349742666e-03
2.611876759663797113e-05
2.208591156544200898e-05
7.862860422628752469e-04
2.811448395320712609e-03
4.517675822492938850e-03
3.500814561422770782e-03
2.268379957394222278e-04
8.563027210988354709e-06
3.046249546442820458e-06
5.917538709902291057e-06
1.032029078388160060e-05
1.611490135109366575e-05
5.702855954138498524e-06
4.247027128226499196e-04
4.267922967479976723e-03
7.549707883940840565e-04
9.004391230955756734e-03
6.013428337368768688e-03
2.459869671191104078e-05
3.330992347760441022e-06
5.866287944360503185e-05
2.385741829607231253e-03
4.608523745600470040e-03
2.600613696659707669e-03
2.728580457779542986e-03
1.799363854641908734e-04
7.082209862675405566e-06
4.542230744359639213e-06
8.747992409013678552e-06
1.596768740164634454e-05
3.130360219222496086e-05
5.808456320728843476e-04
2.139268982792023269e-03
1.758915371833916306e-03
1.094574622235050185e-02
5.216239011685952671e-03
2.959640657808237279e-04
4.662732884727545943e-05
2.994738724918769954e-05
1.717318910212695159e-04
6.230552942916566537e-04
1.483066816339468578e-03
1.063490956293147022e-02
3.342449674651657831e-03
5.947821514466226700e-05
7.444164569214737602e-06
8.299696010625283167e-06
1.558074468989930798e-05
7.132861733884958769e-05
1.403529078040204872e-03
1.188869167541579779e-02
1.768994809110181754e-02
1.846327004870046418e-02
7.667013804796822367e-03
5.496356401245259225e-03
2.441927025785587194e-03
3.345564441653785899e-04
4.476921078610538243e-04
2.642241462487419923e-03
4.383048344085344918e-03
4.529763596352345129e-03
1.968894000341841252e-03
1.089035962514097339e-04
1.127851976420612103e-05
8.793848436462887761e-06
1.548847070828288959e-05
5.646449854241844483e-06
1.362713385259379075e-03
1.754259899752434737e-01
3.531398520944141473e-02
2.364279155784317077e-02
4.295595102693534201e-02
1.759524199232920597e-02
6.929297999778694789e-03
2.144773569959900015e-03
5.208644251128358681e-03
2.089845719378454272e-02
1.558681930312286711e-02
5.643625755395654219e-03
4.657173226272808345e-04
2.251791802450959213e-05
6.941754813620091282e-06
8.864658107699129757e-06
1.575810256290663752e-05
5.839946359857812408e-07
1.051657060409908904e-04
6.249442588221740952e-02
2.735276947479705831e-02
1.374368761911374213e-02
1.280254951983637521e-02
4.200128278308407591e-03
4.097004514001251728e-03
1.793342728596469468e-03
3.273683198094775714e-03
6.238483256935027470e-03
2.605364431608539911e-03
1.845315133729366923e-03
1.177839880017117415e-04
5.580779984490567837e-06
4.673664868544038958e-06
9.342934703767786389e-06
1.615002784420526335e-05
1.369086586397898375e-06
4.661373280699353532e-05
9.370791022484193170e-03
1.025743064566937007e-02
4.157518353954096739e-03
5.322110720559413907e-03
5.571320582605285461e-03
3.764795273261279090e-03
1.549083345828081810e-03
2.698921855225743047e-03
4.663492894963864287e-03
1.693980847713781861e-03
7.748108242613297803e-04
4.805542182021576029e-05
3.932026867770042684e-06
5.038922033952512195e-06
1.015284370108073202e-05
1.627490373922501677e-05
6.076406664942488898e-06
1.815673973724912132e-04
8.112318537205096686e-03
4.830159674557538835e-03
2.325965182587653481e-03
3.254497276970424752e-03
2.178121305827019835e-03
2.521909501736554777e-04
2.484357678739523866e-04
1.669621430846010817e-03
3.168131867716129230e-03
7.299367205231711148e-03
7.994628092553027893e-03
1.808337980577206106e-04
6.750528265599871629e-06
6.093659279536440343e-06
1.040888472767197555e-05
1.609264342065569440e-05
5.977357647994406447e-06
1.699583131137084109e-04
8.313703761932049116e-03
8.763604475490478080e-03
1.904111707148089866e-03
6.640699991144179224e-04
6.920798706687142756e-04
6.155626610556354694e-05
1.224486771332519936e-04
3.198936953730073095e-03
3.867301075380874791e-03
4.619378987254652534e-03
2.931913446673413068e-03
8.970328288299435067e-05
7.120868285111851465e-06
7.055557647845293186e-06
1.053447845947199428e-05
1.589641472188735034e-05
4.926272363477959909e-06
1.166990580103326099e-04
3.753207301630289480e-03
2.628236991786204318e-03
5.985098541672249049e-04
6.491394644231316454e-04
3.860450755383547459e-03
4.403473467163610835e-04
2.123246511010306030e-04
2.110712980187630112e-03
7.898349613764831315e-03
4.508687679377091848e-03
2.260950835803820862e-04
1.132836232031985016e-05
5.430133098744551597e-06
8.288656625462760820e-06
1.082192413178630499e-05
1.575857563865640831e-05
6.598481667343904801e-06
2.399942452818521409e-04
6.930442007179037078e-03
2.213754799346705649e-03
8.700371995871369023e-04
1.227852671678160120e-03
2.538370438940185710e-03
1.510675393447164340e-03
1.290322195305214923e-03
2.099814009107840111e-03
3.740370179166832652e-03
5.865469196866096016e-04
1.601236434803008751e-05
3.932304866294684559e-06
6.414790989014470927e-06
9.919856500961977706e-06
1.095937829665007289e-05
1.561900959317229608e-05
4.332654983259310566e-06
1.021341053168266791e-04
3.969949407582885371e-03
1.440692134558993649e-03
1.038095288558820882e-03
2.036834784323474611e-03
8.815185367959031638e-04
1.490365555007730318e-03
4.146386545559729506e-03
6.958388194557195254e-03
4.898836304607179053e-03
1.134117604167729135e-04
3.773704701518232521e-06
3.723410724241911915e-06
8.686889140842722176e-06
1.079352574216355578e-05
1.081949230763018792e-05
1.551899670944846478e-05
5.384214838364202869e-06
1.187139067036148854e-04
2.445238820992092638e-03
5.132139138341602468e-04
8.044103095550798974e-04
2.191273322806244934e-03
2.296036332654264429e-04
2.916039039312796335e-04
2.481535492774192969e-03
8.234812310335353977e-03
3.125315325485175742e-03
6.951111291719181090e-05
5.506624250504346727e-06
6.457013143784268759e-06
1.052483851816164499e-05
1.075444951368210487e-05
1.064753000691001146e-05
1.552008925287293208e-05
1.088237103350589090e-05
2.297760264624086840e-04
2.195416626877674283e-03
7.122741841765338781e-04
1.587716424820500259e-03
5.610934169505466017e-04
1.240260339473871933e-05
1.141655988646912206e-05
1.094677259137353186e-04
2.314241529836901542e-04
7.152424491517524597e-05
1.235943647312941673e-05
6.752904935980692179e-06
9.185236387269153741e-06
1.096424763938374627e-05
1.040497478791603609e-05
1.051632641348618463e-05
1.549556883819968819e-05
1.081567010062077013e-05
3.977198210892442763e-05
1.059313192649748760e-04
8.324399287533133817e-05
1.669937119501884652e-04
3.580983194384241842e-05
2.689595119178831762e-06
2.720746155365008397e-06
6.753053391654382710e-06
7.038159330395467267e-06
5.182977154176415045e-06
5.522680467250618472e-06
7.940930363850418316e-06
1.019070928149825422e-05
1.048997030314592503e-05
9.921264954785091882e-06
1.022266309619937836e-05
1.519969874582953105e-05
1.159810572337401637e-05
9.142077013721382008e-06
8.186152504190254766e-06
7.136455584732199011e-06
1.035493296324383367e-05
7.531726452721251154e-06
4.755277523219735503e-06
5.922578669607791318e-06
6.731686209945534953e-06
6.030995603078192765e-06
6.485121888663303618e-06
8.489935209713106819e-06
1.038582913020004732e-05
1.089759498687032369e-05
1.065185859035168846e-05
1.023693278746721132e-05
1.066825636655481960e-05
1.580095223864299686e-05
2.064669176318276929e-05
1.350698791321927746e-05
1.096363147703573303e-05
9.978422037173358253e-06
1.113135368726278528e-05
1.249409289262598911e-05
1.415373615268331796e-05
1.601585012522851559e-05
1.588428172205832593e-05
1.515100108890071451e-05
1.543464189528424523e-05
1.604344754375500428e-05
1.605971625782248228e-05
1.575201240352383685e-05
1.551082366877052691e-05
1.517804590485593850e-05
1.579531694195966687e-05
2.180461622317309169e-05
