1.009035763357436891e-04
5.827735771986287082e-03
1.145421363601741536e-02
2.522833084800291288e-03
3.678274371608141434e-03
3.374410049773951883e-03
8.931516481111871283e-04
1.040745690407977571e-03
3.349606351557820813e-03
1.071821797430704080e-03
9.168821759767999395e-05
1.316789519026294897e-05
3.532352405346192832e-06
4.399188927506864853e-06
1.049472613392328742e-05
1.346707600382307766e-05
1.321131417905824190e-05
2.062677613107598854e-05
6.011032022843641124e-05
3.980981552459797283e-03
4.844121139748409736e-03
2.056408572065615819e-03
4.648010563593597301e-03
1.273607322426976779e-03
1.587939197565230902e-03
2.095169711695228382e-03
6.142138953497564870e-03
5.337125745992877569e-03
1.159920219121986446e-03
2.585095711130231668e-04
1.029308755515250620e-05
2.658184186592972444e-06
5.433604235978403695e-06
7.084961492207969883e-06
7.420351768877948469e-06
1.317228627109335143e-05
6.675523937483354042e-06
3.735944935686180387e-04
1.872389879057372595e-03
1.710412376408220044e-03
2.713864185251781656e-03
2.408893549722851445e-04
2.090605266625558049e-04
1.232722464598985863e-04
9.167960659992768942e-04
7.489091174432044133e-03
7.927799282386314983e-03
6.205092891844871117e-03
3.923939461592421498e-04
4.974311545166937125e-05
1.567458146858904358e-05
5.681007543897272431e-06
6.030901310780695894e-06
1.336713559851305045e-05
4.999469092847686283e-06
1.241269615502312127e-04
3.441370777799436205e-04
3.955358785497008981e-04
2.446444834004798258e-03
5.476175558535252346e-04
3.098991521204901229e-04
4.845071615843890588e-04
2.233193164506739031e-03
6.611064605059352060e-04
1.084856654684696357e-03
9.705633573094660238e-03
5.713655599974580210e-03
1.020221643164079478e-03
3.944638989315501495e-05
3.399293968385611685e-06
3.962228494290929739e-06
1.325543911122080822e-05
5.419144705269870994e-05
2.708648911637978780e-03
2.521128241367953052e-03
3.481180996498899191e-04
8.933711390652725442e-04
1.592012197999976512e-03
2.302062402827575235e-03
4.412600539005349064e-03
9.561099393276878064e-03
4.151352907877015508e-04
1.715546673260280510e-03
9.018428094341571222e-03
4.270365605558126137e-03
3.296959203870990316e-03
2.689660797820262947e-04
9.086073924159834256e-06
3.361282377677565616e-06
1.106060800561605612e-05
4.881449458487789183e-05
1.513714582467059165e-03
1.361244687283614304e-03
4.291341821727907971e-05
2.294847781634715196e-05
5.875196123255949565e-04
5.202876102760913002e-03
2.824183779679041457e-03
4.881316682282072980e-03
1.267225666406098785e-03
3.923061425284299353e-03
1.789770807258250686e-03
1.697045899412517227e-03
9.736878690254077012e-03
3.843748845783138100e-03
6.450285658041833093e-05
3.615638402707256334e-06
8.087373089745748941e-06
7.904289751934387935e-06
2.440122955374143525e-05
2.319708485894976378e-05
6.149374233080287675e-06
1.756012995761985866e-05
1.616479301380358805e-04
5.275688830393766068e-04
1.668761161710031809e-03
2.577046571181631877e-03
1.014317158732695430e-03
3.996708550237590592e-03
2.275083151411746215e-03
3.072564080131237434e-03
3.858790125418848013e-03
2.969153296582156387e-03
2.167628971582825697e-04
7.286225486648242071e-06
8.422554961153142750e-06
8.262888996107272077e-06
2.829468232245899143e-05
9.150282055144878823e-05
2.274547921287123223e-04
2.809267666025138960e-03
1.001685125801392729e-03
2.840188200007776509e-04
5.226492566877387162e-03
3.005795319109157409e-03
1.097437119384632107e-03
8.405917606253645105e-03
3.988298773936120416e-03
2.123837728660917142e-03
1.117898771780577146e-03
4.063177627261238024e-03
1.296353418818740411e-03
2.163534949706212527e-05
9.463936689027983143e-06
1.255268000426438524e-05
9.704544863772613446e-05
9.227262383549112356e-04
1.530037503305682655e-03
2.526575849819447106e-03
2.062250264462065646e-04
7.307248914540601797e-05
1.277911813013654727e-03
1.469005311779947136e-03
2.486001061911415934e-03
4.986144741874387089e-03
2.734440688105082336e-03
4.668413321376893577e-03
2.137400961691966316e-03
5.830606009208323670e-03
1.456026472607494611e-03
1.397181984362087926e-05
4.931765567730054391e-06
4.535726214598782892e-06
1.155620328335493618e-05
1.256173921546179829e-04
3.532877748890193045e-04
2.567198419787218577e-04
5.384479648258524347e-05
1.129507362582055877e-04
3.625668970418235645e-04
2.212180096640652789e-04
1.083198250556658814e-03
1.452321494931380508e-03
1.781912829757749134e-03
4.604226448302767630e-03
1.674350145297538988e-03
4.987494739796859491e-03
4.978046609826310837e-03
5.817372535999869613e-05
5.889025144827715951e-06
4.462704284983936700e-06
2.478790832175357164e-05
4.066252329538436920e-04
1.982168126729372520e-03
4.434196215091515403e-03
1.362517420579031175e-03
1.201173538824656158e-03
5.783375743839662278e-04
1.733838885099213075e-04
5.085559525240034105e-04
1.006796797405879297e-03
2.707091197838751035e-03
1.531122599474947542e-03
6.012385854819372703e-04
4.611930341740879714e-03
1.003268224906084249e-02
1.246104793424846651e-04
6.080420570412837212e-06
2.297383434705273917e-05
1.658526308190664406e-03
2.212503759643581064e-02
8.979483324421265802e-03
1.076943955243384390e-02
3.084530199572018891e-03
5.875513297464538421e-04
3.584536118442683975e-04
2.214100180426024911e-03
4.215704785717880321e-03
3.176200131900044823e-03
6.640711913830249849e-03
1.523006118306150175e-03
1.054830485778691018e-03
3.959192794463715567e-03
1.567668157865738420e-03
1.935136328712989953e-05
2.410217624227880876e-06
3.532289410422193281e-05
8.519537515929299920e-03
1.649904175048739763e-01
1.348929178026632425e-02
5.937518420747115236e-03
5.155762135668844580e-03
1.403193825225781651e-03
7.261834238395716576e-04
5.536520120435786847e-03
4.652115956497523616e-03
2.696297853567865971e-03
5.741385854309160632e-03
5.222200754979993212e-03
2.854234780237225721e-03
3.086841569852723059e-03
4.548593417796995865e-03
1.237119699424849809e-04
5.507912363301590615e-06
8.670496977949292459e-06
1.676053546405396888e-03
5.146876580933857498e-02
5.140761295277238192e-03
4.458034157978538713e-03
3.523617132241171727e-03
7.035153089184985721e-04
2.124500377715103801e-04
4.259198868610956012e-04
1.230837144882940097e-03
6.865266736865628270e-04
7.619605422342647615e-04
1.652448632543494084e-03
7.047643506595105195e-04
1.403034480545004448e-03
2.679262807305645040e-03
9.509855043166822494e-05
6.277968824870434200e-06
2.892224899832843693e-06
1.668247398279450687e-04
5.745255536165510754e-03
1.874219565051160694e-03
3.331094220559804517e-03
2.581817365352635871e-03
1.375627435848028384e-03
6.500147249443528940e-04
6.118611198670476049e-04
5.015710257893356457e-03
2.489395954819435472e-03
1.112768528097829012e-03
6.304154530117226990e-04
4.664561379375870465e-04
3.293190046352285384e-03
9.488156194656273282e-04
5.934827713096231798e-05
1.471506586125924172e-05
4.149920189560878255e-06
5.190540992378646920e-05
2.596910292460014123e-03
3.036617509000730589e-03
1.854149878989339679e-03
2.312775580617974260e-03
2.641364060591415777e-03
1.511837358262963166e-03
1.738479062896248779e-03
4.213782592194394334e-03
2.649708148043851234e-03
2.492312271917989860e-03
9.027248689069860069e-04
1.331625507027611862e-03
7.522642181096573025e-03
2.535940734080338165e-03
9.353538197718480477e-04
1.394774816434994093e-04
6.331936636101320188e-06
9.746630878067469967e-06
2.391616298443783087e-04
8.748944232569740411e-04
1.374935686132581559e-04
5.574291992433319081e-05
1.827315716343855473e-04
9.448222899878649939e-04
3.055053144322191199e-03
5.314959585109427231e-03
7.121166781619092320e-03
3.817972485711083972e-03
3.433356216556067713e-04
1.463527146204626588e-03
5.920421995723173549e-03
3.716169235271101065e-04
8.948179434699644343e-05
3.729403124618968957e-05
7.886885035543284245e-06
2.757298118271751889e-06
2.190268728905904022e-05
4.119267890148797036e-04
1.221229778532802353e-04
9.139083411065999484e-06
1.079767308330973659e-04
2.826264275692500719e-03
1.717882035387923714e-03
2.921361562080154045e-03
7.606759201526532704e-03
2.714242479028612307e-03
3.029130442782524291e-04
2.857026901333051955e-03
3.622818699690378858e-03
1.956117211810161588e-05
1.856761648660322911e-06
5.200209783052089360e-06
1.102029565916274531e-05
3.551831254299927701e-06
1.959488378730843853e-05
9.832839292042347672e-04
1.098950426253807221e-03
2.902607483723417401e-05
1.174893240423046124e-04
2.248541501203713249e-03
7.640051826800288741e-04
4.791572160809823809e-03
6.989067502110088599e-03
3.993904459623044754e-04
4.950943800919816113e-04
6.897002417646212052e-03
8.870528894033661042e-04
5.691506952863415699e-06
1.379029943446138328e-06
6.659217623749198732e-06
1.159583398652311764e-05
4.665657521141254210e-06
2.171141222415556995e-05
5.538333578048316563e-04
1.510922578841485857e-03
1.957519668707410529e-04
2.180979317884431659e-04
1.665292606867234057e-03
1.043097792606526627e-03
5.254894086438111414e-03
5.189010916633682996e-03
4.645530834810511554e-04
3.730056146772280350e-03
1.452744523007190938e-02
8.933895182254809409e-04
2.947921115453848868e-05
6.812356494242725904e-06
1.246374022694815662e-05
9.922381540919712208e-06
6.611636486338402309e-06
6.423684740487639881e-05
8.471853063568668234e-04
1.723582311645057178e-03
7.979443393554485568e-04
1.592182533083372296e-04
5.083329212114919742e-04
1.115274231263336906e-03
3.754395200790418795e-04
4.534549873491993061e-04
1.487585443755437380e-03
5.719063333839768254e-03
4.902463131317017289e-04
4.357542075222530599e-05
2.486075145648472068e-05
1.160420564418477043e-05
1.369508227539098844e-05
7.742023752626052562e-06
7.034625131171863998e-06
3.975589271110989013e-05
8.345437076431004575e-05
6.455080416671696471e-05
1.802206898946294401e-04
1.160782723999694385e-04
1.530127410452015524e-04
5.617391522706914001e-04
3.842770212263658600e-04
2.379059351991079287e-03
5.928404410381523867e-03
1.119971465529513363e-03
1.961072612231987502e-05
2.361221084336510710e-06
4.989628082908645763e-06
7.542714898819249685e-06
1.279930267573450639e-05
1.165383689448698923e-05
4.131251786670953052e-05
6.589093290230524586e-05
7.170792596644783347e-06
2.304488519577718066e-06
6.075002491622565764e-05
8.929970902055938374e-04
2.989403794084060945e-04
3.738036173776239845e-04
1.986561283435217973e-03
6.656709072573215036e-03
3.986891966996649966e-04
2.505978346862609450e-05
7.740229336332536380e-06
3.941096016421782809e-06
5.186386809222335052e-06
6.994979921992081679e-06
1.268761874345869480e-05
3.555814943889161407e-05
1.445547825819484778e-03
2.664678011220216348e-03
1.160584883375759220e-04
2.728053557118058776e-05
1.896151359925459933e-04
2.906699388391126987e-03
1.528435705652247218e-03
3.913380726560760497e-03
5.460915558566805869e-03
2.072945627516371847e-04
3.119049946750014889e-06
1.310591295870499437e-06
4.874537383079449422e-06
7.829516046560968041e-06
7.560231284986608341e-06
7.562267062230174165e-06
1.300854280030350576e-05
7.197071436078134792e-05
4.353534081793991768e-03
1.141144824861513307e-02
3.410226716914834064e-03
3.524993457538724492e-03
2.161330356716370787e-03
2.134105662055523107e-03
6.375853512730295190e-04
1.171572894613879786e-03
3.031938314232198719e-04
5.311645474605125942e-06
1.145440372012143056e-06
3.393323859482943481e-06
1.147822285876768563e-05
1.495766052060853462e-05
1.321947871051511661e-05
1.286085381968477643e-05
2.061792288893317832e-05
