8.345482256700367479e-06
3.229341377164795320e-04
1.803626834302524823e-02
8.315755749056972027e-03
1.414458504698477403e-03
5.041035404791721544e-04
1.653889297306036094e-03
6.699796939352364389e-04
2.141999162785581342e-05
3.646495574000707592e-05
1.233494672949534657e-04
3.350644147825729285e-05
1.370975357498088782e-05
1.529899947757446969e-05
1.434614510011246509e-05
1.402896646941206044e-05
1.607086067098404688e-05
1.780632948750088363e-05
4.164681110774372341e-06
9.510719984603092795e-05
7.024284970178454497e-03
6.381568876915077668e-03
2.652060782748818916e-04
4.687001157436146117e-05
9.082374799612145423e-04
3.011938343252498502e-03
4.560339016713868630e-04
2.477162449872079026e-03
1.849281242561034771e-03
4.049260352154928944e-05
4.993054939732897602e-06
4.482447964074787490e-06
7.641757918242960670e-06
4.400126503082981658e-05
1.633890050528952805e-04
4.770796922605002703e-05
3.711038920533758431e-05
2.710712486497790508e-04
2.770056693034184418e-04
1.159380957351483112e-04
1.017084831909080572e-04
2.162301154494032467e-04
1.612172840319655697e-03
1.222616547819998069e-03
5.411587417284997176e-04
8.206522003092272047e-03
7.941618761335726348e-03
3.246218428601232563e-04
1.385550536991790255e-05
3.041345507198962547e-06
6.128370626755053234e-06
1.517688444286501741e-04
1.686845962297284359e-03
1.958786843691897336e-04
2.028438994342355553e-04
1.212106405193699461e-03
6.209642228953905394e-05
2.145172754968533165e-05
2.549746099285790397e-04
1.212293910029882968e-03
3.314905699563941432e-03
9.255772027983984272e-04
9.984067910095795553e-05
2.624140395457173801e-04
2.243780453571805021e-03
3.573519817499184060e-03
2.007000523425924723e-04
1.774178911255281648e-05
1.085669406089711781e-05
3.164520841930939827e-05
1.235421197921222436e-04
4.871646101773651773e-05
8.884784329589289896e-05
7.944984575270036238e-04
2.475045194248178351e-04
3.275464557472624770e-04
1.354519892727473968e-03
1.948530489790707308e-03
3.956059972890400671e-03
8.013218941948427581e-04
6.974828751275100372e-05
6.042388589533580228e-05
5.162400261127473309e-04
4.963527122939621720e-03
5.489884860105992068e-03
2.068793228123956551e-03
2.626073121899518293e-04
2.564786019172926807e-05
7.891999762383776842e-06
7.837905449138366775e-06
7.048786433280608359e-05
1.341752319537865227e-03
4.669327909068922595e-03
6.795921038411441469e-03
2.735211440303594779e-03
3.579441871014568677e-03
6.738651979695598968e-03
2.432068980667171504e-03
2.343518574384437312e-03
2.112138790784054074e-03
1.768218084683731602e-03
2.455452041936345350e-03
1.069584519538315480e-02
1.183324391821267106e-02
1.575445975632500540e-03
3.509219000033909561e-04
3.915252980946249013e-05
1.028528288119252092e-05
7.955046940301524591e-05
8.144716996472180790e-04
2.371366174132905329e-03
4.300749982708881695e-03
8.251889017212841494e-04
2.553817440386314873e-04
1.541815008640365315e-04
3.915376640716831296e-04
3.744901914435193931e-03
5.439398762056610326e-03
2.646220260453130760e-03
1.839691059627076295e-04
3.357310075252688481e-04
2.898754527644440207e-03
1.387208045815391429e-03
1.246396099674992961e-03
1.968737350732944937e-04
2.047842618441837964e-05
1.849868530072989580e-04
1.124735244422896173e-03
1.076514368187326534e-03
2.084349477717079967e-03
1.459587359904541970e-03
3.088197274768810343e-04
1.972282345724839171e-05
1.037729511513970359e-05
5.127203118369154042e-05
4.434770236051260557e-04
3.183338997315582081e-03
6.045216297924564750e-04
9.081896896856972261e-04
1.440749131041602245e-02
4.504382247539668802e-03
2.875314167976171943e-04
2.791354586637755965e-05
1.307405501691367685e-05
5.439988840095091405e-05
3.327119221033507271e-04
1.663177468914167536e-03
2.525155015004048199e-03
1.202771829451373519e-03
1.208777585378206917e-03
2.441066052782943743e-04
4.189012182710594634e-05
4.257129675701800298e-05
2.459460947883074992e-04
8.801140357101030435e-04
1.540335191950817102e-03
1.280712237296092104e-03
1.587779104491959456e-03
2.527723854329954386e-03
9.405049416654448588e-05
3.697478379082815035e-06
7.713724532611013137e-06
4.435970020436723891e-06
1.645379465840126980e-05
7.729232012752957053e-04
1.251960885063080646e-03
6.014821436015443777e-05
4.785618105107939931e-05
5.245633816513306817e-04
1.713550102321510738e-03
7.766379519069001444e-04
6.565135678107683007e-04
2.411362504971155396e-04
8.987779999563150343e-04
3.890587946902610938e-04
1.515565476913340276e-04
3.525938315436894649e-03
2.305034165409641138e-04
2.755145767781550307e-06
6.695989111388522073e-06
2.728995440150872259e-06
2.304557715919890271e-05
1.867975237865483404e-03
8.769490820131422854e-04
1.182030504883015818e-05
3.147450703262293856e-06
9.782635916776412843e-05
1.488091272967455043e-03
5.356355765162993440e-04
6.178816599190935753e-04
7.184155879843953565e-04
5.665008839284098839e-03
1.881903767082122522e-03
3.104673690475079741e-04
2.533626004417420616e-03
1.844909622253430143e-04
3.230901053667089018e-06
6.363090074513335319e-06
6.726688163820961118e-06
3.068909217378221741e-04
2.580689437002784900e-02
6.409732767271246121e-03
2.898386465899539409e-04
5.387434451184507669e-05
1.042470014556919376e-04
5.053658693111283146e-04
3.812425256873381218e-04
8.488226525444412781e-04
2.584745079510656143e-04
2.177604761632381813e-04
4.623710583002490636e-04
4.850319590344383150e-04
1.351307896931500585e-03
4.917017888802460539e-04
2.381016924767247412e-05
9.518843664092496235e-06
5.725900218213222334e-05
4.848038199639892118e-03
1.437678828992474123e-01
2.503209238952320073e-02
3.600169888531457030e-03
2.062826594742547121e-03
7.841331095601597814e-04
8.095602991879162708e-04
5.188223982988325557e-04
5.384343842611418558e-04
2.853893948994722682e-05
6.465733598178228329e-06
1.942706756622600772e-04
3.022583640770546993e-03
1.200101772341980594e-02
5.460669971627606957e-03
1.427481242801689157e-04
1.122823436466754334e-05
1.114734321123556169e-04
4.062804801510129689e-03
5.730954637549295211e-02
1.688894768609742331e-02
2.471157580192028403e-03
1.320696265861335660e-03
2.501848063288954465e-04
2.622880092100884821e-04
5.782604342974266174e-04
1.185227651636261729e-03
5.909055243607529194e-04
3.686055652889892145e-04
1.746141623277443428e-03
4.069987294311407447e-03
1.140899504306770902e-02
3.714949136493105389e-03
3.276017779170584707e-04
3.747461224824000155e-05
1.864424951497584292e-05
3.289581182311331802e-04
5.119992490726568181e-03
5.253551025987812997e-03
3.377331441364727228e-03
3.730829732034220960e-04
2.072684029083684881e-05
1.600504113369945636e-04
1.611058933106707634e-03
1.313261463222087453e-03
3.086244360053985898e-03
5.068816387801579337e-03
3.732759357256391127e-03
8.609845109998433190e-04
2.704963093649866515e-04
2.804945994129445742e-04
1.074029938265705581e-03
2.507021270218962559e-04
9.566621852752196689e-06
2.028280653176247120e-04
3.294016736965185363e-03
3.510244443196687287e-03
4.681319817764064556e-03
1.242413430003517323e-04
2.880764776999745929e-06
6.184676980243265852e-05
1.526123742673199521e-03
6.129656398666776928e-04
5.899046424693610595e-04
5.037944303743278722e-04
4.854421021654646107e-04
1.031827656640260747e-03
4.706151672575065300e-04
2.896176806508784759e-04
3.754894280182862420e-04
6.167281421940006144e-05
8.661545205138094716e-06
3.897987240667627213e-05
3.725731263920453880e-04
1.669064898293183162e-03
4.479795257518725052e-03
9.322790115792094299e-05
1.850087013775835893e-06
2.176974400806924885e-05
1.218636614572273869e-03
1.382868287187713702e-03
1.773420389328110927e-03
1.784502678349078825e-03
4.562355090223451466e-04
2.931147640955348525e-03
9.194477184720965465e-03
1.442469622973900807e-03
5.706789177895964514e-05
6.695060863098124193e-06
7.950684810324139728e-06
1.935264055343782714e-05
2.335171223533178330e-04
1.076354180608251297e-03
1.698756240059524176e-03
4.020919030036604357e-04
6.564920273304997362e-05
1.552233453462616933e-04
1.076082692286551559e-03
3.884163364920069361e-04
1.272661852600372916e-03
6.708462001467823364e-03
1.870077035422454187e-03
9.454417207933977010e-03
9.288491747820658978e-03
1.015671991438135907e-03
4.253068089115345134e-05
5.746224497895101604e-06
8.318676781427611054e-06
9.007900539870972092e-05
3.947453311132166978e-03
3.639897763643752410e-03
8.285463593450010126e-04
1.913589006474735290e-03
1.985518069629329131e-03
2.540576446091804565e-04
2.248744640877346475e-04
4.084660570615474516e-04
2.177330873174848289e-03
3.180493229655485116e-03
2.990771894714397763e-03
1.173094108990607037e-02
1.471227788057072154e-03
8.480638478702549367e-04
2.138312179285220907e-04
1.587959603642924580e-05
1.380555676610191552e-05
2.528296374113183221e-04
5.274075522014159793e-03
5.453857824545908436e-03
2.418115555476065947e-03
2.495342127944661596e-03
2.234502878567701852e-03
1.988080384345325999e-04
3.135940728831312723e-04
1.646426141029573315e-03
1.569236938230052138e-03
1.810512946370099489e-03
1.425090316136569911e-02
8.380736753425642796e-03
1.132493718329835380e-04
1.047106402115858311e-04
9.825712505573169818e-05
1.797630986183331380e-05
6.485172321971743685e-05
2.204863379516129075e-03
6.178143102952965253e-03
2.607935015999666029e-03
2.854204194200155899e-03
1.185388870699599119e-03
1.736409084426127720e-03
5.342713029647252554e-04
9.909124841814399929e-04
1.427705588844735592e-03
4.693865753644815581e-04
1.828411260742433342e-03
7.685920546906539752e-03
1.470886225176027155e-03
3.923102681030673242e-05
1.241348278079466390e-05
1.228147007485384366e-05
1.312311393981562543e-05
3.145616121088195627e-05
2.296017136699352382e-03
5.197018156609375071e-03
5.592147133285998994e-04
8.019022467306888930e-04
4.483451035054610966e-04
1.177856185538460375e-03
7.769553827303078046e-04
8.268241081958945015e-04
2.886257082456856592e-03
5.482533245884646349e-03
8.155088364624403161e-03
1.194364786695237225e-03
1.100845002372772180e-04
2.153685975194529788e-05
9.186498499612048862e-06
8.716078121089786352e-06
1.643157488467912930e-05
2.987576121487370985e-06
4.169370758980471612e-04
8.192746839537332765e-03
2.989752961310835656e-03
5.392323152377092796e-03
4.151660214061993117e-04
2.744745469853078251e-04
1.989113527113459037e-03
1.968926060452671264e-03
3.693308759883355205e-03
1.115990877669727731e-02
5.735867497289911902e-03
1.168405449699247206e-03
1.215436105069538135e-04
1.545232176092229225e-05
8.481982350037798834e-06
1.024955504056490030e-05
1.925358020829195783e-05
6.001985186926397109e-06
5.016753128737031116e-04
8.896967618022964819e-03
6.015685811969454996e-03
6.464090756304052832e-03
6.229670427686882089e-04
2.356648242018401988e-04
2.023185621974067996e-03
2.347145626720518498e-03
2.082732211063337713e-03
1.890970631478542047e-03
2.395846661603434830e-04
1.283772170277082446e-04
6.283123677383820201e-05
1.308723816670545180e-05
8.804105188106952192e-06
1.105287726921667537e-05
1.957976649824949816e-05
2.383185061550225216e-04
6.192806180606902182e-03
1.759391921508956722e-02
7.850055374100436273e-03
3.695322276116832540e-03
6.065402106058139821e-03
2.337586079342679132e-03
2.566726925681136421e-04
7.855536010981835761e-05
1.270526790465059035e-04
1.200693833077737374e-04
1.804966507832846573e-05
1.113505228529258375e-05
1.662896670507138728e-05
1.550747402895053485e-05
1.663856237261673201e-05
1.923699145455326278e-05
2.977917214848705541e-05
