2.077033786272054078e-05
3.197954655086319097e-04
2.936459468641714182e-03
3.361732558529292240e-04
3.311827656800518747e-04
3.010873692298264136e-03
3.245225614908847601e-04
1.457279192924619467e-05
1.062669726742752186e-05
1.262546898410090006e-05
1.133203939114573154e-05
1.383728859009143463e-05
1.299071345972735206e-05
1.106608221289820229e-05
1.381662894078672710e-05
1.909370716045862045e-05
2.320150444987637508e-05
3.233067786795389099e-05
1.043801250106670404e-05
4.597526747889020543e-05
1.370410201551228147e-04
2.358444080628477744e-05
2.409500012237073354e-05
1.240918759958478559e-04
3.054913172779849106e-05
7.486724742721701721e-06
2.706334920569847122e-05
1.383766587375486715e-04
2.918663322583259960e-04
1.255006238903537820e-04
2.243232096568821264e-05
8.926017578226035600e-06
6.372665435526463235e-06
7.453113224614733693e-06
1.261906489530594517e-05
2.320718429575990016e-05
4.551070331188224004e-05
2.774587991312112492e-04
2.498145168278055996e-04
1.409041093028021318e-05
3.045548369375963531e-06
7.219650157795059879e-06
9.836964343310600992e-06
2.493931833414389230e-05
2.894709757648048442e-04
2.875089713424827404e-03
1.981366364586946774e-02
2.813357051854255535e-03
3.271669562290357774e-04
3.692712604553886023e-04
4.803938419013020842e-05
6.598764420879055381e-06
8.898795939907263789e-06
2.200227774460704816e-05
1.206450807675344734e-04
2.858934823026202353e-03
3.549967604103925964e-03
6.477796316091181895e-05
3.058142358584387211e-06
1.572887439158443944e-05
9.945916111281078006e-05
4.211016609539587792e-04
2.824730381535673837e-03
2.487703420686799161e-03
1.310600124909087200e-02
6.171517849739035708e-03
3.489769710362058009e-03
1.430638512418555032e-02
4.284361789030911014e-04
7.843681273156884168e-06
6.902879301025306586e-06
2.121597993966824885e-05
8.002819234615640438e-05
1.314417453118633125e-03
3.369241189262853903e-03
3.661729277770450265e-04
5.604302958070202895e-05
8.933456436243167450e-04
2.223543632924642084e-03
1.350604275176324476e-03
5.790207003059297079e-03
4.515969765459095300e-04
5.355364262105972821e-04
5.959967333150466458e-03
9.436885234508073442e-03
3.055518657987056456e-03
7.410409980903453911e-05
4.558718786473457785e-06
5.112039331665910181e-06
1.672292938268040005e-05
1.701324550376298399e-04
2.061767037004445021e-03
5.720451607578804637e-03
2.215394207574419762e-03
8.560212056549428320e-04
6.524228801669138163e-03
4.037182709044934148e-03
1.415510914532992119e-03
3.918011203550925137e-03
1.261997411573914164e-04
2.961110385259446055e-05
8.692388434316213530e-04
9.246030277531343960e-03
2.408542785007560753e-03
1.240836781019337735e-04
2.124162763206294505e-05
1.054982366799666870e-05
1.415442798655255860e-05
6.743015707400711782e-05
7.235617950060649469e-04
2.764579752229722603e-03
5.530818291625957603e-04
6.782485931516320883e-05
1.178448900683337256e-04
3.871306404259974594e-04
2.344478421055632301e-03
3.240239655220377313e-03
3.194755436678318908e-04
1.171951513068452593e-04
1.176543571232397620e-04
1.239232595461073729e-03
9.577219895955432771e-03
2.487213417344043276e-03
6.261734183798132666e-04
1.009862038364471365e-04
2.251320246752739281e-05
9.260328117273187095e-06
2.307457180565009039e-05
1.179438729919637718e-04
4.473056677013336228e-05
3.266596444780047047e-06
2.309588527114790620e-06
4.524814281545769305e-05
9.282160347441304696e-04
4.050889189580744124e-04
4.491595420312658729e-04
2.413275434976222024e-03
1.929698058703032163e-04
1.672368591395217009e-04
3.880876311428574886e-03
3.839524316454802008e-03
1.446557867788346398e-03
1.692675987931444265e-04
2.195788824636878820e-05
4.942510705293311291e-06
3.054952009956575752e-06
4.640507075122880993e-05
2.115329494030299682e-04
1.954054141181049779e-05
1.376006623222375994e-05
6.716338503723513504e-04
2.567777388639466783e-03
8.476235906321955894e-05
4.313454421301290146e-05
3.009611396788575990e-04
6.744212403331182877e-05
7.423601920099579963e-05
3.413071566710438286e-03
1.594949034011499539e-02
2.334688801908557914e-03
7.166387212517098511e-05
1.299065686846730279e-05
6.846275876926187482e-06
2.902477950792678852e-06
2.042633460156618617e-04
2.756301358355966926e-03
2.126542896526610420e-04
1.691732876799084066e-04
2.605907136384856288e-03
6.924552327613797470e-04
1.091320138139454689e-05
4.587418341811405732e-06
1.477067072393155379e-05
6.788106115070710856e-06
7.077672430611717197e-06
2.930866626810973530e-04
1.441949204552012836e-02
5.687109317791646385e-03
1.055925272553539753e-04
1.825536567830276003e-05
1.119329412969346290e-04
9.352251334322727770e-05
4.952230289106017078e-03
7.428181616349784425e-03
5.622992986074917517e-04
4.398371247871464876e-04
2.126884450660803381e-04
5.690849257355651412e-06
9.208255655300827739e-07
1.050741683214710468e-05
6.776532059437002020e-05
1.390088773241093479e-05
3.878937180681491388e-06
6.994831312690208110e-05
5.620047727310136139e-03
1.024083588341140197e-03
1.624599759234220695e-05
1.079945542572528560e-05
2.696342386744151037e-03
6.231322221459906913e-03
5.691691480868342479e-02
2.285274519245186070e-02
2.253770466192117020e-03
2.682866741661864198e-03
1.060752157220375917e-03
1.284274215638171615e-05
6.982733639713839370e-06
7.040959593616071509e-04
2.979588664258975110e-03
3.899181443220179353e-04
1.341077927443271142e-04
5.241431739365191855e-04
8.400135793938943649e-03
1.824181877589268422e-04
1.505797367451325546e-06
4.176355015985573999e-06
9.435055175884444079e-04
1.656777926790916830e-02
8.472005973535780277e-02
4.196631036344624505e-02
2.008556546817804895e-03
1.444740667023449191e-03
9.276195729540789858e-03
5.048188097971015309e-04
1.976953901619382767e-04
6.656185611898889423e-03
3.959862824091965432e-03
1.050519716456181250e-03
1.522837654717316795e-03
1.630133456389098144e-03
1.690887236169233074e-02
8.026648696671799836e-04
4.599308012308378442e-06
5.898101610343020422e-06
2.606234306464079805e-05
4.952106397085525441e-03
1.037073615550191119e-01
3.401562664024559285e-02
2.317428191288445002e-03
3.080923766987227154e-04
3.797766111506093042e-04
8.747782784569137422e-05
5.279116814879067772e-05
2.495175122924893981e-04
7.174214048066904074e-05
4.088385125813176870e-05
1.140178739728262686e-04
2.940767358267943471e-04
8.984083918722874165e-03
3.238599935877375154e-03
3.032108900895185078e-05
1.053015749896722457e-05
2.581356608456405604e-06
1.884222969800772144e-04
9.852380799389855517e-03
8.190814067954712424e-03
3.093923954387413876e-03
1.838038089566027293e-04
1.269768958540523095e-05
5.021156350697808339e-06
6.028060729865802448e-06
9.703607998767438259e-06
4.876623792434995404e-06
5.365827231654789225e-06
4.556473975547040785e-05
7.306021057440202117e-04
9.683200631711259138e-03
4.812778418342012268e-03
9.979990413320096300e-05
1.453526942277251927e-05
4.322064995751873724e-06
1.048806262553622778e-04
6.200996059741807273e-03
3.415557893445716770e-03
3.392655606933368644e-04
3.005853640505385446e-05
5.358732414416251569e-06
4.221048990677101148e-06
5.384643973130015567e-06
6.060715365767700680e-06
4.003724403366187588e-06
6.848499273538031051e-06
2.388160413857227688e-04
5.989127307296796855e-03
6.209866329564238396e-03
2.374783126470697298e-03
1.903716156467481779e-04
2.325461179115050355e-05
8.861367837336126907e-06
1.570365993010148934e-04
4.237656118717757214e-03
3.997229311359720163e-04
9.758228569879666368e-06
3.694722296777160303e-06
5.978218168084568237e-06
8.772129222718956230e-06
1.088655733279284730e-05
1.499968831853641995e-05
5.156851638108504738e-06
3.233660834349367282e-06
1.527181926283237572e-04
8.471586731809950879e-03
3.465776356829500249e-03
3.207986122325904850e-04
4.484868358159667054e-05
1.828979667833376721e-05
1.063696303852594556e-05
1.999914346452802741e-04
3.600694003183711311e-03
1.496371223098935676e-04
2.650986458675218573e-06
2.465898391536684057e-06
2.768288389419260674e-05
1.062104990472492727e-04
1.021347065516703829e-04
2.591732303753748845e-04
3.529932211605921725e-05
2.309942424630554886e-06
5.885653120299216357e-05
6.817787947810623021e-03
3.537337432637603900e-03
7.861306760507696023e-05
7.696549442254323669e-06
9.898269611799700472e-06
1.083147950157292000e-05
1.705823407798401521e-04
2.807677274867266277e-03
1.498689588120312585e-04
2.692012316247909193e-06
3.262574639064829696e-06
2.826491982877117138e-04
3.349530998534848425e-03
6.283570213789630137e-04
1.912659362940354784e-03
7.997935688873090369e-04
4.354826399345542294e-05
5.469905380402354314e-04
8.321500529141396402e-03
4.332936721007823663e-03
4.041220729438460904e-04
2.609114572814248261e-05
1.259307108936738045e-05
9.694935322789883782e-06
8.828535731296141738e-05
1.014910244618606348e-03
8.528144818082499781e-05
2.520847431645943377e-06
3.635274842805636497e-06
3.405595125590066209e-04
5.948393697243252454e-03
1.363618009503107971e-03
2.183459386936033569e-03
1.710888245680550375e-03
1.019932455162808355e-03
1.791049800011560583e-02
1.137826121830305334e-02
3.334042598544272908e-03
2.958800188265298461e-03
1.929281381373938373e-04
2.259550883886550927e-05
1.654617613996512546e-05
2.063735116189137494e-04
2.482372221562339273e-03
1.918924529808599194e-04
8.737367459786377124e-06
2.971793403883209522e-05
4.932677416176890588e-04
1.392770544874623057e-03
2.423995764908246954e-03
2.093005939607537388e-03
5.477213568519853897e-04
1.849831743683857249e-03
1.388102044125768229e-02
2.064521500243911116e-03
2.705089116803389483e-04
2.066965425192232044e-04
5.234918553109453934e-05
1.913272985214540769e-05
1.660049200418796416e-05
7.159518206159889151e-05
3.158977771141727501e-04
4.619490464766861656e-05
1.097147745031028940e-05
2.261719559409896695e-04
1.969908011674661487e-03
2.298283102545619868e-04
2.878964992074532032e-04
1.039297024955553690e-03
1.368761974814148045e-03
4.364408286897158117e-03
2.696420521719164118e-03
1.399312213045981676e-03
2.190684263857423846e-04
1.804041936459618715e-05
8.609323052674012990e-06
1.540783986758906989e-05
1.068522197044392114e-05
1.292233619623463696e-05
1.617593220769711663e-05
5.103810164155429883e-06
4.725823312982094467e-06
1.050906577099510483e-04
1.062308979519887599e-03
7.711857073156560746e-05
1.953878023188540048e-04
1.075056382662862957e-02
7.409403302353583312e-03
4.820710757409371085e-04
6.173684783027471559e-05
2.001165254178873865e-04
1.388227846718972079e-04
1.275037471248774496e-05
7.908458272280084999e-06
1.855983253649467235e-05
1.239306049980100512e-05
4.627211287689826495e-05
8.917573509010721900e-05
3.966510575226759341e-05
7.952478845666054944e-05
4.925212717398084940e-04
2.486867570518512018e-03
2.310734012450969235e-04
4.202318868510848877e-04
1.452097673268471466e-02
7.283713641842305252e-04
5.459702443316158515e-06
1.964265040933987450e-06
1.081441384835270071e-05
1.967517035185835250e-05
1.086131455499027188e-05
1.183686321408135908e-05
2.267292670107542022e-05
2.553281085584357518e-05
4.586618120037587389e-04
2.436113235630645805e-03
1.749786627528218111e-03
5.687612732814699423e-03
5.138956561791285446e-03
3.379087341935536112e-03
2.456526170482368999e-04
6.207732013392563031e-05
1.906677474758882557e-04
2.271044918209364814e-05
2.351081003734626214e-06
4.013373218061273964e-06
1.263033873510004944e-05
1.844114377932543601e-05
1.877289578846686407e-05
2.182976673498181411e-05
3.244672661134899092e-05
