1.819371787152908738e-05
1.389919738747387914e-05
1.361634263454648940e-05
1.421951998861276826e-05
1.377787224976614243e-05
1.131203940398893147e-05
9.015574445589502817e-06
8.554183233838700512e-06
9.436606507992780624e-06
1.151027890619797878e-05
1.348809226648548475e-05
1.382414387144317942e-05
1.350599624418363535e-05
1.340539684007843523e-05
1.337666141935114692e-05
1.318626974428448767e-05
1.374728372337423949e-05
1.816790134536800982e-05
1.405409398952358828e-05
9.985769891720298511e-06
9.277389078105574059e-06
8.641760157091509409e-06
6.455652252479354464e-06
3.962395625836013125e-06
4.705392158549790891e-06
9.565920012350527150e-06
8.356112882186700737e-06
6.390655373640840004e-06
8.297145170898399455e-06
9.982664533013396813e-06
9.879859263730309460e-06
9.631068669429122725e-06
9.531941381048669064e-06
9.323076933008898730e-06
9.763973403777781443e-06
1.375329777776140467e-05
1.328820031537345563e-05
8.312652518603920907e-06
6.341120292214540389e-06
4.588281738579384307e-06
3.451604218779174986e-06
3.698138310647300101e-06
2.488634996108649258e-05
2.746097711051595286e-04
6.129424611922916326e-05
5.540811538156087515e-06
5.172733273991028904e-06
8.588689024884751776e-06
9.506649571577823108e-06
9.307995255848931904e-06
9.221683003971783551e-06
8.971799335911498122e-06
9.325227671519379632e-06
1.318720809880431630e-05
1.159453523223710445e-05
6.562252842495271680e-06
6.510594052904566809e-06
5.918852408977863470e-06
1.069898393695831416e-05
5.492252847773827605e-05
5.845457944836067324e-04
4.794152729731982615e-03
2.044422600226416208e-04
2.705918705414832891e-06
1.892588122563034022e-06
5.589846531435119719e-06
8.418001932535799518e-06
8.766582711367162229e-06
9.263773439353421992e-06
9.275515241968771996e-06
9.559525966276353898e-06
1.337414376385732273e-05
9.134117234248033244e-06
7.594770024646930949e-06
4.557352831753821499e-05
1.415212662468728585e-04
3.320494577685171081e-04
2.458223578492780854e-03
3.143723288678373050e-03
3.836288386893400328e-03
3.303352471828341114e-04
4.643861472655765834e-06
1.481484002483126113e-06
5.749910202313740315e-06
9.728870793230695745e-06
7.465418215446223130e-06
8.288938588831528182e-06
9.341882435862368687e-06
9.709550590308215685e-06
1.341249059626207209e-05
8.232784351164763856e-06
1.069449883399379004e-05
3.022252577647442152e-04
1.858501558903271136e-03
1.049204209963823867e-03
2.023620612673739279e-03
9.566785076503829706e-04
2.088232857121767420e-03
5.835522945364356347e-03
4.093132722717040053e-04
2.947468656134004974e-05
7.185861061797307056e-05
4.499288384743489587e-05
7.307740806567408248e-06
6.423012353839554049e-06
9.118676063553709385e-06
9.921499986197780874e-06
1.344653764267986749e-05
9.027253144291219478e-06
7.512161802767645606e-06
5.044218429407009243e-05
8.514759798866290339e-05
3.435514646556036167e-05
7.429105049984251847e-05
3.864368883847337221e-05
8.494961922810802854e-05
3.820221345338730215e-03
7.711342425199838382e-03
1.067430352216153016e-03
2.236857713341476681e-03
2.329491183273385774e-04
4.953571572201156029e-06
3.753607036014595702e-06
8.205132318630441684e-06
1.015621730284660746e-05
1.359276964255685587e-05
9.441092496196562471e-06
4.522026364487324729e-06
5.680677990120967824e-06
4.579446354940977322e-06
1.257220223484718959e-05
1.494510786003968781e-04
2.157692509519958311e-05
3.004069813072749796e-06
1.314198066165151411e-04
3.636774896080333368e-03
3.420157700900442778e-03
5.747241318043680089e-03
1.639532818282806771e-04
1.650570845005626136e-06
1.613877976259299297e-06
6.111223614687774170e-06
9.860433787757473108e-06
1.373322268252477416e-05
8.740075976315992063e-06
7.367129311434515483e-06
3.469337878743783892e-05
1.486156262637134946e-04
1.014575535277130545e-03
5.016317166320630183e-03
1.231034548609459772e-04
3.185700931445524865e-06
3.593188331381134211e-05
1.782248592648529376e-03
6.767411251237004377e-03
9.235334857556367488e-03
4.521897633864909870e-04
6.114354777677226584e-06
2.236721032283035813e-06
5.221542801021222879e-06
9.145541709396860704e-06
1.371211007800061230e-05
8.166639525189230543e-06
2.515807891977763641e-05
4.067208832965413332e-04
1.642178855646600445e-03
2.460518555868549187e-03
3.104916230288815460e-03
8.640620661466603828e-04
1.120224068798057325e-04
9.483390643666156090e-05
1.328587935426745175e-03
5.710494785957410252e-03
5.986658604272259571e-03
5.508149620461026685e-03
4.872572482813188445e-04
2.271873707832637777e-05
7.832688056771686260e-06
8.964008760578282600e-06
1.367444134656044332e-05
3.830111568023156617e-06
7.426747491629193338e-05
2.407201173196001250e-03
2.016890535151748352e-03
8.442325327302955228e-04
4.992552156162028331e-04
2.049494686040777801e-03
2.211128834788829347e-03
3.335531121070580080e-04
1.563983929090642221e-03
3.435061355896886718e-03
7.860194966975262050e-04
3.443488708786091642e-03
2.036471629856151377e-03
4.676598050822790439e-05
7.217267354695868348e-06
8.126004481885541872e-06
1.362479748400979356e-05
8.928632917742791593e-07
1.854868041593517444e-04
5.622062083369521596e-02
4.877930189642649267e-02
1.365071389387357767e-02
3.632953415019909353e-04
1.546688407131105415e-04
8.157997102850091673e-04
3.932266921275810972e-04
1.143014727811466616e-03
8.521194557723175966e-03
3.511820901046206530e-03
5.371007717935474650e-03
1.585803359747353864e-03
2.792799621012156925e-05
4.746455402405915979e-06
7.075194438988503523e-06
1.361897537403389254e-05
1.732214634534952816e-06
9.960567098391136416e-04
2.386748134876669203e-01
5.603905532458231670e-02
1.552339638473684141e-02
6.993134314499283195e-04
2.477937833842911971e-04
2.710681108984934733e-03
1.737541134319359670e-03
5.278085814012296222e-04
5.231351394501738104e-03
1.922776353457462256e-02
2.174947904093382789e-02
4.711166465270678894e-03
7.528936667155145597e-05
6.365077383107713858e-06
6.997180745844272078e-06
1.375813792791418792e-05
1.906470031493556468e-05
2.660046742021714150e-03
1.094882169086415086e-01
1.813040405574285405e-02
4.876905430448132822e-03
3.437969606356053396e-03
1.835145003048456501e-03
6.841566481369348559e-04
1.493513937339833108e-04
7.772429067794745427e-05
1.097522965864766286e-03
1.163189858192089851e-02
1.652384618323027646e-02
4.050398269576548776e-03
8.179426167530290967e-05
5.347725124077759038e-06
5.652446204935496832e-06
1.313469225691008658e-05
1.901131406507506499e-05
1.396541563312830847e-04
3.184867270367326697e-03
3.068897433464683969e-03
1.002652918254214780e-03
3.342217736508167579e-03
4.653048889991717382e-04
9.042103446593951582e-06
1.185138536254078797e-05
2.564670464052527105e-04
5.168384126359654336e-03
1.308350751965138038e-02
8.344097322696374802e-03
2.097059092326479003e-03
8.768400826169948025e-05
5.962372099415010976e-06
4.440123625654375831e-06
1.121680676391629820e-05
5.237986476958635615e-06
5.768448093452750524e-06
3.241068261372220577e-04
5.643252194866273802e-03
4.138267511118703078e-03
7.628582371960118159e-03
3.073909985327059522e-04
1.703067883892725793e-05
1.760559999394311367e-04
2.451655335674807461e-03
9.996845559485859414e-03
6.016703483514922526e-03
9.520216608462229568e-04
3.932780765557662272e-04
3.263855138004630044e-04
4.065024330093311688e-05
6.353525686891184147e-06
9.349823515743575179e-06
4.735530704835455079e-06
3.170452847795014240e-06
1.786000389990408718e-04
8.430162064341226516e-03
2.938798617974608830e-03
3.648993777394376201e-04
3.793322338843030985e-05
1.689310612855288022e-04
2.483636312129711837e-03
9.166901525335135505e-04
2.375446591378873630e-03
9.468179295413258270e-03
2.277776653528080196e-03
6.767732435155067840e-04
1.800538862236022346e-03
2.600862105940421809e-04
1.079921348516400970e-05
8.785982553159598748e-06
7.944391422471231665e-06
4.879031992656324546e-06
6.633773927802113655e-05
8.402529929149158599e-04
7.788218852408993181e-05
1.674755241281307680e-06
1.389535869832075600e-06
2.071484977516064414e-04
2.373681776394969464e-03
4.034634212418613348e-04
3.284010884555545531e-03
1.304403305955751866e-02
2.439222744290380201e-03
3.160506634478865923e-04
2.052192434999899483e-04
5.312376917990411579e-05
8.182801133052304719e-06
9.539408813931306991e-06
1.117269957844784722e-05
7.252531596624118723e-06
6.190493104568862070e-05
1.905611606216919092e-03
7.434048297524460322e-04
7.844593150646207537e-06
6.292086993016036035e-06
6.692006662082219471e-04
2.411428891688598142e-03
1.545552103311901302e-03
7.135172690689610062e-03
6.548727979429569629e-04
3.088986842295421615e-05
9.763908309217232809e-06
6.865857579459540942e-06
6.303624176898028264e-06
6.314795759455409436e-06
1.156682613610136940e-05
1.017466069690448710e-05
3.761981344133615873e-06
1.291534348508667425e-05
8.918771306922351500e-04
4.574172964671691100e-03
1.846295568535485259e-04
1.135561624876336946e-04
1.820689177041451062e-03
3.797637784152279542e-03
5.506060363175467251e-03
9.288527916637657686e-04
6.880233712424211146e-06
1.109381909649979667e-06
2.660265212427248269e-06
4.565317540074241416e-06
6.044140708580658176e-06
8.176809783390471834e-06
1.345387258216878393e-05
8.965532522126699178e-06
4.059369095674522682e-06
1.698697817845927607e-05
2.683833933754411301e-04
5.864886092293575270e-04
3.848202892953385716e-04
4.160500485388850451e-04
2.526122114278012512e-04
4.249298866843951206e-04
2.336129021438255408e-03
1.212292559088805539e-04
1.560169606235754019e-06
1.323100949752848214e-06
5.195551009075331213e-06
8.615408306451410097e-06
9.084854083430572708e-06
9.753043461956328622e-06
1.378091786233187032e-05
9.234760605102362456e-06
1.081105709588103585e-05
2.352351496533397219e-04
1.766672932602255351e-03
6.687971840070791596e-04
2.189058715310591378e-03
2.523315796033233187e-03
6.511552655569190066e-05
2.004545651689319878e-05
1.119250162976871547e-04
3.295488807522171536e-05
4.106877595503153403e-06
4.774409564847862982e-06
9.010295995395723549e-06
1.017781452307205502e-05
9.520077705764612021e-06
9.662586053441969667e-06
1.344990702721691915e-05
9.482102423044944654e-06
8.830299620846198484e-06
7.432002138363620147e-05
2.276555509453019957e-04
7.646250976674448291e-05
1.991527113425751690e-04
2.499167959874054211e-04
1.803844458272127322e-05
5.155024879464039294e-06
1.034950303730423865e-05
1.035317391316991561e-05
7.289468643991209932e-06
8.415571778606493650e-06
9.695835149277963084e-06
9.458889757215476060e-06
8.957926896589960540e-06
9.291336995178190250e-06
1.315300361992845632e-05
1.153118447699158996e-05
6.361130020412802372e-06
7.580754096274031932e-06
7.307851946476621111e-06
3.879834747031952249e-06
4.898107512512099912e-06
6.947845302582893351e-06
5.498301482876344969e-06
5.637399938503556854e-06
7.505053964929222903e-06
8.504564300027631435e-06
9.008154667139941260e-06
9.663591433517902045e-06
9.768403456343243351e-06
9.533055325192537241e-06
9.271843219157848055e-06
9.734822572583254699e-06
1.373110153909018137e-05
1.815729957953307854e-05
1.166239223911758918e-05
9.211846523728092512e-06
7.659983556232321226e-06
6.266477689991425716e-06
6.157647544240071812e-06
7.246747169888764472e-06
9.500141762594038161e-06
1.215138344500149015e-05
1.331701918142469105e-05
1.339722768370163548e-05
1.348547646858358079e-05
1.354634001265235184e-05
1.346643462879700229e-05
1.335078534292065506e-05
1.315764102150885977e-05
1.373792956376894836e-05
1.815697137173413742e-05
