1.679158636250718817e-04
5.868807677780260058e-03
8.789748523693989221e-03
6.182422876451906628e-03
4.301461382622051577e-03
2.715565052562918507e-03
3.476487034944251379e-04
1.078343594203846336e-04
8.177053405822463027e-05
4.569373183297362748e-05
8.439045271880741905e-06
3.379691576289231209e-06
9.545336944897158749e-06
1.381534044571095855e-05
1.123826530996036838e-05
1.276592757894241978e-05
1.420931588741471854e-05
2.156323315556711202e-05
1.100285567426636466e-04
3.780123886526900318e-03
1.001448307581418416e-02
6.087260075732238776e-03
1.178015300059381126e-03
9.454473765940611413e-04
1.660288213618551015e-03
5.164915385280217409e-03
7.705547129321066099e-03
4.166350049996879988e-03
2.356065087559237761e-04
2.200945822588824228e-05
5.559867413535016174e-05
2.990890943395768496e-05
5.925058714053475922e-06
5.152581541020780548e-06
5.842681291406470765e-06
9.093771521868415024e-06
9.293925315916134425e-06
3.077506888840956275e-04
2.427571584652844696e-03
2.062041680609093958e-03
1.075186376069963692e-03
1.954559838213271714e-04
5.912918133305415885e-05
3.754678687399706284e-04
4.613888800789577894e-03
2.212019722987183801e-02
1.171770620194378422e-02
1.708160216869686072e-03
1.074378014550766806e-03
9.076669438040449879e-05
4.351353421742936707e-06
2.792727771629378522e-06
4.442632528216966513e-06
1.014658942175066604e-05
1.436989153449673765e-05
3.588780457645458820e-04
1.009821174603785145e-03
6.682582108119052835e-04
7.231394145583435211e-04
1.106198261025555766e-04
4.145466791758931904e-05
1.133320910684066594e-04
5.690989685228990116e-04
2.672989582993780602e-03
1.089303623823525274e-02
1.712248683304863628e-02
4.216794755255688122e-03
1.868311649757928609e-04
5.774857438519570381e-06
2.384091061995319875e-06
1.425155423954975887e-05
1.415791496741041324e-04
1.059816430469612476e-04
7.774315706228649087e-04
5.137647108319627317e-04
8.718955988862810884e-04
8.273802557582715048e-04
2.283602576279279857e-04
1.123309701544613704e-03
1.351805359802142918e-03
1.113168640032957939e-03
1.520620688348846544e-03
1.643364715155026801e-03
7.300600775307863020e-03
9.650609786409171387e-03
2.740160924663767594e-03
3.124022130318140672e-05
3.347792123005815584e-06
4.973647194431980538e-05
1.154736302413563549e-03
3.132663545075579448e-05
1.856849004802733883e-04
3.553936429099752202e-04
1.504774139123989411e-03
1.949296345867113263e-03
2.749471265339555634e-04
1.198749611434460826e-03
3.276634806808710176e-03
3.689736503893384367e-03
3.593489275169814510e-03
7.793950562951688314e-04
8.343033394884266261e-04
4.541694467411846840e-03
1.866790086756701245e-02
3.039951278966011796e-04
2.401974081563221873e-05
6.589396756860852768e-05
1.445724313350199314e-04
9.800955909058354528e-06
1.388497140077773529e-04
6.285797412471653056e-04
5.440605032616092169e-04
5.599167075104759164e-04
5.343840598709129539e-05
1.594720108455950321e-04
1.371935864715266963e-03
6.186400767741332199e-04
7.490994903169696751e-04
8.790511444898201163e-04
3.257171667326369188e-04
5.543453038462920184e-04
1.298568497299020484e-02
6.928697228457954098e-03
8.109188207978050393e-04
7.527973594080487418e-05
1.144699656494721627e-05
8.511996274494951657e-06
2.956072589795049460e-05
1.019611802314169304e-04
1.978299583836132258e-04
4.211250152500494370e-04
8.996739421605841184e-05
3.003340234792448897e-04
8.334570733746417704e-04
7.800106636586850355e-05
2.084032298293296299e-04
1.261818120266085556e-03
3.283308777638093323e-04
2.999044046561704225e-04
4.523194253459816849e-03
6.233848081864426863e-03
3.857043182824721069e-04
1.331938553398881339e-05
4.574452017719047858e-06
6.146613786704454832e-06
4.056322665680241970e-06
2.838593990819944483e-05
2.032289795217436770e-04
3.317615735044053397e-04
5.444649358946044735e-04
8.564670775086122376e-04
3.528412507014658315e-04
3.657553293303582830e-04
1.478107123504518450e-03
1.071091860482059448e-03
2.938755781840646729e-04
6.966374410255889377e-04
1.731862686432149865e-03
9.593402142025843132e-04
1.553333968441404059e-04
1.236537585222105811e-05
6.793088582510236237e-06
5.497194734325168563e-06
7.919109446083968790e-06
2.254346686750992562e-04
5.507357220844276294e-04
3.007473376116648334e-04
3.730344905307596270e-03
1.950768044261501659e-03
2.824011722564479247e-04
2.072318262086489740e-03
1.535019687509514476e-03
1.923478690668213489e-04
1.717705476964477551e-04
3.371857762659664828e-04
1.242601459065739277e-03
6.919878422668761069e-03
2.260683126493936296e-03
6.420539719854801808e-05
1.073606404092969955e-05
5.218125599711241989e-06
4.122705527776508234e-05
2.767882420658305219e-03
2.279826246145945194e-03
4.075705666491931736e-04
1.363222016183073849e-03
9.666513223646537546e-04
2.685355830682034498e-04
1.805818020069858043e-04
9.360461696998648672e-05
3.297694613317215693e-04
8.264783638183881330e-04
9.590995439269029083e-05
1.513685934463765718e-04
4.645433486334794512e-03
2.211254219802733043e-03
9.065854578016983596e-05
1.203167308328530210e-05
9.479952473427277876e-06
2.021269235385133873e-04
1.022296654064987209e-02
1.114370961130737962e-02
2.349648134950584315e-03
5.217383462590988652e-04
6.070311045257403403e-04
9.663398404698889761e-04
1.283025028702928301e-04
2.321579836060150032e-04
2.397174236878186517e-03
1.719902285166164486e-03
1.642615924873347660e-04
9.127217050532614249e-05
2.444822697581908177e-03
7.246907932203503974e-03
1.176883705430192871e-03
5.086696502394557766e-05
3.505546126364198303e-05
1.329359053093769625e-03
2.393330869879590692e-02
1.594840320893656932e-02
9.284903960587773120e-03
2.369595350002871685e-03
1.280958095523096604e-03
1.293277311224786405e-03
3.240681789537909149e-04
1.032516128064493504e-03
1.560801474229122666e-03
9.275323411790326262e-04
1.659001895575396186e-03
9.240163912536376130e-04
2.736616931268033483e-03
6.458131725935416581e-03
2.658142599875494387e-03
3.755423910594596392e-04
2.828724230836908755e-05
1.535710669966879310e-03
6.809509110056710668e-02
3.039657030710895755e-02
6.881293423943523647e-03
2.074113736682068471e-03
1.810606739107239961e-04
2.769012359645194190e-05
1.711122173836158189e-05
5.491910130279233386e-05
1.295817797629895615e-04
6.139860746997896071e-04
3.850920151279071599e-03
3.811363466178852803e-03
3.103813803631348938e-03
1.114460192033555567e-03
3.866209560963128605e-04
9.990566406332052410e-04
7.005513108873825235e-06
1.107239843485615408e-04
7.603983260562499451e-03
6.630603399959101966e-03
2.232782578036812855e-03
2.311280845014006009e-03
8.303794768557355482e-05
2.600871125093356292e-06
1.925461289145635141e-06
3.753853962760749764e-06
1.750553484859622113e-05
4.180830789568074838e-04
1.406408191657512177e-03
1.336591006812128156e-03
4.789893955327531420e-03
1.495781515250140577e-03
7.268665439990088743e-05
1.214737746952640414e-04
6.582509727629159452e-06
2.616558281511379788e-05
1.266897685074173290e-03
5.238149896995085951e-03
2.746063675326598005e-03
1.397143074719165746e-03
5.107435532172228715e-05
2.334985815235499709e-06
6.782273267853490689e-06
4.447905591015650825e-05
1.592786447439851994e-04
1.229784521051843858e-03
1.012809469598421712e-03
7.894742986047667511e-04
6.875155292280512274e-03
1.253163359887623455e-03
1.318783739793555572e-05
7.311900131811787039e-06
8.749955872684987170e-06
7.996612825345126175e-06
1.300998839626431032e-04
2.091546447563783460e-03
1.474600458383610105e-03
3.567270081782443112e-04
5.606760019990053280e-05
7.222890690884023533e-06
4.396373957176441104e-05
1.186883103475284669e-03
3.074434885726557657e-03
1.271364908513380933e-03
6.128968573087920264e-04
2.342355226054699223e-03
9.219279150272045170e-03
4.235459364572839486e-04
5.216642419311184644e-06
3.476420234210445970e-06
8.168172243561583898e-06
3.734287714567687498e-06
2.782713305271597321e-05
8.159885716207167109e-04
1.635960275428368152e-03
1.215856005653059586e-03
1.146961461465449781e-03
2.382029291516055028e-04
2.726103821122999251e-04
1.321564555663418605e-03
7.372978239984826800e-03
2.067211467208561991e-03
8.481109233268095508e-04
3.590572834504294000e-03
6.765497864536521022e-03
1.352308068000928655e-03
4.037228874376712898e-05
8.619775709594331589e-06
1.111923299142851494e-05
1.611270640725084792e-05
1.201038417813932868e-04
6.720915332067597643e-04
8.343306097738092345e-04
9.092606929763275307e-04
8.935008561993377542e-04
5.502763071846010403e-04
1.340058286577069024e-03
1.830071026560100428e-03
4.881835687997432630e-03
2.672751796978148527e-03
1.995208313382730841e-03
5.174178708353802461e-03
5.769899353557604409e-03
2.468881014170061419e-03
1.041321233060290142e-04
1.271122908442632904e-05
1.364026492591724288e-05
6.996452698356438063e-05
1.058185569385927845e-03
1.080517059851738605e-03
5.332039320617319375e-04
8.539504609040141948e-04
3.312532722472159765e-04
2.119455972938238074e-04
2.445789347134992922e-03
3.066314832847437388e-03
5.387216765185210343e-04
6.768847524662939107e-04
4.022112874232141103e-03
1.535283813787187944e-02
7.829656995081864940e-03
3.323072479297032450e-04
1.144059800026350659e-05
7.020840056140926177e-06
8.144338237862833288e-06
3.134502961959080943e-05
1.739226860786002773e-03
3.465577031426210226e-03
1.045603286327040837e-03
3.303631113236617147e-03
1.360692416334281438e-03
7.556968326474425681e-04
4.383478184922112893e-03
1.763749579258239684e-03
4.137668361556828150e-04
3.540633156788077374e-03
1.507721782179342190e-02
5.940778406040269841e-03
3.787498945027725815e-04
8.074716827459800939e-06
1.737926772538084709e-06
6.744933757105048130e-06
4.034657370176152188e-06
9.117306723561542051e-06
1.357159343244452752e-03
5.143870034015771142e-03
7.461104528628160646e-04
3.803518051177358882e-03
1.917535650233948008e-03
7.234865035990765752e-04
2.633700583655272220e-03
2.929271765696362870e-03
7.323741333515701966e-03
2.853035308517205132e-02
1.361346866133331113e-02
1.147678057521389627e-03
2.511877487489845725e-05
1.748215455555364667e-06
2.299878692154769004e-06
1.157076034821081293e-05
3.094944624816946645e-06
8.895868556398402475e-06
4.731211000746419451e-04
1.180180462773269866e-03
6.159846526321051266e-04
2.673685056823999363e-03
1.267032483746641453e-03
9.922763796333415251e-04
4.629236809609686698e-03
1.676505784550175182e-02
3.828168429597070266e-02
8.987041086628453843e-03
1.229508671963315753e-03
1.641539311700157132e-04
1.153507793994618961e-05
3.475925561882726401e-06
5.513591623319553163e-06
1.457981000430405520e-05
1.148621328220490398e-05
1.784119383301225150e-04
2.320059813837530970e-03
2.263120484641759859e-03
3.545717495819792654e-03
1.830973453668043949e-03
3.530235294481740482e-04
1.663316340147617508e-03
1.182099663942648426e-02
1.004073081897015676e-02
1.606694634693342028e-03
1.086916108732924411e-04
3.065903544377774037e-05
1.459941675427631732e-05
6.198972705456149106e-06
5.744905316688000029e-06
7.679161635282251658e-06
1.413371092299563673e-05
8.131192261728119298e-05
2.813311442879884439e-03
1.653358278322107286e-02
7.169025921355915050e-03
6.262674624005828972e-03
2.812191456658240211e-03
1.378923315631448709e-03
4.313967197513603712e-03
2.982221456537765669e-03
2.001955902300230224e-04
1.439453131329145681e-05
4.524327396632416708e-06
6.530600542124825817e-06
9.932753335986042729e-06
1.097239669873599355e-05
1.261356760594520231e-05
1.381757332525422187e-05
2.151515290360085913e-05
