4.006862414583876186e-05
7.764797636383523717e-04
4.590460362497070755e-03
6.682144740652925380e-03
8.735746091582310274e-03
9.623069222648304895e-04
8.303226368934196050e-04
4.275187128201981754e-03
9.423619806237080619e-04
3.936170247699508296e-05
9.654179798785209306e-06
6.802787403914924808e-06
7.534641354329262582e-06
1.496662968326216367e-05
2.336746299436561299e-05
2.387773962764689427e-05
2.361469390920687008e-05
3.055265607023477533e-05
1.579996244782095975e-04
4.566986684914804001e-03
5.011630671534282599e-03
3.841056004528087134e-04
2.271518105504486264e-04
5.884057240537129974e-04
3.295345540752695965e-03
7.143092178985681502e-03
3.333149665010345496e-03
5.827575932207953394e-04
1.605062368379557526e-04
1.755626121569175949e-05
2.342615444137480157e-06
3.633094361482371049e-06
1.133960844615813445e-05
1.678602232329216588e-05
1.738627285481996165e-05
2.335907086142381946e-05
6.057295515589828538e-05
2.964188612932815484e-04
1.589962778473698476e-04
1.398885181670983027e-05
7.986310394196810113e-06
4.292915044684100860e-05
1.831051519226591616e-04
1.940014903720296455e-04
2.262491962819783095e-04
4.891406590091791455e-04
3.716786757558375974e-03
1.431563537674347165e-03
2.163138066524803471e-05
3.079223009671005972e-06
6.277907150332837742e-06
1.381357150312494820e-05
1.708311820169857711e-05
2.286003792117764346e-05
1.630071197006596149e-05
1.529147788805794244e-05
1.224640521025785909e-05
6.722162057173201820e-06
5.507915944872788308e-06
1.033356724463833146e-05
4.746190151722271531e-05
3.425904074306374437e-04
3.446565226507605491e-04
9.826858754135758183e-05
1.138144742823444036e-03
1.326211158397856173e-02
1.055431237242465377e-03
1.477943423688064025e-05
3.709713213415251337e-06
8.532902815128075422e-06
1.636857511233093048e-05
2.400434408746272841e-05
1.719179436652798230e-05
1.134169879207188603e-05
1.144051072017801405e-05
1.239108154722245787e-05
1.120785876217387807e-05
1.431484590168247488e-05
1.393591915721789968e-04
4.851092235819970747e-03
3.728187495386008250e-03
2.047048195756325092e-04
2.679365430828835998e-04
2.394717901361424501e-03
3.929976428911090627e-03
8.725091467225723962e-05
2.692012611923354770e-06
3.746970305375625696e-06
1.259681381374514871e-05
2.441926226625845204e-05
2.307392345447247415e-05
1.578412423029020896e-05
1.476790298758338253e-05
1.524481285762599682e-05
1.417076038815435800e-05
1.431210907652061699e-05
4.021757573864148601e-05
2.436983992753585272e-04
6.049776012975624463e-04
1.928070728313505686e-03
2.495847812328887139e-03
7.655974391045636046e-04
4.176471957303866563e-03
1.882298672064413583e-03
1.833252329931073419e-05
3.029446656664424931e-06
8.187224424682284848e-06
2.269367667435284679e-05
2.302390585906456433e-05
1.376315725605029910e-05
1.071337130912606031e-05
9.300878679071425650e-06
8.361520586663632779e-06
8.420731119020756993e-06
8.283994032521551393e-06
1.273900272481181380e-05
1.432357379166892262e-04
3.725097526543239695e-03
1.012519223401826471e-03
4.641126935919877083e-05
1.160380055575354350e-03
1.866407146494408753e-02
3.058489510240407715e-04
6.081874089740166699e-06
6.127364427662266059e-06
1.966159281047237238e-05
1.927923584319864161e-05
1.148945721815400784e-05
1.553548742746680322e-05
1.418934559380171196e-05
4.232436585283077948e-06
3.005400235513553281e-06
5.532936599209685854e-06
1.143271655276480949e-05
6.952698982922803366e-05
2.165815352996933846e-04
2.894478872483224419e-05
1.551233594066764836e-05
5.324444967145212666e-04
6.120080944839584140e-03
1.245116410311852958e-03
4.621567554673095170e-05
1.027759227498544935e-05
1.826848876680534770e-05
1.464585912680182087e-05
1.345326389834452697e-05
1.366091801840158936e-04
5.451176600069678260e-04
2.913351477339794703e-05
2.381766047442259598e-06
3.934409455183165864e-06
1.028867222985018837e-05
1.661569959125435203e-05
1.674957645754541992e-05
3.990386454563816447e-05
8.754495014165306239e-04
3.009146754715235923e-03
1.529115776898289786e-03
2.520110860081642944e-03
2.511029960224570121e-04
1.256730657817603026e-05
1.379034589892314327e-05
1.502555646895543266e-05
1.551984005476287162e-05
2.548125248480026094e-04
7.580879199652283858e-03
2.022591586824516730e-03
3.070362976499985401e-05
5.753173710706431365e-06
7.635377765850113086e-06
8.650493649302372717e-06
1.391456328012906700e-05
2.080807794499284831e-04
4.185099319753613628e-03
9.584810759291237338e-04
2.390672351543276304e-04
1.336207442822455417e-03
1.643009947377373399e-04
6.252334743951839487e-06
8.620189131653222203e-06
4.187711903806522483e-05
1.556785672475297056e-04
5.840018624131173815e-04
3.766948210180459840e-03
6.999982907594275855e-03
2.037093862837574467e-04
1.800320682905735001e-05
1.201645454762468980e-05
7.732697422899931699e-06
1.200758059181255239e-05
7.304987460499054723e-05
1.855337463931888058e-04
3.949800583964938879e-05
1.032958373314054717e-04
3.418462544526073687e-03
1.125143068752125410e-03
2.827429487616842584e-05
1.198313004175212683e-05
4.872101230511606974e-05
4.727839249574790695e-03
5.329823222278003148e-02
1.982426516292346702e-02
8.514120701740566718e-03
4.605007142522331764e-04
2.846014892174016640e-04
1.396933777699605557e-04
1.219216360470505967e-05
7.954112442495590325e-06
1.581978353107821693e-05
1.484092625846187334e-05
6.311579717466898815e-06
2.176379797038795967e-05
1.032604897226399197e-03
3.429312132597789418e-03
1.486108640539404865e-04
1.668832024162238457e-05
1.695315263642795353e-05
7.317158100569321789e-03
2.611785853989000428e-01
5.225596106173742428e-02
2.734510808697527759e-02
2.435351010713246358e-03
2.313190108899926094e-03
6.303039513631974490e-04
1.738548410831115436e-05
7.966290307651100629e-06
1.253070107780049244e-05
1.025885537314220746e-05
3.857966372731570224e-06
3.208862208218370617e-06
7.761721475992690918e-05
1.597922486136948723e-03
1.835554909253494312e-04
1.369279905510310092e-05
2.762212124953254368e-05
5.001776549692713535e-03
1.232462365472997423e-01
1.976280988109080025e-02
9.696286830009124072e-03
2.192322737462721986e-03
5.278383282357196208e-04
7.233491917422478685e-05
9.049515161207288201e-06
8.749692061471227463e-06
1.326497636807381880e-05
1.316954368132305606e-05
8.965708829461233295e-06
8.721126370757567602e-06
1.455778355206557872e-04
3.004054790486132640e-03
3.415525767569177907e-04
1.825939393360679995e-05
2.000536735631463090e-05
2.202889515596543571e-04
6.769152634488130940e-03
6.960297715283119899e-03
2.258547991171374648e-03
2.405597817197456176e-03
3.569450061330940380e-04
1.614454745787748618e-05
5.576896971967535289e-06
7.605504418901536978e-06
9.375212705792975587e-06
1.446216215968712991e-05
6.034244724837418571e-05
2.991073974295098826e-04
7.843441414425262811e-04
6.233345812576175779e-04
6.650537671317331137e-05
1.526245398009676114e-05
6.944759444461366815e-06
5.959682430477401203e-06
1.864598532928914349e-04
1.676249083647207098e-03
3.658165234683242247e-04
3.138393572069618194e-04
1.238424158003735814e-04
1.204824133612487566e-05
5.990488196819150770e-06
1.143936220375870384e-05
1.727550858840791608e-05
1.386195288325876675e-05
9.042552540597517197e-05
3.604282725294345735e-03
5.236915980927131162e-03
1.684701946207642657e-04
1.085401786294407112e-05
1.079146490919743196e-05
8.612346221065388785e-06
6.314150566771635235e-06
2.121439879789703683e-04
3.265320646071248091e-03
2.411064558181630726e-04
2.282337227952904387e-05
1.356638064682864442e-05
6.495582585947079339e-06
7.395360018709223203e-06
9.084698125960382199e-05
5.159815852440805114e-04
5.544903876499932536e-05
6.113336327393147020e-05
3.166553006976917210e-03
3.529135902814347671e-03
9.626610959054872916e-05
1.007858640232055873e-05
1.203897762570472537e-05
1.324587840583405726e-05
1.444027015101823353e-05
1.350376506745133080e-04
4.356269777981296751e-04
5.314411252292904211e-05
9.075010299268101727e-06
7.152145561721555274e-06
4.860750871529694054e-06
9.184586305341759047e-06
3.395155846763045818e-04
3.101799048997908297e-03
2.036850785255978611e-04
2.226396415422633853e-04
6.725258454306958823e-03
2.914624291229574952e-03
2.628661147872602636e-04
4.557078510515705986e-05
1.780082729809421931e-05
2.131469726975600187e-05
6.997099030125878468e-05
2.568262766574322983e-04
5.909082832812574752e-05
7.002415264553203535e-06
5.673483526636447570e-06
7.824758313218713122e-06
8.818563500796657243e-06
5.466948999863510629e-05
7.876797461901579537e-04
1.092514562324472084e-03
5.885632349259330457e-04
1.894168239610621385e-03
6.134421233936734712e-03
4.852961620462946032e-03
3.762407993885381278e-03
3.369590103054446052e-04
2.594773377756249573e-05
2.480844338813211489e-05
2.430135001607277342e-04
3.865411970940677271e-03
1.026211080084107278e-03
3.285757938344374928e-05
8.322965716723051377e-06
8.216051751234186809e-06
1.808217169943384964e-05
4.418038224604725010e-04
2.948428112519749927e-03
8.421575906689733214e-04
3.248125832289215122e-03
8.486487847432624965e-03
5.491101016609656760e-04
1.853877403645744085e-04
4.114013566043365415e-04
9.246186684580717894e-05
1.844746458538231229e-05
1.005690478224057429e-05
2.944859913035310052e-05
9.547844091533645890e-04
3.620087197413813726e-03
1.482355236363721706e-04
8.928620785696532832e-06
5.808933743355929692e-06
9.041893440778711813e-06
7.352571994871454823e-05
4.595341956893016721e-04
5.829765634678409861e-04
2.422979530391415701e-03
8.492380373288196038e-04
1.600140788854271650e-05
4.303390675233008927e-06
1.000637473004691297e-05
1.175622670436719522e-05
1.463076990574688332e-05
7.351683925947942822e-06
8.118050230616657268e-06
8.838188649693131619e-05
1.187355156921428290e-03
1.276431796747009369e-04
5.542053764546472882e-06
5.312698623545518607e-06
7.239277033575153471e-06
1.758736659041458249e-05
3.304928543324366563e-04
4.730345558683737676e-03
8.187053882509995328e-03
2.710249031441350253e-04
6.015951455455764141e-06
3.393190914916658042e-06
6.973752753734158258e-06
1.110301624707406837e-05
1.952455158144337667e-05
4.655269411564724052e-05
1.325948414373837026e-04
2.778825337223662906e-04
3.101494737858247371e-03
9.485433314575097020e-04
2.791467786688714813e-05
4.071976541189836670e-05
1.140354725658757962e-04
2.305808134725902917e-04
4.950057468176958034e-03
6.429443506238491195e-03
6.479075954780985549e-04
5.104873800647415940e-05
9.501238498959826688e-06
9.517856011868719272e-06
1.356796111706170109e-05
1.598206274823226302e-05
2.307654602252368439e-05
9.903346076422445132e-04
3.350163806987623179e-03
1.398363925093596251e-03
6.914010728285621861e-03
3.868787798806671684e-03
1.349386023358393560e-04
5.356831071464177290e-04
3.701797562024320472e-03
2.150689931725342612e-03
8.385319253718721833e-03
5.735336352813307816e-04
7.798968882883933708e-06
4.540315216253154112e-06
9.826085257608202714e-06
1.544295307910904780e-05
1.700644911258403916e-05
1.744935147880818095e-05
2.383301722269159597e-05
4.669640136871763998e-03
6.361014950579854318e-03
5.030034901667460381e-03
9.660359178049903253e-03
8.894290418955259599e-04
3.824248600867338722e-05
4.455139041264725573e-04
4.551143306253986262e-03
5.453098289759898557e-04
3.036338615169190949e-04
6.036658281215971628e-05
5.604198002820125054e-06
7.210777755912003281e-06
1.812935215008705368e-05
2.398217589682815124e-05
2.327448870529265888e-05
2.349417269746932046e-05
3.064059988707681264e-05
