5.413544454885160896e-06
4.475467981108292707e-06
4.328159644316997903e-06
4.364422689075345825e-06
4.368510223063625834e-06
4.362186169660080540e-06
4.353181433798661415e-06
4.332019064035899693e-06
4.312320118160057585e-06
4.306165862039022381e-06
4.308451929709847411e-06
4.311872456018034383e-06
4.314894711835684350e-06
4.315261760079102066e-06
4.300212348964117714e-06
4.272923543153193271e-06
4.450368047133880773e-06
5.412838945936678897e-06
4.530297578203451342e-06
3.581439847997272393e-06
3.352005358356046494e-06
3.224465774842796026e-06
3.139158433851092181e-06
3.196404259477694289e-06
3.326775259016563090e-06
3.392345949288079117e-06
3.380656368738926343e-06
3.359665340865162679e-06
3.354547555834884857e-06
3.357116449601894271e-06
3.360789247549304395e-06
3.362220627482346450e-06
3.347914597509003770e-06
3.316457768204285754e-06
3.480080881982654712e-06
4.448928520015347383e-06
4.469792861131733323e-06
3.258404095850333133e-06
2.577439783488936729e-06
2.247356070566081396e-06
2.278063090455063360e-06
2.447870307528619144e-06
2.766307262233293170e-06
3.123744135860648111e-06
3.248869663237361180e-06
3.226048293420230688e-06
3.205126202258260764e-06
3.204902784397301597e-06
3.209446062146657552e-06
3.211592438713119345e-06
3.197537855957576761e-06
3.162718863060720978e-06
3.315795448536867783e-06
4.271576079187515356e-06
4.015614899598924377e-06
2.123809597445740373e-06
1.344250740567928412e-06
2.034980786031170357e-06
4.162558777499864248e-06
3.461705172191240084e-06
2.441627228544617340e-06
2.766540779552856197e-06
3.226909994549762512e-06
3.287578527653417109e-06
3.247506077742596489e-06
3.238351197034462049e-06
3.243192373790957564e-06
3.246275512033861255e-06
3.232488624008484088e-06
3.196679637497520434e-06
3.347171786747837178e-06
4.299437825446410255e-06
2.588589820815347565e-06
9.058492346645218605e-07
9.402170323329973097e-07
1.188838998272402158e-05
8.991886323469863620e-05
2.072051235735231987e-05
2.877848438182858270e-06
2.238833548805666184e-06
3.024441343386335059e-06
3.317675539279915071e-06
3.279406284195571254e-06
3.250799161155798257e-06
3.251905719919944950e-06
3.256380506003955302e-06
3.243990842947885994e-06
3.209227752578190192e-06
3.360975050963834139e-06
4.314197222000593353e-06
2.695519584227941396e-06
1.571502475639692717e-06
5.810444889073380987e-06
2.641531067380699241e-04
1.010011548856495087e-03
7.071707246916397803e-05
4.470547249495164018e-06
2.090331708630742190e-06
2.739566211950511925e-06
3.299580066677581926e-06
3.318395323229754236e-06
3.259060789611189982e-06
3.245971100506817202e-06
3.250618905035503093e-06
3.240369974675927272e-06
3.206078257827770045e-06
3.357991993652285612e-06
4.311951963524271773e-06
1.741835769417549593e-05
5.814895876581879151e-05
2.059027418383749307e-04
1.017314509479764865e-03
4.340747082945502948e-04
1.176332746891244367e-04
1.833181631278914530e-05
2.784169220725225909e-06
2.253278928596302612e-06
3.077020941863038885e-06
3.342326640361132318e-06
3.291694681168082515e-06
3.258173402409598734e-06
3.261221187830021237e-06
3.253690798683492217e-06
3.216292878952853853e-06
3.361849067444263647e-06
4.311073380095480626e-06
9.226480798352529713e-05
1.136230543415200868e-03
1.630977062781137528e-03
1.404236235354379110e-03
5.774396760556495169e-04
8.071461991395893808e-04
7.019498412696180661e-05
2.067338258334557013e-06
1.295972682906186094e-06
2.370254844862265228e-06
3.143525128984564146e-06
3.323832595259046414e-06
3.312091832798063043e-06
3.300396573674737918e-06
3.286091623987583636e-06
3.251619751337112435e-06
3.397195506719053743e-06
4.339102529277095664e-06
6.204736574086163890e-05
1.503262506859659930e-03
6.771367680394263858e-03
7.882787531327414832e-03
2.381310872517848967e-03
2.177497076936677541e-03
8.212401790646696041e-05
2.687639599491745056e-06
1.774739039596082049e-06
2.048711351923550261e-06
2.658293975937553965e-06
3.249574626617956116e-06
3.286089831986351055e-06
3.114020860892341194e-06
3.014367465495644639e-06
3.063040985584159723e-06
3.355965408946454305e-06
4.387583094922436679e-06
4.918090900902628122e-05
1.586458431604072586e-03
1.841236659100253803e-02
2.096932884804126457e-02
3.408568070030272654e-03
1.706654628680870540e-03
1.977442209630290114e-04
8.375116977933207770e-05
3.166023630699079890e-05
3.720881489425146488e-06
2.291045941919005612e-06
2.958164167386014132e-06
2.805062378356465077e-06
2.353323410976277033e-06
2.189069477816302230e-06
2.313345264103295904e-06
2.868894189897346027e-06
4.247313388481491480e-06
3.057986994676139040e-05
1.080072451096090449e-03
1.507522793002619675e-02
1.767016277357165779e-02
6.517659910261217396e-03
2.345315125407203879e-03
4.855091713472621875e-04
7.680501953603644351e-04
1.296567170122278503e-04
4.335048019620810581e-06
2.019582039191638949e-06
2.512242700271736377e-06
2.260714522650689192e-06
2.753552914750604883e-06
3.698843290424585611e-06
2.714222590932034596e-06
2.317948686213136014e-06
3.710860357539971641e-06
1.525345426793598068e-05
2.148615280343691824e-03
8.654219304544720492e-02
4.525593255201648679e-02
1.832228534471684947e-02
9.914100808127861847e-03
1.778112209359159878e-03
2.168232039519972661e-04
8.972976529967162745e-06
1.275694585375116236e-06
1.675716560712420395e-06
2.180461091237496304e-06
2.800898134425628499e-06
1.876941389173793247e-05
9.153314333087010082e-05
1.861186602691885356e-05
2.873091820768592659e-06
3.154820138479419219e-06
1.256750606717612911e-05
5.754394800386969724e-03
2.708050140278852047e-01
7.947068044938986053e-02
4.996328123317459596e-02
1.007356716959822637e-02
2.358744476554154937e-03
3.377550520660958138e-04
6.854555141198025497e-06
1.130519273141507175e-06
1.740221180496425516e-06
2.096126348153770789e-06
3.787023490869330024e-06
9.181859982271883196e-05
1.129699402543064271e-03
9.142713091281596497e-05
3.898979468473742900e-06
2.962079733012541642e-06
1.305864633348672212e-06
5.147274565671571076e-04
9.805839237566117694e-02
5.105442191352069226e-02
1.650083817896550939e-02
8.209319347926407598e-04
3.571614132789214385e-04
1.039731318119696936e-03
6.653031606212187008e-05
3.619384461256871090e-06
2.271247739631931064e-06
2.243611665570180932e-06
2.777538369279079398e-06
1.873421177936170740e-05
9.157079826405658738e-05
1.861613405203210828e-05
2.873163102532856208e-06
3.154382044347556157e-06
2.609347651955687586e-07
2.910911336548773151e-05
1.594182899107539006e-02
2.229381959014488726e-02
4.529600968813434804e-03
3.385003625899498064e-04
4.942806195604300634e-05
7.627413533806952242e-05
2.467204570225976662e-05
3.938129919170006544e-06
2.653215205564679022e-06
2.669144601578320107e-06
2.242912800515991723e-06
2.746120137465983684e-06
3.700805264549543365e-06
2.714504410071597284e-06
2.317644550202873795e-06
3.710146141189312966e-06
1.159922499931997643e-06
5.699065472268469948e-05
1.054065640875061390e-02
1.846248629982813125e-02
8.008960248768291421e-03
1.005598277714390022e-03
1.659248168761834349e-05
2.400524531067955630e-06
2.344582364186172701e-06
2.492143680168365886e-06
2.914117843100292733e-06
3.155564413146891489e-06
2.786272190834305461e-06
2.347422496224203732e-06
2.190221511597452158e-06
2.313203687733952853e-06
2.868213448605063579e-06
4.246592393750721876e-06
1.829012152677108836e-06
3.833410833443740468e-05
7.627586904711000128e-03
1.391650340011174256e-02
1.871048437132194747e-03
9.345920815529598462e-04
3.861802566689353247e-05
1.593908330983272096e-06
1.354179825545019188e-06
2.539152339787161042e-06
3.231319946460613997e-06
3.343122170030239895e-06
3.260421918630690400e-06
3.109891405386204802e-06
3.017069847197868039e-06
3.064602288376451611e-06
3.356995372379546514e-06
4.387811868772533019e-06
1.690628448101318931e-06
2.005608669800478230e-05
2.340592637748979341e-03
4.771356456428578995e-03
1.577521957249458651e-03
2.817504947465172480e-03
1.273436522355457414e-04
2.523873948392523997e-06
1.599692142468000302e-06
2.874862756826225789e-06
3.359808831033126567e-06
3.313218601315960149e-06
3.292567878146241701e-06
3.300784169337822021e-06
3.289951228741745008e-06
3.255540142820910166e-06
3.400870929253246566e-06
4.341095764929722124e-06
2.581776975548668569e-06
3.256334521646894975e-05
4.680156539620113987e-04
3.903765304082330184e-04
1.122788921426455967e-03
1.653191320660453521e-03
3.468836904877700212e-05
1.720148415492496536e-06
1.812315822332748850e-06
3.056592704062761638e-06
3.347670836088781997e-06
3.270956637398392033e-06
3.252781686641764110e-06
3.264510878567417322e-06
3.257071409521009182e-06
3.220185930152058181e-06
3.366036980097523920e-06
4.314187933694307276e-06
4.161057259152121110e-06
1.065375697974637692e-04
8.545515787791124708e-04
1.059705097283145602e-04
4.917077302799795549e-05
3.220720166030366832e-05
3.839690360326213169e-06
1.547545094791711639e-06
2.386025968218035039e-06
3.247023318877456346e-06
3.319135668532648532e-06
3.256901276578609130e-06
3.248770438697503939e-06
3.255040039050328837e-06
3.243628827626355687e-06
3.209219460061451380e-06
3.361053461813934657e-06
4.314663370605605118e-06
3.551830477921803449e-06
3.005348800016562205e-05
1.356351582417113992e-04
1.803124844758695691e-05
3.228625330336629184e-06
2.391014836114202581e-06
1.959777418593613283e-06
2.304790172025425251e-06
3.065700993406745894e-06
3.334648932965113426e-06
3.286698563120629553e-06
3.253036292097251625e-06
3.254859080699792537e-06
3.260200741081903611e-06
3.247501841406301843e-06
3.212366080063247665e-06
3.363882428426912536e-06
4.317609553788175375e-06
2.407916325759173702e-06
2.394350605976664319e-06
3.052393372621672930e-06
1.838455096006131259e-06
1.391381738272941929e-06
1.913673010848559429e-06
2.622036833914047804e-06
3.128311547030194857e-06
3.319825927365906895e-06
3.291661421039372098e-06
3.247252109428627091e-06
3.239300035159568590e-06
3.245160070423724492e-06
3.249633822981871973e-06
3.236106681238745357e-06
3.199818450620552494e-06
3.350825148644843136e-06
4.305050665028344849e-06
2.576900749648448101e-06
1.697797287591485729e-06
1.994366698137716146e-06
2.151675252564378148e-06
1.971773513815023855e-06
2.303298825427337768e-06
2.973073536502753966e-06
3.295517904961669730e-06
3.276320101616346748e-06
3.219730101282911640e-06
3.204248800510523861e-06
3.207513471435677376e-06
3.212687981078586961e-06
3.215411317868057183e-06
3.200992107541722666e-06
3.165342837536505866e-06
3.319309096715896674e-06
4.277748302525228846e-06
3.511040265282962136e-06
8.175376848660005091e-06
4.690408386459525781e-05
4.867513415479154812e-05
8.380169168445283318e-06
2.806771176839444389e-06
2.847654895646234292e-06
3.326877179861241270e-06
3.396176362899231987e-06
3.363676978381845210e-06
3.357498139745965572e-06
3.361453112482851218e-06
3.364731542520593242e-06
3.366014501063877321e-06
3.351784547815327436e-06
3.319800708282937792e-06
3.483709798981144481e-06
4.454486194790308822e-06
5.969806644438511459e-06
5.275934671308773842e-05
1.421396466287850680e-03
1.422884001974304312e-03
5.129681800782692573e-05
4.896871837395467700e-06
3.527451170997545839e-06
4.152469776858717026e-06
4.339648892347927077e-06
4.322034398157886864e-06
4.313777593150378447e-06
4.315751084993383562e-06
4.317872049408012726e-06
4.318508327794550424e-06
4.305136418209358009e-06
4.278062901446411518e-06
4.454960965022483090e-06
5.418245197043146597e-06
