2.044399474697281273e-05
2.298267974517010189e-05
8.943098156874705154e-06
4.514307723886229695e-06
8.009891125901164339e-06
1.924677978895122991e-05
1.576447850745381110e-05
1.139110506080805187e-05
1.519806229176349255e-05
1.895960536970574872e-05
1.900772954469707652e-05
1.859703581617886488e-05
1.866199034979413557e-05
1.887385032343159478e-05
1.890905194442663281e-05
1.865554494408786095e-05
1.943779631722741621e-05
2.531070043578686880e-05
1.028362962040952440e-04
2.673951555847583713e-04
2.409860522789853465e-05
6.691410141937968125e-06
3.599848902557749569e-05
3.925753124367842772e-04
1.208834222883664535e-04
1.115644888467094444e-05
8.753948869068720081e-06
1.297902406912800162e-05
1.394116328259157208e-05
1.361256901191359051e-05
1.363440041655335570e-05
1.355081516322011843e-05
1.299524953809984107e-05
1.245294809811974633e-05
1.342341381730647317e-05
1.942428936949951859e-05
4.155033838937197740e-04
2.743181121212275812e-03
5.376198851423284958e-04
4.048383769183155987e-04
6.264503807735135980e-04
2.326056974883556217e-03
3.141504618747447417e-04
9.609561199951314388e-06
6.097475464887366538e-06
1.113089322979847797e-05
1.357040372476851985e-05
1.355217863125181074e-05
1.287608428238946977e-05
1.116672999066523247e-05
9.315964189556766453e-06
8.520573760562667786e-06
9.637277797262206532e-06
1.600843809884361330e-05
2.489073431427369157e-04
4.470641107317412793e-03
7.627580831697994453e-03
8.775027450327328726e-03
2.151283309496292671e-03
1.086824180812611534e-03
1.256738928086143935e-04
1.094314976804460010e-05
7.498417261100518992e-06
9.186022777238923165e-06
1.198259028911455960e-05
1.353299854782339034e-05
1.159964527068686577e-05
8.931023987741377023e-06
1.024486828549433858e-05
1.318102325501156524e-05
1.053345331793149906e-05
1.243287955925888723e-05
9.324529500000104979e-05
4.037548579776238482e-03
1.107708049979801330e-02
3.641785984007411391e-03
3.865507753539185708e-03
2.553622552693054701e-03
3.907616243416023923e-04
1.965035339015782203e-04
3.301707501007832766e-05
4.929216323231689119e-06
6.373665325806831876e-06
1.086920247977158036e-05
9.219142894823514569e-06
1.022351402016601090e-05
6.227558160862971552e-05
2.822672202116038886e-04
6.279422672796360180e-05
1.393734526635072589e-05
1.702816323673888115e-05
6.132571529147731564e-04
5.773868458237105088e-03
3.192045581121126172e-03
4.099485276481627458e-03
8.313640617208387443e-04
4.687633885573358537e-04
3.344912514701382875e-03
1.584615486161076883e-04
3.394256202013657978e-06
5.570317435427186336e-06
1.172309601744573658e-05
7.531968958579259890e-06
1.213599308887299520e-05
2.870455526270066426e-04
3.274456612517836606e-03
2.867977685836160069e-04
1.784914386396300732e-05
5.299317516759995902e-06
1.081365963439713112e-04
6.861750871629553050e-03
1.144699658815021351e-02
3.428682728156196534e-03
7.249717259407591468e-04
1.010229249625285361e-03
7.755750231134042084e-03
1.513187717393107848e-03
9.454037718334243367e-05
1.092411394578144979e-04
4.504970428377367013e-05
6.968022555352213034e-06
7.019122591744421422e-06
5.916772405437405863e-05
2.853249452879365170e-04
6.247978809523385723e-05
1.387455129633169857e-05
5.090402875087967708e-06
8.008812383318266370e-05
6.558370176013795551e-03
6.472258718503490910e-03
1.468579609546003971e-03
3.174313307088000649e-03
2.896831118522518074e-03
2.379133378948729890e-03
6.323042208874706666e-03
5.236427536902617946e-03
3.555159244360370490e-03
2.005043739609787775e-04
6.929568976701144879e-06
4.215285675197317096e-06
8.961638907369563533e-06
1.349284840135416516e-05
1.059249493505345939e-05
1.243047640939657840e-05
8.685894012473865819e-06
2.498309560974600854e-04
7.350008210647235654e-03
1.285968522972078367e-03
3.436236260996040058e-04
6.645241715023513787e-04
1.171419100950739237e-04
2.749167921269986194e-05
1.297384464252663119e-04
7.705489054676003353e-04
4.078319701637574818e-03
6.080147450443464585e-04
1.552640512593413247e-05
5.770505829935832419e-06
7.955587184279878108e-06
8.912108369422400879e-06
9.965813561488798898e-06
1.626639234613270444e-05
5.601956892781662980e-06
2.383274745880672335e-04
8.744756287940878836e-03
1.826397536269544616e-03
1.261410938408600527e-03
1.411477556472421702e-03
3.494035099089633488e-05
1.835798535705837366e-06
2.968516952275870283e-06
6.407060312860473218e-05
4.936469844277829692e-03
3.778105418169188864e-03
6.907522478369057452e-05
9.673405904821958046e-06
1.038615723836973313e-05
1.235441321194548909e-05
1.331819580771613116e-05
1.895054680665422944e-05
3.056435654335599141e-06
9.078416947829313802e-05
8.989972698131211415e-03
6.813267946749731151e-03
4.446491961224452796e-03
5.751258561663746306e-03
1.150216849636694788e-04
5.068623962593430806e-06
4.508239227500738333e-06
4.028331523396181849e-05
3.124152745766234623e-03
5.293758005143136755e-03
1.119977149046183653e-04
1.027000819957511136e-05
1.022107630952285797e-05
1.317525129093628989e-05
1.397909995453971262e-05
1.891744300913646376e-05
3.935129028658916920e-05
1.302486760379108254e-03
5.365865246367632069e-02
3.520563799782444603e-02
8.838388448591888436e-03
8.110116181367034785e-03
4.964904648399319931e-04
2.240620756198624197e-04
2.060748763287688205e-04
1.163387175894935329e-04
1.929149826445090109e-03
3.472296849603808029e-03
7.936072110122067242e-05
7.403739349395506215e-06
8.684333922883954302e-06
1.269674035540956741e-05
1.384208357246182112e-05
1.868792881011338081e-05
2.080696168465131482e-04
1.504132023625326213e-02
2.041444831335330612e-01
6.636362048342163422e-02
2.635222933479198018e-02
1.616908648173447788e-02
1.187951036625945140e-03
3.097077519938806582e-03
3.616729234371787120e-03
7.578864123198011732e-04
6.834374004847477285e-03
5.259443202968958411e-03
6.622102855487684860e-05
5.801605687536571284e-06
7.281832043751051174e-06
1.180360640776930921e-05
1.370437558850708431e-05
1.872209810130847718e-05
2.832412769460073809e-05
2.814897017089717460e-03
4.245092598795277561e-02
2.009413668022056246e-02
2.976900234041298526e-02
4.857321716875624348e-03
2.121108633314056329e-04
1.084671793396306495e-03
5.219940366470994346e-04
4.802874591594821823e-05
5.992679604124239671e-04
4.298851035143285218e-03
4.500484426081956843e-04
2.726318421967743890e-05
1.058574859847702485e-05
1.150916299578460533e-05
1.346805926638431166e-05
1.875720279631655415e-05
7.666360956294775999e-05
3.805741993745569412e-03
9.161520978379427207e-03
1.693714771437299050e-03
2.548496316144576151e-03
1.313113831806440868e-03
5.245204560008362655e-04
2.574406861528816606e-03
1.721222173329248531e-04
3.546562431472127952e-06
4.692382349298406051e-05
4.554989302754716869e-03
3.547082530844314699e-03
1.141527799416423313e-04
1.493602459284327728e-05
1.155207265169854628e-05
1.335619705650326678e-05
1.876804407762877822e-05
1.765971457931298915e-04
2.906137535540815296e-03
1.930453288749390661e-03
4.231920781986357413e-04
9.432541587434343372e-04
1.139369717127245926e-03
3.648818980911786871e-04
3.342531989861763451e-04
5.582599522000964906e-05
2.105661435917588069e-05
6.959323185047606693e-04
8.629215711226587149e-03
6.818580569347658512e-04
2.244456974831622806e-05
8.693404957966202587e-06
1.106516359877272597e-05
1.349695242840720466e-05
1.879182282697179054e-05
5.922692356234302220e-05
2.083170347388775372e-03
7.595134774059367731e-03
4.725444872513927079e-03
1.189502882048084319e-02
3.565918456032353325e-03
8.150667985356774476e-05
1.142383506167574491e-05
1.338189190479694874e-05
1.706370749219382683e-04
7.871056197632578244e-03
4.548999243962186141e-03
5.285058367399001687e-05
4.743267575414139587e-06
6.638385418038705259e-06
1.164647841247364499e-05
1.374163246114643567e-05
1.876515814455101370e-05
6.590751622778595945e-05
2.632637149401182135e-03
4.099339559589937343e-03
5.038536958617666076e-04
4.933720452836107967e-04
4.025117680424656545e-04
1.392130613312965242e-04
8.562186559105115942e-05
9.362883440357934429e-05
1.456031516391728523e-04
3.288039580648035058e-04
1.237720718630252353e-04
1.258636347355021593e-05
6.076409815611544756e-06
9.800298059441171872e-06
1.298919714959187762e-05
1.375764119736043586e-05
1.867266107912962306e-05
7.866289603530270461e-05
1.567953311629573894e-03
9.135017897573994997e-04
1.771874292384196387e-04
3.102539850578945463e-04
7.573146934740912278e-04
3.870379606822017295e-03
9.371854498002325784e-03
3.975060244888234569e-03
1.739723576728921929e-04
1.157544750074941843e-05
6.606085100662317828e-06
7.672719454644702912e-06
1.034609588153432757e-05
1.304374032583107379e-05
1.333809124556977677e-05
1.355296008264635085e-05
1.860306870093665770e-05
2.230892019101796749e-04
7.597109987204099177e-03
1.242179798054928765e-02
9.950935747206290927e-03
1.082990182841960490e-02
4.995248497937114160e-03
8.138355981912344730e-03
9.795610451179045247e-03
3.935372383638855408e-03
1.753410251541694651e-04
8.648796803488946849e-06
5.836221319678107537e-06
1.002424338519658177e-05
1.315286991363583154e-05
1.362788287593086658e-05
1.304224396412826542e-05
1.341291906235038688e-05
1.860803234151483750e-05
6.475309690020172458e-05
3.511927460838236903e-04
8.950535095958985030e-04
3.610354798073354011e-03
2.666868638353577219e-03
2.312587856884416892e-04
9.439497607650231600e-05
9.614553749281174182e-05
9.841490901669348445e-05
3.617965821530533331e-05
1.078050714307072781e-05
1.003798883653825812e-05
1.295731092086403145e-05
1.372841468118726790e-05
1.334747474201695481e-05
1.287491972273241365e-05
1.341305927255388249e-05
1.865558642541921772e-05
7.921787885786856447e-06
3.307328667984815130e-06
8.334395859215785560e-06
3.981429290348985827e-04
2.353731249744782112e-03
1.311375713539498307e-04
9.944977616761657723e-06
6.754862688096898532e-06
1.023624279277087001e-05
1.189837848908268448e-05
1.123334192385344183e-05
1.246033996669793511e-05
1.347231409295970404e-05
1.337296626481105028e-05
1.310433814177799745e-05
1.279712413878811243e-05
1.337628977407324179e-05
1.860550475887817718e-05
9.328013897129079564e-06
2.849931525781804558e-06
3.768431987755340238e-06
6.551366660597784952e-05
4.860217342137606992e-04
8.841925808713444943e-05
1.076757486575109019e-05
7.417372686780941231e-06
9.653681780171346271e-06
1.144157359731025346e-05
1.232399060193793163e-05
1.291866591246909837e-05
1.301937993068471524e-05
1.290735191449282169e-05
1.280257867839937179e-05
1.254880823640701526e-05
1.312897874274931771e-05
1.834059789611515941e-05
1.831564883863827400e-05
9.532475668446193279e-06
6.828344363240324855e-06
9.730847322009576977e-06
1.523930119093169835e-05
1.205184807162930901e-05
9.732658475800333732e-06
1.152496859094054662e-05
1.325107957741881458e-05
1.356947168807006747e-05
1.355593571926524134e-05
1.352538948035542951e-05
1.345700712822504616e-05
1.342997826068585324e-05
1.337406580817854866e-05
1.312815826270399147e-05
1.375887498286314752e-05
1.911245872777372930e-05
2.665954193470991033e-05
1.972327502515814872e-05
1.563641453259195544e-05
1.207853855595645505e-05
1.067244522288610278e-05
1.212227406598447782e-05
1.574639178755831635e-05
1.871052000564554359e-05
1.927412491426644628e-05
1.892570531599131720e-05
1.871746339544720145e-05
1.865590696671630912e-05
1.863916992660882754e-05
1.865579945934878531e-05
1.859918776368221254e-05
1.834258408639883692e-05
1.911727119833605252e-05
2.496979448011984974e-05
