1.067545689628482722e-04
3.211047589558415401e-03
3.702710317165122840e-03
2.489655574666378192e-03
9.551827792706384188e-04
4.724954775955038573e-05
1.131166956932655713e-05
2.505447793066465297e-05
3.618224245416792157e-05
2.628581350350984557e-05
4.871565500830556670e-05
9.125364500860701992e-05
4.082870857560822511e-05
1.031624066855079688e-05
6.855478407857331987e-06
9.161863497095012047e-06
1.096659263467390738e-05
1.708735517424145214e-05
3.216012338412548445e-05
4.482818496472291189e-04
9.731080626203652542e-04
1.191449784994050255e-03
1.119429024696666172e-04
2.613666464491083661e-05
1.867318232752915384e-04
1.092972494784356496e-03
1.260391304752143471e-03
1.055158948829576374e-03
1.501772827482774752e-03
5.012452645530699781e-04
1.788413662030763850e-04
3.921857123050427352e-05
6.777034732349572903e-06
4.771720039065987193e-06
5.988610040629047041e-06
1.106819745079882749e-05
9.092674877719854614e-05
4.457563298615591346e-04
5.840170552935811717e-04
7.802563437680915806e-04
1.275562450011562677e-04
2.624497625673629275e-04
1.700373619688855167e-03
1.511558985357468665e-03
6.492539701528783061e-04
5.969907674346753125e-04
3.520994746645932528e-03
1.918366688486530715e-03
3.151293533999861797e-04
4.078620445272494472e-05
4.515253547602583412e-06
2.756035886019193667e-06
4.029481407781979251e-06
8.986147711824153095e-06
2.416658387979604629e-05
2.228833176151582413e-04
1.435823657154525592e-03
9.307825951967206926e-04
2.477367217990031909e-04
7.110897503300903045e-04
4.756901282946192529e-04
2.359289175563229085e-04
1.348326767019917638e-04
6.089458130820375216e-05
7.940685967386419946e-04
1.121301813935956897e-02
3.371637189907562143e-03
9.755336508262002504e-05
4.643041676445133855e-06
3.786327419824338081e-06
4.827343698325172819e-06
6.361881342081858428e-06
4.141543291175577741e-06
6.563983768027590649e-05
1.677992488278311775e-03
1.421539301017803658e-03
4.654922831604241663e-04
6.166467646155322302e-04
7.037671112753695604e-04
1.276057116285160683e-03
1.528484083251658047e-03
6.030788765169090232e-04
2.352055726236570098e-04
7.564494976209080969e-04
1.038535516114382981e-02
1.994056181009107569e-03
4.718742134689031466e-05
9.421106699018016377e-05
4.898106563396797096e-05
7.294319024274739542e-06
1.429402759491551959e-05
9.452645861109156282e-05
4.578893073428819452e-04
1.303358366364647724e-03
1.426750945312408063e-03
1.183592602920263866e-03
2.354988127274932480e-03
2.453293128922005937e-03
2.168882648867759885e-03
3.878616849162672565e-03
7.007931631500660587e-04
1.030520955366968011e-04
2.430533580042463625e-03
7.032560840813939507e-03
8.455985235945061079e-04
1.564055048547704444e-03
1.512524438430138773e-04
6.756024412308393075e-06
9.158155223062318471e-05
7.946513505771430046e-04
1.262939913447295916e-03
8.651559023362584942e-04
6.547739112384167413e-04
1.566206901282031971e-03
2.053149322479849020e-03
1.541301067609634166e-03
2.175839233322243629e-03
2.871564089667772834e-03
9.144899517930895391e-04
2.194349830753764615e-04
9.657773149914925448e-04
1.102623113473746169e-02
6.571202889150613326e-03
4.269808971947694682e-04
9.851795129035488847e-06
2.823762485174260237e-06
1.631473845315148876e-05
1.306990027339165986e-04
2.171849895585877595e-03
2.681375224238474742e-03
1.164868434231066145e-03
2.717597287918648540e-03
6.400153401597886461e-04
5.132121044635333963e-04
2.782737450851572193e-03
1.588512463789697226e-03
5.135972600562995968e-04
9.260924414387053556e-04
3.941243841988863379e-04
7.906421790564526451e-04
1.192788996172822582e-03
9.952622307159130486e-05
5.712405888107024211e-06
4.041794596758897772e-06
2.383956637677136029e-06
1.551077201006505606e-05
1.877669783443095984e-03
8.484789050905270844e-03
4.200372939601276084e-03
4.757637931216943290e-03
1.382550012259578520e-03
1.529157248972390836e-03
2.524596413080550279e-03
1.141166157644442954e-03
1.887351175233629259e-03
6.330704008070527251e-03
2.417297379542224581e-04
9.653128568387595748e-05
6.570285262439630502e-04
6.854178787650259301e-04
4.949518904154000341e-05
8.420320511760477248e-06
2.927612399743079044e-06
4.244153091526765029e-05
3.793854197392540831e-03
8.362687020851525960e-03
5.683676841840213344e-03
4.628165234856845833e-03
3.528103144831068894e-03
2.875584235051024257e-03
1.107982724804750267e-03
1.286264819554724936e-03
2.963128524074872244e-03
3.812490982324566284e-03
4.876372683419937740e-04
6.327541961318973104e-04
7.845398191894706677e-03
5.118740374693102162e-03
7.184734991848006091e-05
5.065968762488890737e-06
5.558917386170829192e-06
1.617705780099993923e-04
9.020026669920397366e-03
1.133258400099303870e-02
1.015395418605529246e-02
5.490625052504933407e-03
1.108920591060559438e-03
4.624148955985893979e-04
6.806380174830386825e-04
1.875142271971501308e-03
8.459480002726929050e-04
1.021169331961967620e-03
7.436906744475873816e-04
3.538102706799793281e-04
2.984961224583064336e-03
1.870600332292922819e-03
3.514254856088904513e-05
4.178575729822289048e-06
2.417786793541346351e-05
2.296771353717000537e-03
5.916090804074022186e-02
1.467150040557068172e-02
8.417608539848082938e-03
7.107135145509863375e-03
1.512356298780402186e-03
9.386125876664092602e-04
1.478872577891798866e-03
1.522015446691688239e-03
4.782687147194983833e-04
1.426689739442156026e-03
1.140107219994027999e-03
2.274108157539230359e-04
2.978572707859776948e-03
1.571379907006103605e-03
1.172530914048761238e-04
2.289932066767174284e-05
3.356808879463330907e-05
5.972571031703521188e-03
1.439225312130375523e-01
4.549012072287782205e-02
2.949178874975741035e-02
1.343230338470206842e-02
3.254930489821261739e-03
3.513266898278439177e-03
2.427937071123088125e-03
8.895311978999311886e-04
6.356255343542510736e-04
6.051700257334117691e-03
4.511747461063787823e-03
4.680103543999635722e-04
8.889858812002136151e-03
1.025905252265929719e-02
1.708180103610805814e-03
1.508678000215178140e-04
3.112249386307452454e-05
3.734452035005067071e-03
6.285598944625907236e-02
2.630028217515886085e-02
9.979861785779970199e-03
4.075895760328782959e-03
2.099580793575992876e-03
2.039235735457017688e-03
2.490690893271383342e-03
1.323660039182043184e-03
5.633878502010230193e-04
2.379149209767795689e-03
3.057251359764692842e-03
4.209778496924185352e-04
4.950280010761837213e-03
4.424365940125096243e-03
2.064137824277997597e-04
2.257706516747563417e-05
4.069031186223356585e-05
8.732753924755190609e-04
1.125097233975112451e-02
1.803637223645283838e-02
1.150255766846466562e-02
3.659145516868714428e-03
1.815066281215288848e-03
1.191851791877686969e-03
1.745946544797856957e-03
1.465454766463906164e-03
3.806612883554438722e-04
4.666530614807468504e-04
1.509960194919031298e-03
9.892333363097686148e-04
4.495236786374128685e-03
2.344757120415554312e-04
1.613753535240654150e-06
1.386371642794605016e-06
1.293276584932159725e-04
1.799861532598703243e-04
1.987238652464778932e-03
3.600364747724046303e-03
5.830789402926148460e-03
5.002704530453714986e-03
1.753596675823417472e-03
1.080128708365950610e-03
1.799144424586709458e-03
2.338600541760179393e-03
1.468796527414764066e-03
2.520077307566499520e-03
2.620028782283879542e-03
7.429659135332024799e-04
4.426014542319328150e-03
2.024397057418282359e-04
1.106356126672209573e-06
1.859581000180455771e-06
7.706872676087770865e-04
3.625669736407718859e-04
2.447891878568624318e-03
1.166234274500494968e-03
1.882695455698902209e-03
1.724241555443134033e-03
7.093128221005091157e-04
3.772033685598689848e-04
1.703974754594366077e-04
2.795421936513890065e-04
7.213623538763048017e-04
1.399430747976498565e-03
1.828102557241369545e-04
7.585451624530881274e-05
4.751581320802766677e-03
1.069765052050956726e-03
8.313164927342395937e-06
6.697375144095401396e-06
9.150120392357953721e-05
1.522968953542909324e-04
2.533847356233844168e-03
2.356511366700303305e-03
1.825780016457530805e-03
1.756109043646840863e-04
1.653803560607589940e-04
7.397699494632485129e-04
2.990846562484829351e-04
6.508060837013964839e-04
3.164892879336119857e-03
2.049938219526826685e-03
4.373187890082866060e-05
2.002892821963526092e-05
8.414284330786002929e-04
1.879960095913846599e-04
5.259543387757604211e-06
7.310165039308309651e-06
2.559261315678725980e-06
1.295082040576953532e-05
8.398652944127500079e-04
1.508006344603721747e-03
1.361627511213276266e-04
6.784374407573618991e-06
3.431262664533947293e-05
1.166327104438425995e-03
2.388158315374624020e-03
2.571362292630761416e-03
1.805949034736322595e-03
9.414092552404202015e-04
2.159438616626033181e-04
1.305053798644947296e-04
1.934045824976794790e-04
1.645519788039065959e-05
2.252455870903152521e-06
6.756866312300530925e-06
2.100108494149943168e-06
2.670813575394007076e-05
1.605914708213805045e-03
7.447276325166396916e-04
1.174862721606364277e-05
7.687544940335602555e-06
1.694477939946007589e-04
1.099681423692552102e-03
4.938488926766648225e-03
3.415580613909409945e-03
6.083584550827294537e-04
7.520862409200952973e-04
2.961735283994968663e-03
6.048286671711804174e-03
9.388113127376546824e-04
2.276599819706240466e-05
4.010735338554833324e-06
9.300298333503421658e-06
1.841758767494242456e-05
2.203979035813211453e-04
1.542288520845894574e-03
6.349442587274999527e-04
3.427466923206434827e-05
1.879592373866780983e-04
2.914209549238924810e-03
5.582696984447200464e-04
5.543160290657127374e-04
2.442703681149070911e-04
2.834439357121850116e-04
2.940805718839283999e-03
1.778219543406069428e-03
9.061899702616496230e-04
1.880117548764622282e-04
1.144128534645396396e-05
4.615014392777163291e-06
1.056173568793484697e-05
1.105986563008851662e-04
6.170826250286330422e-04
1.896431300468680769e-04
4.702822966197274589e-05
1.373415209965001957e-05
8.621104392288838931e-05
1.106890856012903920e-03
2.873673138319860756e-04
1.449748056022749643e-04
6.229891277277106862e-05
2.683364111605909125e-04
3.382572561395473434e-03
1.226085903069998036e-04
7.822617090398061674e-06
5.606186060720130091e-06
3.364044164159697061e-06
4.231026535968024013e-06
1.064782092343165617e-05
2.327822668846955991e-05
1.589112160454209165e-04
1.048829313089087652e-04
1.003988251973766407e-05
1.600876831403282886e-06
4.521870617638392949e-06
1.234429359623679680e-04
8.019502950741489843e-04
1.213193866800844857e-03
8.844243102304569660e-04
1.147636106336379211e-03
1.104739916886742076e-03
3.039763479178807080e-05
2.392549716367546120e-06
2.861959856021460367e-06
4.026905480033587305e-06
5.372855400425001157e-06
1.064330167611863370e-05
3.967058178823666918e-06
7.138317438387714782e-05
8.943744674509871784e-04
5.916570926755996743e-05
1.982875214120481313e-06
1.817549607837098333e-06
1.505503497786089464e-05
7.966464227335719455e-05
9.379739915225303532e-05
8.276085303295987528e-05
6.872039515775351661e-05
3.985975269591322600e-05
9.570284706321286250e-06
4.191205559366885695e-06
5.238791594534485764e-06
6.086547239789438122e-06
6.260443499681241231e-06
1.064850820335386071e-05
6.717474376655886268e-06
7.930838492311659488e-05
1.117245353753694524e-03
9.841272667519849538e-05
5.093193596809266140e-06
4.191607305710778753e-06
6.789698847001950853e-06
5.942129754784135218e-06
3.499876996284852659e-06
3.363324687945389068e-06
4.527246095734477158e-06
6.437810869582719648e-06
8.165539468101711316e-06
9.716019765364078729e-06
1.118139395772530859e-05
1.083592447165122458e-05
1.055436935136162505e-05
1.659888734884989154e-05
