1.618233274801590373e-05
1.543534691253091535e-05
2.114637118579213216e-05
1.405536623472839269e-05
1.008685150824632375e-05
1.256176070393509559e-05
1.405471031207552867e-05
1.260650164016266965e-05
1.273792316317438196e-05
1.598594208500179974e-05
1.940156930647590305e-05
2.023613579427695365e-05
1.976646876979150833e-05
1.926153829614760327e-05
1.897759552474255446e-05
1.855356084381389877e-05
1.928799213828484436e-05
2.711729537970624065e-05
1.150057982078043552e-05
3.562388970230364574e-05
1.128615291606755800e-04
2.867061065294719256e-05
3.611186732406944257e-06
2.919323182706386270e-06
9.114815316137104601e-06
1.456770018199897033e-05
7.515335881097756809e-06
5.948824995718612424e-06
8.278721076453608846e-06
1.095086564788006644e-05
1.290686160818256324e-05
1.331398860306841589e-05
1.286482737332228178e-05
1.228835150505566161e-05
1.275819918847450712e-05
1.927447131964567088e-05
5.143221419564032834e-05
5.132880779583449482e-04
2.290664831002181979e-03
6.164198996532767837e-04
1.759333353603077045e-05
3.157363274767355961e-06
4.706236774767680412e-05
3.570109689493662706e-04
5.201902074723965136e-05
9.409506024393966153e-06
5.626778569677826827e-06
5.422010064591928657e-06
9.022891511766136067e-06
1.267118987614228632e-05
1.293836690067961971e-05
1.211320253734543667e-05
1.235819815456163322e-05
1.859317863678146342e-05
1.438989986032339005e-04
2.116106251861436631e-03
5.428590808908352258e-03
4.910611830775147950e-03
7.132376758276990627e-04
2.736556144986734100e-05
1.427551466351726164e-04
1.676807657729663479e-03
4.211355885462125782e-04
1.465977373310659872e-04
3.295661705877099009e-05
5.917841839005649026e-06
6.136220410900312944e-06
1.077873204624248798e-05
1.283337488341003115e-05
1.255177692721832750e-05
1.294186904378474655e-05
1.921411246543168800e-05
2.742360081057558481e-05
7.271867288268472895e-04
1.809994510623629850e-03
1.644124053078645925e-03
5.324844630737967516e-03
4.248350795026868579e-04
3.379322712684774510e-04
1.209309185662304099e-03
7.025088975003985613e-04
1.712194407969608615e-03
8.646272605703759053e-04
3.904516199567010940e-05
6.751578919287699982e-06
7.379685849300590458e-06
9.812955931795945235e-06
1.073441817291509579e-05
1.250997133670884531e-05
1.954002232430292798e-05
5.743888675784329503e-06
2.667154773059602149e-04
2.694034198632239228e-03
1.806875702443625723e-03
5.571165319458108722e-03
1.046227058459989505e-03
1.715150374052869763e-03
6.427929547205835092e-03
2.210892692620067962e-03
2.223852282703621050e-03
1.507443033239755153e-03
9.560026527419161681e-05
8.867525136817584080e-06
1.034235969743868269e-05
1.243148175913598342e-05
8.816175889063611822e-06
1.067294073437990156e-05
1.931680389877114877e-05
5.247539866794665699e-06
1.296980438137837141e-04
2.897839322825526438e-03
2.625467738988573278e-03
2.754352057153307536e-03
8.303430420522428610e-04
1.076584963489220269e-03
2.873155258428447979e-03
4.628571303645067150e-03
5.227556113865640397e-03
1.614181116074039175e-03
2.204440760424966324e-04
5.589644398857279646e-05
1.648057747397406686e-04
8.851972640183512374e-05
1.173361148019628540e-05
9.077943256243982908e-06
1.867734141498581546e-05
8.095513974311602151e-06
9.226269530242878355e-05
6.063642480425689846e-04
2.906896780637678482e-04
9.830620488219066287e-04
2.321918469378812799e-03
2.067581800798778610e-03
1.709717228528558411e-03
2.364433253378167392e-03
6.138765082183986199e-03
1.048232348427969793e-02
4.969541483893773204e-03
1.359435639071799370e-03
1.868467600311886747e-03
2.578374353423312673e-04
1.298295840346924611e-05
8.506766445796924762e-06
1.853390993014776059e-05
1.187230679288071764e-05
2.081297838002632312e-04
1.859986992557554697e-03
1.213172387396028659e-03
2.060642820397418518e-03
8.692684497098468075e-04
8.496172003125261087e-04
1.403436366764203086e-03
5.418967835172192483e-04
1.752571403282951598e-03
1.298837431929139238e-02
1.069090379135825830e-02
3.379904746496081944e-03
6.257721551369282856e-04
3.333174894826374809e-05
6.208545929770859268e-06
8.643531025774930658e-06
1.919719835467025330e-05
1.208838222623628986e-05
1.362141008335935710e-04
3.548342251490465941e-03
1.034880211577608733e-02
2.543893173899265409e-03
2.254134994488417049e-04
3.017828592815782968e-04
5.291927087808555655e-04
7.441335951077653792e-04
4.690564962793800780e-03
9.748275873262660790e-03
4.738451696055454888e-03
1.614105895586404526e-03
1.154306391758718148e-04
8.161627065254553043e-06
5.274867275675306413e-06
1.017046527837344911e-05
1.985845334088814649e-05
4.337038679718643630e-05
2.992655719555077512e-04
3.507258954767984369e-03
6.029477980590263603e-03
9.320234000111905434e-04
7.860672984965028998e-04
1.250811535004679341e-03
5.500758025596203448e-04
2.583567801288403840e-03
4.792714230258790335e-03
4.069028614491485181e-03
5.299355942582899270e-03
1.625300182837282302e-03
1.855497910417235204e-04
2.481180211107905772e-05
1.069151240453132994e-05
1.209850624573305955e-05
1.988463607764519056e-05
7.749018307138052933e-05
2.060200164775545083e-03
2.783767298910441376e-02
1.690141707793842846e-02
3.388116692433160333e-03
5.399446508490681439e-03
1.901053581358732409e-03
3.991518376656731410e-04
2.767393226199766753e-03
2.379014525439128013e-03
3.869926742754933608e-03
9.615738173743910294e-03
1.035997101149201648e-02
2.232624379172840155e-03
7.071401998633211605e-05
1.052046327477204415e-05
1.079501735811782107e-05
1.938727023717980074e-05
4.473565282622960935e-05
5.144054138457392587e-03
1.513683544654568225e-01
7.106789487324402521e-02
2.029291502088043792e-02
1.180272524671590120e-02
3.601128345518343852e-03
2.143546406368504898e-03
4.986161331472427870e-03
3.547845321448844531e-03
1.056083396971947523e-02
6.079961345885038539e-03
1.149191484277672752e-02
5.050458518469682842e-03
5.918681262504167835e-05
6.561393195476854524e-06
9.084214408974486792e-06
1.903891116732990018e-05
8.539957328665848807e-05
5.441622517677299591e-03
5.372648300219031586e-02
2.588264913162977715e-02
1.467758846120933471e-02
3.936512998918300157e-03
1.139096197214640267e-03
2.288140445046930437e-03
3.192611527270282270e-03
2.156439778782958706e-03
1.342760116534981452e-02
6.888042253340575551e-03
3.944733168352792391e-03
2.040326693303551580e-03
7.713039023249787442e-05
1.026080751524161819e-05
1.055192967479670267e-05
1.932308276672879484e-05
2.886208742789579367e-05
4.858951452940332293e-04
4.712422273838721629e-03
3.824117138703531441e-03
2.890591016543456356e-03
1.700928440412691547e-03
5.027225079285275143e-04
3.742858418368700960e-04
6.393800170425500366e-04
9.937958542512827839e-04
7.765115463027199433e-03
1.524592660931855387e-02
4.349816923270631228e-03
4.217763680682697189e-04
2.917596431113736130e-05
1.012853138891225324e-05
1.175533133142515989e-05
1.957521099933682264e-05
1.010091499008372888e-05
2.067431493365589701e-04
5.175123454651996829e-03
2.942869123700577860e-03
8.955827744094771014e-04
1.539473879313057667e-03
2.093656895450945327e-03
5.227778436756962393e-04
1.686893535125656316e-03
7.035968202663925655e-03
4.783633388652004485e-03
5.554606360118892298e-03
4.923774239507529814e-03
1.757177622856984968e-04
7.646359177506058781e-06
6.366788132437102363e-06
1.164598877145703272e-05
1.968751603460854776e-05
1.006137057965143020e-05
1.146495362774144227e-04
3.273792132756019914e-03
2.285680655449552710e-03
2.315524325612571530e-04
5.284480415853317964e-04
3.165016987659183267e-03
4.530043139932658650e-04
1.245244588230060533e-03
5.909036310964507072e-03
1.647906451034371290e-03
2.508625928196799373e-03
4.341780569124206041e-03
1.302468042302296525e-04
5.862858834508646438e-06
6.467759795470411703e-06
1.233702716442688392e-05
1.982707354674801209e-05
6.063100149646185375e-06
1.422335102338419885e-05
2.799300167285582205e-04
7.483519060807837173e-04
9.119735951931258282e-05
1.261820092115035141e-04
1.738879993693092036e-03
1.118557800794716187e-03
1.875229315424569452e-03
4.212290830958838675e-03
2.660019762147290603e-03
3.339448435035195870e-03
2.298462514964976725e-03
8.270459472930249403e-05
6.289433437308070474e-06
7.474767186321257752e-06
1.289431334295505491e-05
1.982057345133326676e-05
6.510511121149889858e-06
3.078608250747109015e-05
5.160619779165143183e-04
1.529619375369012640e-03
4.651737387594301896e-04
1.572722293491344051e-04
1.072400015056984568e-03
3.514238016532783213e-03
2.572795674380228426e-03
4.216725119335936259e-03
2.572410478223452392e-03
8.083140891511383756e-04
8.042062526973751957e-04
8.244013868445274637e-05
6.854199646621858706e-06
7.247209097999802230e-06
1.257088637775523429e-05
1.971226808364035996e-05
1.379793203650133786e-05
3.381938755731159424e-04
4.696505033534015966e-03
7.338598507863193336e-03
4.191988747019532828e-03
1.206375172048540978e-03
2.104140301404836856e-03
5.497159302613623122e-03
2.615871735790961661e-03
1.849938526263101429e-03
3.888003383568620235e-04
2.534298357198658713e-04
1.882295191928594954e-03
2.615483218940930967e-04
1.019307960054121465e-05
7.320379818023697113e-06
1.223905344273554366e-05
1.961632196745443347e-05
9.349483953404015633e-05
3.489421500750583289e-03
1.163924935837604840e-02
1.004438661963352915e-02
2.456245334314501125e-03
1.556114810560411694e-03
2.078200266277536578e-03
3.630011212859987277e-03
4.964220277645516044e-03
6.582644445142655501e-04
2.558545762365249340e-05
3.162502227565695541e-05
3.018643169737479713e-04
8.174661657922688393e-05
9.304729485960096762e-06
8.387537445764542890e-06
1.254357470048552244e-05
1.955491259437439059e-05
4.923230986056394099e-04
8.338088529190903347e-03
9.631200184630478575e-04
1.456324788179195356e-04
5.431506397970783424e-05
4.124305416528013671e-04
1.819705599420371215e-03
5.199853761857968579e-04
2.567905708597369900e-04
3.901931559891213012e-05
4.002657465669878540e-06
4.546215986406101429e-06
1.218289073814330859e-05
1.003400006190694877e-05
7.759885428006572231e-06
1.031778067214178898e-05
1.297148786372564798e-05
1.932895547457345569e-05
8.793975788056192342e-05
2.789435224917155044e-04
1.513273073898585179e-05
2.174947939056451006e-06
3.090712162104523628e-06
4.819375516511420883e-05
2.334808183028221713e-04
3.162304861370464029e-05
7.370506397711817062e-06
5.434213919839832091e-06
4.863889977204035509e-06
6.242318063170182812e-06
7.656606533096392745e-06
8.386987010728733376e-06
1.019630867946380383e-05
1.184337128972912544e-05
1.265231512911964775e-05
1.868526777706270835e-05
1.248748880982514206e-05
1.142452917099323273e-05
4.222401039182428524e-06
2.831820111041526149e-06
4.230729064792557266e-06
1.060574891859620674e-05
1.676545847104747244e-05
7.843583257986732712e-06
5.310044697193860238e-06
7.631709513341532384e-06
1.084602561482365988e-05
1.243483043292182956e-05
1.238358890720521914e-05
1.245160920545873840e-05
1.289878117241725516e-05
1.264592923266398031e-05
1.291096078044478818e-05
1.926054778704158963e-05
1.891691647437836489e-05
1.374945832805516371e-05
1.346425313102402049e-05
1.570805101651063951e-05
1.668311166925361296e-05
1.572029161803721519e-05
1.499329881725163690e-05
1.463544678057847899e-05
1.634387426931828964e-05
1.918798548736970225e-05
2.041646735161310695e-05
2.017232145534484191e-05
1.969612315396655332e-05
1.950914962001128514e-05
1.931689773662464182e-05
1.869053514632117990e-05
1.926173565720865028e-05
2.705392509970915119e-05
