5.223898917549901115e-04
1.702708304620115243e-02
1.352875114780028622e-02
4.707179969833211707e-03
2.440823843558665145e-03
6.089572510771584443e-03
3.741510311846096230e-03
5.345639010831789361e-04
9.160924379779717308e-05
9.519564208792269280e-05
3.134774104025776520e-05
5.012922154975497779e-06
5.526343416661076898e-06
1.262654955974227957e-05
1.679880702283237446e-05
1.702172635075717132e-05
2.004330730555896778e-05
2.981019012993808023e-05
7.925251558451553086e-05
3.962416144488186028e-03
5.837506500677627080e-03
1.420642753343634391e-03
2.597898469717079429e-03
3.194567193784238375e-03
1.781268204687426211e-03
4.811815207038056506e-03
5.020567951307041907e-03
6.580697746675960580e-03
3.976171189901559020e-04
5.977039780200684552e-06
2.106756941769363700e-06
9.717554111431315122e-06
1.748916738783269157e-05
1.024003988062027040e-05
1.133950354383137497e-05
2.094687509804480150e-05
8.714252111563366030e-06
1.659945647550373422e-04
6.249707798415948118e-04
1.019348265654044361e-04
9.584005848816373838e-05
6.433455342998887301e-05
3.031411852511446822e-05
1.232099624830478978e-04
7.013673733444848258e-04
5.907331688593433182e-03
3.947724838322425912e-03
4.144406477287125405e-04
5.003617920262035356e-05
1.613187215241743404e-04
1.522942476958828229e-04
1.591180200994897235e-05
9.891976031052748437e-06
2.029488724576763173e-05
7.402986343467112631e-06
1.847601611793855795e-04
2.871964862553272584e-03
1.557440083025956766e-04
7.735602461046736344e-06
4.292855907125581366e-06
4.248588361702540872e-06
5.661782700028549325e-06
4.610840895827300742e-05
9.771546816215827876e-04
5.154564520689401685e-03
1.522507439315725492e-02
2.638739519128048029e-03
1.437486408559021656e-03
2.185748656177486477e-04
9.123617957276406341e-06
6.976347248659344734e-06
2.021221556347771475e-05
1.205851329435003127e-05
2.185978872740403263e-04
3.320390342687482010e-03
1.731586694883028199e-04
6.545666554854786133e-06
1.379530170506956895e-05
7.190451453341504195e-05
7.217352848764478851e-05
2.400299962359606987e-04
1.405848010778668229e-03
5.432571010553352217e-04
8.613575370937612708e-04
2.553428599488016468e-03
1.738014241295465128e-03
4.770521589254773373e-05
1.828331632277097834e-06
2.960949984766574078e-06
1.564185042650590701e-05
1.329618478392225141e-05
3.379209706234275287e-05
8.844707979682869272e-05
2.513649907456937517e-05
3.775197957803772919e-05
5.946001100004605962e-04
3.171433421757217236e-03
3.185558617384308833e-03
1.259226389603100224e-03
3.576154965927761070e-04
2.153142481706777188e-05
8.442527819316392499e-06
3.527606379982418873e-04
9.260108986211204249e-03
6.743797535686877178e-04
9.815771877887823990e-06
3.948243043340789436e-06
1.271424137740585989e-05
1.671826069515744556e-05
9.589459455444279194e-06
5.516853279828289055e-06
7.000307513214240215e-06
1.834356770627029894e-04
2.048083507406037347e-03
1.268826078675971145e-03
3.379419303329397883e-03
2.509367752069171890e-03
3.849532186324433115e-04
9.895955194780383995e-05
1.313513582362359567e-05
6.541401148048012128e-05
8.649689917320754415e-03
1.721081848215082546e-02
6.214644515503176024e-04
3.572808462419776641e-05
1.859196447695221700e-05
1.919474259075055835e-05
6.305115146631186595e-06
2.750857746749273520e-06
1.526123436393039446e-05
5.949133645058283810e-04
3.239429965192705541e-04
1.480238254430754933e-05
4.547370577070177872e-05
2.164432199490825756e-04
3.795596615451901721e-04
2.078903124951571660e-03
7.967011708112593706e-04
2.144842798795574385e-04
2.434925448903082351e-03
1.292512365492900356e-02
2.257811763258804443e-03
8.833272371142913038e-05
1.850734654802113570e-05
1.592665213821291712e-05
6.203506436682845810e-06
6.087171987942034528e-06
1.709061966020780350e-04
6.368258094791932888e-03
2.553869895482187811e-04
1.943124067939247976e-06
2.814854694433177854e-06
4.844044467328708080e-05
3.194856541156260795e-04
1.365512932752410832e-03
2.252732631424726219e-03
3.866225890757689983e-04
3.482568670824410790e-04
2.199397154663192914e-03
1.429418378228436426e-03
5.940282413020566630e-05
1.115451843573550894e-05
1.163718123364308197e-05
2.739229682424613232e-05
1.423519443990118531e-04
8.037370392746438731e-04
2.899660671893416423e-03
1.328062966788394971e-04
2.606873104673697216e-06
4.528042609975464716e-06
2.757030917358000810e-04
2.150753209212606914e-03
3.585631813948921107e-04
9.508533153702527921e-05
1.826526664257179739e-05
2.142888861881809824e-05
1.174228490118672244e-03
6.122743650202001550e-03
1.848982041980018682e-04
1.388713623679824145e-05
6.201244494393819350e-06
1.699268480275050288e-04
6.742478071640461458e-03
2.780731326359915916e-03
1.206168528694653679e-03
4.077074488676115283e-04
2.239585444527908209e-05
8.229435806056864720e-06
7.873427727203871184e-05
3.178144397188599870e-04
5.937810168692920815e-05
1.129950267275458304e-05
3.981725298932472741e-06
2.771219053835776106e-05
3.408027700655794339e-03
7.093548865473657886e-03
1.019415772647276153e-04
9.606449519316314077e-06
6.431810680063223146e-06
5.643521187908045111e-04
6.621065162527069170e-02
2.806724465580352421e-02
1.343636911173268569e-02
6.355510602767662151e-03
1.513246644535787364e-04
7.497560690879246807e-06
4.639869314393739562e-06
9.357854139111476723e-06
4.474934278298333480e-05
1.355783686433663707e-04
7.485232035469015720e-05
3.536148978867725075e-04
1.022276122640946618e-02
5.239873144455976621e-03
5.734670473518367834e-05
7.071806772297225764e-06
3.764151004850413152e-05
3.680093875832963178e-03
1.932022327058885991e-01
8.397685885508811288e-02
1.208840673397719098e-02
6.315650690596395734e-04
1.685597667365265544e-05
3.198334569097642865e-06
3.227573896274261632e-06
8.360480866992639270e-06
1.218683780829233465e-04
2.609272461600677540e-03
4.376589544502880458e-03
3.136150625174388695e-03
8.512058788218021532e-03
8.693278681492522600e-03
1.914332343900532326e-04
1.107199735326954459e-05
8.245763202173864213e-05
3.353268805328645311e-03
2.973585013583305431e-02
1.201001244089728096e-02
2.933765179377372401e-03
9.034411629558858445e-05
3.307082808111674054e-06
3.350281418528524487e-06
4.875984017726789853e-05
3.620042368490774317e-04
2.209986809740600736e-04
4.943841663247358327e-04
3.257565599729292730e-03
3.388412164272374717e-03
3.996509712424947680e-03
5.283728883495398057e-03
1.870355143137824813e-04
1.103965934495666639e-05
2.244543029176195796e-05
4.094582828084963161e-04
6.950495124848083371e-03
8.416223947559385576e-03
3.055741448561787380e-03
1.305853193839861745e-04
5.713677734821275463e-06
6.576627992892452294e-06
3.571877688751403344e-04
5.884312645906564394e-03
2.216612694451370507e-04
1.170357725897599323e-05
2.920360859544717173e-05
2.159936378765547622e-04
3.311618311651337229e-03
5.522709734358514748e-03
1.498515117254673650e-04
1.329482371893854302e-05
7.015537381844003079e-06
6.037046863409960458e-05
3.249989016600529548e-03
6.290708220873868564e-03
4.671904129664119121e-04
2.640018987273882680e-05
5.262465653425296765e-06
4.880573880025242032e-06
4.874333283411446717e-05
4.004289322601149530e-04
4.252676070180154351e-05
1.755589955674059563e-06
1.638721292197740716e-06
7.272508270333019273e-05
4.717150785859654076e-03
1.042047503381120146e-03
1.936418439824276174e-05
9.298319326232258546e-06
6.464908672189429435e-06
4.153562493686790118e-05
1.041001803709627445e-03
4.365033603996525905e-04
1.560903874686738431e-05
3.894586599163388566e-06
4.404123773371022084e-06
5.225300616981647958e-06
2.663080728298764804e-05
4.050936440729832394e-04
2.785146446090764542e-04
1.559731028973273696e-05
1.230711548875532611e-05
9.872857855426448934e-04
1.182213708609384552e-02
1.215451295453044451e-04
2.388905006410613473e-06
6.267115397494538013e-06
9.978072892194250643e-06
1.631939258868812781e-04
2.048680584039789827e-03
1.667102345496959985e-04
5.232187929792128490e-06
3.408245917846911664e-06
9.041945041209183259e-06
1.204878425601015699e-05
5.821690436282385840e-05
2.535349682389684365e-03
2.917858192272880513e-03
1.246800827685746874e-04
7.973195227467994072e-05
2.106927256413611890e-03
6.859523077976079769e-03
6.908505941999714133e-05
2.614156220547637191e-06
8.422184697115599972e-06
2.644833268592413283e-05
4.049044778378174756e-04
5.274175311637332997e-04
2.800490514720205154e-05
3.616802883280129694e-06
6.469975670818858871e-06
8.210386277900375473e-05
1.665669794144036006e-04
1.475264790230604317e-04
1.412385543293153897e-03
4.672495782177968696e-04
5.849390637685547724e-05
1.455580823876644579e-04
1.625877342066080937e-03
7.773735756148092424e-03
3.084620893100238560e-04
1.007597317501623546e-05
1.345806495335350261e-05
2.148852501352175519e-04
2.927798545903838312e-03
1.826719169803791881e-04
7.307492771230679315e-06
4.948015541165065801e-06
1.052302178241439426e-05
3.123004116184446258e-04
2.089527627752941520e-03
1.562461272694640321e-03
4.649134823541343706e-03
4.623919651033365336e-04
2.007018474530996265e-04
2.243491589887380063e-03
4.302664531353374809e-03
1.135947013876219616e-03
5.535870445017062859e-05
8.608156576719046312e-06
1.578427830720161501e-05
2.842698890803810655e-04
3.179477583526603771e-03
2.171152024486943213e-04
6.438780677373094315e-05
1.583192501555582686e-04
4.285016809074244747e-05
8.191139003621141315e-05
1.687804219206399665e-04
9.124862610964288244e-05
2.721820961620063537e-04
5.171163215869512692e-04
3.713901281657993724e-03
1.980033423066547907e-02
5.862666528869341434e-03
1.299117576470044846e-04
5.575406916089932145e-06
5.051035308091962550e-06
1.718207543185202422e-05
3.479531807032148637e-05
7.900667880791179898e-05
4.185694292439156905e-05
2.799682299774326191e-04
2.436999659265264798e-03
5.289373929286985245e-04
2.364368936474818854e-04
3.285239242486226213e-05
2.230542917773177399e-06
6.803760398317948745e-06
2.681293042160244220e-04
9.455034395795827717e-03
4.078579808011973881e-03
3.131805438245029876e-04
3.172813594224329378e-05
6.841442279077055432e-06
8.546473777800912315e-06
2.048572685642492363e-05
1.420993422406735071e-05
6.793981368252189501e-06
1.112321499675016991e-05
4.224023038907093484e-05
1.725987599596471222e-04
4.229783564753061029e-04
2.161332399778228934e-03
4.530819086338834468e-04
3.989647483302191319e-05
2.285599326500966971e-04
4.312432758722464787e-04
2.408639526829867400e-04
4.617582933633987516e-05
9.676595961436145615e-06
8.310310200007743175e-06
9.732666075525028159e-06
1.270165029815808832e-05
2.115391370867777225e-05
1.334759980715374231e-04
4.373370336281289449e-05
1.504347279816660682e-04
3.801483429292471531e-05
2.556700260529290843e-05
1.525905231777336399e-04
1.164598099116302167e-03
2.427434542449299470e-03
1.773673631382709052e-03
1.221202547951709405e-02
6.371649181202874383e-04
6.595259381099520570e-06
3.154405222138866730e-06
5.327162321322311720e-06
9.214855874530671526e-06
1.250338333443726076e-05
1.427873562786733796e-05
2.125163407433227207e-05
2.795774668395436223e-03
1.417407060751417654e-03
9.315353396306069733e-03
7.554991971309105245e-04
3.962520051241236597e-04
1.971901839927450804e-03
1.527367594215647134e-03
2.274458381176599434e-03
6.265237571980086448e-04
4.351722096188911470e-04
5.972998521415853642e-05
4.507617213017460229e-06
6.391729714683646369e-06
1.605277293076908614e-05
2.121192878066291418e-05
2.104312707157179278e-05
2.118755061320995968e-05
2.912707740850014625e-05
