2.065440697761833323e-04
8.228698667891165552e-03
3.298762346505221439e-03
8.568001953664070892e-04
3.012481777186724278e-03
2.967956576269690822e-04
8.404960529219897996e-05
3.255011780832052048e-04
6.941648991453390927e-05
4.443015184647723220e-05
1.945429979945894163e-04
5.776725908035440347e-05
1.381546848722652186e-05
1.765501528826245647e-05
2.481543632818048080e-05
2.568974318728935231e-05
2.616729877244827477e-05
3.705893744713064741e-05
2.396060944064394083e-04
3.186320862893498706e-03
3.843277954335496565e-04
2.902422910749173873e-04
4.042279139272088838e-03
3.726339070564215449e-04
2.278699981696091250e-04
2.561597106351220024e-03
2.755395669255451840e-04
2.487330041664527784e-04
3.342143330062116637e-03
2.126888516320307320e-04
1.114269285831648389e-05
1.063300095437749162e-05
1.253140795364842102e-05
1.409593382509704731e-05
1.666390113151320604e-05
2.600029275832023277e-05
4.551360705127664030e-05
1.163472165858576226e-04
4.022116521183290920e-05
1.572304751800846900e-04
2.872103758171286152e-03
2.104644987297616678e-04
4.030567460882573217e-05
4.680335639239443482e-04
2.908821676294202300e-04
3.119939430420798571e-04
3.049752389324276135e-03
4.552457639364192871e-04
6.464434466647725691e-05
3.659094937784421620e-05
1.243001513251832386e-05
1.009288236810935868e-05
1.494530574073587675e-05
2.585345112444162693e-05
1.291742534141179238e-05
8.853973486745231802e-05
3.462902895383073039e-04
2.011351118519994418e-04
2.535610270081319170e-04
4.673862750286759813e-05
7.445136135319656242e-06
1.756685610662480127e-04
2.905777913271427679e-03
1.426119591379224885e-03
3.281844065640693742e-03
5.994106917440805531e-03
2.444038644494855861e-03
4.896324971687326597e-04
3.397008071931641876e-05
8.745189578447299284e-06
1.292722869397243732e-05
2.741891641846365082e-05
1.126898171050788175e-05
3.890621077020413733e-04
6.424984275171263283e-03
4.270808279954943628e-04
1.256893358047652428e-04
2.059789267998088803e-04
3.578389790919681029e-05
1.304014426542624071e-04
3.817706297350653786e-03
2.885621299521649776e-03
5.147733518120105670e-03
1.696986330194575829e-02
5.961008919901381910e-03
3.380650662693457202e-03
1.433288866183437052e-04
5.680881090400903991e-06
7.381165650945588051e-06
2.583416409179459928e-05
1.251616115730873010e-05
1.157743657025716254e-04
3.063275982500731883e-04
4.230064370029269907e-05
9.435100690933277093e-05
1.932384888407391588e-03
1.258111187193200519e-03
9.501212821282339210e-05
9.146821505740527331e-05
2.955990143882257048e-04
8.514237497524338805e-04
5.960297789016499740e-04
5.582996074009975024e-04
7.047242358974661197e-03
3.262687595615515685e-04
2.433358836538109059e-06
2.885202027760047079e-06
1.924030572440239004e-05
8.409908838544181042e-05
2.349016115236138714e-04
2.921321641510481019e-05
1.593301050434097624e-05
2.603482401015760807e-04
3.089982677159680991e-03
5.301166782917844655e-03
2.377645235519654351e-04
8.080579413090022264e-05
9.274915235442451888e-04
1.645392966197697883e-03
5.093808718010182359e-04
5.434680125665146367e-04
7.160322318782040042e-03
1.051856904694951217e-03
1.062715900535572665e-05
4.136974604792898375e-06
1.571532390258782372e-05
3.055975487158597587e-04
2.508327054386859031e-03
5.076051233514583365e-04
8.958073324550651969e-04
1.002864108139870335e-02
2.756670509578028339e-03
1.082339064415482801e-03
5.214622423909945261e-04
6.521367121882781781e-04
4.864639717002590576e-03
4.373796009503206489e-03
1.566070805524846180e-03
3.011724031194657012e-04
5.412471905851579156e-04
2.258683323003585295e-03
5.073896369011349303e-04
4.351710474675310431e-05
2.265908171853030657e-05
3.750226530541463522e-05
7.929641376214559582e-04
3.966878276111919857e-03
7.234812906776363385e-03
5.427957857703323043e-03
3.780838382008352158e-04
7.232327125598549556e-04
2.307871242543810091e-03
4.712787247015047488e-04
1.172456490385579255e-03
6.417459362536484697e-03
7.290364937800093573e-04
1.347280744335123067e-05
2.878250250813279478e-05
1.902859025004462711e-03
2.904999438606235655e-03
1.281994065336122042e-04
2.601845175514056640e-05
6.889841797817626061e-06
1.176861367807636609e-04
2.908239870609929164e-03
5.027475331175547922e-03
2.933496023587950884e-03
8.612025597517229854e-04
2.921463895735732560e-03
4.350605444883164606e-03
3.601661171837132881e-04
4.335637491322630408e-04
6.673278533127709883e-03
1.175884831730971075e-03
1.818470285898056147e-05
6.011781674342658703e-05
2.188851228151643749e-03
7.421356074806666767e-04
2.677584204055362028e-05
1.364344494223043899e-05
4.941398829651864397e-06
1.090695984654539333e-04
8.475985541894312525e-03
9.648203137767975140e-03
5.835846908035778949e-03
5.285532193516720781e-03
2.822230859649004116e-03
2.135697122827123675e-03
1.866591809998731626e-03
6.559978267273888731e-04
9.551851635264785962e-04
2.457097537416550164e-03
1.227196259220944845e-04
3.476171689266861591e-05
3.950295101481416413e-04
2.976247683211722772e-04
2.261198697155843691e-05
1.306549670370301034e-05
2.560163004726530349e-06
1.740806823375511125e-04
5.575532915896756758e-02
1.759384724442590933e-02
3.708657192564307568e-03
5.840607765279661086e-03
2.002192409516234586e-03
1.702469121548081570e-03
5.739082423117600369e-03
2.958931109000314998e-03
6.398908790939051476e-04
4.491775604610487478e-03
3.569234488662341507e-04
2.326060063594754144e-05
7.343422100187841804e-04
3.159587691200174079e-03
1.299783199553407537e-04
1.624116377964576567e-05
5.177099180032412503e-06
8.511241071107323707e-04
1.338031444755970467e-01
2.656889728077059531e-02
1.475184934440596299e-02
1.149237414941263469e-02
4.505215592983892806e-03
4.006396484274334785e-03
5.408030718738391154e-03
1.009492940430048967e-02
2.021433688253021846e-03
5.235948617033176974e-03
6.616727614956332366e-04
1.105988158266951678e-04
2.896515530162635695e-03
4.084463369445454246e-03
1.192987424632900492e-04
1.085409807150095420e-05
2.602157911429079686e-05
3.735550809879418111e-03
1.066835270697247678e-01
1.711817451933324297e-02
1.745188479961628722e-02
6.995007200632482117e-03
3.331746364800594259e-03
2.612322861814436910e-03
8.903504419691567326e-04
2.357230265365647514e-03
1.419437409015680438e-03
5.436776709586536600e-04
6.640616749859497802e-05
3.744998411597442144e-05
1.914823442845122023e-04
3.839276840740242047e-04
4.363147498070558375e-04
5.926178758885246680e-05
1.795114104691902226e-05
4.469642252013473148e-04
5.970537364195943088e-03
3.610359409863639606e-03
1.115924662204948598e-02
5.587671763595614474e-03
4.694309078209477656e-04
2.549767297950538357e-04
4.859633787007203685e-04
1.930029367906459410e-03
1.971114453001026820e-03
1.349947243941290070e-04
1.037767073837561011e-05
3.355215228102280677e-05
1.820244244648662815e-04
6.475725936649533642e-04
6.036793112300640508e-03
5.601716759089466922e-04
1.242697368015741854e-05
1.002882947574686764e-04
1.706809962685229380e-03
4.847242207779936356e-03
1.302768066235383305e-02
4.998938965770910806e-03
6.825955114343482469e-04
1.034611665404139942e-03
5.940484333462723796e-03
3.450983367917629437e-03
6.123046889198932845e-04
5.583784196115989119e-05
9.357210032475300607e-06
1.739252620624436984e-04
2.644373866371254895e-03
5.755607791832030107e-04
3.003004099995935559e-04
8.195263730078873815e-05
1.479413897632192872e-05
6.989459851548011579e-05
1.400895705781784236e-03
4.330911061342610467e-03
1.537594206936130975e-03
6.604776915424717502e-04
2.014116560650958208e-03
3.553794320798940674e-03
1.062560015592880222e-03
8.368276839581307214e-05
1.071840735672388307e-04
3.416563748075114398e-04
5.334256009187680702e-05
3.509127518278159228e-04
8.525150691840273007e-03
2.244719174874851687e-04
6.135900318269982092e-06
7.481835537725449563e-06
2.121566551546745161e-05
1.077707470944960560e-04
3.066070644645104391e-03
1.151111821087762860e-02
2.820787856139762764e-03
6.529244438961580429e-04
4.336643359038366472e-04
4.707584252930690398e-04
2.484827045917636337e-04
4.747276082577509806e-05
6.831435755675165956e-04
6.218146123621576433e-03
2.255544295163667981e-04
3.499907006252863046e-04
6.485972996684442882e-03
2.522026034953720928e-04
6.163130424746980305e-06
9.660618947124993797e-06
2.441145371771968970e-05
5.134473298715660898e-05
2.388540120556270185e-04
3.591752051007609083e-04
7.060128699612019292e-04
2.609670779750966185e-03
8.852509967771761759e-04
4.100144766596950535e-04
1.381926700353600102e-03
1.194980824576388724e-03
3.014980065700968975e-03
9.665821794342702947e-04
5.971694848447621045e-05
2.540492982284282874e-04
6.022639086213189353e-04
3.631415337246650615e-05
7.598528374179238080e-06
1.912618540296582014e-05
2.207366104780226210e-05
1.138261127015945447e-05
5.706972806491140603e-06
2.752847189905591833e-06
1.326939751596298831e-05
7.358873157167094593e-04
2.177097330823122168e-03
5.513450227586949538e-04
1.681570723256399936e-03
4.231003269597814233e-03
3.338897493395345806e-03
6.922321899905736027e-04
5.287989244157583792e-04
2.905196854122863229e-03
2.626225169864321329e-04
7.290024420163927708e-06
6.303987039167815236e-06
2.345239226277070872e-05
2.286714026361163490e-05
9.439115919050319488e-06
6.290954822760188575e-06
1.395059400450533282e-05
1.264415977902924235e-04
7.457941709042310158e-04
3.956990089380770653e-04
2.605278660189105900e-04
2.622448208700980422e-03
3.337771875074003504e-03
1.178969216031996959e-03
2.158374549050179250e-03
4.134556839758188503e-03
3.782719376275013243e-03
1.704479237830178846e-04
8.786261190833235719e-06
9.168478694782098952e-06
2.567923082385190363e-05
1.600665662754556195e-05
1.089458673793531952e-05
1.967357424604999945e-05
1.420110076521779563e-04
3.232550778606816874e-03
2.694282055791196850e-03
8.420393565353191374e-05
5.649913034966830381e-05
3.450982483699531933e-04
1.452435929435368317e-04
1.396459567400978809e-04
1.045743924108276683e-03
4.031916850254982495e-04
6.444024947413468226e-05
2.105688053290187837e-05
1.079808729744588575e-05
1.367766101614496415e-05
2.656725965683788237e-05
1.019800919696196635e-05
3.216615973170908448e-05
1.238006935700396442e-04
9.469360846427483784e-05
5.483916022927742091e-04
1.206279786417814321e-03
1.500652421916648968e-04
1.759795923720894946e-04
9.224146747096165276e-05
1.514805438788032779e-05
1.506949059790659018e-04
2.458329997532827590e-03
1.878488536978361180e-04
9.299876783205368911e-06
7.929918748862905409e-06
1.241368828842992609e-05
1.589904236578096607e-05
2.556695276158404639e-05
2.194805900771869817e-05
5.253753408691815311e-04
3.129665140756925871e-03
1.976631939601256516e-04
2.587293204258094437e-04
1.916251691974393042e-03
1.222034448774383421e-03
2.414697133377539853e-03
3.108061899395382784e-04
1.434207104637471687e-05
5.996279904592924197e-05
4.073570322971547066e-04
7.137521117855379722e-05
1.079839722506450094e-05
1.132650078154773817e-05
1.567702847942843992e-05
1.708014389842159959e-05
2.582754941405860234e-05
1.261299900913317269e-04
3.724470438677667233e-03
8.040039704617569713e-03
2.156292680254109527e-04
9.709910878546608166e-05
3.084199614191771152e-04
1.732818862684123746e-04
2.726476478970147319e-04
9.859596932417694201e-05
1.301359839250145907e-05
1.292605945533295318e-05
2.183675797935201928e-05
1.795783529702562684e-05
1.735385655208531732e-05
2.354289652092929808e-05
2.606005309080051182e-05
2.613583160315755501e-05
3.691632752557179878e-05
