4.231001578918646062e-04
3.544973947100421401e-03
6.807257822445739702e-03
7.677756367139705780e-03
3.930267226186875962e-03
6.854137744169994453e-05
2.676918253096698913e-05
2.610234584887629445e-04
6.580393887524163727e-05
1.223920898683592649e-05
9.555640825505604097e-05
7.275336074883749949e-05
1.095640175654911352e-05
1.123232922085815420e-05
1.688320912859561288e-05
1.657259679502066916e-05
1.625909283385976517e-05
2.528155097619982561e-05
1.458951491576768004e-03
4.655902863411284266e-03
6.548108028070942672e-03
3.013688483395640400e-03
3.791750988391255107e-03
2.020524623260328272e-04
2.291477145887487355e-04
9.235847920811449813e-03
7.862149620580511158e-03
9.774020422097368360e-04
1.017906233979956566e-03
7.178228098640615138e-05
4.224797199095324541e-06
5.743987754036064781e-06
1.036177463913113304e-05
1.025269447440264322e-05
9.884666755986965534e-06
1.631445282209050674e-05
6.317591572940033909e-05
1.726317016866418634e-04
5.963997444811398830e-04
4.548170928028865702e-04
2.529243431388250671e-03
1.247998112405895735e-03
7.075764766634182797e-04
1.813390589489171029e-03
5.166909766120493346e-03
1.170772869651964462e-02
8.671924460709296359e-03
5.021261498628160416e-04
3.576678434712898320e-05
1.368328660437061845e-05
9.381214430666711600e-06
9.185644284869715542e-06
1.002756773725811942e-05
1.651721364157484383e-05
2.833444171709465398e-05
4.841417281326929728e-04
2.547979331862221426e-03
7.174899346046052697e-04
5.417334470866779807e-04
1.370203905014119594e-03
4.703516142313809642e-03
1.193720685803358657e-03
3.763117430072073508e-04
2.872858708371176222e-03
1.287261817187141527e-02
1.404935716785598795e-02
1.635125044074941039e-03
2.497490844058447440e-05
3.075703031377449451e-06
4.642083511819175726e-06
8.799043552479658204e-06
1.719549325506992060e-05
1.500325259977882970e-04
1.161522701536253036e-03
1.367936244064873498e-03
9.179114464183599480e-04
1.670996640487713814e-04
1.792907264392115728e-04
3.808684710050208849e-03
5.607664688388331632e-03
1.199402282147413526e-03
1.984211298360268830e-03
2.580019234745068238e-03
7.084907309430583250e-03
6.871494385636884097e-03
7.353342607874401222e-05
3.087776823307572694e-06
3.805741170645754936e-06
7.330294211614476033e-06
1.616720456576018107e-05
6.610607495263687761e-05
4.853612285874873890e-05
1.834453793861955172e-05
6.093720328747242299e-05
4.005845578961378958e-05
1.522247531066469381e-05
6.096182636303138988e-05
4.605387992039889863e-04
8.636365401998903363e-04
1.515008263568312554e-03
1.707086337494561614e-03
1.303147086950874178e-03
1.079338241498797868e-02
4.270003392917445621e-03
2.331302120022665304e-04
3.278871679407920916e-05
1.030469116934635711e-05
1.556045432549092478e-05
1.740102078470736816e-05
6.298616091043838360e-06
2.338430085289745936e-06
5.076844633921873233e-06
2.595448462187733584e-05
4.775814923362931198e-05
1.004032820925754585e-05
8.751086838045260210e-06
2.814187764024451985e-05
1.939332832729084410e-04
2.312854166347739875e-03
7.036832931475806236e-04
1.813001931402550638e-03
1.061856208275263266e-02
3.023324950607710580e-03
9.156604917324908787e-05
8.153584378957071035e-06
1.360058817543219925e-05
1.351769029099975501e-05
5.128472744068329643e-06
2.833877519349522179e-06
4.391053467888120880e-06
9.651580626577238760e-05
1.728696935085086237e-03
1.293454113950804393e-04
1.552440651769476331e-05
6.400527730690382046e-05
3.470924311501823590e-04
3.207823057588641159e-03
1.454273871619112457e-03
5.652840612086931608e-04
1.242877339986756067e-03
1.243645003272593605e-03
4.093369790920957276e-05
3.047045850840869821e-06
9.533943839165091587e-06
6.881000961400062395e-06
3.740270250702815292e-06
1.112522607531512807e-05
4.994965137586441237e-05
3.680957427658013170e-04
3.493917246567617482e-03
1.990753480925215504e-03
7.265418479358800750e-04
9.233465181927536999e-04
2.540412618973275985e-04
1.653535544588724787e-04
6.216276640335373881e-04
1.467253903120158262e-03
9.937966618690959042e-04
2.421692271970966610e-03
1.064455877187667351e-04
2.371511685899289384e-06
6.489867703801805362e-06
3.958221469769883828e-06
9.397855882232924847e-06
2.026861099761337131e-04
1.685843658730853088e-03
1.553673544067379897e-03
1.325394981482472473e-03
3.283300827810729534e-03
3.905604666641873234e-03
4.762365926829740409e-04
5.819534246075218754e-05
6.982515103315123936e-05
3.180539070263631958e-04
8.254744930874094227e-04
5.811651296057783900e-04
4.472039238600252972e-03
5.271183376773975766e-04
5.825715062580771295e-06
6.671994497797570959e-06
2.675780586388767321e-05
4.270239831394710998e-04
5.458384129047051843e-03
6.785716997849675081e-03
1.868923343730146108e-03
8.641081877313628321e-04
9.342881429341135706e-04
1.331548251616141440e-03
3.214799620861483274e-04
1.331373015976758118e-04
7.438142895702492662e-04
6.815494360144282735e-04
2.271009025214813955e-04
4.328894260706211083e-04
4.974525797777973497e-03
1.520218429044698470e-03
2.485669396704475912e-05
8.938806070635227350e-06
1.580533821372411885e-04
5.236964941145918345e-03
2.480296587512961087e-02
1.133549908343577974e-02
2.848025789328300760e-03
2.530554108913591650e-03
1.684437635661943872e-03
1.027015524734722733e-03
8.172614297562692072e-04
5.774078530602048823e-04
3.209480043543444690e-03
5.106818141237097486e-03
2.601784978341249374e-03
3.167943261251525942e-03
5.167454555177391183e-03
2.609712683472006998e-03
8.205128813579639540e-05
1.023988477202994963e-05
2.282952670625115524e-05
2.112946970465794626e-03
4.139581035726840053e-02
2.157057218057115144e-02
1.210179665924347378e-02
9.396232940249932622e-03
5.854325806655741836e-03
1.368443989642141026e-03
9.277540205968789469e-04
1.530407430982642274e-03
2.891670988129919732e-03
2.699158618909807631e-03
3.509263774278795905e-03
6.208784217328345602e-03
1.610678819379597962e-02
1.074653571353424882e-02
1.531141355985068541e-04
9.504817010907425244e-06
1.851714516546851590e-06
5.642414740900066668e-04
6.439984980082633093e-02
1.847045219410303057e-02
6.876174934437021338e-03
1.416179266653058190e-03
1.797632701962429552e-03
1.082369042685870156e-03
7.288804342289775372e-04
1.128846780265426678e-03
1.772319568542421323e-04
2.115438315644610658e-05
2.916225188310913037e-05
2.683678607689318676e-04
9.883310869208771984e-03
5.201890219905479056e-03
3.823147108625504092e-05
6.172768019070607540e-06
1.216247423837123586e-06
8.113684970412879849e-05
1.089264542332873606e-02
1.579518765593301496e-02
5.339324637695174770e-03
4.363303551395638800e-04
1.073413458005765750e-03
1.583316140021707964e-03
1.077829747690076719e-03
2.407753783463595539e-03
6.951302594064215487e-04
6.619492054789559812e-05
2.675141594211357507e-05
8.719533228400923514e-05
5.846776187720717152e-03
3.298018254692062796e-03
2.862671985120951443e-05
9.020678070739588671e-06
5.050370786181584883e-06
6.722122945089881814e-05
3.520277594633317020e-03
1.035522521893263680e-02
2.401940845457970972e-03
1.252918193874189489e-04
1.069171697618316602e-04
4.502585197844548282e-04
1.401076424492371389e-03
1.659750363843194056e-03
2.495631153760185898e-03
2.321583734769593586e-03
1.244697556390138727e-03
8.067455291926128955e-04
3.714771014660412599e-03
5.055984832898470591e-04
1.042038303795927962e-05
9.795099882935908545e-06
1.304561991907041387e-05
7.526863026625238103e-05
1.880988363704342138e-03
4.467808146577362423e-03
1.038117922728817475e-03
2.798363029422772704e-04
1.864939201441345024e-04
3.002126689572896323e-04
8.766381199988400796e-04
1.196471788545382369e-04
1.167076500650262829e-04
1.256985177274931240e-03
3.380124806470494962e-03
6.240732909027747743e-03
3.735474513603297391e-03
5.351126528631734437e-05
2.675175093540321038e-06
8.251652245915697256e-06
8.537976383607441864e-06
1.229321743350765175e-05
1.721282196294843746e-04
1.428122813350888795e-03
1.227927777422929169e-03
1.766556485652248740e-03
2.697309783697561004e-03
9.277572421694281479e-04
4.285397708339067123e-04
4.808006590975463069e-05
9.419413339123913482e-05
2.455029119841237260e-03
3.204130935642962325e-03
9.519627388457629902e-03
4.233340285186760858e-03
3.757569845056680412e-05
3.889900349239643527e-06
1.233971886099181376e-05
8.658900098261118603e-06
5.542100044563113859e-06
1.358294435867591046e-05
2.395661763378816641e-04
2.727058995831745276e-03
3.056140590802970507e-03
8.054904665511313476e-04
8.660718872193617218e-04
2.054457372357090892e-03
1.531272803489423405e-03
1.348956440837315333e-03
3.604462516853688438e-03
6.210450248438198137e-03
1.835722710108098066e-02
1.964789416493402472e-03
2.347963218269096851e-05
6.054418619351355930e-06
1.582259354440594839e-05
5.805960870812749665e-05
9.622930065179224294e-05
3.038101688611569433e-05
8.237315892411799830e-05
1.063715538427695241e-03
2.132893827028968601e-03
4.168605246127294142e-04
7.240789012314937994e-04
2.122472815939514985e-03
3.879565511489165442e-03
2.581514114302614279e-03
2.812993595140966634e-03
1.830947173664992586e-02
1.339049501091303836e-02
1.662328758181886603e-04
5.203693490442449075e-06
4.134308565400298457e-06
1.121738695708552446e-05
2.240475873895327974e-04
1.183050591317496647e-03
6.667084233519416248e-04
1.159865980480961770e-03
5.446560054528807931e-04
2.930882520292881692e-04
7.000031913247142497e-04
2.157570475639428165e-03
8.058120778700962649e-04
3.043603547940870063e-04
8.057048654052833192e-04
6.257133298115795730e-03
1.299070391290796898e-02
1.132592312454919984e-03
1.833028104949222423e-05
2.324436774762160588e-06
3.634688015905288853e-06
1.268137896442099884e-05
3.865404968305763498e-05
1.042916819848590967e-04
1.984506352459111840e-04
1.780620927317190386e-03
1.372695910635770514e-03
5.942877437065348161e-04
1.039934050736695181e-03
1.801849546248886734e-03
1.281289647301328983e-03
1.018946809431592023e-03
6.762811453003441699e-03
1.660102765069725039e-02
3.982146640937532858e-03
7.739625451925905095e-04
5.545264725961904765e-05
7.882838623210493793e-06
2.023253664506487816e-05
1.764541455463616263e-04
1.487682438912419523e-05
4.643710716965765217e-05
5.194043237503354353e-05
1.868822733820889434e-04
8.130739650837419657e-04
1.118021123394170174e-03
5.183556668218383809e-04
8.704947693683523155e-04
4.349281959824526263e-03
7.687838227630019658e-03
8.598734003187599728e-03
1.470856551766617625e-03
7.359517959644912462e-04
5.180634791579735287e-04
4.005030112376787942e-05
9.918561943387310803e-06
7.714069773827137236e-05
1.597856843006141819e-03
7.980186465542975162e-05
1.926262422125726501e-03
1.795836765604955174e-03
2.083561185571642521e-03
1.539234011481420633e-03
2.814998749948734820e-04
1.989858069654792949e-04
9.476929657434335526e-04
9.194251483324866747e-03
7.497118715712748280e-03
3.154752097770262189e-04
1.687858577781654911e-05
4.115863520176368004e-05
4.341902322185471548e-05
6.126687646229620053e-06
4.392902133814997225e-06
2.128599256656932422e-05
1.760337190655595914e-04
2.768993539055190326e-04
9.524033336042772926e-03
8.740049536449742001e-03
1.583866793840428555e-02
3.918739569700801367e-03
6.372519266321826888e-04
5.177286844525949734e-03
3.903226649598994045e-03
4.784964311345270261e-04
1.292161663026670897e-04
1.417956395108010554e-05
3.751937625310385515e-06
1.157335233178642605e-05
1.623636794446575363e-05
9.004021519272472208e-06
8.790541883430873319e-06
1.038447221657665523e-05
1.937437763563358046e-05
