3.312244536445014382e-04
3.109919950769275861e-03
2.342343283707240520e-04
1.140904048060519979e-05
7.744688566433753681e-06
1.385760250400597907e-05
1.035135941242611544e-05
8.027524654023919867e-06
1.198594130793705466e-05
1.606865591780633562e-05
1.723380815001045258e-05
1.715327893194778378e-05
1.683458056911483550e-05
1.669485341208935182e-05
1.662661783614970300e-05
1.642820505505625053e-05
1.713935967375150913e-05
2.219565842674859894e-05
1.029072332928568709e-04
7.020185292029810240e-04
2.266019231195153113e-04
6.278463082119760614e-05
1.151646494767238503e-04
3.497276364874342446e-04
6.154299060901194851e-05
1.065913047928541565e-05
9.411172931080413870e-06
9.428912626030719668e-06
1.063251406651786011e-05
1.220721515969333906e-05
1.248274915105447950e-05
1.226861975430819974e-05
1.209102102144624307e-05
1.186210782862380622e-05
1.245356836022714551e-05
1.713945083307873407e-05
1.259496275591082592e-04
2.850136213802860041e-03
9.720564257238245576e-03
2.773245351004106126e-03
1.158700766467572274e-03
1.997758105522127146e-03
5.524066259034786461e-04
1.576458049651959122e-04
3.199718458795980451e-05
6.064674245136091297e-06
5.894919791301605130e-06
9.477799046488896671e-06
1.167711221908935937e-05
1.196964860026157970e-05
1.168662521946234124e-05
1.135076463601030062e-05
1.186981538962654527e-05
1.643565399263973096e-05
3.195840418935620058e-05
8.616089803972590711e-04
1.144330000191053250e-02
4.576073204673591389e-03
6.592987853905851433e-04
3.073648082077276513e-04
1.095982630359630281e-03
2.980287171178727743e-03
1.460336930797705526e-04
1.001306462839653754e-05
7.125361023192954276e-06
7.927943883735750593e-06
1.016739486782327491e-05
1.200658527285000381e-05
1.210675718867412217e-05
1.166056872895838460e-05
1.209983288193270178e-05
1.665198698243963845e-05
5.596066392794659778e-06
1.394055334261067807e-05
8.956570675861806098e-05
9.145973996775960983e-04
2.770089785949596088e-03
7.460658742395702425e-04
3.673536778791493349e-03
8.120588639899516820e-03
8.224359519004704978e-04
3.898216328923712081e-04
7.004468194023383753e-05
8.265528961807726616e-06
6.921507770010298810e-06
1.038715824900178375e-05
1.193381102276885303e-05
1.180283070064507983e-05
1.219793779922874393e-05
1.671437176506545148e-05
6.091666916189300325e-06
2.150972099836764725e-06
3.011267294624414923e-06
1.554000580575687991e-04
3.104919111775647153e-03
8.669199271572019909e-04
2.943241513339622632e-03
5.557287176509508562e-03
4.279953624593023538e-03
6.162650637483387678e-03
2.080893233522441565e-04
8.957044195858089564e-06
6.758478466372573570e-06
9.049119394107685993e-06
1.090757155165348614e-05
1.167787628166271547e-05
1.223397379775219895e-05
1.670281397333820179e-05
1.022380564698621888e-05
4.078724815235543273e-06
3.918275857234629202e-06
8.099922677245968521e-05
8.471223875272294477e-04
3.047438737764509393e-04
1.048426472624131326e-03
2.546720642757489741e-03
4.414782176674515203e-03
6.198684905820883023e-03
6.675148595956225664e-04
1.475627320275804601e-04
4.547186521555860773e-05
1.240189378686123082e-05
9.893836361187274868e-06
1.139425357082236421e-05
1.227513268742208678e-05
1.669889258283146013e-05
1.658779587533615370e-05
4.550393012752049026e-05
1.445312412277955402e-04
6.619137732883163859e-04
1.907831260791813732e-03
8.220624665559920054e-04
2.071430115652846647e-03
2.754522228346204492e-03
3.596688468721904834e-03
1.101163281305941009e-02
8.252333654604850077e-03
3.193107584518184005e-03
1.946279355287571151e-04
1.354982577493845825e-05
8.873555372846775817e-06
1.128922865706877350e-05
1.237985718614993601e-05
1.670753666095309430e-05
1.753769575779234722e-05
2.415976098599610861e-04
3.278196752305497126e-03
4.141203766536310539e-03
1.507667392812030377e-03
2.604820684854422292e-04
8.066453224487110012e-04
2.212667575475902367e-03
7.696813762189067551e-04
4.754640624838019731e-04
3.601978364861025870e-04
3.132714921005378393e-04
4.703651616360617538e-05
6.900309190984734577e-06
7.420177285381035435e-06
1.131918624233217566e-05
1.256494760087275273e-05
1.674231430098678023e-05
4.268938431920702872e-06
5.402109664139160893e-05
3.633386095432705742e-03
1.054301537039388503e-02
1.542876475729761891e-03
5.991362608205744118e-05
3.351886613231777688e-05
1.459271834191661272e-04
2.906511112966694778e-04
2.697067017780637572e-04
1.638071155792173925e-04
3.977992117661553967e-04
9.150059081378362645e-05
6.960468190267863703e-06
6.109763774348236020e-06
1.073739341563631003e-05
1.266445496507756751e-05
1.682431862159961092e-05
1.578929455650130027e-06
5.610905517368043794e-05
1.081879063102125262e-02
1.295725216482540403e-02
3.099885540244598763e-03
5.129906392041759782e-04
3.225167720592569530e-05
2.045492172888360493e-05
2.345157110598656376e-04
1.775028317425744869e-03
1.062624780571644074e-03
1.717397021283054376e-03
3.086001522741425884e-04
1.023796013710088648e-05
5.097413990923396174e-06
9.339325642247028840e-06
1.243039386509747116e-05
1.691369336696664440e-05
5.713667916266804480e-06
9.926535257237299823e-04
1.015635809191414163e-01
1.490982620722061669e-02
5.415363332334276712e-03
6.578115775952732454e-03
5.703650798191833588e-04
1.378603816850175066e-04
2.078933210980309055e-04
1.236855927811362924e-03
1.492321120715074233e-03
1.087117510697671943e-03
5.187434012140705424e-04
3.824261297024119922e-05
7.669093508204208353e-06
8.633639890304963500e-06
1.196509653687929489e-05
1.693407126890101580e-05
8.213262625951898044e-05
1.233585649802637282e-02
2.866045484075147032e-01
3.263814926874863270e-02
2.750924013572268820e-03
1.170155290143632841e-03
5.998206770626305024e-04
1.833579147786155820e-03
1.895644715974525909e-03
2.716995164539231459e-03
9.132843822576945658e-03
1.401181585389669505e-02
6.821259335963694888e-03
2.495391591310242864e-04
1.390906490749950234e-05
8.854219857714392883e-06
1.177350065722162211e-05
1.692791790007255884e-05
2.185453578960669515e-04
1.208679209674575622e-02
1.162197485092633098e-01
2.944452649184436596e-02
3.150041913650742861e-03
2.492463395399360706e-03
1.056575599644661535e-03
1.216992142918638803e-03
2.140590688777901842e-03
1.557854496124699926e-03
4.077354713592284269e-03
6.630198040864627995e-03
7.406536263504829524e-04
2.879675198580361313e-05
6.908973326343067250e-06
8.680670018343668412e-06
1.208882292608420326e-05
1.697435175660021387e-05
2.303593301327108291e-05
2.696958773993326846e-04
7.402104255009542624e-03
9.480122722910631211e-03
1.359862984191546279e-03
4.486802233146731760e-03
2.998797861324893014e-03
2.149756775630531978e-04
4.650733022143793737e-04
4.006454195616186015e-03
8.731594136487580426e-03
1.847104617790181879e-03
3.339857041615882049e-05
2.457126498740350771e-06
3.527675454392744846e-06
8.890849791444618134e-06
1.248410441287523486e-05
1.698733585285196353e-05
9.795864608300922891e-06
8.243687816873490918e-05
2.441703347619981774e-03
9.365240569018641820e-04
2.466013021039542178e-05
5.435273864910612437e-05
1.609320479883367711e-04
3.526658580693751554e-05
2.601146132409344158e-04
4.038346731139434535e-03
2.556123481511611822e-03
2.462503257525211660e-03
4.096638587319786982e-04
1.716601897538298972e-05
6.894521241276375932e-06
9.935194082356957153e-06
1.244909434834347799e-05
1.689560131658595767e-05
1.636210356531860014e-05
7.186425472888622007e-05
2.782809106743014296e-04
2.991540753948804455e-05
1.583072889214623694e-06
2.306730937352765685e-06
6.325110625027942467e-06
9.735196893859734247e-06
2.486131007111183860e-04
2.560704204931459841e-03
1.079149706139370668e-03
4.453532028263893459e-03
3.625592061103938713e-03
9.713399075069138733e-05
1.211527701508292709e-05
1.039872035285545435e-05
1.220372336846432038e-05
1.680640818796308989e-05
1.355842880912770829e-05
1.372184588375695963e-05
1.205815486307961376e-05
4.013535671207771357e-06
2.994678239200025392e-06
6.090469142339759784e-06
4.965103716525826662e-06
4.129785507144313964e-06
3.606453338700426833e-05
7.285234828465816373e-04
3.238343819348337739e-03
3.893432675847642663e-03
4.255362346333357772e-04
2.286752985049705808e-05
8.686584984215557742e-06
1.021333755384907119e-05
1.218473068448268376e-05
1.679048695929508873e-05
1.228183049519557658e-05
1.023034359732861552e-05
7.584610788857173565e-06
5.260838212983479588e-06
3.746295327326580707e-05
2.861798056645792798e-04
5.056577385851890620e-05
4.204453824178143245e-06
3.726288772887649172e-06
2.560319902842993212e-05
2.057568518276005625e-04
1.516401338134805920e-04
1.719852639226910213e-05
5.509663694633233114e-06
7.427043086306201580e-06
1.082705807382985164e-05
1.233867740674579018e-05
1.677639137523805158e-05
1.458111126013006256e-05
4.668273453889425928e-05
9.371706982714087940e-05
3.145415111330246140e-05
1.927769014754741558e-04
3.011346672719866172e-03
2.894149885497805446e-04
8.577583802250482198e-06
3.406271419025718124e-06
5.395986887715998707e-06
1.074271721177956120e-05
1.006283760390689251e-05
6.139548613884797375e-06
6.678209676515431214e-06
9.991542064928498124e-06
1.177966703461822787e-05
1.235323584845989587e-05
1.672645651850206003e-05
1.283973475709195797e-05
1.909781296922848386e-04
3.401493629107939145e-03
7.107945878775512706e-04
1.487484086445891207e-04
2.472917357687980620e-04
5.780241761545869370e-05
9.026752321734506172e-06
7.030217171655023890e-06
8.096130733587133456e-06
8.227634956101907349e-06
8.295952939712012854e-06
9.083264654115072632e-06
1.083345459128514161e-05
1.208808022903534806e-05
1.195119992012703774e-05
1.223157281954789701e-05
1.669789053824463415e-05
7.139235572026975511e-06
1.298940405951545980e-04
8.704582069437685407e-03
3.191991995884727474e-03
6.958376212175257564e-05
1.304645361895321831e-05
8.733841222453733480e-06
8.161925679070763064e-06
1.047520670526944135e-05
1.186085378666046556e-05
1.155889218586915778e-05
1.147646366780038405e-05
1.188818494321650508e-05
1.222413685232676482e-05
1.210733121999575749e-05
1.167203144046793819e-05
1.209115722706661524e-05
1.663886022070166617e-05
7.260847846178339537e-06
1.275548616561756829e-04
4.310297145685409309e-03
6.538572500431005753e-04
1.424410011981217651e-05
4.911733575836122582e-06
7.288529492755522487e-06
1.018037797847370267e-05
1.175948052256082908e-05
1.206681282845844364e-05
1.190977663967772160e-05
1.183388391227788142e-05
1.181859688158144389e-05
1.176566648888696319e-05
1.162147441730724541e-05
1.134398370748625495e-05
1.186612946414801301e-05
1.643480249099960147e-05
1.284313492271314092e-05
2.437705616231157491e-04
3.125033783345248194e-03
1.784371943649317143e-04
6.266309220338100430e-06
5.391151243714893690e-06
1.035962755619308402e-05
1.253524195090334093e-05
1.243989867724757023e-05
1.221286200477404265e-05
1.214269383909786026e-05
1.214069425960371014e-05
1.214191580540740274e-05
1.214470406392907823e-05
1.208371171665265981e-05
1.186791559933365375e-05
1.245351283419059770e-05
1.714126735210086028e-05
1.503924068078366738e-05
6.719352319784048521e-05
2.674831850359327026e-04
5.227093391489632390e-05
9.645603981575512687e-06
1.117875951631926844e-05
1.663487720618092060e-05
1.743506041532259443e-05
1.682483337075219148e-05
1.662744923537815724e-05
1.663931639956536227e-05
1.666568427296166453e-05
1.668331397015088247e-05
1.670688968073145945e-05
1.665212730115405329e-05
1.643365492227615016e-05
1.713611529324388156e-05
2.219630554712816232e-05
