1.284761642341995715e-04
1.525836857879834044e-03
6.539123503870980514e-03
1.057101044575672714e-02
1.190278292333218305e-03
1.087444981912522556e-03
6.204834966070838127e-04
1.865219437372861661e-03
1.544973387514987596e-03
4.410526053891729602e-05
5.253872071666114138e-06
4.947115450274945588e-06
9.348725509641224327e-06
1.257327722638213949e-05
1.320516348912493251e-05
1.505649086395533221e-05
1.687905247822479119e-05
2.560310678597608357e-05
2.161222548151391109e-04
9.273386372007735162e-03
2.102415800709770202e-02
2.015666881720046960e-02
5.862563494413766327e-03
7.142287015950052678e-03
1.995345659829343438e-03
3.298576901063465707e-03
2.420076844578739148e-03
4.442114717013564344e-04
3.887178647629510109e-05
3.727615541909336503e-06
5.491240138900742201e-06
6.964538852936605720e-06
3.466206391850393919e-06
4.050733201833896817e-06
7.807471023281440907e-06
1.683725550782341703e-05
1.456013317528985940e-04
1.376456340275539593e-03
6.764550579420508568e-04
4.343343875042369562e-04
5.749003704747390362e-04
3.193100808476608942e-03
1.460279616284456284e-03
1.092604515666925017e-03
2.387751569225838796e-03
1.193148546489647410e-02
1.987468616395130297e-03
8.057430455805491415e-05
1.218916797665516711e-04
9.972865000351098139e-05
8.693219282537701075e-06
2.635864713858308904e-06
5.032324691528820426e-06
1.564762207185586414e-05
2.825970865887244022e-05
5.139958615110797746e-05
8.906307602195738993e-05
3.687371491093211395e-04
8.657366029643392448e-04
3.199353880728990872e-03
1.194354366638966268e-03
1.001416531813781145e-04
9.434071783808550382e-05
1.098788821657331865e-03
3.331769014513879731e-03
4.872283297411993293e-03
2.616636977669035448e-03
1.877999429869503913e-03
3.321734529309614057e-04
1.409945372797629931e-05
4.914604131752445815e-06
1.285783438749421097e-05
1.312920960006994174e-05
2.474855530744063953e-05
1.809988048923050186e-04
1.223213409716679108e-03
1.009634543336390992e-03
6.203598523318154924e-04
5.645729209352196324e-04
1.064533435764908716e-04
1.476365860596210605e-04
6.376943315328026862e-04
1.288447286337558772e-03
1.439572826709117730e-02
2.678671879264012384e-03
1.344447665609151479e-03
1.300661238567158481e-03
6.361892543502396856e-05
7.302441828535186189e-06
9.729742738496304573e-06
1.640456738420484293e-05
6.053111731548506522e-05
1.319809717039494533e-03
3.282283153424221233e-03
1.643972676531802368e-04
4.657188966915467004e-05
9.961849845260210400e-04
1.826838663226256583e-03
2.241801559186193740e-03
5.395882686920764476e-03
9.443716511049397681e-04
2.569349451177060841e-03
4.459915023492876975e-03
2.041685070261521975e-03
5.573524588849675674e-04
2.015288297983724563e-04
4.314525274983039096e-05
1.317157252023339196e-05
9.871247591896413256e-06
1.230382597756696610e-05
4.307250061394520316e-04
2.185891536858673104e-03
3.809225780542978924e-05
1.144904272637127759e-05
8.515521126253705044e-04
1.459781723650722517e-03
4.002707681702787849e-04
3.438852248136825811e-03
4.891500517338142826e-03
2.017799079727889897e-03
4.160013191989715524e-03
9.272261551271593003e-03
2.184640611393742337e-03
9.492285227655026386e-04
1.438497618866051402e-04
1.471013499986216307e-05
6.538948629914187719e-06
2.361855595809080958e-06
5.094989963556787409e-05
1.045867277811275090e-03
2.709695459520777903e-04
2.682422430607639234e-04
1.108358395270365527e-03
1.419946967197748596e-04
1.289207977451840141e-05
9.643086474225133974e-05
2.614648074706378469e-03
3.009556724477424703e-03
1.200164458694703189e-03
6.399809963848685120e-03
6.379597210049516715e-03
3.040443898775304927e-04
2.723735784476105260e-05
9.348140759893974305e-06
6.671320469936099738e-06
2.927961845816449278e-06
3.263949078913756509e-05
6.073383821747887958e-04
3.799917753680796904e-03
7.088254071260155324e-03
5.148548168711844378e-04
6.223324548852013556e-05
9.373554929924862028e-05
2.735939811349900734e-04
1.577670873552456917e-03
2.306428266414378096e-03
4.574396852040395266e-04
1.787479096531060727e-03
8.164445712297586574e-03
2.681833917255896458e-04
8.126739307361196890e-05
5.563151320558899071e-05
1.099995619477091417e-05
1.576508500401613372e-05
2.918041894442784069e-04
9.523000581726004171e-04
4.281019419356676611e-03
1.688951436256412890e-03
3.106481718174004065e-05
6.068718029240624534e-05
1.197191888592034599e-03
1.720175810547146114e-03
1.485621320702919853e-03
2.393575868128154215e-03
7.604841398137269668e-04
1.238313399646171842e-03
7.597265978325336289e-03
9.186368546333155242e-04
7.779333234107431395e-04
2.581382735194714365e-04
8.256653157399564548e-05
1.306724317410020244e-04
6.689292571687269900e-03
5.451180286024626641e-03
2.931773244447574093e-03
3.926701817180411878e-04
2.354118451965943662e-05
1.237996039305741818e-04
5.115615494133710301e-04
5.125092593155157515e-04
5.925487169177040547e-04
3.033022773260901292e-03
2.827038769391253866e-03
1.141658057597466549e-03
4.808627043529221240e-03
2.205612958231878418e-03
2.960462619391582479e-04
3.274820953810645574e-05
1.230337219050458945e-03
1.332860047184775132e-03
4.508503319233027329e-02
2.640093399019841428e-02
3.643062976048798505e-03
1.828052966922850530e-03
6.309032125276664051e-04
5.980837024770964709e-04
6.012860152566168546e-04
2.415715657968953330e-03
1.927532362772068708e-03
2.625059780381857558e-03
4.372156914105382840e-03
1.456790075569504338e-03
4.486170500506909617e-03
4.980572062074099284e-03
9.308577881027085225e-05
4.934076191891355258e-06
4.284855268791440343e-04
4.208352694437755837e-03
7.003998922851233100e-02
2.947066665748397304e-02
4.004474278760917182e-03
5.784102969396057517e-03
4.470108640533450479e-03
2.972961023839105479e-04
1.669350475303045078e-04
2.622703087128132934e-03
1.928599101934344020e-03
2.966873289426262550e-03
9.557108607684257004e-03
3.210727866418381943e-03
7.959176650632416097e-03
7.785456174988642994e-03
6.791559403921380465e-05
3.891187534837795205e-06
4.628381092745710907e-06
7.958788938307040850e-04
3.939164848909890160e-02
1.577444527784822859e-02
7.508253270111057108e-03
4.188766426507220184e-03
2.543945727303642806e-03
1.664414819672973449e-04
9.757637996675273882e-05
8.912465811765458512e-04
4.199333023208973127e-04
8.863455383294560706e-04
2.829431431871892721e-03
1.837173390950305437e-03
6.276610794364891749e-03
7.751316928256933407e-03
1.157495806486267745e-04
7.219857236650453956e-06
1.113489397948438445e-06
1.569829859562663738e-04
8.407916470781316362e-03
3.536164931995397151e-03
5.577142715845260883e-03
1.243339052584058625e-03
1.632538879728190307e-04
3.739563455828145305e-05
4.418672336751777486e-05
1.276069117768802315e-04
1.891852377539844133e-04
8.308699088504457788e-04
1.253156191891444853e-03
1.663831874083202466e-03
1.955183353567221602e-03
1.018218387577110367e-03
6.770624098513972631e-05
1.059082778952976511e-05
3.138053763648262012e-06
2.112661518918400544e-05
4.164220868210523601e-04
1.121905663920328084e-03
3.541237711179278692e-03
7.867183184472608011e-04
3.588157869485361065e-05
3.342061767598082656e-05
2.222742183464525246e-04
1.143960297978972840e-04
1.055895015617324355e-04
1.714463931013081571e-03
2.431588126060875866e-03
2.111141055430638784e-03
3.045468634375750674e-03
7.414846397098508917e-04
3.501082158914975938e-05
9.322119669348317056e-06
5.625291038982429524e-06
4.525010456279113137e-06
2.198093906577758857e-05
7.086170509920924204e-05
4.305822173042772117e-04
9.381426210026219291e-04
5.945406330745502577e-05
6.715982727670575603e-05
3.064342807224481983e-03
1.725247278835469753e-03
2.763923994013350090e-04
2.178671999582280742e-03
4.301257002827520506e-03
3.309903855999624372e-03
5.173433817938373133e-03
1.350977858924218809e-03
6.016823691467723168e-05
1.434592803228461089e-05
1.047256562434995858e-05
2.789285553300110851e-05
1.107577609678569075e-04
2.789606888519693276e-05
5.505872337678847619e-05
4.634558341890417229e-04
3.043290211726497942e-05
1.072453152265563926e-05
7.221369086217406313e-04
3.637510207904100668e-03
1.857886469655145069e-03
1.813675139452560012e-03
1.042079356566639071e-03
5.852926172545754209e-03
3.155693193350571878e-03
1.163388554410076179e-04
1.748323549235617413e-05
1.597758853655609497e-05
1.385649601884104271e-05
1.487363417006236138e-04
1.315057059257922689e-03
1.165590174279510297e-04
8.074411581248062953e-05
1.159332435030653108e-03
4.216720548207621307e-04
2.040167367193433873e-04
3.340960183893788241e-03
5.872555747888363875e-03
2.377219892316369525e-03
2.339728212698180803e-03
1.235158904785734271e-03
1.180130029580364441e-02
2.931805869917174321e-03
1.822371766401877303e-05
3.527352464795269316e-06
1.130114170383302500e-05
8.227074534437030592e-06
3.007912125994335824e-05
1.448495866835188049e-04
1.959328260431586800e-05
1.357181680343398780e-05
3.400862489145099038e-04
1.382735404587180986e-03
1.469337765866092797e-03
3.945690045473694216e-03
1.152992692672128242e-03
3.054710804225069004e-04
4.802041135102886292e-03
1.236142349197127781e-02
6.891843089601581290e-03
8.782701394959335816e-04
1.778662745540270768e-05
3.044000265029735094e-06
8.443833159920740964e-06
6.078511766040326418e-06
2.082995034154215848e-05
1.583451978513648515e-04
3.225741081745309429e-05
1.213677423785323749e-05
1.277716895690816251e-04
4.063568180183295842e-04
3.781273672706285350e-04
7.126848699651475508e-04
2.843141675422137474e-04
1.673061062720993160e-04
6.448332599109680464e-03
1.010075659509132064e-02
1.205172134270528954e-03
8.419288652234870746e-04
2.819050282525382674e-04
2.356868481716587071e-05
1.040784222637497320e-05
7.126881267312918773e-06
8.761118016390846230e-05
3.250975976219145150e-03
1.945189080080129756e-03
3.921109351492823225e-04
9.372082974864341708e-04
2.061122867592023698e-03
1.515083654102731148e-03
2.546117363971145409e-03
3.601215432971387534e-03
2.218763230203179334e-03
1.200804195516190151e-02
5.614817955715992702e-03
7.834776357400928190e-04
9.080618441986181748e-04
1.281193141280035979e-03
1.260926821685529400e-04
1.586373493502465590e-05
2.838817749584473637e-05
2.868731154127693371e-04
2.154540370860469865e-03
3.444662576246286176e-03
1.823694654333810061e-03
8.747874702778709243e-04
1.667457542418644949e-03
1.780253130081700707e-03
2.282379699520613488e-03
8.544447029681052908e-03
8.133088206114131094e-03
8.371094920254992799e-03
6.523332662065895989e-04
4.352235862834459215e-05
2.931211195009682312e-05
6.615885568802461355e-05
3.528193477200516567e-05
1.380086645571961658e-05
1.129262700477777010e-04
1.162191625671720081e-03
2.091653765492698051e-03
2.590183315273574850e-03
3.205550255380470396e-03
1.649461564368663851e-03
2.263400140160639652e-03
5.407651161037740732e-03
8.234566990064747655e-03
2.107295288171266712e-03
2.112058429085754386e-04
1.138708248231719002e-04
1.390781099877867944e-05
2.294660321432167838e-06
2.996322633700021328e-06
6.959963132464135039e-06
9.096328795747388841e-06
1.278526246136306659e-05
2.489466543218231349e-05
4.188484592153718768e-04
1.124643543909743630e-02
1.470016190271315748e-02
2.467998942815189962e-03
1.881085262656269136e-03
1.543169666739536462e-03
4.634176692831120433e-04
2.866700602397564252e-04
4.362656563077000385e-05
4.594596107941526654e-06
5.269534176141231308e-06
6.181121220891599051e-06
6.193703075106524476e-06
1.003567043376378751e-05
1.341765205255688055e-05
1.482536432071939496e-05
2.397880655474628317e-05
