1.485735405191362739e-04
4.196647052244930134e-03
1.594882189191676111e-02
1.052884741752214276e-02
2.442927697198851180e-04
2.925401399972625766e-04
1.653843905235569773e-03
4.987386347099207785e-04
6.635467248359364089e-05
5.711399468798580378e-06
1.767709947755115907e-06
5.681404897942921115e-06
1.467515329898422042e-05
1.580788606660337285e-05
1.755873693855874028e-05
1.776114109209550091e-05
1.731348713062277422e-05
2.684433030226856431e-05
3.000988709702145690e-04
6.997155590787534907e-03
8.914878755811343411e-03
1.410766281924104651e-02
1.100729771927940999e-03
6.957059308089101135e-04
2.819461470872224561e-03
5.356707828060061106e-03
5.913510530177011094e-03
5.145910445145999122e-04
2.048713496897464493e-05
1.623264048225769401e-05
1.346635075073978736e-05
5.888039038908392589e-06
7.723378287574678123e-06
1.069923876496040449e-05
1.065887367341887582e-05
1.710713344759040818e-05
6.200038261383508100e-05
2.256053990645781604e-03
2.503739382243509465e-03
9.795183831816608490e-04
4.505312436582151864e-04
2.512430438680351877e-04
2.701281731340673714e-04
1.765558819214489076e-04
5.945361696604327308e-04
4.472059955460148950e-03
2.954194437839883537e-03
1.742447070158170772e-03
1.565364948015624143e-04
6.026786805737176097e-06
4.074246199978335204e-06
8.867272281948241031e-06
1.117949339173595106e-05
1.741975698483596676e-05
5.315671584134840903e-06
2.152310915141229125e-04
7.637822492932019262e-04
3.303284726906960053e-04
2.404253803385310827e-03
2.860253930970455341e-03
1.202629675299563645e-03
9.537368978698288651e-05
5.834348253524176476e-05
1.494105546813730492e-03
5.557680887138856038e-03
9.772764675761703296e-03
2.341924650225998480e-03
1.153623408367781339e-05
9.615349416222876156e-07
3.622314837286674448e-06
1.010657731507960491e-05
1.873323763823084190e-05
4.753056201084657670e-06
2.119722316189188104e-04
2.546258012663871716e-03
9.902461319811458121e-04
4.189511986487887835e-03
4.592495179868917761e-03
3.712642306497959330e-03
2.428009097224123353e-03
1.999567776773882900e-03
2.418810546551681054e-03
5.843137187200377362e-04
9.093494087711116291e-04
5.601377771816661195e-03
3.691099854462965646e-05
5.369758841117906470e-07
1.978908708654778969e-06
7.998175809208879754e-06
1.797796559006221328e-05
4.741569918777897258e-06
6.491241166437343858e-05
2.504136584258785138e-03
4.216125141541148848e-03
3.575284125193220995e-03
1.895063175390026720e-03
2.561839136247115803e-03
8.171077287920746821e-03
7.788129313004328591e-03
1.900483620958083250e-03
1.058564601206570107e-03
6.964432163742328074e-04
4.470491966084292473e-03
1.577625552800368449e-03
8.777126926298878804e-05
2.124807894255124392e-05
9.351154435257724520e-06
1.489314378856127600e-05
4.859423266482983185e-06
4.086958521260922520e-05
2.206081530368113504e-03
5.427194911853817048e-03
2.573643008239258258e-03
2.483879491336095542e-03
3.167280755239404184e-03
2.605121441808920784e-03
3.320309686201761666e-03
2.487902753636226944e-03
6.819030053511017896e-03
2.710100538438865551e-03
1.641136339588319124e-03
8.412692285477037235e-03
3.331853548968765916e-03
1.065778135182741411e-04
1.006495604183664862e-05
1.208658096706297322e-05
1.013071847781089963e-05
1.878783733252247033e-04
5.513908569611494781e-03
3.239475060613047908e-03
1.496090400879142215e-03
1.990842381707578785e-03
2.124343973912515195e-03
8.294304481157521117e-04
1.892135357966567497e-03
4.031782710653397488e-03
3.592317963347706981e-03
2.797950710939004285e-03
1.076186117826676610e-03
1.649769056601705893e-03
1.011444039596050195e-03
1.580651143299431215e-04
2.751330546128559143e-05
1.636727359280706814e-05
8.999497770439460323e-06
7.936858999226916790e-05
1.746974055318270894e-03
2.049842583107098701e-03
1.427278122481890222e-03
9.424526682257098817e-04
1.403555460894621637e-03
1.183832574312771281e-03
7.808062174989131854e-04
4.780524701509609488e-03
6.708701176710709507e-03
2.164302051938367995e-03
1.448079206001633406e-03
4.137100115803476509e-03
5.847635302896626516e-03
1.262097022061314366e-03
7.918636731487434157e-05
1.867197396227893505e-05
6.784696949092165942e-06
2.820584203140184758e-05
7.205554227843803151e-04
1.556947707313944326e-03
1.041077186257326247e-03
6.992408733455057843e-04
1.611959240833406651e-03
1.848648560706739330e-03
2.039109642175650488e-04
1.303731151724496062e-03
6.827621765534694527e-03
2.090273219661068979e-03
1.512995773690977439e-03
1.113592248458934687e-03
2.369498683304742479e-03
8.149933642073060999e-04
2.831128801311129581e-05
1.050168957994457998e-05
5.356963319218100974e-06
6.921165242696524834e-05
5.141472238908754121e-03
6.888178962406479172e-03
1.431689786400775974e-03
4.468087694844532424e-04
1.125736923466134085e-03
1.549880663308945972e-03
1.661722186757887880e-04
6.731972832134413588e-04
1.608178210672611122e-03
5.233547742463894037e-04
1.056492453975549231e-03
2.989062250190665723e-04
1.489459273050363622e-03
1.314698484531059801e-03
2.257442724844515390e-05
8.476169247598691554e-06
2.045119647757131757e-06
1.369576954215328559e-04
2.565042173995679686e-02
1.781208946531893239e-02
4.305709970883989969e-03
5.730535593015539811e-04
3.976984203473029039e-04
5.078992025690528102e-04
1.675292808995249147e-04
1.201643752445908601e-03
3.908016275975890845e-03
6.919803836644570008e-04
2.061421919547893906e-03
8.427226524583131392e-04
3.501179481834002048e-03
3.110099767357424848e-03
3.876393301441351946e-05
1.048622008663908963e-05
1.494839368458006538e-06
3.818410586526645991e-04
8.910901707376427117e-02
2.258450719335384702e-02
1.149689522427321982e-02
3.511015704273662968e-03
1.762995703111183915e-03
2.001116400994877760e-03
1.099847656738635413e-03
2.348888962998699811e-03
4.604826004113164034e-03
9.345133837575776790e-04
2.539962714771749376e-03
2.148336821512008415e-03
6.589501791397637739e-03
3.115535049093131042e-03
4.631093250822242288e-05
1.386153503115312481e-05
1.959910356549204251e-06
1.886495839799264169e-04
3.316775635076953110e-02
1.430286265284077749e-02
5.248785207501788057e-03
2.271390955416432034e-03
9.384406646037206021e-04
7.632950192691836770e-04
2.029526425262603156e-03
2.830379318888489020e-03
2.317247171098871759e-03
6.510961146821969952e-04
2.154868890954407740e-04
5.692491722668348818e-04
9.866410253793528665e-03
6.700650845116465576e-04
5.895028244556584353e-06
6.689040562722411744e-06
4.988999094977497516e-06
6.335421675737671319e-05
4.129554400034344749e-03
6.102061578721177521e-03
3.057828678769626291e-03
2.283547795474637036e-03
5.695605459428978654e-04
2.411733870521563198e-04
1.463372572597727156e-03
1.660138278717096950e-03
1.597311750489366529e-03
3.407245745906785275e-03
1.134930392461285019e-04
8.155885537886144513e-05
5.173134753993078282e-03
3.638267113298222842e-04
3.678696898613608458e-06
6.287767881870979440e-06
9.931105692627459545e-06
3.348885747507853318e-05
1.596393564262658504e-03
6.675797824672737024e-03
1.288120685072495931e-03
8.583847563894310287e-04
1.993939802022714862e-03
1.804889734187473897e-03
2.692157864218306870e-03
1.838917023808529175e-03
1.837708985994232404e-03
5.469624422228169282e-03
7.836919455726182944e-05
3.765808053734604974e-05
5.300468034789968669e-03
1.567812297485297055e-03
2.522014694271590502e-05
1.600923630101391107e-05
7.548525251361133379e-06
1.270224914662604067e-05
6.315736062487881152e-04
3.288262396751590478e-03
3.526029529477738966e-04
3.239151948729849682e-04
1.652365165595840466e-03
1.730947288080681530e-03
2.007816216713213288e-03
1.949964713603203866e-03
2.194716451966176492e-03
2.982743831084741330e-03
9.858694078269860522e-05
4.007864365518941699e-04
1.278554318168989914e-02
4.218896285393473043e-04
9.907507334076093349e-06
1.344118731474124328e-05
9.995995930979301319e-06
4.971065698175186842e-05
1.922074964545884748e-03
2.245075816117825685e-03
6.265820078035223535e-04
9.581416118135367092e-04
4.298797149612544610e-04
5.230844027456377785e-04
2.806218174272726972e-03
2.876804122276018904e-03
5.752840311465997475e-03
5.722578977929778689e-03
6.871818438629699859e-04
5.597562412423663300e-03
3.244582548793855607e-03
9.208219618005739497e-06
1.090795826129920560e-06
8.246750633044696590e-06
8.681488862385416356e-06
1.131682788534382495e-04
3.485402852084978388e-03
2.157624309881432494e-03
1.600660290875839968e-03
2.383349025907150875e-03
6.413565932061846301e-04
1.098892707141540170e-03
6.992413268193016680e-03
5.951362754827078418e-03
4.706342925084520783e-03
1.175164112354466035e-03
1.334669430723190754e-03
9.005683719549356300e-03
1.968809629413132908e-03
2.038491723630874659e-05
2.823742672595160881e-06
1.129902567475706059e-05
4.025882276753740255e-06
8.430658419374631809e-05
2.743772771089901356e-03
2.153557055489513979e-03
2.358141203779989207e-03
3.987699342758848145e-03
3.146668798423639737e-03
1.352365223980654891e-03
2.681987050473851053e-03
3.277063210260946439e-03
1.808106329123864093e-03
1.035107514273922230e-03
7.211503213519242401e-03
4.746408383783251410e-03
1.149054083051809835e-03
1.472627227370941309e-04
1.292643256213401309e-05
1.505671999329698349e-05
5.215018532271822967e-06
2.276316018571861621e-04
4.704440000298100791e-03
2.932417206482708198e-03
4.642602646670641528e-03
3.858849762976339359e-03
3.120979894323124091e-03
2.529275000286749023e-03
4.632097025715401113e-03
1.578975856046962957e-03
1.371034889315739030e-03
2.659977829323966706e-03
4.894216442788854038e-03
1.104890756569471650e-03
2.219995942672548580e-04
4.680379430347248858e-05
9.763240143342038260e-06
1.456464375579071613e-05
2.135012530971143669e-05
3.214665149727896328e-04
3.054293391685802307e-04
1.779485100398424575e-04
2.470943232480234467e-03
1.257261623098245712e-03
1.443783250054453187e-04
2.863771709259988721e-04
3.844552369107837389e-03
2.295455150399736133e-03
1.762254321903891554e-03
1.282474795498099061e-03
1.976749419062133223e-04
7.358831717537380238e-05
3.505587032621771987e-05
1.048354420099361614e-05
6.841514526065581548e-06
1.566418243355234595e-05
8.462119998537155348e-05
1.330468915581060202e-03
2.831616335336225167e-04
1.080452521676920549e-04
1.451380860558207104e-03
6.165153470095479293e-04
6.366330652024106379e-05
1.519863193096345107e-04
2.685864911253722700e-03
3.122999625623040787e-03
1.066473183384708968e-03
1.604193369606299682e-04
1.122303119423033730e-05
6.686655421358101643e-06
9.037610573197749802e-06
7.450769637918643402e-06
8.201958577671262995e-06
1.713344036662707145e-05
7.888549598755444114e-05
4.712950118943370383e-03
7.473374775458869503e-03
2.729736433522480903e-03
3.647752510442156190e-03
2.556953908246965747e-03
1.331917401993319662e-03
2.155240432632483764e-03
3.186363709621412195e-03
1.106811031850601880e-03
8.952645855611242190e-04
1.274965532776503932e-04
6.952922057798253831e-06
4.760515181709911340e-06
8.427618228710755563e-06
9.501614009651800433e-06
1.008675174832010774e-05
1.771570481542619887e-05
1.736288422744213498e-04
5.524964951262860413e-03
1.736241806061986775e-02
1.141379841412402257e-02
5.005334787765199599e-03
3.318865113256492996e-03
5.489443811060592485e-04
1.337389728940754138e-04
8.020409656610711377e-05
4.133562990736161914e-05
1.382642929380021191e-04
8.447265353597307384e-05
1.359883579596400277e-05
1.203333608838438703e-05
1.778971933742929521e-05
1.793823571513247480e-05
1.750416936035145417e-05
2.713220067141573015e-05
