2.319741978390770149e-04
4.132819375350258936e-03
2.093525143366545271e-02
1.268351001671466118e-02
9.857054719044798172e-04
5.939204803840158293e-04
3.140186969170953666e-03
7.227900391021043229e-04
3.558496992455800994e-04
2.656751948860607330e-04
2.244117246486977877e-05
1.336056926747151618e-05
2.441920159966748938e-05
2.401775985389252178e-05
2.718983590341584534e-05
3.011037750249974740e-05
3.073270196773276455e-05
4.340666041658868896e-05
1.089260463607693837e-04
5.069529629823906272e-03
2.678708146770774831e-02
1.649140121966564260e-02
8.207437925144505861e-03
6.401799914273218015e-04
1.749969830944519717e-04
2.839507129025775644e-04
3.703555182302263864e-03
8.713016609488078573e-03
6.058833815414870838e-04
3.416123023654151305e-04
1.346845933279463040e-04
1.927993709902524227e-05
1.437058381313887247e-05
1.880065964691372810e-05
2.020277232703245409e-05
3.028786220327797795e-05
2.101791435873960436e-05
1.834145760621025498e-04
3.247183945265261305e-04
4.406576975543173200e-04
3.343276729330533093e-03
3.231562271635670443e-04
7.348360331850557466e-05
4.009537863865702905e-04
1.315958614800820164e-03
3.720851201153362476e-03
6.817291290960233834e-03
6.703467650943462607e-03
2.423826182784146561e-04
8.860688608606891379e-06
8.183866236606930901e-06
1.580724797285236162e-05
1.949815316829792551e-05
2.969032966865642659e-05
1.867357707052264926e-05
1.192593278876400445e-04
1.878951655123384701e-04
1.464117395571051632e-04
1.135006781883101919e-03
1.936568262247412428e-04
1.195283028576099875e-04
2.129431394106726626e-03
1.032372144929011868e-03
5.690838258748018817e-04
7.153756622851138551e-03
1.793594345177405153e-02
3.593151116880348222e-04
1.272353482638109552e-05
1.028005115121895843e-05
1.525379967187716926e-05
1.906291778835498706e-05
3.076800930418113788e-05
2.790808518409729203e-05
3.345334819821054080e-04
2.581322476276766333e-03
2.222456217260378349e-03
6.158852359030341297e-03
1.124361906269782246e-03
2.079809823526969608e-04
2.500447850967246147e-03
2.760868353966926605e-03
5.623539445299357382e-04
1.960318981503896343e-03
1.502731461142033619e-02
4.503045449329030371e-03
3.778511967109576472e-04
5.407208694446543473e-05
1.684588074556127269e-05
1.629073661517816755e-05
3.009322012022847979e-05
9.069075933308247956e-06
2.498757120515828663e-05
8.510184386267148540e-04
3.562631912539979042e-03
3.116666302286449919e-03
2.371186409231824162e-03
1.321284626146321467e-03
6.352528103686335206e-03
8.108563519120962418e-03
2.308383928740107612e-03
1.095431148286662906e-03
1.634654426009541153e-03
6.844755895870264367e-03
3.045768439724135922e-03
1.289279005832947406e-04
1.568336631141871033e-05
1.366090178303769482e-05
2.866220471935756952e-05
8.430513620862193003e-06
2.234897266913493286e-05
1.499809984517411557e-03
3.114041175484956979e-03
1.561384574874778882e-04
7.125168571436522587e-05
1.290338850496413725e-04
1.015371177681475808e-03
2.628075303246263719e-03
2.193506404325419080e-03
2.026555182467927683e-03
1.169489412400813487e-03
6.173375381814988523e-03
6.838311513855652168e-03
4.837248220395256345e-04
4.601515573616457073e-05
1.833545448246818972e-05
2.901769106444675631e-05
2.746391628715724411e-05
2.536377188554471440e-04
7.312370243864982355e-03
1.106246142508930837e-03
8.275649661991860817e-06
1.327472369443685630e-06
2.777242232345260108e-06
7.892923769787077491e-05
6.591241451042290610e-04
2.778410507196632496e-04
1.918597880586292654e-04
1.370791200986758163e-04
1.015805476333894036e-03
9.438773475830350076e-03
3.241788597004245306e-03
1.195821229101225582e-04
1.563871272555743426e-05
2.416820604681871941e-05
2.131812535514438083e-05
6.455027037166586224e-05
9.232158341631591363e-04
6.370218116300554664e-04
1.777810843970101029e-05
2.070404136017790106e-06
1.170488717072840619e-05
9.070242170001080765e-04
2.972624527538291796e-03
3.504972963103756113e-04
2.025562958700784677e-04
2.228006229898112632e-04
8.456567304538324800e-04
3.558534733153706931e-03
1.318114721807132298e-03
4.910007011448461975e-05
6.862380359630719521e-06
1.612946563718242811e-05
1.028600154983894111e-05
7.567527756932006724e-06
1.151658909928351347e-04
2.228776177925367603e-03
7.934918783077303745e-04
4.819103750074110553e-05
1.791382405095187050e-04
3.488185968576618633e-03
9.826483394612894016e-04
4.253429794482638075e-04
3.478680475357940564e-03
5.040112628025525919e-03
2.612326122736225147e-03
1.885671421968332026e-03
3.896933761197075418e-03
7.163520848664453209e-04
2.895165143329090038e-05
1.818998164765420710e-05
1.047315620985541923e-05
1.782632191197651154e-05
2.310900804674941977e-04
2.834722744853414647e-03
3.194155566726574694e-03
1.745597210091781907e-04
6.921387255365303158e-05
1.223767971965484343e-04
3.341718042290539809e-05
2.472348130744747032e-04
5.200567052906271068e-03
9.688818383764918147e-04
1.490626179708646017e-04
2.949166785110818941e-04
8.563952790504094151e-03
8.489617022379233532e-03
1.292742152175976455e-04
2.066493782967832350e-05
2.071057684295295783e-05
4.121609882896180139e-04
8.560235009106909043e-03
7.944224164899493096e-03
5.431662857950668270e-03
7.223854309703594189e-04
4.028915095817986214e-05
9.646318204000997639e-06
8.390342338091947127e-06
2.004962503289778558e-04
2.557061739962592298e-03
5.479880011617372770e-04
1.363766969123454697e-04
6.951325907824697095e-05
4.482674250738125435e-04
1.515332427946911508e-03
1.025714164862721374e-04
1.876937563318291363e-05
6.704706811941342720e-05
4.969386804347396963e-03
6.266055573823037239e-02
6.838934141882331910e-03
4.037810356308274735e-03
3.710250657455534899e-03
1.763203253258226156e-04
1.134546328232228889e-05
7.911595058029526143e-06
9.321520707440800299e-05
1.730188836692530272e-03
5.338970722781225670e-03
3.088247487176614715e-03
3.416358404382063515e-04
7.017531610369703811e-04
2.444121331528839591e-03
1.752184433187964016e-04
2.354073139684211311e-05
1.033730319411148204e-04
4.589471586344698838e-03
4.769813733775902370e-02
4.131729406365646645e-03
4.345131834193333565e-04
2.788036976492653369e-04
6.750931215692803950e-05
1.465821053323140315e-05
1.481350863996587868e-05
1.565178751288980648e-04
3.220380763883996973e-03
4.446737408832115816e-03
5.791511426788109032e-04
4.384887895329266745e-04
8.529500767804959124e-03
6.713776798891792422e-03
1.138738607633417601e-04
1.934122624813133746e-05
2.464836790647274140e-05
1.633304167764923292e-04
4.764670215442776829e-03
5.189003338929445465e-03
1.468378891936313816e-04
1.317240640169654326e-05
1.079972011693800157e-05
1.302609165139510529e-05
1.532138790537747094e-05
5.777032888140505779e-05
4.569674437542942873e-04
2.014500209469840197e-04
1.181539972221313470e-05
1.022276087777785361e-04
1.460751089291654342e-02
3.123868290175104128e-03
3.138736465305376114e-05
1.329539177842418164e-05
9.100122022287891217e-06
3.121302077850653394e-05
1.213811335330572741e-03
3.192598645389473685e-03
1.620331202766062324e-04
1.020597045486104114e-05
6.894677567691862305e-06
1.088264580905459831e-05
7.937767105214783885e-06
8.771308910877629168e-06
1.208491255952491474e-04
3.647162026756490595e-04
2.765557810714815311e-05
1.541584246843737105e-04
1.368902338678131513e-02
2.240100550251630795e-03
2.983635459868309243e-05
1.470721704869253963e-05
1.428873609075064349e-05
2.221696690861022308e-04
3.439194630354509060e-03
1.168012798333433605e-03
3.015012250050250545e-04
3.256640841396935758e-05
4.735973283870108474e-06
8.219535500210064445e-06
1.063640814631824726e-05
8.474476654751703775e-06
2.105310703342456102e-04
2.565395777291398609e-03
4.892445999596047902e-04
1.230199856926880980e-03
1.362467368842883511e-02
3.099215910673493862e-03
1.133577363820460581e-04
3.178117297586664834e-05
1.139277668632080179e-05
4.029967112086051129e-04
3.868464577422878019e-03
1.216250342636919805e-03
3.482257220836414147e-03
2.806855018189068768e-04
8.086780762230043673e-06
3.534338049850023104e-05
1.952931160062701301e-04
1.336864050198737527e-04
7.244394023211872232e-04
1.437027391029713176e-03
4.545004000805477271e-04
1.524985396787919114e-03
2.472326651287478326e-03
3.440398583758826653e-04
4.678795922342331143e-05
3.017797820513156389e-05
7.698591030728608572e-06
3.392466335175102314e-04
4.634968560458959351e-03
1.097794233127687754e-03
2.832780515650356202e-03
9.755855747714282109e-04
1.897694388651327709e-04
1.047056661892454459e-03
2.632590340101498803e-03
1.134736402491341809e-03
2.954825827409038319e-03
3.406660148320728252e-03
1.228937237346668619e-03
2.136842926965224106e-03
3.075040614528520323e-03
2.036802792306736324e-04
1.463995751291660786e-05
1.814317819406157642e-05
1.034891770716530874e-05
4.652475338354080748e-04
1.266398768834243842e-02
9.249575705823372520e-04
3.007244830582681255e-04
1.234236551907278876e-03
2.408536222444241596e-03
4.249927739944529825e-03
1.569315620798507815e-03
9.773750515973705542e-05
1.089321796835427368e-04
2.316760582470807871e-03
1.103147862750838981e-02
5.202435591289197338e-03
4.108149613236748016e-03
3.309798236454976339e-04
1.655568519172421392e-05
1.879284770425239731e-05
8.201924997648560555e-06
7.054712427175540313e-05
5.219429192313163046e-03
4.586102393228159990e-03
7.626308465746548144e-04
2.167249610173868895e-03
3.375729224941132617e-03
5.481885968946541635e-03
3.379743673304459652e-03
6.416883740730078257e-05
3.341468465455047659e-05
4.653943465608123900e-03
1.600120081447857154e-02
4.201654037528671447e-04
9.836534461367014439e-05
4.450398665711876976e-05
1.480233979956506731e-05
2.380754555543663584e-05
8.974765212200813344e-06
1.405029626330812906e-05
5.440379569788196838e-04
3.133338886446706672e-03
5.811051088642720354e-04
8.759193834018405090e-04
2.488873852608570070e-03
4.091812177653788608e-03
4.480421270263967512e-03
7.618505670184063001e-04
6.960850859280967107e-04
2.191285986603327962e-02
9.061236878955774773e-03
6.131282232034742058e-05
8.937574279169173831e-06
1.188206636110782599e-05
1.526815382834429899e-05
2.886766012961897046e-05
6.301552332071914866e-05
1.806525256868334777e-04
3.385335696942041030e-04
1.367998065030786518e-04
8.317231943573741943e-05
3.496053881377292165e-04
8.805728246041745868e-04
1.020306932125361176e-03
1.483542751385444987e-03
7.278668758000266144e-03
6.031481793219819684e-03
1.147065014449486810e-03
1.648426697985635417e-04
2.144525743548944546e-05
1.135917183115427986e-05
1.460808057242194035e-05
1.837828981722655557e-05
3.017371808349432599e-05
1.940705210291046709e-04
3.820211159540925182e-03
4.523332969063098563e-03
5.083954809432721057e-04
1.062754511034090434e-03
2.238971471980235901e-03
1.556690045821590993e-03
6.819947911494469127e-03
5.610963296339881515e-03
1.026773882895391614e-02
7.911925195628759927e-03
1.349851823958320900e-04
8.779630005948236524e-06
9.664413416307361706e-06
1.673430440813643321e-05
1.947003689566884733e-05
2.017819318427571773e-05
3.065630983270159482e-05
3.497867972364834826e-05
8.829995089985684257e-04
1.862967472919292364e-02
3.404549455955948462e-02
2.766785381145799028e-02
1.172767625836648904e-03
2.127564750640480846e-04
5.191836484694071358e-03
4.236697924091361797e-03
4.845547513151703383e-04
3.397397766652382879e-04
6.741504511455062218e-05
1.589011528902490743e-05
2.023940186097141392e-05
3.039199987970849713e-05
3.084363266331000832e-05
3.054592239843407494e-05
4.340947803470043755e-05
