7.282334984538697104e-05
3.526817067370589375e-03
3.634451055217050031e-02
7.293597742884388307e-03
1.677361484533996736e-03
1.907280333120480766e-03
4.455679046569308889e-03
1.059030147369560649e-03
7.000956742788652437e-05
3.452447604543278618e-05
1.104906616300280756e-04
5.841148596054844072e-05
1.346018975390153940e-05
1.288434521048303486e-05
1.804675564311867766e-05
2.029474877244597233e-05
2.248314686430597255e-05
3.388361763160335977e-05
4.313207560639619094e-05
2.336962476548624934e-03
1.926262753283706011e-02
2.281839046274793809e-03
9.000645728539189306e-04
1.332642274384355282e-03
1.367570644683852119e-03
5.304671823627524208e-03
8.569240401237437910e-03
4.052860918374397506e-03
2.270321268447680809e-03
8.894019388112096847e-05
6.240372358450715864e-06
9.180422016272546027e-06
1.243606858397628456e-05
1.028417027222760060e-05
1.244267763638158165e-05
2.315040755298031672e-05
4.494245983682018962e-05
1.192789569017460409e-03
2.234028508443448250e-03
4.423165155032895762e-04
5.992087408192511584e-04
1.912589717866943319e-04
2.652743153455348494e-05
2.234930993565558159e-04
3.349115365121215111e-03
1.179057730336961762e-02
9.524106524053995576e-03
3.922221785226526203e-04
8.167910861481510112e-05
1.884844012808911586e-04
6.374104072663819255e-05
1.113202808557180613e-05
9.581872021480961134e-06
2.201893417948684383e-05
1.816962507079325397e-04
1.728002016857169707e-03
4.192427877704990699e-04
2.595328581689401878e-04
1.563657128309021592e-03
2.666359873158873420e-04
5.278631766873377183e-05
9.990117279440159453e-05
8.376490887887588050e-05
3.112220590567560635e-04
2.670079403584625904e-03
5.948547715708529977e-03
6.479509451429158427e-03
2.051018038370187608e-03
1.616668565928636506e-04
1.274148368791845361e-05
6.276923018279745604e-06
1.730479300152799483e-05
7.198187990337404031e-05
3.667101072027928845e-04
3.232552161368593266e-04
2.777215722688605878e-04
2.641108507309272366e-04
2.730854872817064724e-04
3.302646186606487434e-03
2.297032293784103882e-03
8.847816034848404536e-05
8.878894254321845940e-05
4.160698601378128936e-04
9.145712174791549576e-03
2.468073388799696052e-02
6.958983101168310023e-04
1.270273292210477643e-04
3.719940509589026416e-05
7.144522327034467621e-06
1.216714951444213996e-05
1.370312738090512071e-05
7.841504173348370769e-05
2.415719882866432071e-03
2.955247331847789521e-03
9.341522219291146221e-05
1.417176651616579297e-04
5.269711663368455493e-03
3.315707149971354115e-03
1.278609137799555399e-03
2.076536970114987394e-03
1.906611004149569581e-04
6.397515234442947797e-04
1.379946575013833027e-02
2.121050402900351295e-03
1.218499000234737634e-03
6.866243001050631326e-04
4.105910229770368174e-05
1.698644109538781848e-05
8.851696385867677901e-06
1.339539030561794737e-05
5.447217216729969332e-04
2.166760384346388697e-03
2.284366581565933454e-04
3.593211566114399192e-04
4.724968719404366120e-04
1.998575754294313527e-04
1.853791422628345981e-03
2.810767130019423219e-03
1.995529694656332086e-05
8.167574648758800800e-06
7.520213650271490935e-04
3.903081106863505977e-03
5.042509186722402871e-03
1.935636942900518642e-03
9.536452641186714404e-05
2.450326185923617429e-05
9.148137904806329611e-06
3.580125982230024344e-06
4.754081114584052080e-05
6.237778143491444884e-04
8.957604671201157024e-04
1.233304423013149203e-03
1.068809040547680656e-04
3.883759939896442361e-05
7.539945798824567412e-04
1.230078239478814067e-03
2.987850041185449214e-05
1.169926304099244449e-05
2.046717358703829045e-04
1.260449237127516482e-03
5.450880734705359880e-03
6.386468581126775786e-04
1.462474238981503231e-05
1.129508272535190279e-05
1.133229924132209784e-05
7.697101911849254092e-06
1.314204500171022082e-04
1.863594885184134643e-03
2.773372736416429216e-03
1.450611686907491912e-03
1.919426300226832879e-04
2.782496552953604534e-04
2.052096188941503283e-03
4.625952091455949600e-03
2.626833531003441597e-03
4.394543540938776298e-03
4.060373541200069068e-03
1.134826247086434016e-03
4.639625890371857492e-03
3.246356247503946854e-04
3.970975437544117360e-06
6.010951662186332758e-06
1.306095198783671140e-05
3.871374385282071591e-05
3.772130529874589792e-04
3.624794394935757251e-04
5.136131740016351525e-04
1.158486366852838276e-03
6.845263594529180312e-04
1.763833354465922784e-03
1.889740423941940143e-03
1.380598929236180215e-03
3.211304937941876839e-03
8.390776509077216977e-03
7.315893460401880861e-04
3.882238691564037766e-05
3.616306611156927271e-04
3.677925376756466594e-04
1.264543092216230784e-05
7.525062475384055429e-06
9.069520342977941508e-06
1.470845840405974225e-04
2.024244578000666990e-03
3.244972081130441930e-04
4.191371380176701911e-04
7.460758550005043305e-04
1.018871462706971151e-04
2.552983341194314977e-04
1.462772749399820181e-03
1.832683035970557794e-03
4.102410675583813521e-04
6.374287871499067755e-05
4.637877698476475816e-06
3.548954691623410633e-06
3.269501030019891590e-04
2.149398881504109571e-03
8.622402863770220157e-05
9.753361585016402329e-06
7.482031631303782196e-06
3.650618896656098659e-04
1.872081751394851293e-02
6.741748063272812001e-03
1.084893576018453043e-02
6.160654203105356969e-03
1.502808831718313262e-04
2.010751414875233797e-04
1.962649272107547336e-03
3.291075954832436718e-03
1.391645075079160881e-04
3.987356398902127942e-06
1.154631102452167665e-06
2.197091333760205280e-05
2.591906760943156300e-03
6.574857335513270735e-03
5.521408150858765152e-04
3.889469062042998857e-05
3.472837256050213280e-05
3.145697620365135380e-03
1.020649413197270983e-01
2.726536980878458208e-02
1.497292122301957344e-02
6.984603480473766494e-03
1.747276955640694263e-03
4.086551334098633206e-03
5.727076360250524939e-03
1.978444037648800086e-03
1.778668724204462363e-04
3.746071621326746225e-05
3.056487244329846676e-05
6.303378596107999873e-04
6.125529484520191546e-03
3.371951156460402561e-03
1.817152984489786181e-03
2.124731194889225509e-04
9.801476432655601280e-05
2.899891205889693242e-03
1.530497334895152862e-02
1.011124579458245326e-02
7.117967077971359621e-03
2.176645932083981667e-03
2.157218646529592259e-03
1.071866253957126040e-03
6.004073348816285714e-04
8.110393109408039732e-04
7.181935769292023281e-04
2.147782597520670952e-03
9.839592934946387107e-04
1.603365095922861059e-03
2.504773039064485222e-03
8.482684264736570657e-04
3.924216926540499500e-04
7.101120849993662360e-05
3.857342731272569530e-05
7.526821768786972234e-05
6.295147587701500002e-05
2.245984107009964660e-04
2.766131691979566761e-03
6.651121342670096581e-03
5.067667075217727538e-03
1.794383799145330186e-04
1.299156480959333165e-04
9.832883485192433267e-04
8.019178532552815068e-04
1.875002018723680337e-03
3.233926238152196779e-04
2.304777483628345745e-04
2.411406211682673179e-03
1.059269314302221021e-03
4.969032931443252840e-05
1.083518868387238016e-05
1.602299259783302205e-05
5.758614713095272278e-06
2.424563067218057206e-06
1.482328176914864439e-05
6.535589802795245930e-04
2.318138120553686361e-03
3.727410104665006599e-04
1.728468253207473841e-05
5.904788424339887861e-05
9.096531547502478398e-04
4.891891076630505751e-04
6.599742975945004954e-04
2.754276990077394040e-04
3.591562954964527344e-04
8.807832506844684092e-03
2.465461843325205196e-03
2.856605504734938337e-05
7.695230264249143854e-06
1.359677051454652807e-05
6.234149091550197497e-06
5.416470344054048893e-06
4.884851214306891763e-05
2.285446852220233624e-03
1.094813124703209817e-03
1.700191662717949568e-05
3.210508162501300538e-06
6.467375628841838823e-05
5.446760668310872064e-03
5.940745959980805666e-03
2.383324591694409647e-03
1.789326239096388242e-03
1.045397897423429182e-03
2.066093000365837751e-03
1.210404017310869095e-03
8.161558894569144744e-05
2.172873505733005953e-05
1.723535357329049865e-05
5.790786158535836257e-05
2.003314368108948722e-04
3.319428149343023869e-04
3.223228406220092577e-03
1.823995799903472582e-03
1.443082521398125566e-04
1.369577400293131618e-04
5.046616526744690480e-04
1.222193189328927600e-02
9.302163655236285814e-03
9.890386986573281979e-04
1.484644890356598586e-03
3.967673235657729128e-03
3.346942030515420805e-03
4.787749290686496031e-04
4.046994443012384961e-05
2.148552039286417501e-05
1.739196338276127767e-05
2.431382528987134748e-04
2.003437751517558527e-03
2.251556667003897958e-04
8.115464516115056639e-05
1.858611651652714622e-04
1.606656456538318361e-03
7.036118619852298021e-03
9.408643926077207712e-04
2.321041268820316084e-03
4.209611805956307157e-03
1.424614042016770967e-03
2.649832732995957302e-03
7.830820892846727596e-03
1.118878261910992954e-02
3.349486539960577270e-04
8.666390640827367040e-06
1.087335130109637308e-05
1.001208374076666574e-05
5.419861462560353023e-05
2.344414520515471559e-04
1.484760418497593683e-05
2.512306758060570711e-06
2.649461467994675750e-05
1.732098318652732514e-03
4.263414983410781720e-03
1.563595215882951361e-04
1.902161977110310284e-04
1.335224533831032203e-03
2.649165468843960383e-03
1.066535755017224488e-02
1.047109246952308663e-02
2.575687385084462697e-03
7.624216317744060079e-05
5.648924756301678245e-06
1.243681029305179696e-05
1.482443755477980517e-05
9.612916926089520387e-05
4.636745713052066128e-04
2.140613173523021884e-05
2.194981891947713198e-06
3.394390000514627273e-05
1.261227909933297728e-03
1.892661760321238604e-03
2.334287475044765725e-04
1.488683492705564313e-04
1.386723555309142064e-03
4.468509838715482331e-03
1.067270887230434458e-02
1.358179358878194680e-02
1.080681873492294557e-03
2.791515307764536364e-05
6.964157686792020052e-06
1.810841602224452657e-05
1.280701606553614357e-05
1.373599685400445363e-04
4.218730952395863092e-03
7.803018591851461610e-04
2.775187667692975322e-05
1.049264689324774482e-04
1.507014984510027201e-03
1.913353624882511419e-03
1.236107908491561888e-03
1.232222077224915530e-03
9.961156007751806665e-03
2.059851743178393868e-02
4.931171459057680576e-03
8.130882019119649307e-03
1.957693805924279069e-03
4.953293128315565988e-05
1.140161982039881078e-05
2.202210624073646741e-05
3.856816387518394657e-06
2.155233382219803331e-05
2.250073079834070781e-03
4.926986504358478978e-03
1.298348877793863046e-04
4.443146840514660128e-05
5.673729676847843149e-04
2.392531081364902053e-03
4.349341239955566325e-03
5.480244227998714961e-03
5.419389712130842293e-03
6.599712965055018303e-03
2.000128365605028345e-03
4.079083984621124058e-03
8.495453858619963789e-04
1.970535177926938859e-05
8.002311159566483727e-06
2.048852660557369315e-05
1.502259524531477393e-05
3.181839051559413965e-04
1.376443650748648655e-02
9.802974050772558789e-03
3.227939200914951108e-04
2.705678892155991230e-05
1.579959133258823385e-04
2.283416441290966360e-03
9.877670690928482683e-03
1.071223707223697974e-02
5.172559302817223087e-04
9.922849095159715852e-05
8.258794301322330931e-05
1.946396750757732272e-04
4.936001618124416507e-05
5.074522033950346466e-06
6.476774485511227646e-06
2.110248093531843776e-05
1.232240213289218758e-04
2.868070565087174877e-03
9.562727875369166075e-03
3.677788878765076309e-03
2.173697167309054674e-03
2.304995354658361981e-04
6.372074006565739033e-05
1.118447688876495622e-04
2.238953658799674334e-04
3.249312109588721529e-04
3.507554457460730396e-05
7.229024730230919262e-06
8.708440802369210560e-06
1.749019473373777513e-05
1.461525460927364972e-05
1.026677462474284362e-05
1.703126551854645352e-05
3.533388812335403606e-05
