2.335086836805902509e-04
3.125772045468031869e-05
3.726868889543799991e-04
4.627260589860889527e-03
1.702278244560023052e-03
3.822654328442757782e-03
4.169082363675100512e-04
9.016501441459555632e-06
8.533643890639087726e-06
1.885529176714799361e-05
1.075896975148177783e-05
6.624265626189839432e-06
1.044586005073831197e-05
1.436445195864189498e-05
1.256181734028236982e-05
1.399270272713525181e-05
1.721198790406677063e-05
1.828359807237141669e-05
2.069007224363009819e-03
4.943808782306221433e-05
1.688755302811454631e-04
1.480786817363755233e-02
7.633363152536936855e-03
5.052887267600970943e-04
3.240135273991652363e-05
4.398179918410603331e-06
1.818767398239082969e-05
1.506992042650401461e-04
4.163867588818393888e-05
4.282687774282279237e-06
6.488290740319136674e-06
9.448507891604342946e-06
7.770698124831507215e-06
4.289224983080859675e-05
1.840552677175886023e-04
5.352088513601660838e-05
1.990473592549459351e-04
1.144557879364616564e-05
2.620792378482986288e-05
2.087212064978057405e-03
2.034239106784625165e-03
2.288893381143261932e-04
1.866841477611139491e-04
4.651902160451894117e-05
5.938296418959880323e-05
1.913302848853518263e-03
3.048693991490076128e-03
1.648594712220921099e-04
1.686778341462952203e-04
7.293943706794227743e-05
1.355804467968129529e-05
1.679725951910475542e-04
1.901820454419945712e-03
2.047631995248589060e-04
4.627048758631279899e-05
1.041909255177243934e-04
4.123829425965877885e-04
2.316220339704185699e-03
8.150469173134354322e-04
2.636931386111833605e-04
1.128741514193514536e-03
3.462047441663201669e-04
1.084188007397106265e-04
1.183721071154686518e-03
6.106891962867987307e-03
1.088052377138992288e-03
1.242029623336012977e-03
1.684251684070143683e-04
7.088648868431415917e-06
2.795596987084842701e-05
1.844420626217978774e-04
5.508985947471314773e-05
1.143226511892381057e-04
2.231250732772688608e-03
4.925730082866565732e-03
3.285080187931715447e-03
1.665424306884338672e-03
5.834092994360639542e-04
8.659167884069278454e-04
7.533873066333037112e-04
9.630737263492810145e-04
9.176491175190001556e-04
2.263683933361142610e-04
1.154663480266556261e-04
8.337105753059072819e-04
1.436241600186189803e-04
3.785999180451965594e-06
3.681066298794789369e-06
1.011394489830935579e-05
1.322250190759498672e-05
2.722928665885314176e-05
2.305496914113648523e-04
2.205193871287847249e-03
6.141882924533187404e-03
4.522533388897439013e-03
2.989752787445533293e-03
3.693602470346682865e-03
2.672870306427009568e-03
3.932327154676420328e-03
1.309703527050181228e-03
7.651674132424528718e-05
1.343764851736360916e-04
9.564781036257940725e-03
3.003804662255443736e-03
2.400975386677720377e-05
4.606193126324646439e-06
7.069474359888128111e-06
1.521911295219418747e-05
6.224332751849988845e-06
2.079198119350549487e-05
1.118551287249259065e-03
6.347544502733112187e-03
1.597263261861159517e-03
2.401068376733785353e-03
4.078834535446588042e-03
2.330472419696319464e-03
1.974425187478829041e-03
7.656447576256966659e-04
3.897210250464361618e-04
2.860290374342982101e-04
2.658816699656357634e-03
2.024373540358587187e-03
4.938438853440419427e-05
7.434517695830607344e-06
8.657425453657271531e-06
2.009390153795974251e-05
1.260940737449603498e-05
7.170911294644265882e-05
4.095629732742090898e-03
9.169012715076283598e-03
1.648481706818122295e-03
2.325841385992075475e-03
1.350276494760337381e-03
1.114396951401161765e-03
2.021967352779134846e-03
1.047611075728216174e-03
3.129164232685275812e-03
5.239537455412132541e-04
3.476580618186838364e-04
8.454616143508947431e-04
1.965057096244780246e-04
2.431892538291360398e-05
9.713181339991637341e-06
1.912522478889002410e-05
1.432307764114457648e-05
5.230420771188747737e-05
8.882360845330996343e-04
1.638317652152382039e-03
9.297276564420528262e-04
7.524262356698784102e-04
1.615190833462973351e-04
2.878988276161520703e-04
1.419810734317296505e-03
9.443528445278764243e-04
2.985730806925717025e-03
8.663734620222675927e-04
1.355806382979695681e-03
1.023973056232800778e-02
4.714729158131565970e-03
1.047343557919688209e-04
6.486308976754996467e-06
1.186381436611992170e-05
7.571166848828258939e-06
4.179631556767010998e-05
1.847291949604940725e-03
9.336513282127690411e-03
9.741446872230928936e-03
4.445110907500079804e-03
4.347085870298548604e-04
1.108184090209022395e-04
1.134262827344491558e-04
2.446897457578272109e-04
1.346789794624293378e-03
2.759945514417722371e-04
1.146619634088098740e-04
7.640665491288403666e-04
2.841407817630463555e-03
1.004783135114629885e-04
2.412917394548508473e-06
4.367826020114649164e-06
4.111987965858369682e-06
8.445523532028925934e-05
1.137755729589429166e-02
2.506418104753906084e-02
1.145511917354760309e-02
8.887405189522318977e-03
1.687231098354539331e-03
1.016195726672845551e-04
1.698420025789896320e-05
3.133152446410064320e-05
2.780725184014938545e-04
2.648391890399490081e-04
8.233845101412190655e-05
1.197917597529658812e-04
1.692406747786546909e-03
5.885078817390392535e-04
1.028505157736816880e-05
6.573899950440211381e-06
1.154798575517570122e-05
5.911364210382180975e-04
5.164120915969579867e-02
2.409889947100258764e-02
4.021254302956057958e-03
2.559924323755756025e-03
2.765728610546342174e-04
5.945266750910129644e-05
1.079357975841268387e-04
1.035180222488738390e-04
3.426884636589746136e-04
2.180614033496737058e-03
2.063159918880248540e-03
2.270577251609252228e-04
5.680337872055339545e-04
1.651517204007225958e-03
2.225947072365203278e-04
2.051691052750553022e-04
7.610846768181516060e-05
4.725072660624452144e-03
1.434691153719017120e-01
3.197757551356816136e-02
4.070968513814551132e-03
4.871233009726663038e-03
6.174153811550564747e-04
2.146525836142702370e-04
1.597079385701041148e-03
6.925905841611209321e-04
8.084054432097205478e-04
4.532653465514486536e-03
2.096121893387180041e-03
1.520325395060340558e-04
1.639484877662469311e-04
2.416626203272332566e-04
2.141491059133439172e-04
2.055451866586682427e-03
4.596491154470717054e-05
2.813195909676914196e-03
8.419304805295843575e-02
2.843489259445378808e-02
5.175880195376901180e-03
5.192362242441544984e-03
3.539394253418455018e-03
1.616070119282214581e-03
1.960719856391224952e-03
7.240688873070139087e-04
1.490785227880717231e-03
3.708322813721121741e-03
3.652609208365689523e-04
2.825091656439087610e-04
2.131791686216879395e-03
1.644185710042826720e-04
1.618986436873981225e-05
1.789143685101613119e-04
6.792283484428612201e-06
2.878606150230956281e-04
1.127952067232877720e-02
1.007730697717474505e-02
6.901436063195992218e-03
1.539650056345438344e-03
1.131574077244961070e-03
1.017706652315998692e-03
5.417211787952686290e-04
1.776671451064673743e-03
4.312684247842413048e-03
5.639233098336656966e-04
1.226411373794272246e-05
7.175445289366800725e-05
4.660633186242599431e-03
1.458211604247635869e-04
2.424942340027413506e-06
9.401286563155507366e-06
4.286251984740189310e-06
1.595738942573639990e-04
6.453237093520937211e-03
4.475408529430022556e-03
5.048845269282314051e-03
1.767597235690149130e-03
1.694006673069938396e-03
1.329019090410764022e-03
4.276860515432900195e-04
3.224820887198017946e-03
3.231671995263386225e-03
1.672374953463454149e-04
4.691180442544336478e-06
3.015777180210790046e-05
3.473788541744027899e-03
1.846539201689533036e-04
2.679914347581242492e-06
6.228470131940918846e-06
5.904407966584274065e-06
1.490080872118482646e-04
3.610991761993895093e-03
1.211623999916017604e-03
4.712843090779594976e-04
2.518257525178547334e-04
1.401840208819326531e-03
2.848865999354268513e-03
7.429725614655784040e-04
3.122814613817860921e-03
3.622554671597108707e-03
1.339097924371370927e-03
3.547881176306152962e-04
9.545252424608516480e-04
8.445781474857689056e-03
2.368368875512682191e-04
5.131461204428509097e-06
1.024759580883419021e-05
9.744718572462546149e-06
1.800426602755582090e-04
3.997805519238221972e-03
4.744839051108671810e-03
1.818640404949779278e-03
4.236417515106902037e-04
1.729318170490570534e-03
1.682599550025036051e-03
3.280124677683206357e-04
1.285266079168474046e-03
2.564279675090994429e-03
8.901470857933421440e-04
1.791495067573003119e-03
7.385022108886927020e-03
1.775694384752954293e-03
2.876040265784770693e-05
4.050133073205885328e-06
1.316893421694193437e-05
9.638190690212704588e-06
3.454962423719998033e-05
1.916800974398000517e-04
1.431150346066940903e-03
1.888612971170632428e-03
7.737446959597770423e-04
4.707027611726937247e-03
4.685573125015408784e-03
1.717735791245037771e-03
2.431961037601074009e-03
1.253792466754493880e-03
2.003245554708217525e-04
9.806567586951140010e-04
1.068515826323391919e-02
1.617714592232094442e-03
3.759484302269203187e-05
8.202126339139063051e-06
1.744696153039037206e-05
4.941399587302680059e-05
1.817049798225825875e-04
3.258171607860051709e-04
1.879594153359354135e-03
3.431839849999519885e-04
9.399665635838212730e-05
2.498945378934636519e-03
4.349318982873778480e-03
2.024905307047307305e-03
1.376946570286406192e-03
3.536417490479343262e-04
6.420933518677815954e-04
4.134512200912841828e-03
2.836976137192214354e-03
3.112367514161009448e-04
3.515877694401960265e-05
1.318577546038518691e-05
1.987667481454378341e-05
3.352403085479426165e-04
4.114566031751651712e-03
3.352294124240153776e-03
4.362235937647698965e-03
1.935552430606376291e-04
4.196136151383937228e-05
2.444719808169578280e-03
3.858939924623170162e-03
1.297708061390345129e-03
3.180153425689465681e-03
9.932918657095098167e-04
1.235132382796510315e-03
6.537812568377222942e-04
2.746079771270037756e-05
5.870154475850378157e-06
6.768072554821376969e-06
9.971728448329715653e-06
1.940928799256015505e-05
5.512193795848434926e-05
2.113306997381840329e-04
1.055617447313492765e-04
3.601737567683572171e-04
5.960949266824867431e-04
1.024959680310931378e-04
1.714332599204323689e-04
1.562413937637800970e-04
2.000317331586160484e-04
2.805309015427158870e-03
2.717546234336512372e-03
7.757222258494276580e-04
4.020831861582236348e-05
2.072968588859833176e-06
2.279891953058961864e-06
6.537050442546853857e-06
1.119325844903024118e-05
2.004978195585537681e-05
8.041635867527443173e-06
3.128079518828699458e-05
5.756973923251136268e-05
2.645570041781356561e-04
3.557774251433363372e-03
2.346117220104712879e-04
7.962394478924566819e-06
1.884097645558032550e-05
3.422563659758703068e-04
2.558172410250018035e-03
2.751244643093074364e-03
1.742109522443547774e-03
1.005925627844124443e-04
6.498480529393031447e-06
6.360107430205712487e-06
1.094986392202598546e-05
1.253144738988916929e-05
1.952891363528338158e-05
8.204794603197296631e-06
1.996098415965243014e-04
1.821785593175912496e-03
6.324016289579513592e-04
8.810732000163866038e-04
6.848332249876457902e-05
4.514583043013752795e-06
8.425951790536734915e-05
4.584748343212924696e-03
2.561733274894859979e-03
2.554542764576961562e-04
1.783148498595491904e-04
5.731090758594487998e-05
1.273577397213884154e-05
1.087261254712689292e-05
1.245064103354113880e-05
1.246673592890263165e-05
1.955697851959827612e-05
1.086403725472476323e-05
2.851743870265275975e-04
7.664711832765767202e-03
5.725301360521510563e-03
4.328395793041651084e-03
2.378004759539471325e-04
1.054218483488412652e-05
3.763233504292499168e-05
2.894587974037783487e-04
8.675277616276909180e-05
1.026966002646898156e-05
9.224203032635459906e-06
1.413810225886044798e-05
1.572119312609439185e-05
1.867206926877037332e-05
1.958695494127440370e-05
1.966851929403881584e-05
2.935580519308369945e-05
