1.118369033961812649e-05
9.985255398217675736e-06
9.680612229990322447e-06
9.676191507764509491e-06
9.686437528101261830e-06
9.686098961549140184e-06
9.685787615227347186e-06
9.684927722288073991e-06
9.685896932520813638e-06
9.689414480754263297e-06
9.691783667294085017e-06
9.691118729458520026e-06
9.689221807250075817e-06
9.686395189532392752e-06
9.673838743474249578e-06
9.681484038373014978e-06
9.994461710111100227e-06
1.120056447731174006e-05
1.000716211348767729e-05
8.660894840143944223e-06
8.343926947292880575e-06
8.351170943216230493e-06
8.357982380863673220e-06
8.342785863488081611e-06
8.326637332068645599e-06
8.314350047383603566e-06
8.309161109536123844e-06
8.310462596658917667e-06
8.313076343818475575e-06
8.314613160762005523e-06
8.314830880022147151e-06
8.311811750980966897e-06
8.295276388559773916e-06
8.296604430139787204e-06
8.632997960878119464e-06
9.997430788560721909e-06
9.761530790309398835e-06
8.380433322168655074e-06
8.055084226752313832e-06
8.061208978546466016e-06
8.071345079875579505e-06
8.064241704006206522e-06
8.052466799883705169e-06
8.029144187123548449e-06
8.003770740567078056e-06
7.991865864133602010e-06
7.991417393935885155e-06
7.994324043839351975e-06
7.996331980457371916e-06
7.994608134259109647e-06
7.976249969970412049e-06
7.969465726487346408e-06
8.297587622743743385e-06
9.683151013880777851e-06
9.478016987659688351e-06
7.810611464556759304e-06
7.155102815208833486e-06
6.974174914084162383e-06
7.156456916638327414e-06
7.505960855319861443e-06
7.834983294455116006e-06
8.028684646133138640e-06
8.050791543571170821e-06
8.016275364714766857e-06
8.000672084078627809e-06
8.001135385998759701e-06
8.004378745846375066e-06
8.005402970226350938e-06
7.987619463962972657e-06
7.975177933112202850e-06
8.293138640823371758e-06
9.670747852543979753e-06
7.989836947033561581e-06
6.104128980455027177e-06
4.845438902493178260e-06
4.153629807760381211e-06
4.840744470648145207e-06
5.875302317826289252e-06
6.663467179985270711e-06
7.576231026259697002e-06
8.042529443524544473e-06
8.064108825383733604e-06
8.023537472159851113e-06
8.015378395095276839e-06
8.018225991189437750e-06
8.020930744260611997e-06
8.005190867748495102e-06
7.991848149589609828e-06
8.305976879397008002e-06
9.679941539010629707e-06
6.749505396950993550e-06
8.821258142851301704e-06
8.449415417367370329e-06
5.580219859670782855e-06
8.557835978107726816e-06
8.695818992058528386e-06
5.794507853061045418e-06
6.395080970287757612e-06
7.758648726352265404e-06
8.083398150833158376e-06
8.035794739080834762e-06
8.013176919847440812e-06
8.013931707972654259e-06
8.016890381004703576e-06
8.003535131021586812e-06
7.993018343077273657e-06
8.307579891630179690e-06
9.680744046329535014e-06
9.724804527803700070e-06
9.246907879572271202e-05
2.914354130453036796e-04
1.508583755153676054e-04
2.975898212268433232e-04
9.308841583848326338e-05
8.606065644357019262e-06
5.341135265048699217e-06
7.291223773924314869e-06
8.087497315938329301e-06
8.057203346801964633e-06
8.011647077574158817e-06
8.006766977453213556e-06
8.009459700404686149e-06
7.997743125074650860e-06
7.990483288265841637e-06
8.307476413747450213e-06
9.681676988886024358e-06
1.436804265717191503e-05
5.309229995146672910e-04
4.109412633072406784e-03
1.993773864078369953e-03
4.083620277591491939e-03
5.146989920150139277e-04
1.226014086930195418e-05
4.914310497382385368e-06
7.051479526577837205e-06
8.134552420061131846e-06
8.110090380882530310e-06
8.029383572426392003e-06
8.009586100908043372e-06
8.010148315689736182e-06
7.997682907915975111e-06
7.989090026433870936e-06
8.306225238697848901e-06
9.682469339311916386e-06
6.422246515752722145e-06
4.688162642875146215e-05
2.466971395669460398e-04
2.315921065130954640e-04
3.070123353753818787e-04
6.250859436236789470e-05
5.954551788441315753e-06
4.194340437805624742e-06
6.550334773894820456e-06
7.931909762632477671e-06
8.133960098341933923e-06
8.091883814500888195e-06
8.055585107763453537e-06
8.047030013833358998e-06
8.028192648653216637e-06
8.008348869516998604e-06
8.314474065965853902e-06
9.684907216872411893e-06
1.787325177651639366e-06
3.112588357084875742e-06
4.060396535214439036e-05
1.578223419459215914e-04
6.481491388739611767e-05
1.347205907681045418e-05
3.720622841416679815e-06
3.071244309732353188e-06
4.859247424713688863e-06
6.678907576680547004e-06
7.743372286503877772e-06
8.127833412539057695e-06
8.113611713278274197e-06
8.061583401267785506e-06
8.051365607687335020e-06
8.053026693216050122e-06
8.353875785688613548e-06
9.704687110855411434e-06
2.391720335650076693e-06
1.977009619307085165e-05
1.506436066900521901e-03
4.307643282463687745e-03
7.279316397888485482e-04
1.992727351170288125e-04
2.559922562992363962e-05
7.482833391423024622e-06
6.407776217312140427e-06
5.608527832357557931e-06
6.553371148311075139e-06
7.637113962416245270e-06
7.546732982897789376e-06
7.306468690995020592e-06
7.466769011896758602e-06
7.830067859334712888e-06
8.358671397769523942e-06
9.754780356980464006e-06
2.387444496147873328e-05
1.188683222706414131e-03
5.638447449791262472e-02
2.977663765418813932e-02
6.455211032792447338e-03
4.771019992223833085e-03
7.457306800512664971e-04
3.044667339622083202e-04
6.839982719338737541e-05
7.888678642355222522e-06
5.072124742476411426e-06
6.056403448596142592e-06
5.850534510045524812e-06
5.575890108126052436e-06
5.810434080577126164e-06
6.678650877568128401e-06
7.968356561395742359e-06
9.759093219570384731e-06
1.257872472281556251e-04
1.140893784371972176e-02
2.661343848655837729e-01
1.306321601390562914e-01
2.937353900262313147e-02
5.700109230007000503e-03
1.504684139188328020e-03
4.150757661010991313e-03
5.237604766841562993e-04
1.156247023008926420e-05
3.995081235430818629e-06
4.949084220306512966e-06
7.908486369225966965e-06
1.138731275552493682e-05
7.900248281445542179e-06
5.731841111419744278e-06
6.967223223968073995e-06
9.531635098622496778e-06
4.717149004759179964e-05
7.761730907441252887e-03
2.722189282526525922e-01
8.175702401175817535e-02
1.073843600316707475e-02
5.594669603208867218e-04
8.175032821694480135e-05
2.819932714524689779e-04
9.825707161085640959e-05
7.607941583971126029e-06
3.709034653123960523e-06
7.055682941368000990e-06
6.630431742370499057e-05
3.570566867502028389e-04
6.624528746105903918e-05
7.915218945782193896e-06
6.067235811039869526e-06
9.094043749537749743e-06
5.970319789780740691e-06
3.261570353542304359e-04
1.166794332324826676e-02
3.177219305192545071e-03
3.091536645888866351e-04
2.854493020346443287e-05
5.673853606647557170e-06
9.112676563571458206e-06
9.368110555653579513e-06
5.198892985453365667e-06
4.336019840728355631e-06
1.086525968398616101e-05
3.574082496898710239e-04
4.865655776625794036e-03
3.562826131754485417e-04
1.135482192737337946e-05
5.786414811019863590e-06
8.853798518711505732e-06
3.579738873519099999e-06
4.346659405733067807e-05
2.318127647707030493e-03
2.905433053598320027e-03
1.218666012623054895e-04
7.844227728244720525e-06
3.447153054791358280e-06
4.698479277477548805e-06
6.062614194156013956e-06
6.212830477219748679e-06
5.461730914474326445e-06
7.902895899627054063e-06
6.653105351423634040e-05
3.565379874760406394e-04
6.629379346556801345e-05
7.912288409483744141e-06
6.059323844094233519e-06
9.081679017473890606e-06
7.460976764482569286e-06
6.879097441903649069e-05
4.427148818796522445e-03
9.399526292104689457e-03
1.769549870697337290e-04
6.872848203161057515e-06
4.465491372299745795e-06
6.468759976904114797e-06
7.610508457923949356e-06
7.714770199150744993e-06
6.716235086718176970e-06
5.773567365213925126e-06
7.929639955989728831e-06
1.135265184748162895e-05
7.906029139575265942e-06
5.731432512210347157e-06
6.959753789501420451e-06
9.519149284441264037e-06
5.867035268460339894e-06
2.630917863531449246e-05
1.084527464385712887e-03
4.116634549749293923e-03
1.705351387631948428e-04
8.991298999449532316e-06
5.759765281856209755e-06
7.513966582532259072e-06
8.192991373434256106e-06
8.166412588165937770e-06
7.726280439017289552e-06
6.717111414935645015e-06
5.830205340979295438e-06
5.557625819718953635e-06
5.815756012205746386e-06
6.684842867371201708e-06
7.970896292966911709e-06
9.757620996317339948e-06
5.881484196066833641e-06
3.664142853046938026e-05
7.573538469385110742e-04
7.325915941764643167e-04
4.145747234665816510e-05
6.953757751469050397e-06
6.409075928205622436e-06
7.823393928606015994e-06
8.155993008429213164e-06
8.128185522921480528e-06
8.082937421427871332e-06
7.867922006682469776e-06
7.493858882013903277e-06
7.295574322836889623e-06
7.478124696877654285e-06
7.844286673255239668e-06
8.371510892764857554e-06
9.763530045140030034e-06
1.318130313267812128e-05
3.254110116204183374e-04
4.403551471631503289e-03
3.565126541281445180e-04
9.802268305889663962e-06
4.383937215972461237e-06
6.536535829186111207e-06
7.977747622033955891e-06
8.109346984532804671e-06
8.062640631670018525e-06
8.073469029480856437e-06
8.090865677357074166e-06
8.081054543102045843e-06
8.068385585521265161e-06
8.068758154155747519e-06
8.072783010647629549e-06
8.372261452606574489e-06
9.716618072799697124e-06
1.080048473937823323e-05
9.483223716306875457e-05
4.653216809250108063e-04
6.095142127052804375e-05
6.024956967595246669e-06
4.925428582849081938e-06
7.205719579825092545e-06
8.095462602178273655e-06
8.079241458055195119e-06
8.030310165560964017e-06
8.029912761262010160e-06
8.042320346656364101e-06
8.055777319367052845e-06
8.064026709083110456e-06
8.049337747444993820e-06
8.031882898212305133e-06
8.334885068977202497e-06
9.695744433473526899e-06
6.660062177966619916e-06
8.221170189557545376e-06
1.143464952650481898e-05
7.531020177910481016e-06
5.367527681145287962e-06
6.519904879874462045e-06
7.860501023318279792e-06
8.102616241934044493e-06
8.031586014251450818e-06
8.001503643238789754e-06
8.000828616001955964e-06
8.004411018322262069e-06
8.009287641566019682e-06
8.014241234513640500e-06
8.003854050825241867e-06
7.996738215848274117e-06
8.310577889575192380e-06
9.679651432340746794e-06
7.664610915673143176e-06
5.519738682396327764e-06
5.029516694305850547e-06
5.476838114749485033e-06
6.583003742735591927e-06
7.685113462366636766e-06
8.077758814614979666e-06
8.052457617479522585e-06
8.003204717400020569e-06
7.993004910443538409e-06
7.995807031400722339e-06
7.999382782777934991e-06
8.001965709990712411e-06
8.003106552936097324e-06
7.990460161486475366e-06
7.985511971306680500e-06
8.305424290634154030e-06
9.680742472019706463e-06
9.704786146564993169e-06
7.894447967707056733e-06
7.360523231801685526e-06
7.651798642498522192e-06
8.150602871405835805e-06
8.389676483871473913e-06
8.384722008805837242e-06
8.336279818086335925e-06
8.317478660654479991e-06
8.316402321664438860e-06
8.320857650071367327e-06
8.325553941056370954e-06
8.327076997569105935e-06
8.325193522775884233e-06
8.310050469361445968e-06
8.308442131273811431e-06
8.633849428637618847e-06
9.987556471014097232e-06
1.131773834738388926e-05
1.008901942174354874e-05
9.756995823179213240e-06
9.773389508796625114e-06
9.798080983505620640e-06
9.763836757890535548e-06
9.719997133055965777e-06
9.698677099834092860e-06
9.693192402934664405e-06
9.693305044120246588e-06
9.697828524192650290e-06
9.702524123028985690e-06
9.703429312269318098e-06
9.701089561720975703e-06
9.687294082176463124e-06
9.691094607225832406e-06
9.995376981439044580e-06
1.119335890458672390e-05
