1.104599960359526982e-04
6.334410644489642597e-03
9.818940237906158275e-03
2.950828975918454947e-03
1.005958790092155268e-03
1.893550940227034876e-04
2.401697160190229124e-05
2.585473863943760185e-05
7.808420063491206540e-05
1.422280966249621320e-05
2.831363433551592013e-06
7.537559027585397356e-06
1.324233800155669836e-05
1.044758089310329627e-05
1.145505056492793439e-05
1.196643642027186442e-05
1.155466668108824075e-05
1.833904784107891583e-05
1.015679375261657757e-04
1.995048989667672600e-03
3.081278258152771524e-03
5.345489961093960636e-03
4.365464148384802165e-03
7.245843757003605926e-04
4.983477970366313606e-05
6.498737833456604766e-05
9.264241669056826533e-04
2.216799239882844203e-04
2.004165057330156667e-05
4.921027448748373874e-05
2.377650101094792238e-05
4.211949336182655554e-06
4.606135040459711765e-06
6.770430283754206883e-06
6.878343211438058345e-06
1.139966796565085677e-05
1.199161995246372348e-05
1.215347070869844556e-04
2.692161978174081980e-04
2.779614906030785791e-04
9.653399637537629467e-04
4.823102680081316467e-04
1.716563968966713490e-05
1.053658841715863812e-05
2.067999560550309293e-04
6.208079489221765340e-04
4.777479956040680382e-04
8.045843793649741201e-04
5.160932252786228709e-05
2.131654442703945762e-06
2.257154609405735295e-06
5.357013312035457356e-06
7.015556201117947696e-06
1.171410718257051757e-05
4.872548032006137707e-06
2.337264780520178576e-04
1.570548049490829139e-03
3.681786554506808026e-04
1.477412063796997195e-03
5.730043069562437393e-04
1.982908695884870746e-05
1.880126234895769451e-05
1.219575516493707535e-04
5.589626234073481834e-04
9.576946540054146395e-04
1.321995158535163800e-03
3.240988429324431243e-04
1.670716567045207936e-05
2.963343469857973326e-06
3.302886875066702254e-06
6.053574066125854374e-06
1.249836510300241467e-05
1.147756137427781483e-05
1.142219687089216775e-03
6.805301262661376735e-03
1.391178022088264670e-03
2.904006532480559854e-03
9.109748937673141150e-04
3.217417762023526179e-04
9.836317333690503852e-04
1.079836352041976116e-03
6.700720620300235509e-04
1.261644836988647686e-04
1.702612229881667787e-04
3.190462751941833264e-03
1.330520453664024933e-03
1.743966281514661333e-05
2.354929000970086350e-06
4.179420433535721302e-06
1.205340568533338100e-05
6.053490716685084835e-05
5.231387302837652194e-03
1.058920872926837585e-02
2.746397945575144474e-03
3.183650496804247155e-03
1.763132484836160306e-03
3.275162251362494920e-03
6.414702789970258903e-03
1.687327857595167157e-03
4.195799534828871026e-04
1.071404893939061348e-05
2.675141750031110309e-06
2.850409382311711081e-04
4.835155183589981594e-03
1.821389631769752262e-04
5.734000942535027404e-06
4.106059265645098066e-06
1.170445262769045861e-05
1.102900557665933046e-04
4.493872010672190880e-03
7.278342241901485966e-03
4.579356070651284007e-03
6.865988459230035028e-03
2.302519170074404480e-03
1.362466368330472353e-03
3.891049872860381353e-03
3.361909995079301675e-03
2.032972392664761895e-03
2.577677827112735554e-05
9.627081716263628703e-07
2.626767208111223688e-05
2.544355520086428232e-03
1.060704518651777329e-03
2.047182765370513424e-05
4.585176493381308734e-06
1.130095731558802821e-05
8.291089167781005352e-06
1.981182756012147043e-04
3.069353052734817740e-03
2.858356464782088949e-03
3.277817181175272411e-03
4.649458949364498883e-03
2.324179157385190819e-03
1.335735665381610274e-03
9.931026711111560611e-04
2.424481878050985684e-03
2.140514377486432023e-04
2.881591927811938373e-05
7.810488741818721610e-05
1.046627112659515675e-03
1.455710630856061434e-03
3.244802354322969456e-05
3.335472872362231030e-06
9.200802772912265877e-06
1.148279750855424823e-06
4.193495736150795614e-05
5.679785526521796343e-03
5.668889314174020005e-03
1.373753468314161882e-03
1.828283556714829393e-03
3.417185762926200181e-03
1.575115669380812260e-03
1.582131339752055558e-03
4.155996877304699716e-03
1.880275422646940061e-03
6.118232006591425680e-04
7.564434566429985957e-05
2.033861577138129369e-04
2.291346244752025599e-03
6.210796198628977397e-05
1.827046295516774112e-06
5.204577210190345481e-06
9.947129255978201027e-06
3.585179356506613155e-04
4.948356502552529214e-03
4.850551704290887584e-03
6.583512613993675912e-03
2.202093732146806308e-03
1.485346695253107925e-03
3.249766286507905361e-03
3.939422333155273050e-03
2.055370494963177155e-03
3.359619537701966606e-03
1.694919486801383952e-03
7.311084948995713367e-05
1.106369233508335123e-04
2.270297616936684578e-03
7.931617547856459219e-05
1.775207976429542996e-06
4.121855578741579766e-06
5.852833432524825086e-05
1.902002193790643548e-03
3.950862764323851903e-03
2.016430804967780845e-03
7.915911978592654261e-03
2.684199096963888267e-03
1.172348341731091698e-03
3.409068938189226301e-03
1.425950541599006575e-03
6.604206759436792801e-04
1.827541047563387491e-03
2.552310743648945716e-03
9.510100772151365914e-04
2.413997935544778231e-04
9.542669258383398596e-04
3.607240336940676479e-04
5.093023955647873433e-05
2.703250427818545067e-05
1.611035840845462784e-05
1.743778533557638040e-03
4.645968885662849629e-02
1.414933348362308607e-02
5.010872842660787051e-03
2.181324790089168245e-03
3.060552998657851530e-03
5.796995135128951530e-03
3.274118763980577492e-03
3.670990291275718666e-03
2.048047183464501292e-03
1.786293490724052968e-03
3.148311444165005114e-03
3.988378480645159412e-04
1.388460073249329777e-03
3.506756794436843763e-03
8.519728098283796966e-04
1.008981685180470597e-04
1.051509759578282466e-05
1.193269108392657320e-03
9.137827784810959031e-02
3.810206751090804145e-02
1.059021818861518964e-02
8.576077748390800379e-03
6.382276588455639346e-03
3.471571111993033022e-03
4.011334767857043654e-03
6.437881232159574883e-03
5.381126647903612670e-03
3.623584400080750653e-03
2.592448200770570976e-03
3.319881360708904156e-04
1.612571885594331301e-03
2.044956092306082600e-03
1.142125738676861560e-04
1.851640850815566117e-05
1.691184811595352252e-05
1.193397538653705745e-03
4.219071269356178266e-02
1.713986708812133622e-02
7.455805174210604520e-03
7.278485809804432181e-03
6.329720588345466581e-03
1.921956107147296516e-03
1.554114430723499505e-03
2.036073970512516929e-03
2.544677658118194453e-03
3.212284109727039667e-03
1.946444552416148714e-03
1.599231335026822368e-04
4.970274102809116041e-04
5.680264411862839162e-04
2.089799953385948218e-05
6.488495960952388986e-06
3.732320091110035474e-06
1.993595505435447805e-04
9.185292978874479153e-03
5.816889256779790573e-03
5.750948824578044384e-03
4.977764199090788967e-03
4.228743265602006619e-03
1.026421004767604298e-03
6.008009979372346595e-04
8.981564656305653527e-04
5.990228973628374106e-04
1.431854109728453953e-03
1.026518867971365273e-03
1.707685019162873022e-04
1.049883692145654312e-03
3.678888995155775010e-04
6.564067800894015801e-06
4.416558199905303601e-06
1.172388311235123686e-06
4.891841428649358755e-05
5.102348451046089840e-03
4.271798611584358071e-03
3.120007931640484972e-03
3.391507305505496537e-03
3.796097769691534046e-03
3.437122628527664297e-03
1.801301434564272965e-03
2.516923717221739801e-03
1.415098717561907296e-03
1.642545014322360167e-03
4.949295281969929433e-04
1.749407496553997163e-04
4.410357841478592701e-03
1.456682712307420888e-03
1.145811086126369062e-05
4.810244302338583739e-06
1.028847073606324327e-05
3.411355299731873032e-04
3.748102699002901252e-03
2.413659170818385335e-03
3.097524891653709572e-03
3.034456346326945032e-03
2.522336753129083425e-03
5.143232084631502513e-03
3.080686178967447213e-03
4.219007596089659716e-03
5.103215655782831171e-03
2.219275628209252567e-03
4.761248302480427033e-04
1.791718271989006816e-04
1.735685574502772227e-03
2.153776776670334424e-03
5.794827784742681678e-05
1.057327305283490018e-05
8.575301050419993068e-05
4.152945359127771692e-03
4.078026178952641120e-03
1.448798274738241762e-03
3.088599996739459230e-03
2.986617314518415223e-03
2.924969342881556401e-03
2.214515153781586223e-03
3.141687361229209084e-03
5.118220119141036160e-03
4.435782457592656568e-03
7.388539897089849411e-04
3.721048732704603933e-04
1.322065922224239121e-03
9.378163305096190840e-04
1.285716997210977267e-04
1.643690533255895067e-05
1.048379210499085623e-05
1.445513346428205128e-04
2.105447682620215435e-03
6.866160043218803161e-03
8.291484960264217108e-03
2.106718527516275065e-03
7.670832962550566203e-04
3.152183655731626791e-03
2.838543169097144069e-03
3.693162846322166695e-03
3.585908113955087184e-03
2.124720412679748094e-03
1.389561788131821185e-04
1.156069521125308968e-04
3.246295635659443655e-03
2.917591721339612152e-04
3.610600114264081991e-06
2.083915313985255205e-06
8.312062510318293129e-06
3.589999543126832105e-03
6.855483534388419689e-03
8.350721153583963441e-03
7.442802617073676109e-03
1.728380310403178485e-03
1.080599889493010727e-03
2.549901790688401722e-03
2.702649698537108042e-03
1.834470076597920869e-03
1.281093050581081716e-03
8.376988901386116931e-04
1.471105255851732762e-04
2.172654855942703750e-04
1.306010435179347662e-03
4.414098566741704463e-05
1.174225427587370903e-06
1.940091348146157040e-06
1.049098618982878764e-05
2.538077085043387391e-03
6.791180670833472932e-03
8.160744446728599583e-03
5.308766926039282068e-03
2.414689087402022063e-03
1.935912074666602898e-03
1.799382717542474417e-03
2.039422793945924565e-03
9.038015801737922300e-04
9.298469585810086382e-04
5.214042282841706982e-04
1.097072016994610731e-03
4.879665664467648482e-03
1.132636743315693301e-03
2.442644907932671022e-05
2.959153405907635867e-06
4.527106291233336702e-06
1.285036677951733354e-05
9.104599242534183658e-05
2.039056330605372534e-03
1.459559711419188173e-02
6.917380367838110548e-03
3.190748664924728537e-04
5.658054068498342937e-05
1.816636765642247952e-04
7.159851599293716494e-04
2.558511821701673250e-04
4.556146274724617580e-04
4.160371538262428283e-04
9.190989023376838762e-04
1.335992921130925480e-03
9.337401939845395738e-05
8.563446847455819173e-06
4.998521899778226351e-06
6.664869969338964940e-06
1.264385092842601782e-05
2.151016613908199660e-05
3.013037698157428881e-04
5.042552107263018621e-04
2.784753233927341203e-04
7.644419499304407940e-05
2.668295521853806003e-05
3.324644485796390852e-05
5.681598637161464619e-05
8.941740050701013967e-05
1.951222268606296563e-03
3.582881779582714355e-03
1.908050881961313608e-04
1.348679679878246258e-05
3.367433915342851024e-06
3.333616075012222386e-06
5.271246091098382920e-06
6.656738654676382884e-06
1.153094855776404814e-05
2.620429081440405275e-04
1.811113664954981531e-03
1.508331752173721002e-03
8.025616748319338526e-04
1.389707487594157333e-03
8.251964237574499657e-04
1.863051735999045517e-04
4.656832242119338024e-05
2.246093463923166556e-05
2.849602612311452859e-04
1.126230086131266165e-03
4.337602235395465137e-05
2.541363814262814159e-06
2.342703268409899602e-06
4.762715083691892006e-06
6.425611622475416682e-06
6.676774985314050556e-06
1.141772448270526043e-05
2.200946602125700060e-03
5.703919544970786383e-03
1.444769882380046201e-02
3.114993202023610876e-03
8.672803328903627403e-04
4.574811190966084767e-04
1.087504774626565788e-03
1.098718358123677461e-03
4.175927367415486233e-05
1.021165303235721484e-05
2.740506882494998046e-05
1.609786997173886269e-05
7.114108705099875265e-06
9.310329165911181563e-06
1.262425823743475195e-05
1.208021506032804059e-05
1.152281765976809861e-05
1.841950289369965579e-05
