9.834700846068707863e-06
6.239618709449596135e-06
6.063643982308116220e-06
7.237035708679988580e-06
8.284566234254295774e-06
7.695094646897236251e-06
6.636164484829737812e-06
6.518836294153533935e-06
6.919605723376443786e-06
7.694836491343485331e-06
8.432091741532326033e-06
8.507267532704223422e-06
8.320214594728434548e-06
8.247650611108383291e-06
8.213894293582596655e-06
8.019480488066745765e-06
8.307272189818671617e-06
1.177775788614890673e-05
5.986938434608879143e-06
4.472166271070775825e-06
3.739623253623810668e-06
2.907164654038889177e-06
2.726097526440210816e-06
2.544736096320006964e-06
3.297045740465283514e-06
6.137958772963891609e-06
5.559004898163732562e-06
4.107619270645004667e-06
4.695174848687057843e-06
5.441188167757286050e-06
5.557931462106359137e-06
5.508098931024552391e-06
5.435054490394359630e-06
5.246642215679413826e-06
5.445369767859293442e-06
8.307595481274062489e-06
1.694847089568270814e-05
6.203219092146611464e-05
4.770823722376351219e-05
5.080050345335813463e-06
1.439913445916838769e-06
2.181076741921287644e-06
1.188618525802012921e-05
7.554430080049034458e-05
2.145328242519767902e-05
3.000171131170927520e-06
2.785231929740065520e-06
4.202151032442787753e-06
5.007169016319984001e-06
5.333793271465887092e-06
5.316830784843066645e-06
5.078634140336186243e-06
5.237265813428385428e-06
8.013737030807122340e-06
4.813538810650143059e-05
1.214560355306373027e-03
2.774131238434012978e-03
7.651048653276599078e-05
7.611580430531174838e-06
2.621155425693602898e-05
2.264927754884560156e-04
9.750511599157625975e-04
6.130209277746283996e-05
3.414361687500305848e-06
3.825352677156181872e-06
4.886057741667065151e-06
4.628157292258974060e-06
5.285208264707702948e-06
5.620993188418991107e-06
5.319022976491594776e-06
5.402427952524273483e-06
8.185407402851087666e-06
9.728695646339376673e-06
1.220025311794052859e-04
2.553695694539350001e-03
1.310047648955325189e-03
3.376422810596365330e-04
9.151349810691117564e-04
1.507080057622961575e-03
1.425283179040803079e-03
1.694388741824729371e-04
4.900515877575270030e-05
6.758249972395250339e-05
1.596406903856261526e-05
4.196647375624611613e-06
4.553223733876537957e-06
5.797364025819395972e-06
5.603829276104916393e-06
5.547153145391769452e-06
8.263827063855538001e-06
1.613530074228141681e-06
4.146660756445021778e-06
4.145687841545616292e-04
8.287939661012206152e-03
7.073833261612003619e-03
7.033122959024375696e-03
4.616715635643565095e-03
3.927961083140410134e-03
2.962886073738945150e-03
2.601902098319194487e-03
1.131530137405912986e-03
3.631992043643112979e-05
2.713629833613380031e-06
2.787992365436788602e-06
4.786849999321856700e-06
5.377891177337405699e-06
5.625223319627521332e-06
8.506916361102119330e-06
2.160105156331267322e-06
1.339403159666036452e-05
1.247085144284193307e-03
8.114259104102409387e-03
5.726184547450281770e-03
5.561189909812457380e-03
2.342895761928833181e-03
1.666595373489986433e-03
6.519930517656130804e-03
1.313575628034759253e-02
4.372659399289020345e-03
1.436129027891799674e-04
3.723434265789395634e-06
1.271734368116923140e-06
2.211923856672351548e-06
3.367073227431929940e-06
4.524203651577384703e-06
8.362876805648311861e-06
2.948691397522197355e-06
1.078395327334082723e-04
6.808235507347200864e-03
3.565628206884367216e-03
2.510610818629427192e-03
1.774295627035130801e-03
1.011837539735009937e-04
8.495004628763189473e-05
3.354190620716531075e-03
1.639922720232859024e-02
1.375516138019665553e-02
2.712231951409442392e-03
2.545277295794771860e-05
1.438066210606581339e-06
2.643232153081908099e-06
3.357436584998546359e-06
3.036849677614046349e-06
6.906210224620204166e-06
1.716976471936826403e-06
1.166554780890567065e-04
1.109628263134167583e-02
7.923524316016809441e-03
1.011722807686428471e-02
2.201108586943818866e-03
3.553255318269644562e-05
3.922971862892422396e-05
2.055450708235087662e-03
6.033647130112981642e-03
7.717085178280251936e-03
9.426516511401798748e-03
2.247820143720155443e-04
2.433971283698356498e-05
1.332700920155605116e-04
3.740516251402559812e-05
3.517989534031084807e-06
5.322099799071261785e-06
1.409961151482737047e-06
5.305751091579893642e-05
3.911877786260441539e-03
9.441087665398148823e-03
1.488449702538496497e-02
3.358141750951188637e-03
3.333040789635835889e-04
5.624766790272627486e-05
1.595590039586850049e-04
1.449287612496606877e-03
6.143997650889493345e-03
1.044479174019646156e-02
9.592705220995010251e-04
3.294202254590009428e-04
2.066622891055168183e-03
1.598518831382917153e-04
3.964197937610991674e-06
4.712003739714146248e-06
7.527139219331623954e-06
2.870758325482621271e-04
7.023839323962748592e-03
1.069377342644079430e-02
9.734435436015455995e-03
3.265495223852963279e-03
2.584826707611125214e-03
4.951618149043260234e-04
2.246517416922436203e-04
1.131756799643353741e-03
3.590428149373311572e-03
6.597383698091138782e-03
1.408984399915213202e-03
2.981298346397572149e-04
2.052929612084405454e-04
1.508614195610056358e-05
2.058265840287821390e-06
4.967991945300446418e-06
2.631889927245908129e-05
2.299501398157415260e-03
3.933731696367692016e-02
1.637082471690350094e-02
1.081194310382337272e-02
4.455634448432987775e-03
2.688167776940382676e-03
4.001605868118845999e-03
2.308297774666576499e-03
1.519632341671809045e-03
2.282721160119999433e-03
8.764212531041882734e-03
3.055871838889946592e-03
7.223849706812806486e-04
1.883406092958966437e-04
1.024158553808839061e-05
2.592245831157995632e-06
6.269624198814507706e-06
2.496137575117935098e-05
3.500219934337659919e-03
1.110745636144502974e-01
4.280755870337893398e-02
2.352023092965969606e-02
1.398871731790201495e-02
4.248296872805471490e-03
2.043147220890709735e-03
7.557110609828658404e-04
1.335369255494039866e-03
2.232132008602878345e-03
8.888347370113767326e-03
4.290109540414041057e-03
2.041386742390405729e-03
1.001207198462672346e-03
4.180898326082594659e-05
5.362596603494320569e-06
7.458114827745486725e-06
4.640384816605080324e-05
4.942198423038576469e-03
7.908674756308735343e-02
2.449897609268824467e-02
1.166763142556241119e-02
4.705657350377280383e-03
9.212888737202479857e-04
4.904956196467232269e-04
4.735321021469806853e-04
1.560040133956287637e-03
1.248580945635598041e-03
4.973544227373455882e-03
2.854359040015071874e-03
8.434958792077538970e-04
2.458781152312123144e-04
1.461920438714331847e-05
4.049697450287352771e-06
7.288337722311357025e-06
9.864953417343352743e-06
3.490599446429504846e-04
1.087135346536990781e-02
1.271636340211839897e-02
6.232856698305771007e-03
3.472475338628251348e-03
1.278181271286289418e-03
1.829538492604966277e-03
1.132172789846945526e-03
7.379019659618003563e-04
1.023080438677752974e-03
6.868482799670483883e-03
4.593958528641429442e-04
1.824796832914577291e-05
7.987788419963770620e-06
3.113872601051424623e-06
3.243426146856917738e-06
7.587558232488771993e-06
1.410857117491520528e-05
1.833933239256274074e-04
3.076145007514842229e-03
1.607133426169249715e-02
4.824152876950022970e-03
9.256866881954820469e-04
9.514188963079645792e-04
2.776163144255838506e-03
1.196962774760147296e-03
1.352924084534205948e-03
5.364378449920374770e-03
9.203277875876016839e-03
5.980233904308505087e-05
8.844698261001734869e-07
1.340594627737539769e-06
2.974509064385881017e-06
4.580363591506096228e-06
8.398230315002172083e-06
1.440791546496368472e-04
3.351598412604176857e-03
8.991891642287388325e-03
2.013789307121283817e-02
1.055727117518276068e-02
9.098267480594984325e-04
3.349307799338152787e-04
1.480686305354546924e-03
1.761306687983341980e-03
4.009447026803965482e-03
1.017595340086823591e-02
6.152087477646769019e-03
8.184988659002105248e-05
1.974841493944184857e-06
2.277397279690330132e-06
4.714502933279220045e-06
5.731860335912698250e-06
8.501405701958885202e-06
1.434906466270613442e-05
4.213416978099727181e-04
3.834907757760307439e-03
2.336120764558171671e-03
1.953128654861142465e-03
1.562679426959186950e-03
2.386942547262900982e-04
4.686020002548419209e-04
3.101114922214047182e-03
1.807680224842425978e-02
5.917282981698817994e-03
2.932317694908138125e-04
1.651277109565750379e-05
3.530530954998710889e-06
4.219105423876172422e-06
5.567271209651929178e-06
5.698040440155163376e-06
8.257304735230226560e-06
1.060752737256253984e-06
3.228939564670918347e-06
3.725831582158265284e-05
1.136879319097110723e-04
6.355881481500707435e-04
2.837495430506758922e-03
8.187710003973319457e-04
3.993224978935426073e-04
1.588495532897362620e-03
8.073989797807615276e-03
1.074685434719652556e-03
1.696503724802647550e-05
2.357764630558529209e-06
2.905558264019479622e-06
4.973116725159167103e-06
5.527488471924588361e-06
5.494039900462796504e-06
8.176016338168178309e-06
1.886217298033583484e-06
6.079921715838164205e-07
1.879783637298264891e-06
1.493116212143154558e-04
3.319010659671584994e-03
1.430328481466626141e-03
1.688961767200020418e-03
1.322475097502522588e-03
8.495955420789426870e-04
8.405821460500910577e-04
1.119297095627089553e-04
7.532402873011877754e-06
2.925002459606235535e-06
4.165951721939126711e-06
5.539452562469883631e-06
5.421276103758749570e-06
5.428899925364592058e-06
8.203852836910264739e-06
4.520837380058743059e-06
1.468268485157282704e-06
2.465149481069345891e-06
1.492755425766661688e-04
1.140518450372137891e-03
5.111178737897378096e-05
5.323566828531474908e-05
3.220578045559912704e-04
7.592126518232486911e-04
2.305334851736635840e-04
1.453307704770414367e-05
3.827509694028554329e-06
4.209324110262696345e-06
5.486845752471801246e-06
5.708846226166738493e-06
5.336086164434132160e-06
5.432141681077883778e-06
8.246051689994947880e-06
6.601344954340414945e-06
1.858003308494033377e-05
6.202479019711760653e-05
7.295568335653388435e-05
3.593940374092211286e-05
3.577843270325709915e-06
1.970928240180371433e-06
1.226650292283972518e-05
7.406805923774860021e-05
2.502138427732402513e-05
3.379420632378854628e-06
2.869022111159009504e-06
4.796144843112861056e-06
5.703092201445456804e-06
5.559002266251388383e-06
5.260679292052986292e-06
5.418072996433175758e-06
8.229849153662955181e-06
7.392050145309939325e-06
1.067853318911920482e-04
9.796393593230344650e-04
8.853633899968042602e-05
5.441865429003277382e-06
2.170969787885128928e-06
1.785575850330385584e-06
3.012651873397038421e-06
6.142220819933894970e-06
4.405614128736642757e-06
2.917512442412240819e-06
3.974517729974749486e-06
5.305195348318677622e-06
5.459472852693770150e-06
5.287166705636037669e-06
5.077562340890246521e-06
5.252597396583662228e-06
8.026393062234691189e-06
5.641935536161996197e-06
2.269971016886889248e-05
1.009198001175586615e-04
2.079442565285741058e-05
3.678010450015875286e-06
3.596152313178865510e-06
4.348006052637482985e-06
4.264712276625018910e-06
4.312448827370859591e-06
4.271135070648852668e-06
4.658936645949918049e-06
5.412705832322025675e-06
5.635002751111107609e-06
5.507864544432871477e-06
5.418491712406332173e-06
5.249799078369078886e-06
5.449083893739115835e-06
8.306907678405954241e-06
7.609059753948755391e-06
5.746740538273725321e-06
7.103155482490447431e-06
5.876617485935193399e-06
5.597052236195200555e-06
7.647633088768788294e-06
8.853778244147702327e-06
8.495976446077417070e-06
8.145969984771576691e-06
8.188514169155996022e-06
8.410361765320700314e-06
8.457329348747291912e-06
8.312173695884223399e-06
8.232360762038722023e-06
8.209018810774331191e-06
8.023609145780667243e-06
8.308661349284588715e-06
1.177789464079760557e-05
