1.119313836504776141e-05
3.341718635580395529e-04
1.098301014115240018e-02
6.350919391211168503e-03
5.641900993007586788e-03
2.089206985380623154e-03
9.258449928271956673e-04
2.019152921091854885e-03
4.780176369274038994e-04
1.192268540664474878e-05
2.334093960855984315e-06
6.229266134343814047e-06
1.414631949552473741e-05
1.814432900317060465e-05
2.161343677758885681e-05
2.170814897201512963e-05
2.163514891709646018e-05
3.258001688847936056e-05
5.326677910786274306e-06
1.790640200876769293e-04
1.001155750953162255e-02
1.113077938696749314e-02
4.939201699165981889e-03
1.064590812146644881e-03
1.770223787127609642e-03
3.798104848418221591e-03
4.517740112285978382e-03
7.460338515950798314e-04
4.821474423325377618e-05
2.891493145911363434e-05
1.114313167761789414e-05
5.400205806948475810e-06
8.878706265748459035e-06
1.186840731348916100e-05
1.284240952428649480e-05
2.156860536514141504e-05
3.481516039551171420e-06
4.361202740924099611e-05
1.098631925254105841e-03
1.625921436696233435e-03
1.505801223200154944e-03
1.498593027933342809e-03
1.811672301266004396e-03
2.578932953989682858e-04
6.199967267437906260e-04
4.186481661283959592e-03
2.971594106790223511e-03
2.982671355028981147e-03
9.211369659962500569e-05
7.259906537640362878e-06
1.153581632215389516e-05
1.215959998941854722e-05
1.175021509896646299e-05
2.110940398319151797e-05
2.487952944528033864e-05
5.892838467448747531e-04
6.476234691001019408e-03
1.801406428537264456e-03
8.370102568789495462e-04
1.515756502474961643e-03
3.079030937028777557e-04
1.207973112800911830e-05
3.515126979592473282e-05
5.733924766201186317e-04
1.336181021229895533e-03
6.158560756255948045e-03
6.659434172836993515e-04
9.036351389527620204e-05
6.201211252003743812e-05
1.653963052001282045e-05
1.047208033254125859e-05
2.098148750209514083e-05
1.274973698178116441e-04
1.850214604352426809e-03
2.060639325196682910e-03
1.291313395079889635e-04
1.331259664510246472e-04
5.946923761102569433e-04
1.939643489289422193e-04
1.087026800473376193e-04
4.431287661673544306e-04
1.315359046098442657e-03
1.617541130042317689e-04
5.638825969124528761e-04
4.515527260597880163e-03
1.126747960932960799e-03
1.083055040970955690e-04
1.571153011464548825e-05
9.124244295472800330e-06
1.965676103347832796e-05
3.918804521815796507e-05
4.509564263174488689e-04
1.453769070733626359e-03
2.068031207882135294e-04
2.652416476223611107e-04
1.185984545435141016e-03
1.381112633463173938e-03
3.832365828188193709e-03
3.380324356854398117e-03
3.246937333322306909e-03
1.432964305442496983e-04
2.953297319664517423e-04
1.350283371500891720e-02
2.464806754335587425e-03
2.422082743218319559e-04
5.338701965686101401e-05
1.376441431141601665e-05
1.949826770485900141e-05
6.724511164306985917e-06
6.134354625240726554e-05
3.066383290521817323e-03
2.596428343366156705e-03
3.162385017830936359e-04
1.292931461097138700e-04
2.779215019948892175e-04
2.248358362815055123e-03
2.108681832056841666e-03
3.214982400082333491e-03
7.351635144255788982e-04
3.645918071111918382e-04
1.916340042703942263e-03
1.873333866182296274e-03
1.287587474610656308e-03
1.302063167146882820e-04
1.121907491898275277e-05
1.587791873699688773e-05
7.098052753151935572e-06
4.931626034816622990e-05
3.148104283064789583e-03
2.470144096806686871e-03
4.841902071185533846e-05
4.189078640544385392e-06
1.050634282996462646e-05
3.670322035700677500e-04
3.633965132077743125e-03
8.183697688554111491e-03
4.909163574929208650e-03
1.764295449482012734e-03
2.064666978958576253e-03
3.297721066423389778e-03
1.600851324544964828e-03
5.681935721275542756e-05
5.138588638142314128e-06
1.157752423055310121e-05
1.713032785239716776e-05
1.391948721894409324e-04
2.061078912672233837e-03
3.442359138870323206e-04
9.621215686734961844e-06
1.790338445231450112e-06
2.087618507436299934e-06
2.136490657472707669e-05
7.334177596501633995e-04
4.178869437842821881e-03
2.370417184056391319e-03
2.146699804238829789e-03
2.354476710320175820e-03
2.747656753879256560e-03
3.662567128656874470e-03
3.718835881913340620e-04
1.935579071711790818e-05
1.487949135433278504e-05
1.391968965985317878e-05
4.477606626330668342e-05
1.367888391625775258e-04
2.925368355733910829e-05
7.427428383863920635e-06
3.620806216419193449e-06
2.547655687278347794e-06
6.439355904798686685e-06
9.106620129275668570e-05
6.658050471352039423e-04
8.888535991092086364e-04
3.564926801390675554e-03
6.341875814794831938e-04
1.283721210998086445e-04
1.750821231057581332e-03
2.187425167573672172e-03
7.736365406788674995e-05
1.721760379831483508e-05
9.388618354465696672e-06
3.253455165424453283e-05
1.578665846965316658e-04
1.303452997683703096e-04
1.060702538296250357e-04
3.765876580678693259e-05
2.789961989924618754e-05
1.106414019460092726e-04
2.455849303431950322e-04
7.887679017708721730e-04
1.466337122475020426e-03
2.428641005459248985e-03
1.878393985842998176e-04
4.132149261979827887e-05
1.337378505356050153e-03
3.193664848410387221e-03
7.478137522648482642e-05
1.133552023475087656e-05
2.111014399626045464e-05
2.663225103066375931e-04
4.629998325073746319e-03
3.676917942905334139e-03
1.200459242233318114e-03
7.118397262494108963e-04
3.704181582609783951e-04
1.286052778178297610e-03
9.776893388198182409e-04
1.454440796607499569e-03
1.262425098254857554e-03
4.497748097310031216e-04
1.657395368388514284e-04
5.525763246295787011e-05
5.524802837347502632e-04
2.664044998909362305e-03
9.612357648997106358e-05
1.016563298353132474e-05
1.463806605255517531e-04
2.620005284764609799e-03
3.219144530953959443e-02
2.076123167698541369e-02
3.763424170142776626e-03
5.523016785024003651e-03
1.516937889419720485e-03
3.119824322638385834e-03
2.719064472728358398e-03
1.335349698356844356e-03
6.983337976106493861e-04
9.311113135009954373e-04
1.528725984550624280e-03
1.843996557941411261e-04
6.689858356397367480e-04
4.933548160074482589e-03
1.624112220661922583e-04
1.083520404977206271e-05
1.763549867821805029e-04
4.480806933988919563e-03
2.921965084156086592e-02
1.586372703073846147e-02
4.859878837653720460e-03
2.726689809511715062e-03
5.799450772628835958e-04
1.228055668826194113e-03
5.323766631984414629e-04
2.598517873773628704e-04
6.660143020529752256e-04
4.065394058812356846e-03
3.829513832883619379e-03
2.500192004613629288e-04
1.471332106732923606e-03
6.148750935255686834e-03
1.185458464788539408e-04
1.080689657592656150e-05
1.337967258157295209e-05
8.734961395440168311e-04
7.756759284896420914e-03
8.363391584018503013e-04
5.292936366761704595e-04
1.856134040872951189e-04
6.434591137009561008e-05
3.835760360057299746e-04
4.460849940183232395e-04
7.875250802861505231e-04
9.591122906275443031e-04
1.832437607016441797e-03
1.589703411755487381e-03
1.771672456872649048e-04
1.416295341302652947e-03
2.133810944194171073e-03
4.459962493286316647e-05
1.206706003150201484e-05
3.832727246430801491e-06
2.091888302370431129e-04
6.901012253729737513e-03
1.858803062859845168e-03
1.105123087634188707e-03
1.912152487311586670e-04
1.936013129073943094e-04
2.522242159672140153e-03
2.813583288333847826e-03
5.809578471775405338e-03
2.823055970688163625e-03
1.964139148604169063e-03
2.550543250092043163e-03
1.087575863947467299e-03
6.457860956566733972e-03
6.929134661630569113e-04
8.102621393008811824e-06
8.665107826878803103e-06
4.759787805579797717e-06
1.830321432083477872e-05
8.241762735848231223e-04
4.305525227716709355e-03
6.932698110536561400e-04
2.898929295333752204e-05
1.321984196406775778e-04
1.772292724301689987e-03
5.577094180703240020e-04
3.011046136467872454e-03
8.293559706481861554e-03
3.193672851903912261e-03
2.872514238861663578e-03
2.643592066753385102e-03
6.044941645268022898e-03
1.483063636491038708e-04
2.654347198745523720e-06
7.462306347794029807e-06
7.231372808858378486e-06
3.205696806504844051e-06
2.394530516148110166e-05
1.205798864098012575e-04
1.964561278504462646e-05
2.503064743319825580e-06
2.923612917892799752e-05
7.330360811218615677e-04
5.649820774764856279e-04
4.936481158067091909e-03
1.068865302437814642e-02
1.257938083715288069e-03
1.333246993074328887e-03
4.021170382034007854e-03
4.960150830424673446e-03
1.294281296825925266e-04
5.458198559804521276e-06
1.255943488348753437e-05
1.172070780246424393e-05
1.292152696958656923e-05
6.984620214157243729e-05
9.433286590629724419e-05
9.965597012667626472e-05
2.402791539472543122e-04
6.727643713024272385e-04
4.018867002935132791e-03
2.537172321766057673e-03
5.748573670640075468e-03
9.604471992258351715e-03
1.240846022625376709e-03
1.423369764605849621e-03
7.517473884888453521e-03
2.739339967105922178e-03
6.772365600731311617e-05
8.863880972652392364e-06
1.856735525527360720e-05
1.254188193352684659e-05
8.834460097252136066e-05
2.462032345918797795e-03
2.895769529588160078e-03
3.018953739073716724e-03
9.473643615095403772e-03
3.161377178976343665e-03
8.914902314712076434e-03
1.540384578072350602e-02
5.940012631336443784e-03
3.537037183703276369e-03
1.866783603557327061e-03
4.649171742472882340e-03
9.027185069358878086e-03
3.303145827496889540e-04
8.908218331696890645e-06
6.071683540504795890e-06
1.992443934722428912e-05
3.228412472565035825e-05
3.114370029718415973e-04
2.871396660312493503e-03
4.530466832872451048e-03
4.416595696719293092e-03
3.110511414268473957e-03
8.666721143903749654e-04
4.838324486008733875e-03
1.003958328082330681e-02
1.361786477385801492e-03
3.157761497757848208e-03
1.791631136549705697e-02
1.767312154805412289e-02
4.624656739403396576e-03
1.010970840472555355e-04
5.857148619557618387e-06
7.098129663697765825e-06
2.153836880565738622e-05
1.700451106616306454e-04
1.975141085106310590e-03
8.657288919668113545e-04
6.541789796844295519e-04
3.823797084369653931e-03
5.507204938623022974e-03
2.418127698005470214e-03
6.302555571663042257e-04
1.285890847696387893e-04
2.593215321148370218e-04
7.678250800360845486e-03
3.458219221910811825e-02
6.043025842924344519e-03
3.540260779987399148e-04
2.223716294960257972e-05
7.270346753281326069e-06
1.067433342970430244e-05
2.288549638252248327e-05
1.072107141615226693e-04
3.031778996946159037e-03
1.667755266789827141e-03
5.275582525414551074e-04
7.141796324589592352e-04
6.651748193477639371e-04
1.839089647886609294e-03
3.343622993428720992e-04
8.546728199191918186e-05
2.830744285050305897e-03
8.492842495485607851e-03
2.901776638231453806e-03
1.900116274884654623e-03
1.313976429557368582e-04
9.070364995799449793e-06
7.103916329499036362e-06
1.196404762282648678e-05
2.190585680749734842e-05
5.132934001188984153e-05
2.791570238444799224e-03
9.440147939441402569e-03
7.824596375758099617e-03
2.199732853317583944e-03
1.868889344145288427e-04
8.663206879147960495e-04
1.849897235768578792e-03
1.041239452991925881e-03
9.669797949949940699e-03
7.185438743659538618e-04
4.134369106753942291e-05
1.424528347685049417e-04
6.008175467692585355e-05
1.025827756172147802e-05
9.313127683869110412e-06
1.300795801534908056e-05
2.185683796728224903e-05
2.477843794503901877e-04
2.500216973728249664e-02
6.446466209706185058e-02
2.593804427568581483e-02
1.399567219289591519e-02
2.714830008656555615e-03
5.557281132833943350e-03
5.286437482946704063e-03
3.619179717203578899e-04
2.011205326594595077e-04
2.189963820827752107e-05
3.779444129011374027e-06
1.350861770673919315e-05
2.208139723427021109e-05
1.714958429267252158e-05
1.918548616701445616e-05
2.206265141367132903e-05
3.282832904456785630e-05
