1.188695862617463736e-05
8.006134496904325490e-06
6.017504521641279512e-06
5.219792193386895359e-06
5.386096125975612768e-06
5.558662230659915140e-06
6.539573872250355110e-06
8.072828483298732542e-06
8.417940225836533153e-06
8.082599838348615006e-06
7.934135943201832308e-06
7.918838200492148136e-06
7.906396731537006518e-06
7.914571521069255878e-06
7.897845418518356436e-06
7.743840335904835078e-06
8.045068180550144131e-06
1.103311333809764953e-05
7.031861073414138228e-06
2.761455425989243142e-06
1.233077580236515406e-06
1.869988382500354735e-06
5.491449677478661020e-06
3.753754923282829407e-06
2.251333968352851398e-06
3.551744177298167744e-06
5.306723968496530782e-06
5.542513710929410133e-06
5.443459003539348332e-06
5.482343782716003525e-06
5.457799410610475967e-06
5.417855433847451222e-06
5.386687119942684984e-06
5.249738528499867922e-06
5.474337131136089771e-06
8.040971993812317422e-06
4.174938862569986452e-06
1.886608123923328167e-06
1.332233554901167763e-06
8.959175145907188873e-06
1.449362293203455322e-04
3.078061920372843902e-05
1.630195764599153373e-06
1.353356787711078106e-06
3.545437045575253099e-06
4.854143526467941188e-06
4.730859630060161554e-06
5.129064855737822276e-06
5.367023743730219346e-06
5.284684667313231043e-06
5.198344445291832527e-06
5.050608297321801690e-06
5.251186759478663132e-06
7.738451559137713836e-06
4.742133577862678518e-06
1.684122198774342730e-05
1.063812909922128935e-04
5.040107947595508621e-04
2.020224678082018638e-03
3.556936476470549339e-04
5.670125096308178237e-06
1.057260176862428177e-06
4.256115999806691219e-06
6.626012239559879243e-06
3.793486867097238622e-06
4.216182078584370537e-06
5.390308301844072801e-06
5.536095278101554431e-06
5.375378492478944336e-06
5.197252391171971378e-06
5.395773276457442804e-06
7.899717981771579088e-06
1.599366328791836518e-05
2.410514557861585371e-04
3.806024019544423237e-03
4.398480067815777050e-03
1.177330512362733490e-03
9.458273146262474685e-04
1.402138636752346635e-04
1.262976779836874653e-05
3.838653349819236814e-05
2.882037539207274817e-05
3.763820211757664209e-06
2.870490018121604586e-06
4.775541534805975942e-06
5.573107501057937107e-06
5.428878792238194092e-06
5.215370404750351625e-06
5.414925706307697738e-06
7.926007392941121084e-06
5.759786942636624629e-05
1.068180024513819748e-03
4.662791739778612832e-03
5.396457441294360766e-03
2.863314600088802484e-03
3.425193344923723252e-03
4.085911375875070015e-03
8.962114018294807700e-04
7.170676203157163794e-04
2.137926739461812266e-04
1.035177955878302129e-05
3.048956426976870457e-06
4.308185788090341365e-06
5.505392831418632256e-06
5.444413681655401793e-06
5.191764787644872709e-06
5.389442031030555145e-06
7.903523867191969939e-06
3.619368975675220010e-05
1.657361311099747299e-03
1.093543000008069012e-02
1.057349929309730173e-02
7.077693014668368435e-03
1.918992286132787609e-03
1.470309288699885551e-03
2.109830679492035593e-03
2.508460464861993634e-03
1.329386089487495431e-03
6.199524292149207697e-05
5.113910423730200505e-06
4.218539397156806985e-06
5.548381646021833775e-06
5.555607064755284045e-06
5.214764167984257961e-06
5.386775252114316672e-06
7.899741257974516478e-06
1.997703581237448111e-05
3.569610327842526209e-04
6.471562931667343248e-03
1.523691911446245668e-02
6.075350891916114077e-03
1.638281786430318332e-03
3.446021328413108732e-04
6.899413952367477489e-04
2.588782173248638067e-03
1.181147709586866058e-03
3.203357808311243561e-05
2.161368753458570734e-06
2.665463083658285797e-06
5.221684213559731791e-06
5.807415740937871729e-06
5.372395696915424150e-06
5.485896291962557714e-06
8.019772524236111840e-06
5.425171097656244698e-05
7.360353431645451838e-04
1.200985516653848770e-02
2.182964717221650905e-02
7.948307335251364805e-03
7.747103632535681794e-03
1.971924883071278761e-03
2.113331871289272478e-03
3.478743347813041242e-03
5.505653420097768747e-04
1.324004191787837717e-05
1.012232643410205097e-06
1.419182111420807359e-06
4.036869531274196379e-06
5.535356623492468623e-06
5.157224131765405139e-06
5.327528655412923161e-06
8.103732943390802983e-06
1.038124526579869447e-05
4.624266182158326324e-04
1.436077515922122919e-02
1.174243807286875184e-02
8.241389723483826674e-03
5.516185941752334808e-03
1.577170163804889925e-03
3.606094703248555536e-03
7.929050174484390465e-03
3.510711790104175355e-03
4.965703508899615070e-04
1.895969863729494699e-05
2.503837186524721309e-06
2.691296068088185972e-06
3.822340922211843598e-06
3.754266388190539466e-06
4.021171711445753749e-06
6.998168907308183775e-06
1.726944616245243984e-06
9.869210927932828563e-05
6.382267421603870367e-03
6.751459554569770767e-03
1.043073003931598887e-02
7.904466786481075327e-03
1.220165544177297459e-03
1.127904715939522396e-03
2.428811867071975755e-03
1.690851030940231222e-03
1.597811087433494018e-03
2.287068659277844893e-04
5.997439115399179597e-06
1.481360629030224601e-06
3.143340302961792272e-06
5.436821391396702341e-06
4.137254202878465349e-06
5.205244950774483250e-06
1.362351137722135021e-05
1.583394936243969408e-03
6.334255443798324225e-02
2.860155046918113481e-02
1.479285021773609106e-02
1.018791007600812482e-02
1.780709499810932336e-03
7.708069102963383814e-04
2.082147019995186400e-03
1.540130852672691583e-03
1.965192740345371534e-03
1.211934117474838682e-03
1.971871239540740840e-05
1.536242532035194560e-06
1.307891707572080094e-05
1.039065574446447021e-04
2.319419393018071660e-05
5.507825426827607654e-06
4.916020787795035780e-05
1.060664731164863948e-02
1.722229823762846945e-01
4.411075366508857010e-02
2.569521033129330834e-02
1.152051560196756287e-02
4.349096234212386676e-03
2.625910253285878779e-03
5.232840791871266363e-03
6.225286524233334708e-03
7.145478337400848826e-03
7.695514406366130503e-03
3.325341061824514471e-04
1.267017224034427181e-05
8.052031708572313800e-05
1.107627233262732398e-03
1.044319256475662500e-04
6.983043046251340482e-06
9.325206993096580760e-06
1.833738248292944269e-03
7.701372302613439247e-02
2.502579859170975252e-02
1.635384838357664683e-02
9.687068423403385337e-03
2.663678987449938709e-03
5.231500424613087785e-04
7.929106674838264264e-04
3.364522898524525182e-03
2.175891759011794064e-03
1.553611995228494549e-03
1.011024456290582265e-03
7.614826045551593633e-05
3.388153199633576763e-05
9.286049840625362122e-05
2.326207607509660596e-05
5.713283977269361352e-06
1.525697114200117010e-06
5.425682124208060290e-05
5.896334735074745467e-03
6.400101923387986787e-03
2.230833850604582638e-03
2.398252530085011932e-03
2.125417668458526917e-03
1.299495764010474364e-03
1.310427505147015873e-03
3.382737749844512247e-03
2.929445510640749008e-03
3.165762988414319600e-04
8.123273518053756605e-05
1.854856401284608688e-05
4.646270792788723856e-06
4.392437141193631330e-06
4.123470076611752468e-06
5.384436090784762377e-06
1.693035786779912718e-06
7.996180487577234992e-06
4.374608776530269981e-04
4.172622441267662997e-03
4.118930070216607515e-03
2.736375202940780592e-03
1.868264795861066842e-03
3.484924860760196981e-03
2.411582433844368205e-03
1.131981654411975784e-03
3.210098249715859740e-04
1.214353458153251251e-05
2.400603642640358409e-06
2.954818481485795081e-06
3.056773675150011240e-06
3.220667824849606757e-06
4.033374509887157708e-06
7.096894571527724053e-06
2.118257351662353687e-05
1.246416634598313596e-04
1.203478532731692540e-03
4.976182531164071929e-03
3.794395233949392730e-03
3.891427811464238506e-03
2.598181386957945909e-03
6.341414730207454694e-04
8.658465232569270221e-04
4.901462953435840354e-03
1.799965639374744659e-04
1.306540313567317173e-06
7.843641538127395950e-07
2.836783124100565970e-06
4.795180342216984753e-06
5.023382081547786112e-06
5.388774527962902398e-06
8.124031026135037544e-06
7.931492694642107563e-05
1.052572124043313698e-03
5.105746242756758688e-03
5.621487285972098964e-03
1.204791804693320202e-03
2.432312112019224034e-03
6.412405112056134698e-03
3.231253799844632270e-04
3.617937702488674108e-04
4.563447083324900788e-03
1.061059564892408261e-04
1.339879423797886272e-06
1.582147521506624140e-06
4.630599572488615094e-06
5.855311988450052690e-06
5.461967481208541689e-06
5.519737336733492181e-06
8.009580188943787892e-06
1.200960975518591451e-05
2.262541860383770380e-04
3.187585393479113599e-03
6.207966537175300427e-03
3.471895473118397340e-03
2.714761718428924421e-03
1.956751217077944225e-03
5.089762758654649798e-04
8.221504114534251579e-04
2.587720676477234640e-04
4.807961268639062709e-06
1.125744124700621024e-06
3.023837435678001292e-06
5.639858417182546003e-06
5.697298193796833724e-06
5.241872440452953969e-06
5.380925556014445692e-06
7.887755368537402578e-06
2.750051818379081194e-06
5.809379351363986124e-05
2.272895462856897378e-03
6.994868177580639002e-03
5.387538490762483478e-03
3.192611664577528138e-03
4.733451416867858440e-03
5.901228821793466292e-03
1.622245481978796741e-03
3.185718029481707041e-05
1.451743733075899595e-06
1.785406090811916181e-06
4.560873470923238315e-06
5.782353451980419167e-06
5.462661807632389151e-06
5.169732951778793030e-06
5.377808807806158385e-06
7.900315430900770250e-06
9.753939365177441838e-06
1.533179982949461754e-04
2.167541935030549774e-03
3.973961028318164466e-03
1.895154184891853369e-03
8.440430868090293077e-04
5.126567556312863891e-04
1.610928207180782645e-04
2.831152019135987379e-05
4.528557814127189414e-06
2.317299958873174380e-06
3.851009326213850628e-06
5.588765054109295455e-06
5.635986468262021546e-06
5.375708085822230599e-06
5.196405807729107662e-06
5.411520783716642696e-06
7.927162770177679073e-06
7.417947674136677076e-05
1.146280155421755716e-03
1.318744680313130215e-03
1.956486622828647879e-04
5.889842501621544979e-05
3.116574785801112514e-05
4.354717920114936222e-06
8.037612978596408593e-07
1.020379467903265302e-06
2.359658339941227886e-06
4.125934239705721560e-06
5.433224123775840116e-06
5.641540238017330044e-06
5.433686891303248116e-06
5.332573575370245675e-06
5.195546819085074468e-06
5.396427156112752317e-06
7.898420387888904323e-06
2.631458820237072069e-05
1.258859662322926135e-04
5.886788018702435762e-05
5.835646416111768859e-06
2.661740722360187614e-06
3.568478968371669326e-06
1.700505511908869999e-06
9.685979119107362540e-07
1.874343675033210181e-06
4.017011654320390173e-06
5.347163444598461154e-06
5.464455036357924673e-06
5.283454464958454513e-06
5.206973937988555298e-06
5.190721178864830460e-06
5.057645835090437716e-06
5.253364898794673505e-06
7.737665473643881469e-06
4.982290076334947035e-06
4.743619675702301381e-06
3.810145901356147406e-06
2.319807723415430661e-06
2.518256787429101535e-06
3.962477971237137456e-06
4.278654137577802863e-06
4.229236012696776790e-06
5.057004168168531510e-06
5.702268237043582701e-06
5.658745273576985222e-06
5.464900059584902801e-06
5.387320924101091852e-06
5.400119808734807053e-06
5.394806629833812258e-06
5.256775064362835431e-06
5.478490847456170950e-06
8.045375353384697734e-06
7.622052060052343669e-06
5.015513572078848799e-06
5.161171539014794294e-06
6.135752759597742711e-06
7.290955642708241491e-06
8.213792440544026951e-06
8.444922219906027575e-06
8.406654118655900091e-06
8.342784280306675610e-06
8.139032363273132655e-06
7.939822407586277512e-06
7.870642355100687746e-06
7.886926611868799898e-06
7.923507756861582647e-06
7.906771049644517276e-06
7.747628024493031791e-06
8.049922095033138468e-06
1.104173328439968914e-05
