1.414435022731688513e-04
5.880469689449298147e-03
1.390663378548445336e-02
2.067669057114722084e-02
6.322448041680459041e-03
2.828210236609451488e-03
3.025059946744078181e-03
1.660974680906547845e-04
1.096650784490737357e-04
4.870490848191241957e-05
5.119305078344836694e-06
5.943311894430002703e-06
1.082882667118014216e-05
1.138643508119511704e-05
1.210459231220101719e-05
1.188995972965815943e-05
1.173878086277238011e-05
1.781187160651100503e-05
8.570916742977642555e-05
4.120202407860709508e-03
8.688244188770431059e-03
1.397264632810471356e-02
5.339333074315448686e-03
9.105210695308458895e-04
1.757808588736688767e-03
7.998396521071971226e-04
3.648598763715264065e-03
1.673049074458776405e-03
6.935688364162429995e-05
3.047967733765755423e-05
9.454089560639127089e-06
3.856372286020622382e-06
5.478955206578205768e-06
7.229583948120611560e-06
7.464764194920599038e-06
1.199631182621198200e-05
6.354605762768562593e-06
2.478807204927794433e-04
2.150776285801013141e-03
1.451084926761072235e-03
1.099822357642025019e-03
5.118560119576198849e-04
2.128468394541955426e-04
3.333730299725464255e-05
1.613888147884822290e-04
1.459136081956075156e-03
3.124275421144851773e-03
1.312106390076951592e-03
2.372632871353775965e-05
2.500584840704401807e-06
3.974259619240977017e-06
6.134658908356540220e-06
7.096002641034925774e-06
1.192242285813430141e-05
2.523750094369009375e-06
1.607941456841568690e-04
3.179543643862374393e-03
3.502813368683791416e-04
4.944882504684692745e-04
3.583288548160221219e-03
1.595213754355047234e-03
1.627171091566926984e-05
1.453900318476023892e-06
2.303157908266073990e-05
2.718987211463781348e-03
1.041687604061437671e-02
3.801799737097017557e-04
3.001878509532176779e-05
7.520211868233739455e-06
3.146916851663324342e-06
4.267985520131706462e-06
9.275338341903073503e-06
2.530630779635942930e-06
4.488703461144620186e-05
5.667519675247033621e-04
3.541454737187154506e-04
8.708143001761978370e-04
1.031964092359321811e-03
2.367866826259800751e-03
2.474744792051790875e-04
1.802920808587430074e-06
2.946219527611886919e-06
4.661018294528979284e-04
1.054205752754974225e-02
7.140829567580865567e-03
1.307724397700541245e-03
2.456054712902243866e-05
1.715740099531381274e-06
3.905500682314470998e-06
8.474505787253805645e-06
5.027733000689142207e-06
8.242669455387066158e-05
1.123202366211844714e-03
1.534549241978905949e-03
9.886717934522199370e-04
3.754800225748707818e-05
2.286988454919355223e-04
2.675924625429247118e-03
1.796831615800587208e-04
1.474211664001058900e-04
1.078918032815340397e-03
2.763759452854292874e-03
6.677195373300231357e-03
1.186100172382856428e-02
3.765535949299292254e-04
2.141840850090639779e-05
7.589449432882685708e-05
4.233126621316175625e-05
9.012875420332202000e-06
1.312785916603588889e-04
1.045913054015943288e-03
4.790117868874850201e-04
2.000911145358566620e-04
3.070046033464615540e-05
2.612335233822612882e-04
2.718482852647903601e-03
1.692107259183664100e-03
2.507670788578123845e-03
3.658644764842153437e-04
1.161894092734383228e-04
1.036207404336772107e-03
1.969742075444817428e-02
5.257844400860653931e-03
3.798752504247225755e-04
9.034201213185317656e-04
1.685431699774310042e-04
3.913881137255518070e-06
8.656178647784211439e-06
1.018171691602117894e-04
3.598785815558742029e-04
5.622626744266121098e-04
6.325960455664221896e-04
7.901011911320599164e-04
1.748079486665462471e-04
2.152930752183367948e-04
1.418668910271530127e-03
1.722739644764759203e-04
7.093807772406786794e-05
2.161400854128715462e-04
2.964555659418213404e-03
3.529457459286817513e-03
1.388982767421713177e-04
7.088166210383989546e-05
3.498437994990868255e-05
1.658565987450223061e-06
3.777473081953776372e-06
2.012939422469570388e-04
2.025785547535313529e-03
2.902607603797034263e-03
2.162287236829060853e-03
5.303682670287710853e-04
1.099653063151515155e-04
1.948659276988646259e-04
8.903258866488732159e-04
5.487286931727486470e-04
6.139310510174201749e-04
3.230957720946217668e-04
1.631930295687363669e-03
2.160393845380156538e-03
2.738466234884359563e-05
3.207291484328627401e-06
6.096692566759586892e-06
2.731201471750849961e-06
6.122954415816864507e-05
3.117921753339844993e-03
2.020538053426387121e-03
5.176955142457518666e-04
1.709848561415497727e-04
2.041107198389029717e-04
7.157764813481405988e-04
2.232155143722720672e-04
4.272147711284140863e-05
4.108671094645802851e-05
1.210039471505092070e-04
1.532406183046671941e-04
1.049898034920188766e-03
8.646905731504228370e-04
1.408222278151020096e-05
1.749295958004900803e-06
4.957725742913367039e-06
1.521472397096127029e-05
4.765376348846643399e-04
5.750613593609324795e-03
2.589875122975252540e-03
1.952754122273073190e-04
2.508176212454802647e-05
1.361976631900069907e-04
2.823139414532895865e-04
8.253455034300316367e-06
1.107291931019884761e-06
8.166820520235614281e-06
6.406090441568687999e-05
4.336542379693163906e-05
1.383794460202208900e-04
7.258602088447699751e-04
1.837644172941025364e-04
1.373674465335499511e-05
7.915287456060404113e-06
8.703340869144467824e-05
2.115098873823510230e-03
8.975212048742178469e-03
1.741812309964333935e-02
4.507374168621191418e-03
7.399320947807212518e-04
6.604870675830732188e-04
3.809628872083547048e-05
1.046659801939297331e-06
2.307534289228573652e-06
1.526337808441022141e-04
1.099126432110716749e-03
4.499656197454186726e-05
1.590843521785716280e-05
7.164925494139762251e-04
2.570326754471014691e-03
7.772940394505435419e-05
8.694946866012402185e-06
8.148831616991378008e-05
1.250922217834447327e-02
1.267309180585844686e-01
3.377052543668553758e-02
5.871935331845860688e-03
3.420266327744321631e-03
8.552299299805063339e-04
1.908852415738421810e-05
1.105772117149609434e-05
2.505251487594727078e-04
2.724734687828365802e-03
3.292648667882210924e-03
5.662059971860881560e-05
1.169737661322999040e-05
9.308136498032851345e-04
3.185993930653738780e-03
4.909111779835119378e-05
5.433903422535331280e-06
1.604124780450746508e-05
1.271163737208176733e-03
5.318683211608620648e-02
2.097356037788253649e-02
1.715125448109577726e-03
1.167441761055763080e-03
6.808558868974139752e-04
5.178500658636060023e-05
1.851871545114808541e-04
2.215434892176338516e-03
6.791746023481196786e-04
8.476847578252681660e-04
1.662691813727661203e-04
3.549525694820851045e-05
1.855196473938173791e-03
4.469354616835974695e-03
5.156419748017149391e-05
6.434891850168793211e-06
7.653278694479789172e-06
1.318506260310801177e-04
4.557414583510098829e-03
4.075626530257702926e-03
1.055735146352178994e-03
8.159351408701136970e-04
2.541568723470282289e-04
2.971227736681257518e-05
6.061638525945774885e-05
5.539887663449119494e-05
5.824575045264744489e-06
1.780939890977289769e-04
1.475372986331284844e-03
1.924770937492066201e-04
2.576365389196126014e-03
2.762207186091873278e-03
3.055764806097679558e-05
7.289487846523766637e-06
5.841184639877804752e-06
5.815798750771711083e-05
9.001834825986248373e-04
8.438554294499319049e-04
7.599507782540562651e-04
1.701342853823214335e-04
1.305361023688320815e-05
1.679757590298769457e-05
1.331283149795892758e-04
4.578977482084434409e-05
1.123816169355088576e-05
5.192779201320915682e-04
1.990080024351357710e-03
3.312823703405239442e-04
3.204710870342655955e-03
3.961949230749934442e-04
3.479465056611291582e-06
4.078439697819693367e-06
6.724664595023113588e-06
7.043513617299418503e-05
6.040728476629489332e-04
7.244675701614780496e-04
1.940830085082096042e-03
1.558502305935103173e-04
4.897819179396824076e-06
2.172164664146135915e-05
9.000270366952316725e-04
1.570937333975155371e-03
1.599343175805655222e-03
2.389657723270517588e-03
3.695058345715187794e-04
1.146828544469866238e-03
9.083416158102534943e-03
7.728473705562200759e-05
1.121886443899978287e-06
4.070050466959522201e-06
5.895134261096647498e-06
5.925545894293145666e-05
2.440216510667334309e-04
6.115462064590031894e-05
1.218543464043098752e-04
1.241721254368356449e-04
3.318894706886976737e-05
4.897334661209433248e-05
7.149413481158231392e-04
1.365998144424910828e-03
2.621803109962184564e-03
2.064886297399482363e-03
2.823360881287864969e-04
7.129331384428347698e-03
6.089100471604838583e-03
1.215784204296776958e-05
1.162685923853562061e-06
7.010115588930766625e-06
5.856320954403705788e-06
1.120658850581765601e-04
1.297688222893457347e-03
1.696305352919493979e-04
6.932791468460093793e-05
2.375332869101708100e-04
6.439360952589891825e-04
8.276063140989514287e-04
4.648364348875244113e-03
2.136303179727681075e-03
7.150482929257703660e-04
1.653359369472498898e-03
6.127239998481107943e-04
8.575826789442089759e-03
3.471544275326254869e-03
1.532504028181462687e-05
3.312629863652177111e-06
1.170307330251692192e-05
4.782643021926626784e-06
7.064172908006273758e-05
2.353301390207089647e-03
1.763666816003199578e-03
8.864040763995128342e-04
1.600020637625452612e-03
2.308454848822469492e-03
5.633079709170498621e-04
1.255163464069185969e-03
1.640957267953162659e-03
3.156389520273293419e-04
1.700939521349071606e-03
4.720395313328714162e-03
1.546841407146405667e-02
6.281584498749372960e-04
4.175856004238204487e-06
2.882782349129830226e-06
1.230863603967730635e-05
4.372180207104561270e-06
3.859559268445952678e-05
1.005448261606652289e-03
1.188980790001195826e-03
5.905454992213950626e-04
1.238644185498497322e-03
3.900666705017220067e-03
4.388353217381804183e-04
1.827243713304490765e-04
2.468236165443371414e-04
2.457760018557596455e-04
4.240431001823008125e-03
1.347201507936987043e-02
9.368283736991507571e-03
6.671327785987526862e-05
6.269287446860628717e-07
1.452568836277679743e-06
1.098119599951376232e-05
5.672942529549071258e-06
9.278987776894087461e-05
2.995598051581788678e-03
5.033035978264831060e-03
1.088152468263493952e-03
4.004129542889816587e-04
3.116898293574327499e-03
1.672363906965618555e-03
5.035415417771679780e-04
1.210704070141491954e-03
7.001624972489390794e-03
1.523025258404953237e-02
4.330787285698385961e-03
2.064237670056391898e-03
5.937655377020357062e-05
1.526383131493969302e-06
2.095888379754471733e-06
1.087879729137561544e-05
4.317492686665009484e-06
6.191380112250573762e-05
1.119355045338349874e-03
4.649942824901145445e-03
3.506626745772020194e-03
1.043775919851429226e-03
2.108991572993402022e-03
1.390410866633671636e-03
1.353909868149082716e-03
7.799072012198937816e-03
1.962669145812760696e-02
1.434544461622461013e-03
3.355630781273667576e-04
5.978568530115025955e-04
2.018644216610769625e-04
1.490168612040792221e-05
4.250373550163849182e-06
9.650156732188141807e-06
3.000684944295862021e-05
1.623515163527913070e-03
1.097091488276933334e-02
1.066167601405347033e-02
5.375750160047722791e-03
5.094292639523067580e-03
3.495682879844854048e-03
3.718643216734211082e-03
1.463400953432668697e-02
2.105798434501824582e-03
8.483869938690203315e-05
6.998997991512596649e-06
1.474787020189233532e-05
1.931975166508187393e-04
8.768489030637778960e-04
1.121970486313309060e-04
7.581110193111207968e-06
9.090000269140095251e-06
2.147733194673429589e-04
6.938260342697429375e-03
1.455864882150893769e-02
3.553883163304076553e-02
1.942037606729628968e-02
1.092175949914597939e-02
5.588561512739275219e-03
1.485502675049945936e-03
4.921382239217893511e-04
1.123627352236414347e-05
8.043002919405226925e-07
9.825413806629217455e-07
4.022868136624512824e-06
2.820087914940019863e-05
1.394681649644156766e-04
4.426252970538909371e-05
8.409161688038863390e-06
1.349661974510250076e-05
