9.710744154468554316e-05
3.563556697547213842e-03
2.020734719605701835e-02
5.475652639955298946e-03
4.837909493236897118e-03
2.168270029947094637e-03
1.859830941315108793e-03
1.160456800408793312e-03
5.077701659324632708e-05
5.217625255026239018e-06
2.617510209984379347e-06
4.536113155757837878e-06
1.532734509503600354e-05
2.701950684675170604e-05
2.726716085321127266e-05
2.529891838719632957e-05
2.595681105465699845e-05
3.902419900315995681e-05
1.633066643168863363e-05
2.223924052231829383e-04
6.884515810855552746e-03
5.617670006900034319e-03
1.622274780911224512e-03
1.091048724262063145e-03
2.224810857223452187e-03
8.119824351822199290e-03
3.785358932533147876e-03
6.117299516148797618e-04
1.279046715958861396e-05
8.101990759687230161e-07
1.608383663917119689e-06
5.459675137475055382e-06
9.454624661098273253e-06
1.149061574107408825e-05
1.397854865046643918e-05
2.557349910305079980e-05
5.455115574920893835e-06
8.614662245089376401e-06
2.556131955550293303e-04
6.023140227163005815e-04
7.573654955980022225e-05
1.075981272380636001e-04
4.143049714147705592e-04
3.641200845704017919e-04
9.956047090978580993e-04
1.112643376715859861e-02
1.412625565327902365e-03
1.313014389771988586e-05
1.887009567882254667e-06
3.308913271213831094e-06
9.779792105815677904e-06
1.236815485782374764e-05
1.210911469449275630e-05
2.359413995584905244e-05
1.188640790423568534e-05
3.094092428324551311e-05
7.859625902380157651e-04
2.022629292661003685e-03
5.223724995454878802e-04
9.929385658690938372e-04
1.654345423019592870e-03
4.159986768756770872e-04
4.981701662486066060e-04
2.096821247598561460e-03
8.724685645062606881e-03
3.801104594595861724e-03
2.977880962341138875e-04
1.326657605504396752e-04
2.395746188009287043e-04
7.359899552580845923e-05
1.652963176870919627e-05
2.341435374759505913e-05
2.340370841461099228e-05
1.676813280774659470e-04
1.706825151363415430e-03
1.535561706472239173e-03
2.314055637472441345e-03
3.023881757985536715e-03
4.924135907238216684e-04
9.738373753079371470e-04
7.484964184575918118e-03
5.480699582486927299e-04
3.592307968375060140e-04
6.677591267450248662e-03
1.698098431664659541e-02
7.295876440575803888e-03
2.406123301339118618e-03
1.220774107768676840e-04
1.041278297215877561e-05
1.687237071608478005e-05
1.664457028471049213e-05
1.151843497118151436e-04
1.144504371893589672e-03
5.039233499500334491e-04
2.833727232355873009e-04
1.182912430077319210e-04
5.599825527103298319e-06
1.647248453204328301e-05
8.073226580069300506e-04
2.975953421511542507e-04
5.346576771894717489e-05
3.128328616144611233e-04
7.136163242393963463e-03
7.194428256648731888e-03
7.320066570257471742e-04
3.929753965164411794e-05
5.347816319382306918e-06
1.031771121888713165e-05
1.916236741269717044e-05
1.241447435592125698e-04
2.430798715002728105e-03
1.660038727480166567e-03
4.835263900706617164e-04
2.200854935893182531e-04
1.277269081135212465e-05
1.567180914466853744e-05
5.331077002799307265e-04
2.792597534291146443e-03
3.010607174074727936e-03
1.497784797503265734e-03
5.531095881550710663e-03
7.741776327899741773e-03
2.301587633361888447e-03
8.556745154261056118e-04
6.728890451385595580e-05
1.606756638949289701e-05
1.858065169079563554e-05
3.072409070353477695e-05
3.876014597198311094e-04
2.292242613169695031e-03
3.675067068681398853e-03
2.140157015228879960e-03
2.076835085574034207e-04
2.639198866009501458e-04
1.672772301100055150e-03
1.782010674745215534e-03
5.888400295029074319e-03
5.532911965379092370e-03
5.399947582136663086e-03
5.397910376480130612e-03
5.709746037362106383e-03
7.961387012842803534e-03
3.139587240458343339e-04
1.887912169219525436e-05
1.401110235809991333e-05
8.548431092955896898e-06
1.480464118337679194e-04
4.870089938863442040e-03
2.962299229586974267e-03
6.877095389960575286e-04
5.496432504172577265e-04
2.892323799169517918e-04
9.651630410074620763e-05
3.610807336930803898e-05
3.544571773623895572e-04
2.085981648137585041e-03
1.736828329160521912e-03
1.070502117676564325e-03
2.356163729085319555e-03
1.977229496196806786e-03
5.351852114921112517e-05
8.148473277677377690e-06
8.667054604066455308e-06
4.460155319829118522e-06
3.459470883011754128e-05
5.399793734502687575e-04
7.825306684175535425e-04
1.475501334483755086e-03
4.451653947498455423e-03
7.030655754138672754e-04
1.161245558410534568e-04
1.331932880749191271e-04
3.029413002461844862e-03
5.755173430124886809e-03
3.782050339557283675e-04
1.886856451392568900e-04
3.306956153062172530e-03
5.864619662375088541e-03
7.558211352816445827e-05
6.915297125439304470e-06
9.056958578318405768e-06
2.766144820905956658e-05
3.640619943208921118e-04
1.039476452860794336e-03
1.630401236187889414e-03
2.613734559734277527e-03
7.470448047341537567e-04
5.525635453364057545e-04
2.107650746520243600e-03
1.131330742641190349e-03
2.609973803984803453e-03
8.397359439598724900e-04
5.969101828164970777e-05
1.949428978368125242e-04
3.997419131389162023e-03
7.020609062625199001e-03
1.361321145139756305e-04
7.223028236440662605e-06
4.084833306649465133e-05
8.107409004610981618e-04
3.651891886012362948e-02
2.064545094857109936e-02
1.328837698608794325e-03
5.173687382701006900e-04
1.556231621578703264e-04
6.597609800590449993e-04
2.885757033909521971e-03
2.149660348373680450e-04
1.843767644723726237e-04
1.874711328316114409e-04
1.547633715996326383e-04
2.245934872032978157e-03
7.585719733728651937e-03
6.366411194324099986e-03
8.623584508880262692e-04
4.394694433583858691e-05
1.041195095621203875e-04
2.077087658979685954e-03
5.976485944686801832e-02
3.721007379687381322e-02
4.652220582651157670e-03
5.696524674864128675e-03
3.633715056158517975e-03
2.501466626640167640e-03
4.616570628929142126e-04
6.946348600570280006e-05
4.890513597420856253e-04
1.664229167874851966e-03
1.665907862434999392e-03
3.377447000214481212e-03
3.209773266341271487e-03
7.992492126989844334e-03
5.095994175967339182e-03
1.793453392066942254e-04
2.771770707540418730e-05
9.761142570385842503e-04
5.018322725891786323e-02
2.559563173648131060e-02
5.942112576660545098e-03
3.577339794850044417e-03
4.937192655931969517e-04
9.416926155930786238e-05
2.904571768903978991e-05
1.585025008605439112e-04
2.599454547069978902e-03
1.938851539968556963e-03
1.530875917964082469e-03
4.538455385408979954e-04
2.732224250015506564e-04
2.605317401033947593e-03
1.782417322658535206e-03
6.299073288334939072e-05
4.838017563871894596e-06
6.014335389774885077e-05
3.522821379152140872e-03
4.062751831432217207e-03
8.065225414996347918e-04
6.916087703544087587e-05
4.413209659645614379e-06
1.744009499344266370e-06
3.473032950951102722e-06
2.406209265544854091e-04
2.991286364662041567e-03
2.107442177629879399e-04
9.291398788321850264e-05
6.467614917322822901e-05
2.144926955862765583e-04
3.701411207261560716e-03
2.220522704021182445e-03
1.126141031996576441e-04
6.638507969834889515e-06
3.081008533752854566e-05
1.070850403084433163e-03
6.175884488815363595e-03
2.679677262779082449e-03
5.245393465621094140e-05
3.277978774346474673e-06
2.806031916822924328e-06
3.430543177379706073e-06
2.092092072903147643e-04
3.226048377035412029e-03
1.701625521750407322e-04
8.923076088842476074e-05
3.044218468721623266e-04
3.238172134213155879e-03
3.655234057924344835e-03
3.109409827842324683e-04
6.207645906902418856e-05
2.063270529090515822e-05
1.566663200461981961e-04
1.689032292546112585e-03
4.163387901590817793e-03
4.033719793213604021e-03
1.225064070197828770e-04
4.146401852055512678e-05
1.710040508110995680e-04
3.506500879481800687e-05
4.248717086636539142e-04
9.673445175654217867e-03
1.534330116173097600e-03
1.893161760872777303e-03
4.629662525084054028e-03
1.253109573947680348e-02
4.813805474547370902e-04
6.478581642586822105e-06
8.141698805088172020e-06
2.285043358612190781e-05
1.604376794557737444e-04
1.008470656986190520e-03
1.292745905529181678e-03
1.603676459180530247e-03
2.622451065940931245e-04
7.345409679917900203e-04
5.628394780876903175e-03
2.446281794814905860e-04
2.613205535005937185e-04
2.272309249342986063e-03
8.620831152995705971e-04
1.989072009670591300e-03
4.742264527049306483e-03
7.349545407708466677e-03
1.514763686389773061e-04
2.447770583724642409e-06
6.580561085396138162e-06
1.614045531656559015e-05
8.132313206777227999e-05
1.815802153424615501e-03
2.866935119185251221e-03
8.250630070252601596e-04
7.772931065195008747e-04
2.654890638530477652e-03
3.718618311815801835e-03
8.521326858396594981e-04
2.067036931059070893e-04
7.362696880174783923e-05
1.323779774305549608e-04
1.652864348947745681e-03
5.985941389844474242e-03
9.564212565303070734e-03
2.749775634946472988e-04
6.730107385575447239e-06
1.301052885011534263e-05
1.060985053963209674e-05
3.442251717980525822e-05
1.888904845192268664e-03
3.357915586074691327e-03
2.846025830800831958e-04
1.480345086923068451e-03
4.754566914931016366e-03
7.924228297694528925e-04
4.626352677301006321e-03
4.031227582050558866e-03
1.362164711693109357e-04
5.924190198052989558e-04
1.064015232732168359e-02
9.758133117828976175e-03
3.184761020943198059e-03
1.238356785714505312e-04
1.010156205916767493e-05
1.899969664369031085e-05
1.286719184876239349e-05
8.641659298037494743e-05
5.630293806805799009e-03
9.668339918305833905e-03
9.677193057893333306e-04
2.296583877485926413e-03
4.265717308932544943e-03
4.324802562391109363e-04
2.427906937061968026e-03
5.193726647676014455e-03
6.001586548537191524e-04
2.501033156589461612e-03
1.029819306029132638e-02
4.325261937413463209e-03
4.076929530698346132e-04
2.243105644365489784e-05
8.894838677014139903e-06
2.261758455260616299e-05
1.079992981172608889e-05
1.582356524447611735e-04
4.132139223680098700e-03
4.822725815186141608e-03
4.949751197601402752e-03
2.700587076304490457e-03
9.636764881684324428e-04
9.528326707700390417e-04
1.016471218839901840e-03
6.454135926630081427e-04
1.763808754102228751e-03
9.063542295358375731e-03
9.964849641492613819e-03
9.472920301467533354e-04
2.962998791605461315e-05
6.117875000638079509e-06
9.567248040649782109e-06
2.583812477992970780e-05
8.010420441145280898e-06
2.205056021882341368e-04
2.216535763259687604e-03
3.198328252198246943e-04
4.528488868963037920e-04
7.578787440438766645e-04
2.970149674302963129e-04
1.580870068773432540e-03
1.748345856944193014e-03
1.341437118371514425e-03
6.916232291198856283e-03
2.871569897338083210e-03
2.078927899933225541e-03
2.416837907827014702e-04
7.160865723767134640e-06
4.678253805530069610e-06
1.196250430207470742e-05
2.658904189371969691e-05
2.612533872061676221e-05
5.654233518228814941e-04
3.110834537372678295e-03
5.247707190350255632e-04
3.708840456555308781e-04
1.971979793526779448e-03
6.888845782103342804e-04
9.754414545843340025e-04
5.627586957158235877e-03
3.444546151108750232e-03
4.710930570060758147e-04
2.397430911798064063e-05
4.516201791488019021e-05
5.764456623667344734e-05
1.052328556366260671e-05
9.190591098350372893e-06
1.540312801903862222e-05
2.683797413908242885e-05
3.336528794167772298e-04
2.245956801051902669e-03
5.119816453561849660e-03
8.790410380767332832e-03
4.194761194528097599e-03
7.436864596575450126e-03
2.550572808693242228e-03
7.431005002379704148e-04
2.993187453295571235e-03
4.659474666143112388e-04
1.095806809865101201e-05
2.624379892792197018e-06
1.135240605044636991e-05
3.143473912876648305e-05
2.351106390675010974e-05
2.305007566196411861e-05
2.662077897984645042e-05
3.897977353900130670e-05
