7.316705204440429437e-05
8.223623458141956230e-04
2.254244182808151241e-04
8.068595314272603865e-06
3.362627692557872285e-06
6.400385770318084167e-06
5.813077869896203590e-06
4.966534071631554795e-06
6.448466368828930310e-06
7.501970979454801840e-06
6.815235658474475622e-06
5.662280481760014508e-06
5.095098344119474485e-06
5.410261098997387880e-06
6.444456636203446849e-06
7.032061533307499311e-06
7.230816570894451596e-06
1.034636666544996110e-05
4.031668629355942196e-06
1.360231920071506390e-04
6.822759560696231920e-04
2.452310447021098088e-05
1.034306613003927763e-05
6.099667771269964286e-05
1.506372576867577873e-05
2.265885913652350703e-06
2.398419943351288503e-06
3.091643160041860835e-06
2.816779219900310446e-06
3.459225966671379296e-06
4.390285440506782184e-06
3.238249946019741683e-06
2.933521598647124860e-06
3.825603321054388761e-06
4.563873114409824322e-06
7.123783357261545950e-06
7.062670545821228020e-07
4.461147885466418338e-05
1.364296835969289537e-03
4.269832323082191984e-05
3.142517682303600879e-05
8.006481280828970943e-04
5.971011198474429518e-05
2.965946847347972203e-06
3.072236264944448764e-06
2.139884888362601535e-06
1.850227458535219323e-06
1.331404335702216216e-05
7.721277285108031174e-05
1.725465487684627437e-05
2.991090523732742020e-06
3.016147025768919172e-06
4.283138005335341429e-06
6.979400135699780295e-06
3.570777169133491390e-06
2.205370360753122316e-04
4.350074819146826539e-03
3.038395253221455139e-04
1.507612891306728427e-04
9.740207582373691881e-04
7.436665599484800035e-05
3.745614002410677264e-05
6.197560456291760630e-05
7.814444016338135225e-06
4.193955602216252259e-06
6.208176508974811120e-05
7.337023539806582922e-04
8.133888495070451248e-05
4.217855524500659907e-06
2.938330925600800199e-06
4.342605941817855196e-06
7.198237608423428395e-06
5.472583603553768969e-05
7.894279151520939598e-04
2.074277939489310805e-03
1.682701112785385186e-03
1.024024194313183063e-03
8.911007714255485788e-04
1.994598930614468178e-04
9.569601256962919971e-04
7.544014507319959191e-04
6.179560910548030108e-05
7.798113517678515469e-05
8.185839827199417509e-05
5.311705720973596505e-05
1.374082473342885071e-05
3.521254009595970257e-06
3.398057181414590143e-06
4.485803927436190473e-06
7.172929223429699168e-06
9.410281076739236542e-05
7.709816891411493209e-04
8.254855813500580879e-04
1.619310861982760016e-03
1.920543430650659264e-03
2.516011146346938763e-03
1.706538501982288051e-03
2.550551597851505141e-03
5.933978614629325209e-04
1.420668509630651684e-04
5.435603409870234546e-04
6.534828776812287359e-05
2.118889966562839390e-06
1.256233132976357990e-06
2.648163507166933445e-06
4.200027158130210209e-06
4.677579791234316389e-06
7.063846292530496552e-06
1.054460883834607638e-05
1.013391380329105274e-04
4.273200750421967081e-04
1.335876398368004980e-03
2.559166165864724170e-03
2.599611136925953584e-03
1.397749848092964993e-03
6.796562575808270555e-04
3.863478695722317590e-04
8.383554527897213449e-05
1.668721576202693052e-04
1.684043329355462747e-04
5.335111798183495061e-06
9.428498134511992694e-07
2.361257371767166424e-06
4.613249582336289668e-06
4.799233119947296350e-06
7.004444977057738220e-06
2.328565152838864415e-06
4.024484632550553623e-05
1.327762737588810468e-03
4.524569226646729149e-03
2.019143237735013686e-03
1.023397221163608044e-04
1.345781500843462653e-05
1.367664617607653309e-05
5.187004452706446599e-05
2.315632769644917246e-05
9.855462267020271725e-05
2.762436210366490345e-03
1.097812079900643107e-04
1.663766716105245988e-06
1.814986579261003998e-06
4.291882889402386832e-06
4.954383120349364794e-06
7.205974919546826142e-06
2.334633936046505840e-06
7.316420720600237595e-05
3.992116279212152077e-03
7.841424414281802924e-03
3.408298032632730862e-03
5.562200504617375555e-05
1.498098049126971845e-06
1.175748110204225205e-06
1.510097563787870812e-05
5.927244636176203673e-05
1.195000865880444104e-04
8.856291613707958227e-04
8.592327856342368137e-05
1.928020177542213989e-06
1.356644871064426058e-06
3.177577252514371279e-06
4.604070343518039620e-06
7.461313105283604876e-06
1.044361005462979747e-06
5.370583367957506242e-05
8.025160265921336966e-03
1.538316696795977330e-02
1.264167394642838615e-02
1.270628745311861481e-03
4.713482412424296251e-05
5.648568933365583096e-06
3.491015610302777806e-05
6.123250105692161190e-04
2.010519851420247293e-04
7.631599374933765111e-05
5.729752705114470865e-05
1.002029880862785082e-05
2.051368999496275175e-06
1.781787901977836941e-06
2.907821689303848228e-06
6.164395970342859669e-06
2.335044436015840179e-07
2.193481265839567577e-05
1.220469193668330225e-02
1.800880805220504352e-02
8.722466373079924493e-03
2.983771490695398022e-03
6.716285805582919389e-04
1.172159634054617658e-04
2.060625882504897621e-04
1.398518431094827007e-03
6.700867319954522837e-04
3.534216135432019512e-04
5.654281529660812973e-04
1.666572325355519715e-04
8.260717922537908229e-06
2.740077292792963055e-06
2.883672176125136722e-06
4.051497127288997837e-06
1.514618248153874325e-06
4.436923654684450918e-04
5.893748860088203478e-02
1.644746258619663240e-02
1.305948092490707632e-02
4.675577884707331038e-03
1.373295292710204670e-03
9.825345930801138508e-04
7.341798407967289582e-04
6.064807007303038133e-04
5.618556813613680362e-04
1.326220553249970492e-03
1.974329265219213272e-03
5.299168414802206406e-04
6.145773761703122063e-05
8.712591751487854365e-05
2.724279752982828822e-05
4.038818125805456949e-06
1.301604861599161749e-05
3.713179223770913303e-03
1.489476211950387652e-01
4.444229816815119249e-02
5.076958742148769688e-02
1.997795361714675699e-02
4.805720874928930825e-03
1.222207869359741642e-03
2.260678970951472341e-04
4.059335813806357225e-04
8.857278362571174802e-04
1.447223097681814112e-03
2.652353766068061506e-03
1.099406956710799379e-03
6.496018356676237261e-04
2.509086227630213939e-03
1.454314880237187510e-04
4.127893147927086588e-06
2.312082962522087314e-05
3.809029918977722712e-03
7.400143844982493002e-02
2.201271146143535598e-02
2.005683314815466869e-02
1.059707438470766303e-02
2.647737747375265675e-03
5.572029558915039945e-04
1.886149807280851755e-04
1.590626339122577608e-03
2.080948504856302596e-03
8.013111811427209123e-04
1.476833096865528931e-03
8.546907176757806380e-04
5.692949710577754506e-04
2.647453249031000706e-04
9.953945887149819602e-06
2.080888094315814185e-06
2.771618187270299770e-05
1.410546166891591194e-03
9.306818802289626782e-03
6.685792203288994442e-03
1.388872486426657483e-02
4.049102720921068238e-03
6.949209847450846505e-04
3.683894432970634988e-04
7.748214096942974765e-05
6.509103136612455910e-05
9.847066975232423593e-05
4.349848946429205857e-04
1.497190148634767060e-03
5.246444538909835007e-04
2.352688639856447038e-04
1.834167869915977582e-05
1.133300608142626053e-06
1.992514134719105356e-06
1.828533418317247633e-05
6.551703300996196801e-04
7.664858390524247576e-03
1.248141732158601983e-02
1.534795982142423375e-02
2.321649728909511157e-03
5.283343974269871400e-04
4.255332283493774045e-04
2.224105908906660612e-05
2.593486841360229818e-06
4.340404726681550211e-05
1.739934784956558142e-03
2.376679482269630078e-03
7.499607549098912538e-04
6.480634805197651917e-04
4.912405158484436652e-05
2.980613570804261370e-06
4.355494211745490977e-06
1.371828243610263566e-05
4.438248160078860430e-04
6.880317599159184450e-03
6.691654496221118020e-03
2.478713994581240726e-03
9.300771699321330006e-04
5.752652401931345220e-04
4.612996246497718246e-04
8.819162566334366737e-05
3.682718261089155530e-05
1.137594946648042091e-03
3.161217506250623040e-03
1.053118462188419721e-03
3.952683290488899124e-04
1.077216577195319082e-04
1.535572300551284511e-05
4.011334543337327989e-06
6.434141869622956408e-06
2.204760051356278658e-05
5.738196010481620224e-04
2.858623815713379895e-03
2.316514982262520006e-03
3.365987484817064505e-03
4.147266499238131017e-03
2.401604278965848143e-03
2.148408334716189316e-03
2.497790165125335447e-03
1.704872742860151719e-03
6.451041815119611805e-03
6.922010090352331011e-04
6.187460186963069687e-04
8.265805379926061298e-04
2.548664275284798854e-05
2.641305907553600360e-06
2.778099920775917599e-06
6.882669075115696152e-06
3.202099927139494788e-05
5.677494288976777780e-04
2.860257269565554070e-03
3.148221227781277873e-03
5.685802021804211431e-03
1.173619119414319630e-02
7.338652059495458235e-03
4.949330002577180705e-03
4.903720885302409807e-03
3.503139470833296128e-03
4.249486767369498041e-03
8.757697814014848417e-05
3.641585422347226771e-05
8.883246979268160997e-05
7.572835776813143070e-06
1.768394519930949563e-06
2.675422199383880831e-06
6.492456353065413445e-06
5.532443560741075270e-06
1.684776261852252743e-04
6.246752798569410632e-03
8.429805454480210694e-03
8.205037223074978722e-03
6.605955722468497514e-03
4.283438040159842988e-03
6.934367052070461099e-03
4.403959932752858283e-03
5.280801840559597518e-03
3.906774394853303710e-03
3.580558418395885038e-05
3.133407983544790615e-06
3.949503740780337212e-06
2.028977712910596006e-06
2.556109059976660234e-06
3.567191594862111107e-06
4.961454487912690308e-06
1.549463911980536356e-06
1.565330445498842220e-04
8.196073907437803618e-03
4.469841255271824083e-03
1.379469037312201427e-02
7.964107928418439133e-03
4.832983132673321011e-03
7.173226621218293381e-03
1.235073284715563352e-03
8.306795152618441170e-04
2.049797344067925313e-04
8.625840520556864963e-06
1.319024896034797054e-05
4.285081706823941328e-05
2.638321645235673814e-05
5.443105916523242719e-05
2.179969428073271680e-05
4.986197629130761965e-06
1.472762446860054219e-06
7.214012399096453320e-05
4.535797966921621162e-03
2.346886240060349488e-03
2.679375384646113904e-03
4.697101832585760285e-03
3.072843363961346320e-03
2.044483503077981280e-04
1.162005328209386276e-05
1.112369565274876253e-05
4.154778266106227409e-06
2.408809594008150566e-06
7.741887731211617978e-05
6.678268085438054209e-04
3.233946044591700687e-04
6.490145808830389933e-04
9.789906333127009776e-05
5.977674478407988159e-06
1.144858004918434604e-06
6.110152519981745692e-06
8.595700692652841939e-04
2.405437784322213366e-03
1.411604709121518943e-04
7.386229658012674149e-05
5.344676802077247041e-05
2.992131945540113796e-06
7.251501423942349059e-07
1.853244636132559199e-06
1.878855341329196620e-06
2.212912147894727401e-06
2.079633751482404423e-05
5.635764182527989714e-05
2.772219487302964597e-05
5.421563626342371778e-05
2.092924922676634282e-05
4.798935223868980728e-06
3.893926842885128109e-06
1.671697833865534534e-05
5.385427221940230439e-04
2.958563100643103760e-04
4.627392966441787026e-06
1.350885125740070890e-06
2.257236898964247463e-06
1.438586564244178896e-06
1.615681456712975491e-06
3.316831291395280902e-06
3.672627702241209685e-06
3.121426137878218724e-06
4.003892549391533228e-06
3.425417085150365174e-06
2.231512321896475376e-06
3.391848864445004942e-06
3.886977345135071784e-06
4.890367906588830256e-06
1.094007943987549170e-05
3.411604783822894631e-05
8.905995629948509093e-05
1.113833737002292534e-05
1.122489984554265045e-06
1.484983109420201189e-06
3.979372615581247396e-06
5.674435362892370801e-06
6.783212628875113129e-06
7.772075845542805850e-06
7.570529351229309649e-06
6.673133433442081899e-06
5.885748032795485057e-06
4.959200165782830768e-06
4.383369010367890401e-06
4.882941041577277927e-06
5.933076870898650448e-06
9.705636155782990324e-06
