4.670885330614755733e-06
1.134287307169201035e-05
3.773762635058752009e-05
1.265602560183477177e-05
3.672938875837380274e-06
4.979683922832556161e-06
8.947990420837751270e-06
1.087739682553396624e-05
1.108834381232661707e-05
1.103512545975867105e-05
1.085768996190811222e-05
1.061392364627620786e-05
1.044909194149974513e-05
1.042780042317528402e-05
1.041930372043954008e-05
1.017039314118103007e-05
1.051684895927334948e-05
1.499034995967746366e-05
1.405406812531713436e-05
2.828707891137390408e-04
1.558614740316783187e-03
1.457287079229084700e-04
5.378810974858917945e-06
1.609336008513649416e-06
2.425768031773742892e-06
4.107015966840427278e-06
5.087272380596203360e-06
5.992836200938109801e-06
6.899120147276595291e-06
7.303852127131465600e-06
7.284086238757110776e-06
7.146598859394494260e-06
7.026930848158176306e-06
6.758383105185142317e-06
6.943481962158038658e-06
1.055459453123319695e-05
6.120347925431416172e-05
1.356712224442738202e-03
3.031394042912715237e-03
1.809310642331011685e-03
1.393375855075772206e-04
5.554544236192416121e-06
3.395905301564608049e-06
4.044207773878911346e-06
2.403965290752653426e-06
2.553185810882697642e-06
3.894134358918154098e-06
5.458960712745694298e-06
6.718148823531661267e-06
6.847921382259436837e-06
6.568818443073405348e-06
6.402579785160510364e-06
6.775612030104785380e-06
1.041642320408622268e-05
1.195534195604565527e-04
1.733143732482749508e-03
1.585242967000154374e-03
4.449056028334928865e-03
1.562741536820933278e-03
9.940586044615505579e-05
1.474628262248437556e-04
7.160652492143209150e-05
6.419176230470714686e-06
3.585012993741540496e-06
2.618096474812109877e-06
2.396340272720948927e-06
3.911559487245668413e-06
4.693257910079613919e-06
4.710558676614056400e-06
4.985235116888396156e-06
6.127960806005002518e-06
1.065788162858696494e-05
9.559040307094509475e-05
3.038219108818202268e-03
1.049600892950060434e-02
1.005613763682094812e-02
1.277014572859601696e-03
4.525904631418514235e-04
2.783836536607746989e-03
1.535513436060677653e-03
2.099850045854366476e-04
1.674848627414630118e-04
1.758150518187481413e-05
2.762840527597357481e-06
3.134403021167200766e-06
4.362311410478219797e-06
6.093496814323757023e-06
4.976825819297749972e-06
4.698311432524391687e-06
9.539050700420452928e-06
9.458861781385344443e-06
2.021023205859244899e-04
5.687475817359748456e-03
8.158033313264098987e-03
2.997322940644851687e-03
3.102182794464827895e-03
4.029069143219441221e-03
3.791168626122388020e-03
1.865992229441913513e-03
2.320071346293099603e-03
4.412990811461546601e-04
6.180687790802384923e-05
2.103688543173039345e-05
3.274069615645273045e-05
1.131692450935666309e-04
2.697907668222679866e-05
5.058699660012840582e-06
7.947152987852297831e-06
4.070097558065317291e-06
8.879727762913568819e-05
4.714184113310105825e-03
4.223256456907181246e-03
4.232385176360963994e-03
9.512194922422190571e-03
4.386018592220803855e-03
5.373415045745544814e-03
2.705700164220528354e-03
2.224646519353094213e-03
3.766251280565972772e-03
1.055619445901185161e-03
6.854383938413616967e-05
1.297583180935382447e-04
1.230594019751170970e-03
1.242664939312489484e-04
6.378001072803519423e-06
7.288555418158305204e-06
3.894673774799331551e-06
3.705063573399302218e-05
1.356896512172559802e-03
1.466205448868850665e-03
9.986461285792641585e-04
2.674269275574268218e-03
1.310522174663725919e-03
8.922318559775460622e-04
4.327320720517544017e-03
8.739494436150243087e-03
6.116860056079854308e-03
8.151886547544535651e-04
2.313252598657452132e-05
1.834858897963369490e-05
1.073029645317481420e-04
2.951418395534125409e-05
5.135332363356043062e-06
7.876178889891937600e-06
6.814440092919324339e-06
5.840076775944791229e-05
1.249143473878790460e-03
1.288937584326478461e-03
9.611326583169739176e-04
2.671983376475884926e-03
1.312377503101618079e-03
5.265982872558863702e-04
5.441536317668572292e-03
8.593565149323488528e-03
2.684608436790796027e-03
1.001888882033279138e-03
3.319999075990961833e-05
3.365422522799650519e-06
4.876281163349837071e-06
5.277243111942931749e-06
4.814779519177869270e-06
9.447255286371960078e-06
4.281505869133445394e-06
4.975369970826062736e-05
2.701640617671413527e-03
6.975696069609611458e-03
5.363975143635594731e-03
3.270682102699424068e-03
1.415144703767772915e-03
1.711315445019025898e-03
6.235475823970461177e-03
9.174056504474129015e-03
8.288699629214701242e-03
3.618957993483086066e-03
5.464472465691827362e-05
1.915859445835573759e-06
2.178218549452681945e-06
4.630287772680181496e-06
6.375629065698537350e-06
1.068412780424491065e-05
9.875268792949206300e-07
1.327348844037546477e-05
1.474905951404981586e-03
5.989197549703509198e-03
8.910675158630910336e-03
4.746461310329874207e-03
1.460569615098862789e-03
8.058932992621837361e-04
1.242675925166067613e-03
6.306643510979836366e-03
1.049535319097915850e-02
6.998580534818975470e-03
2.426376953304704490e-04
5.162849827541558508e-06
2.846075883994340050e-06
5.538343810784116482e-06
7.310556781002552713e-06
1.081450164070532390e-05
3.035698025455747283e-06
4.088356816053671165e-04
4.681164221970072342e-02
1.754629979135150647e-02
8.646668695458470041e-03
3.864804102160284902e-03
1.856854903197504864e-03
7.905989396640246457e-04
1.299129488252916608e-03
5.173444370391833656e-03
2.647518526945889447e-03
8.066107088470117828e-03
3.253278444849872723e-03
3.747613751682499943e-05
4.101571274450922670e-06
5.112988900589171528e-06
7.071703029499918280e-06
1.064083673598571659e-05
5.762482130525288824e-06
1.531701900414080865e-03
1.828007338853467612e-01
6.026745539288375780e-02
3.175009768232159996e-02
9.823695572551766758e-03
4.257678531436146808e-03
1.566297004853368056e-03
1.649480679463564232e-03
5.017459876611253360e-03
2.871310178889397401e-03
1.291818060098881733e-02
8.842166290450811234e-03
7.824050308875650896e-05
4.432444137842385730e-06
4.662721113101617788e-06
6.852039754586964821e-06
1.060334647898816136e-05
2.244883065905214975e-06
3.650611647367839135e-04
4.637133840663291984e-02
1.341702450692883013e-02
3.277351657273625245e-03
1.700981870388809268e-03
3.200731856461086575e-03
1.317001751816269982e-03
8.288827905994094764e-04
3.500561525465697120e-03
4.171605295895381219e-03
1.142230974305763654e-02
3.237322716983920528e-03
3.970482544300528021e-05
4.232353929877131815e-06
5.063406778559212324e-06
7.030535355819559745e-06
1.063065893562773308e-05
1.884714195076496886e-06
8.061820372742062779e-05
4.671688752510770072e-03
6.469088079418354280e-03
3.233468105095257342e-03
1.033932407611401873e-03
1.460609661166934001e-03
6.069553224116319571e-04
9.380784330698426409e-04
6.546088517170721433e-03
5.014030349489371520e-03
2.307218078357798317e-03
1.511128840659624849e-04
5.120697510176828737e-06
2.657988287388064518e-06
5.223820265030954815e-06
7.187767018912397239e-06
1.064468100556124185e-05
1.542046523604196677e-05
1.515329972041716804e-04
6.960418282610542507e-04
1.239456605554845742e-03
2.271523653288628174e-03
1.792515912979848790e-03
8.489848611688112848e-04
2.705933726009649093e-04
4.137146095342057457e-04
2.109717621692256372e-03
5.516345369854098492e-03
4.529810155574013307e-03
2.824998488230202475e-04
9.255323957152446988e-06
3.369451074893722109e-06
5.202899564974765823e-06
7.018238884766675791e-06
1.061251967377092718e-05
1.038333620422041115e-04
1.225324500383109588e-03
4.514685986598855616e-03
3.775696366165748157e-03
1.999090090801116434e-03
2.951671968049466438e-03
1.413611127745191759e-03
1.069311113098223801e-03
1.783179385951167480e-03
3.038270123281153114e-03
6.900067920581770715e-03
5.642364016157251291e-03
1.272026086440272577e-03
7.129645814715789617e-05
7.999207073970455954e-06
5.588449518871518965e-06
6.779530586432062024e-06
1.055142586165721202e-05
1.766629905224609791e-05
1.180538089630214917e-04
1.474969852925047016e-03
2.014344478399736436e-03
5.874127174427784103e-04
2.723074678857948395e-03
4.936868337829987581e-03
1.859804852697469549e-03
3.031182746427760633e-03
7.851568707765006067e-03
3.002517603151350165e-03
1.881864127188344945e-04
5.595409033898003707e-05
2.490299598869853844e-05
7.893802330049582244e-06
5.909497641932538530e-06
6.786673201588717810e-06
1.051919129589655334e-05
4.299467838777747020e-06
4.969611845521082293e-05
3.578457281935823811e-03
8.935289505108698696e-03
1.256389219018269783e-03
1.244381078136195563e-03
1.126646703613772092e-03
3.594785055985291787e-04
2.404019596922764550e-03
6.137611092259617762e-03
2.093971616300873534e-04
4.497166143376158451e-06
2.112525092164661155e-06
3.956995878973392534e-06
5.232000799826320541e-06
6.203724022465564564e-06
7.010346551710934678e-06
1.053773501263010472e-05
9.566854856269964196e-06
2.297379771348755486e-04
6.625675919221404864e-03
9.753198629971383468e-03
8.980591003973310837e-03
2.757818968620209202e-03
1.746121368987791657e-04
2.035926593022383175e-04
4.249615173603743350e-03
5.604454643719821837e-04
4.136125455651422332e-06
1.067578094736099480e-06
2.771963312537040697e-06
4.102565503631941022e-06
4.461383314546749181e-06
5.914406024517160528e-06
7.071860756910277033e-06
1.059191451963146647e-05
1.783243043373761101e-05
1.286021776092095142e-03
1.092534005724090859e-02
1.441726827715096061e-03
1.190045290548118802e-03
3.207265231577927675e-04
1.236065221266866216e-05
2.323074310420654206e-05
1.637077892634324929e-04
9.533062215802061521e-06
7.677881941098532200e-07
8.794835155589564364e-06
1.025163108935023813e-04
2.817661077927659772e-05
5.259511316627220453e-06
5.048380757802656248e-06
6.848323844742946815e-06
1.066257632264722091e-05
1.763726385617227365e-05
9.251754880108713826e-04
7.083993791204592529e-03
1.083232179928890959e-03
1.396223602801407895e-04
1.214280865639798613e-05
1.622837310973082224e-06
2.594379172000348060e-06
5.278373294704587463e-06
1.809794979091636806e-06
2.279708188200377517e-06
9.519177838377243961e-05
1.285471273762233422e-03
1.110905476048882826e-04
6.364524237519928670e-06
4.620741216092164047e-06
6.656783373528679090e-06
1.064994377288479310e-05
8.679210332091502058e-05
7.361959243018644655e-04
3.622136597217976003e-04
6.247110075652751642e-05
1.639322642146490762e-05
4.228947228810753761e-06
2.574777766832192004e-06
3.529442378864039915e-06
4.154114995547255321e-06
3.293440101366316529e-06
4.446429405518913716e-06
2.896133930162834107e-05
1.108893849908132787e-04
2.427968532942193788e-05
4.896161041339141240e-06
4.827934103152371607e-06
6.571613475309291295e-06
1.035444669068092903e-05
4.046805044390722271e-05
2.540802582228600935e-04
1.257627986905675060e-04
1.166981806916223462e-05
3.552114237647127798e-06
3.943428858617466354e-06
5.802119978666615932e-06
6.960888075519014960e-06
6.955697803911756355e-06
6.145891993400851528e-06
5.027441665669803350e-06
5.492398152239885019e-06
6.565895508246402211e-06
5.173166578375099615e-06
4.782967408777518781e-06
5.966067381135752788e-06
7.005242941693629445e-06
1.062867041929464458e-05
8.168483197666637531e-06
1.406426039468383269e-04
1.288941433310091412e-03
1.314152819521712066e-04
9.027455729847297424e-06
7.051370668764537713e-06
1.041169197743413636e-05
1.126551972420845475e-05
1.104835554539913204e-05
1.081093405210618360e-05
9.650402915500114990e-06
8.141045280530324359e-06
7.576111399132635760e-06
8.202341368526281414e-06
9.622671627826488049e-06
1.039298537710349563e-05
1.076201933831684463e-05
1.503189956877249335e-05
