8.949070858699343818e-06
3.313693911793024697e-04
1.008066110816954741e-02
5.934984711074899402e-03
1.822037338386059717e-03
1.142252841415996841e-03
9.333062197011736611e-04
7.344809909151256986e-04
7.146080212660497252e-04
1.358616199418777326e-04
8.101602631995172637e-06
5.444212241344330057e-06
8.771220493774805273e-06
8.802036458670819255e-06
1.080079473450561488e-05
1.179244457103559736e-05
1.150289728463087640e-05
1.806470245054943069e-05
6.707252483666476688e-05
2.160204901565209844e-03
3.633536485545278607e-03
2.419055107791602283e-03
3.963463891431542700e-03
3.162227035324968630e-04
2.934664463854878033e-04
2.739725743350427366e-03
3.419733788831868636e-03
1.133874843922639012e-03
1.163898744131001544e-04
5.869922961118985850e-05
2.325806018755463360e-05
5.128538320098366986e-06
4.923382928390317929e-06
6.761625330179798802e-06
6.914122817152650243e-06
1.131700080464061544e-05
2.715749057717520415e-05
1.394708618560382152e-04
1.447040905522540383e-04
5.909012447166173175e-04
1.682255189053892238e-03
1.540762842922093010e-04
1.561343310534149260e-04
4.349217249714482764e-04
1.031799859368290415e-03
5.693355129460612139e-03
4.330342221487456893e-03
1.937760704614677979e-03
1.717971208118534228e-04
7.074327782153334516e-06
3.238861380525639539e-06
5.414121732281448746e-06
7.152837930463142892e-06
1.195556695432606842e-05
2.501456691577585054e-05
4.365222838583311470e-05
1.348762446840207095e-05
8.607594630213560145e-05
1.418158194945884180e-03
1.025440425915584344e-03
6.502149431483168025e-04
4.892455669952057597e-05
2.726817504083972322e-05
6.783294006809781731e-04
5.923382523521809710e-03
9.672735258292632088e-03
1.079294727888272616e-03
1.469908394332746918e-05
1.440013991394011153e-06
2.096146903102970541e-06
5.307211835535873310e-06
1.298995088564214644e-05
7.199602088279758653e-05
8.614509912593421199e-04
3.289623870526002828e-04
4.227029690004355071e-04
3.041732878531963006e-03
6.748001434320468695e-04
2.895004451009168880e-04
5.717393637999417595e-05
9.947126824409038902e-05
9.708670502530564227e-04
1.359956890195415918e-03
4.336685068128053391e-03
5.229262921499239040e-03
1.391537481704340406e-04
3.198576787187213270e-06
1.101010718983383276e-06
2.395866513801386953e-06
1.014328256821155349e-05
9.410366784322831717e-06
3.761406838838963584e-04
2.936111831538110433e-03
2.630364073345502901e-03
2.467522515058470905e-03
2.784024769687979219e-04
3.810486557571664918e-04
5.044324579240517300e-04
8.125232614627283124e-04
1.168843643725645627e-03
3.021828495163246509e-04
9.277169002061581848e-04
6.043782278630623062e-03
3.591001812130264863e-03
2.917712077798234258e-04
1.214338061753831480e-05
2.514581364636667424e-06
6.219796160035897027e-06
1.854228844439303464e-06
1.655398183398198804e-05
5.373822598593026812e-04
1.727471488988722732e-03
9.928709917720126860e-04
1.003599128786860338e-04
2.858309822120011241e-04
1.144111486146155623e-03
2.656983514719976950e-04
3.025303433409705822e-04
9.654464391246528852e-04
1.627460174699402792e-03
2.808542994764873148e-03
1.079835724239382351e-02
4.159361994826326660e-03
2.576457942053040923e-04
1.349627501238706213e-05
5.449859451725260617e-06
3.406861079148165860e-06
1.027297606710427341e-05
4.978488449052124792e-04
3.609063802106306316e-03
1.211460353220947857e-03
7.770215578860437036e-05
1.340175081159543152e-04
1.933453894675354976e-03
5.658995068588711964e-04
4.550662428102042988e-04
7.253991282201886423e-04
1.253345347362270080e-04
3.343171699361926585e-04
5.410946394800842871e-03
1.310019006855772401e-03
7.780062211944305337e-04
1.046195125285139964e-04
6.772488043752253235e-06
4.892690558921193671e-06
2.296735956935672357e-05
1.127739990485372538e-03
3.550490380424530315e-03
1.883974178938437050e-03
5.849358640817356025e-04
5.865544620046582534e-04
2.584899326663796584e-03
8.808838611105576991e-04
6.919084720510915512e-04
5.195628029153532331e-04
1.135228420516398701e-04
3.615066488103418690e-04
4.693193442373670698e-03
2.638112164302393921e-03
2.223622458504017924e-03
1.415843881036638085e-04
5.165106615416903544e-06
3.088456113253967256e-06
8.244690701820953885e-05
5.000357657001353040e-03
4.077340443950366530e-03
4.825019636797599730e-03
2.868070327638669141e-03
2.110802831643005060e-03
2.525290308159090173e-03
5.039541484420593511e-04
5.790580301484102689e-04
7.498698950033348036e-04
2.168060890219085813e-03
1.119371179044693432e-03
1.528125316471274937e-03
7.768105791015992266e-03
1.272258499335674441e-03
2.765295790482572071e-05
4.032414018356861285e-06
9.750376328152151215e-07
5.739466185324220820e-05
7.387015582071789453e-03
5.593434952126498730e-03
5.818874473666582441e-03
1.550189371134549736e-03
3.840679418930460689e-04
5.547812759103532259e-04
4.804102309566498719e-04
9.390715885374043394e-04
3.253923544663530026e-04
8.802586066076466828e-04
1.609450384568298818e-04
1.560888405252108205e-04
3.203057921909413432e-03
2.673996898562402535e-04
3.884170224491572434e-05
2.107782527682818712e-05
8.319123116508649317e-06
5.428407661711909986e-04
5.045676851991216794e-02
3.234309720600294508e-02
6.526507351452066202e-03
2.062095346155718573e-03
3.467999485374390349e-04
1.832510053697666136e-04
1.769205128165136259e-04
6.707759796255698733e-04
4.400196011483629576e-04
1.229461270737457895e-03
2.713570227230896427e-04
1.131579780586095533e-04
1.211289575374659535e-03
4.881752405330076630e-04
6.987451713101664299e-04
1.695806605900801543e-04
1.007413686813421320e-04
6.619594281754914017e-03
1.078695400931207055e-01
4.652253522472990510e-02
1.557964943139877011e-02
9.733729939162631337e-03
2.507100928142616102e-03
8.378082513116337201e-04
1.529883691273146312e-04
3.702522278712600066e-04
1.113373952775919976e-03
5.048729567091310606e-03
1.891429215064197814e-03
3.220531195734685731e-04
3.263966827394888370e-03
9.334091728298738247e-03
2.443847115916854100e-03
7.035063141796710857e-05
4.017561463676099949e-06
6.797056261907896083e-04
8.646455179202680585e-02
3.333542824418379152e-02
1.063479272221963708e-02
5.467996374308252069e-03
2.144395788360363431e-03
1.868713455736350062e-03
7.753612956317888164e-04
4.753893147830647384e-04
1.182267534683779838e-04
1.226850626925254418e-04
1.939941608411624235e-04
3.141347517205753657e-04
4.169380527980872872e-03
8.242540148543532966e-03
2.082005018170220644e-04
5.640956130941670846e-06
1.689707213226017146e-07
1.280349626309340994e-05
7.172834821676875305e-03
1.052331390491318026e-02
2.245639391306674358e-03
7.223031114644990749e-04
1.701183062771951908e-03
2.143005187199378304e-03
1.613997222636882065e-03
6.904691084070670474e-04
5.238675286679062091e-05
8.365493354950996271e-05
1.937703436285807595e-04
4.376265213857985633e-04
1.307469436809328197e-03
4.269753347893536942e-04
1.203917237647376970e-05
2.248742167843502438e-06
3.926120280998156612e-06
1.726276658078432517e-04
3.246102401470762292e-03
4.572619475626375947e-03
7.968231523021552382e-03
1.119439806639292972e-03
2.750635642256190911e-03
2.186412653209867264e-03
6.932522103424913588e-04
1.643846198805795850e-03
7.773884259450617243e-04
1.304702622299531599e-03
4.304416412559479129e-04
2.661581050938886784e-04
1.587073630960845463e-03
8.707116478006891001e-04
2.269746368140555072e-05
4.487359677204077092e-06
4.318967643357012303e-05
1.093023434346787745e-03
2.131924840074273051e-03
1.063836838482843565e-03
3.913293123396613220e-03
1.453737289330120060e-03
2.017843703106617700e-03
2.205401371355804677e-03
6.814024619967849099e-04
9.316513592598369689e-04
1.010598575595600618e-03
1.156988896608080819e-03
7.061081652709809246e-04
1.845112906721829878e-03
6.786142270638227322e-03
2.848982240089150287e-03
6.244792474000544313e-05
6.140770170085603410e-06
1.441210065198897828e-05
1.175260617639791030e-04
8.447548470954844386e-04
8.879364078373182560e-04
8.501012305493952466e-04
5.638111702023771484e-04
6.880312450553536944e-04
1.870663655440806070e-03
1.436337169105210507e-03
6.385562516360340345e-04
1.650820020284310147e-03
1.304399502007980247e-03
8.115739778262494450e-04
7.425605437176450475e-03
7.943485835545768120e-03
2.041689335928080669e-03
8.812226089017657601e-05
7.608666182116129943e-06
4.979283856056800131e-06
1.118715697831329442e-05
9.444358214275114932e-05
3.355912592858915238e-04
4.777973681702689227e-04
4.318271949098757530e-04
8.239335763312904178e-04
7.664553474666629517e-04
5.162395742030006195e-04
1.241143930381880369e-03
2.058006122238895900e-03
4.021550525811604148e-04
3.808494314428941051e-04
4.592376675640112878e-03
6.785883361476769890e-03
1.252642786013333405e-03
4.942098355856153864e-05
8.042910115228694721e-06
6.331676460895386279e-06
2.259904646959299662e-05
1.134943774677825299e-04
6.625061574851619174e-05
7.495157040524511277e-05
3.920543324327360399e-04
1.256951989450153613e-03
2.930559560342778044e-04
3.011408500844622751e-04
7.659433925221494901e-04
2.246924499017960712e-04
4.141019673805791776e-04
4.140046368722425513e-03
5.901230380940803572e-03
1.829961373792831497e-03
1.178412668409721417e-04
6.780907345994333267e-06
6.023241189540907200e-06
7.370519977350350544e-06
9.767527037974797158e-05
6.877203874234599128e-04
5.708976490341380989e-05
4.785087288538356635e-05
8.553243773727556287e-04
1.069871301653095748e-03
1.958073695116896830e-04
5.982741339264596421e-04
4.180618566798543958e-04
1.711351952787354500e-04
3.389974945464268100e-03
9.409133738789205240e-03
2.121717759280554623e-03
6.252805237224595821e-04
3.671295663289334031e-05
3.997034492187251232e-06
7.666341166629412625e-06
3.444109592167318491e-06
5.004563553016606994e-05
4.248278191808662241e-04
6.064212744310407041e-05
9.149499848024104888e-05
2.306536096278739411e-04
1.973328090289298617e-05
4.775488666115616212e-06
1.644434846733657701e-04
1.280881248154667812e-03
2.474804999503134924e-03
1.267641887555302771e-02
5.137108059083649904e-03
1.831442668767913192e-03
3.350737102457994787e-04
1.435500861038752635e-05
4.140830264634286124e-06
1.057509212463197001e-05
2.264588914174874302e-06
7.574178897880232662e-05
1.852883189103755272e-03
5.167542247105607256e-04
5.197877719044480911e-04
2.732606032569089407e-04
7.844729410040058093e-06
4.400327085404092238e-06
5.220530115708253227e-04
5.571782682034460976e-03
6.917347046344763002e-03
2.401987281465486727e-03
1.884747577150537579e-04
9.149844951566894747e-05
1.942080926396386916e-05
2.838024278323765591e-06
3.347088036015829258e-06
1.100711478898811549e-05
5.625183508766262263e-06
2.479432052940352244e-04
6.411394107592319550e-03
2.521502727444303697e-03
1.652188317971028161e-03
2.572405969206663975e-03
6.592236208176605310e-04
9.467118154580487794e-04
7.265099997152453179e-03
2.876207089583609176e-03
1.659814852840424057e-03
1.620491481660166395e-04
3.922544656349174429e-06
2.329875129162682221e-06
3.070123058551815754e-06
3.000654373327846961e-06
4.939749731337273685e-06
1.178413926332817041e-05
9.846054106610816609e-05
2.221731356237491555e-03
1.171420350189494863e-02
8.716902308270152791e-03
5.146234282903618465e-03
3.579886575921399552e-03
1.834026117045362437e-03
1.799583367502584135e-03
1.007118762280462699e-03
4.860492160660222867e-04
3.344691993180899723e-04
2.488567146101188995e-05
2.546211224191040156e-06
3.737249098471453027e-06
8.580066264490452234e-06
1.088655838731399598e-05
1.194825545256535235e-05
1.890537187519772885e-05
