1.133881344995290672e-05
1.975957810795938338e-04
2.240568619698150073e-03
2.232082831526722294e-03
9.801551696849979557e-04
1.604973311192743873e-03
2.524891045920264580e-03
3.005513358385781143e-04
1.263006386816938563e-04
5.760858256831854498e-05
5.123749743449031104e-06
6.481387596787627780e-06
1.677932703381491487e-05
1.304461204581696749e-05
1.248718769347266111e-05
1.336528630688521957e-05
1.325083637783158431e-05
2.095211708538048608e-05
6.470135006322114341e-05
1.395119719451797403e-03
7.781553224469219335e-03
1.183902630772490534e-02
3.133179156051501516e-04
7.165345732929509341e-05
1.355393904246775423e-03
4.353661458562804037e-03
7.940271517689325917e-03
4.339420819472666023e-03
9.056014640119734488e-05
4.152986167340768335e-05
4.350165597259957197e-05
8.990168075503197120e-06
5.970110060620710284e-06
7.483210449070500126e-06
7.825635272450267603e-06
1.324550580871306914e-05
2.010436825883738237e-04
2.072537335043104969e-03
1.568453009098337786e-03
1.548409399402169481e-03
2.077593889433563775e-04
2.289077722743079887e-04
1.522471365356547601e-03
2.387304819783363403e-03
2.809168923069162247e-03
1.007535034576217438e-02
4.050833947863079036e-03
5.787894625973433703e-04
5.107025020417851283e-05
3.538535988487038206e-06
2.504883500859734853e-06
5.173684481607677575e-06
7.114821315617021546e-06
1.331413685798402815e-05
2.016785825076972046e-05
1.902624559844703044e-04
7.381120647151562719e-04
7.237852773569236793e-04
4.793490528894667397e-04
1.460283673584758437e-03
6.922398114138500480e-04
9.763744580545749693e-04
2.498833906606332325e-03
2.516678287468220292e-03
5.514332513333093308e-03
2.481165565723004052e-03
1.798667873936545523e-04
5.427819615376172884e-06
2.209562753766520217e-06
4.725800996415714815e-06
5.932210052377177177e-06
1.255338739983062728e-05
5.577027494097531741e-06
9.824126585506604004e-05
1.980468028539308489e-03
1.584162372277055390e-03
5.261689134259628321e-04
4.006990060433580003e-04
1.642713613338300576e-04
5.432193652988882024e-04
6.433497795988281191e-03
1.332012771416891126e-03
9.858188291587558286e-04
6.622998751665607094e-03
7.834246169311803731e-03
2.472251836371363188e-04
5.626234033423765035e-05
3.028461495132769019e-05
7.157535358750018257e-06
1.086207083409767012e-05
7.127166755148076528e-06
2.870890997184379767e-05
1.293826942215515986e-04
7.945461244063020245e-04
2.491364370030560264e-03
1.150505505756622363e-03
1.089996656390446747e-03
8.891720217206178483e-04
3.773228038849306149e-03
3.976921264045315575e-03
1.195534565814695277e-03
2.498868979243894315e-03
1.269360658524948914e-02
6.291476493963660613e-03
2.276647835692435957e-03
1.375522029128117840e-04
7.395106838864072035e-06
1.029059835758115445e-05
3.180708159699090540e-05
7.282075049738519614e-05
8.329857900914625318e-05
9.683038545287177539e-04
4.047518649699873711e-03
7.865216911958946688e-04
2.417567648162382947e-03
4.142415858248218140e-03
1.745876553471588377e-03
4.368595337864391269e-03
4.369057559336292536e-03
2.437297315584029556e-03
5.300805260772565447e-03
1.278738322463157141e-02
1.357064652087996504e-03
1.255213351566806948e-05
2.078225257580688409e-06
9.535373561142002028e-06
1.032696123815815775e-04
9.693959197810346051e-04
1.631353403226691503e-03
2.817752121094160497e-03
3.284658384919968491e-03
6.782051103116995289e-04
9.493196390968624632e-04
1.911999854523932030e-03
3.108731817438248270e-04
1.058021741951816310e-03
4.449953071001200994e-03
5.389583700842303336e-03
4.188180721492885950e-03
1.336506505064906196e-02
2.363410291978391368e-03
8.517139242247069342e-06
1.197401111684042919e-06
8.652989765522161960e-06
1.536160758670838361e-05
2.237423319827756883e-04
4.209294257937904252e-03
3.201955693522330962e-03
2.148616360121063940e-03
3.448041605977087299e-03
8.704058613415467920e-04
4.630674681450885617e-04
5.551375646578703008e-04
5.551182810451435988e-03
3.273014732816631901e-03
2.700476766395599592e-03
1.738147722454434600e-03
5.216495583106337333e-03
1.712345953508563959e-02
1.017036558159329165e-04
1.910327364718470605e-06
6.894431585612412571e-06
2.676392152396062677e-06
1.190034898727780155e-05
1.197600022770263159e-03
4.684548846879067925e-03
2.178485167797734445e-03
6.271818018953937562e-03
3.493773830514357304e-03
1.176113874382919266e-03
5.541715745642833077e-04
4.033405283707396441e-03
2.344204563886046269e-03
2.384588180336604142e-03
1.242835735580951912e-03
8.684637209726984086e-04
9.557337638053345352e-03
2.795341630369096672e-04
2.696448554763981662e-06
5.115772331930099676e-06
1.673211921418804289e-05
7.929444464213808083e-05
2.166301101598408323e-03
4.931805919656864594e-03
8.495819127344040851e-04
6.103715083248409477e-04
1.000940396593746418e-03
1.063984073136956584e-03
1.514864170597118723e-04
2.993363134645087801e-04
4.057025790888757282e-04
1.743535830075623955e-03
4.421951176060707166e-03
2.204318952763672460e-03
1.742997347881673417e-02
1.091594893636594829e-03
8.584869257560686189e-06
5.762629424975335259e-06
7.486800646542211260e-05
2.476715298017813545e-03
4.646617237607642698e-02
9.076727265188712715e-03
7.880593402235696113e-04
7.803288198572971238e-04
9.234885366562670377e-04
2.676133870172760915e-03
1.828657519796307801e-03
2.042335714159010732e-03
1.089864356193041492e-03
2.000012282957392990e-03
4.262203103901387492e-03
1.793255130513836827e-03
7.251078907641063213e-03
2.183814953279365669e-03
1.132238437984379244e-04
2.452405840134993614e-05
5.442707455218693785e-06
2.553963499863487322e-04
2.917324679022820916e-02
9.407661650331126946e-03
2.612400911222164529e-03
5.439263038380728887e-03
1.202804136692696901e-03
9.837982375181803917e-04
1.218912236440799829e-03
3.422769643295341894e-03
3.525739488095024424e-03
4.367554992832888006e-03
6.448684197602154791e-03
2.264255258420940636e-03
7.155821861884513121e-03
6.543550071494650885e-03
9.120728022893531076e-04
9.364854919060063823e-05
1.773808370765437777e-06
1.202436559993282300e-04
4.365780974093057265e-02
2.021561447505962686e-02
5.030314712028376503e-03
2.640463582983205125e-03
3.937383078161693401e-04
5.716192990547350672e-04
3.909272795616515581e-04
8.194522430756668273e-04
1.918463153061735187e-03
3.437013215098767404e-03
2.750352831998599534e-03
8.939432262227288255e-04
9.676766378305091953e-03
3.677076862489241094e-03
2.197712305316264832e-04
1.535080151205967588e-04
4.426711884592020784e-06
9.784738505891913069e-05
9.743489559960044621e-03
6.328682733846862155e-03
2.863925133203194806e-03
1.774001710423918788e-03
4.268066042166382087e-04
9.769408244951389726e-04
4.457938604383737007e-04
1.693245388010075473e-04
8.086888085836303969e-04
5.720184795218310157e-03
7.121651316410942479e-04
1.804064468986101119e-04
8.250559905958153306e-03
1.976389639397376028e-03
2.778368523048751148e-04
1.032224727221377290e-03
4.248097638380323872e-06
5.576343682511414921e-06
2.612482922571444325e-04
3.546470598348764984e-03
3.348422637270923735e-03
1.885478215448440449e-03
1.016881850155783307e-03
2.332514874335609063e-03
2.008098394930325249e-03
3.793628720315429543e-04
5.857284662840756819e-04
3.751344225816194509e-03
7.585576085771724699e-04
4.622058722442425288e-04
6.359786728122537175e-03
1.834489277812253799e-03
6.035249964618508893e-04
3.485107571229960886e-04
2.799517667092070653e-06
6.827089244417970506e-07
1.988941420577839561e-05
2.945520258602645890e-03
7.071106442081375593e-03
2.304342632599343157e-03
1.987805148580823033e-03
1.845317573306627830e-03
6.661931006621072673e-04
6.429996513053967688e-04
2.611186693110988024e-03
3.787655769452307440e-03
1.541939575814493075e-03
4.359283459488972300e-03
8.822830560652179452e-03
3.087400209787100145e-03
3.316736568289729869e-04
1.180156064393849839e-05
5.007252721057508691e-06
5.735543408341723049e-06
1.888803497522227831e-04
3.131316528263245521e-03
2.155420608820071086e-03
3.855806817202704195e-03
3.721402919950592223e-03
4.765544018295441581e-04
1.270874181066817209e-04
6.134734595904414549e-04
7.398604548445763228e-03
4.049398601438535319e-03
2.190852617756580342e-03
1.329364292811724066e-02
2.034413326525902344e-03
1.275014843668224732e-04
2.810536470257187975e-05
3.656044718181627186e-06
2.770697915511078079e-05
1.864150365099532603e-04
2.435059714122072509e-03
2.043556453286813658e-03
1.850586780830011419e-04
1.169539180609235505e-03
3.415033080236043982e-03
1.321814023347197588e-03
2.413205035306976391e-03
5.294964626944793917e-03
4.013708596092058038e-03
1.449108202766440307e-03
2.914770134900466787e-03
1.131151479215663364e-02
1.506899229103011864e-03
5.548261277190768680e-05
5.187094302129919502e-05
2.765308823602605440e-05
8.897769640323894798e-05
8.793205902993048292e-04
2.252858165589488679e-03
3.210621614836167096e-03
5.942838485869867326e-04
1.088905500514863100e-03
4.260038773103129103e-03
4.217019660971151745e-03
4.543510615785729435e-03
7.256344095211367078e-03
6.418580707012577942e-03
2.750509848076830924e-03
7.925102579231787375e-03
5.439588755453496176e-03
3.032484102548199754e-03
7.305516573165647502e-04
7.526659503334754515e-04
1.815720090260012894e-04
1.053049416984821801e-04
4.388761592648715397e-03
4.362478381576045429e-03
1.692702058055618828e-03
7.580359745184311231e-04
6.587115022790710666e-04
8.519041399217591910e-04
1.586661652185536973e-03
1.340555009387627396e-03
5.333820318751777327e-04
1.846906034558798036e-03
3.475435470295293403e-03
4.550861179674494696e-03
2.837920320627404253e-04
6.532069412723495673e-05
5.584440101628536672e-05
8.104154991973885436e-05
4.163644494274126710e-05
6.048691687411674676e-05
4.024042333787570744e-03
3.698673772950756330e-03
4.122057806448755257e-04
3.527844971247681921e-04
1.091689429419769779e-03
4.874355281919260535e-04
5.499817099764986580e-04
2.819173521545904025e-03
1.060435294342356024e-03
2.935641093115691925e-03
7.393818692371341601e-03
4.787109636798480812e-04
5.040697411591793867e-06
1.235884220247503062e-06
2.393935699305768382e-06
4.910803021258353844e-06
8.811952972615524183e-06
2.845926434605637983e-05
2.651835518066516942e-04
4.070792134057739245e-04
1.151172296160710325e-03
1.196507022998058401e-03
2.840137880196783905e-03
3.646958712584276365e-03
1.415989718976059554e-03
5.390716270386783533e-03
6.063613329430279746e-03
1.615056543675809581e-03
2.703225526534128111e-04
9.029519868782384193e-06
8.259695495327807416e-07
1.299167187311847957e-06
3.364420731087336566e-06
5.046042939752659567e-06
1.009098844714171427e-05
1.018866279729454741e-04
8.553744409614895449e-04
5.480562575912561584e-04
3.555253749876095219e-03
6.683442519335515723e-04
6.287570966669870753e-05
2.648830556325691807e-04
1.295984057849217412e-03
2.314245702574024930e-03
3.947968625582943137e-04
1.356511253531654827e-05
1.884510714956129124e-06
1.191480923688006838e-06
2.032298368440059890e-06
5.212295659173827760e-06
7.663974556957863231e-06
7.847453805788638358e-06
1.348343274649844706e-05
2.242637092921522923e-04
5.448027599184916345e-03
1.546554180776450347e-03
3.023720896284169853e-03
1.077170298473647181e-03
2.173900867653217245e-05
9.974492019896860422e-06
7.039204758561108319e-05
1.072350412569539070e-04
1.119690676090549967e-05
1.790748230602514126e-06
2.288449378273856500e-06
6.228153665142371721e-06
1.235034988193950876e-05
1.540240312163611487e-05
1.410924462661799888e-05
1.331361926044918992e-05
2.126570109718359144e-05
