1.733112718108995205e-04
7.118833256527240180e-03
1.301479033593795284e-02
1.439207466594407195e-02
6.706645511166568069e-03
6.341255522060938385e-03
4.352397140668978238e-03
9.917469574830361633e-04
6.533272893411020635e-04
1.115384461222559059e-04
7.586483058769004561e-06
3.294328304152665117e-06
6.712410383206167360e-06
1.178836934710986902e-05
1.133031635123765403e-05
9.406731738363306630e-06
9.016854071960689478e-06
1.482663674773739560e-05
5.268257604645547158e-05
7.380272754631252673e-03
2.876676602675756755e-02
1.260630333876220331e-02
8.514493056404854460e-03
3.244010294938201328e-03
3.506552846789035612e-03
8.360291974526281450e-03
7.130733210941375688e-03
1.265628316904790149e-03
4.780533490719306340e-05
2.812133353499916208e-06
3.063179927347016571e-06
6.209071521151704352e-06
4.352547285459606582e-06
4.471010432404215759e-06
6.287874853382951766e-06
7.372396367929919333e-06
5.188008168044054300e-06
2.390105131416435467e-04
3.104792919599043063e-03
1.843700751775736914e-03
1.067692333323705519e-03
5.748525662134590852e-04
1.957374536090053432e-03
2.623813896483619557e-03
2.953911018491168702e-03
1.216100898609756044e-02
5.007461372259743373e-03
1.452750052095463029e-04
3.027282490807334142e-05
1.708399985944247969e-05
5.212144381789742591e-06
1.644734639763135349e-05
9.465991202615682901e-05
3.101958390121430125e-05
1.858035270624993505e-06
1.278651570227434030e-05
3.651138284964135900e-04
1.063745866772219375e-03
7.095392202341367248e-04
6.247067427589040158e-04
3.855689080631539024e-03
1.121995372631706071e-03
1.466018594329377138e-04
8.323402065827859150e-04
1.178056402900381876e-02
7.915612462040354583e-03
7.735737109868863915e-04
8.200159419599612051e-05
1.896002096065325506e-05
9.166884999862605398e-05
8.303194910380285333e-04
1.164184254341389495e-04
3.721845195903433727e-06
2.824206954085729668e-05
9.273292893304481204e-04
1.400103339876287035e-03
4.692601109977127469e-04
4.411308490987135133e-04
1.791007502366781913e-03
6.662702713526143716e-04
2.109959609309330051e-04
5.055282253167071209e-04
2.178813270718144447e-03
1.018474883067654012e-02
7.448451273102546684e-03
7.817513590923295648e-04
1.704501094714255187e-04
1.093596127942897525e-04
9.424554733041985428e-05
2.633062221460642758e-05
5.300925598411903057e-06
9.710662202030015064e-05
3.780873506896131973e-03
3.722356595382113418e-03
1.010871317714047771e-03
6.591275907995448316e-04
1.820995226715278444e-03
7.264041711297638355e-04
1.223354320684932450e-03
2.631938499021232222e-03
8.279872919254552439e-04
9.969295074774087509e-04
8.212560075390860914e-03
6.121312634374258266e-03
4.299852265487656656e-04
2.249774574497474995e-05
4.885441785087679041e-06
6.224032552265415618e-06
5.364716598326845377e-06
9.334104052772206062e-05
2.137352308726742436e-03
2.930649922001514647e-03
1.803622390346394915e-03
5.585175355710901004e-04
6.628715606124407911e-04
2.665365111382657706e-04
4.565405145716870347e-04
6.256530306232063309e-04
5.896615330293098227e-04
3.472695694148176908e-04
8.351423210981107547e-04
1.048849739758076632e-02
9.397174923034534982e-04
7.147427742437684377e-06
1.919447856441792642e-06
7.404841210230351470e-06
5.434375733252746976e-06
5.506310431532789853e-05
1.106316297496846152e-03
1.690245604010792713e-03
1.173408013486940430e-03
1.099557299054497450e-03
1.728801850083666299e-03
1.402410537910581026e-04
6.478193215748400248e-05
1.040333395998325198e-04
5.199405014942203767e-04
1.426662600959607797e-03
3.422309103695461404e-04
7.237705904050995183e-03
5.559858862440572938e-03
2.216488274989252471e-05
2.859584551606012771e-06
1.073989793827614990e-05
5.495346265332307266e-06
4.433067858558924050e-05
1.447933826797991388e-03
4.267111427979356462e-03
2.745434859000097337e-03
1.758892178147854505e-03
2.361135757306475225e-03
3.262423353998517971e-04
2.481231552101744614e-04
4.382450899390249533e-04
4.308551877447688492e-04
1.415341867535142113e-03
2.073616438923433158e-04
1.383339857492850737e-03
4.369010355991343603e-03
3.062349587651398534e-05
2.228445854348136704e-06
8.932646214813182086e-06
4.955203469654129868e-06
3.425344498164635743e-05
7.454985782016012186e-04
3.517692760039368462e-03
6.859342917381483322e-03
9.821235712404218290e-04
2.976729553361560682e-04
6.630145128961914113e-04
2.646930413596578890e-03
1.386285685365417752e-03
2.098633043957766169e-04
5.262693442157265590e-04
1.606534085016365107e-04
9.626962881720214828e-04
8.121174434120923338e-03
6.030595489281003900e-05
1.572296242578431061e-06
6.155038908200150967e-06
9.281060435761384056e-06
1.470168924287992113e-04
2.832716283119271396e-03
4.463783529114554068e-03
1.546853173785775210e-03
4.597512804406184373e-05
1.088413070012667006e-05
8.881300699130191090e-05
1.336182556973034962e-03
9.198306066274506993e-04
1.134800190485687571e-04
3.738741898891825084e-04
1.391941622704610478e-04
2.179648691678193304e-04
5.246835446737277420e-03
2.112350298937917532e-04
2.972001155771227884e-06
5.787829461856144398e-06
3.166757514595519460e-05
2.333345730642908279e-03
2.837168484311293828e-02
8.834939972387351181e-03
1.278986037731373983e-03
7.116804427723380977e-05
8.290494656118044801e-05
2.829902060601131451e-04
1.071743026295723629e-03
1.290092954835739183e-03
3.673670391300894763e-04
1.793425007641502198e-03
1.124107834260860972e-03
1.864321657336185268e-04
3.268769811118159545e-03
1.071822329284983014e-03
1.099908898995818150e-05
6.436808589040903713e-06
2.767477379113439113e-05
5.159992566161030782e-03
8.130135584378506142e-02
1.708460251044779249e-02
8.950373332249988989e-03
3.296639234011520311e-03
5.354927431852381757e-03
5.950483937121010466e-03
4.274325418168431999e-03
2.119058452258982053e-03
9.745377062727177565e-04
2.075275823607849578e-03
2.089391973697580368e-03
3.004697742924872087e-04
3.751392386051413154e-03
4.110307335070816255e-03
3.697960891204720102e-05
7.974598150191705703e-06
1.087167172267891569e-05
1.282746078444032926e-03
5.063464316018291556e-02
1.087650717469319621e-02
4.071751464193903991e-03
3.483072220698075518e-03
1.799988113877400760e-03
7.523933854342427542e-04
1.137610558477903950e-03
1.272305630792559730e-03
1.823962928462188795e-03
1.531930407936590030e-03
7.016228040421859657e-04
3.961501744744340935e-04
9.850787988467685913e-03
5.739687936869376610e-03
3.526955944635099763e-05
8.340841118275799977e-06
3.785122195545619790e-06
6.870018669894820151e-05
2.872195821341663215e-03
2.902058964357033359e-03
1.399895102449623613e-03
1.304255544002722251e-03
1.519255211286927578e-03
3.429321225028454352e-04
2.471094604459116184e-04
9.612005693989029726e-04
1.296975970581539525e-03
1.020444948781221032e-03
6.674125598422263285e-04
8.010881988400776884e-04
1.248806898424368976e-02
4.723352319367667726e-04
2.146250166928569144e-06
3.460856956837148395e-06
2.649761783748990565e-06
5.134716205831793177e-05
3.416910604093627551e-03
6.092887271391267921e-03
1.549636758651918699e-03
5.003550865575409363e-04
2.182514855229654872e-03
1.416098789234697094e-03
8.029666004934445838e-04
7.393411035287692380e-04
1.325293022470599177e-04
5.693417329625414733e-04
2.344443162741983392e-03
2.712424091963054097e-03
1.037833557789684565e-02
7.739820409222724241e-05
5.635090359764814340e-07
2.874720823469097457e-06
2.826580581256692421e-06
9.323819756375339269e-05
3.559761940315763450e-03
5.373818789015927071e-03
2.347509473802902522e-03
7.825027230658782463e-04
1.569810918677547055e-03
1.029857729692318195e-03
1.760904190152286480e-03
2.485397280243576367e-04
8.571470437540721677e-05
2.302766690216815054e-03
2.019837244392409976e-03
2.736368532465631789e-03
6.690149385054006310e-03
5.113961385275001611e-05
1.335237266642797441e-06
5.948029663357746251e-06
1.672484940256583897e-05
2.637467147797590140e-04
9.638376967179779556e-04
2.898454088883698106e-03
6.411383210652519399e-03
1.764820431832244069e-03
6.421817479596923610e-04
5.053135101657002309e-04
8.807151677590016907e-04
8.864749562830796022e-05
4.492875191672943158e-04
2.711010083685762555e-03
2.084981663758763955e-04
1.775710499830049751e-03
4.691795796541890946e-03
4.108100999218009956e-05
3.029348995673488931e-06
9.641811269448058262e-06
1.204337840837081479e-04
6.377055831133196951e-04
4.260427030343301447e-04
1.004031410818242770e-03
2.017235491780588075e-03
1.082502541273426848e-03
3.331792636314543569e-04
9.964522956371175359e-04
1.282174281058680310e-03
2.553598930199175955e-04
2.121223434026435224e-03
5.674928913627159044e-04
4.267491957177113821e-04
1.930284328426219720e-02
2.666067969709383801e-03
1.644522561653930531e-05
3.735918900090874398e-06
1.117948985487305899e-05
3.081233778374598372e-05
1.002325975886146587e-04
3.804542885048945214e-04
1.673346426997241853e-03
1.682347120653622128e-03
1.558359525305492510e-03
5.314869140482600006e-04
1.205456577998753175e-03
1.996132596074315629e-03
9.634230934304909184e-04
3.551098695519716835e-03
2.270286287629029801e-03
1.151283972601170429e-02
9.062850068270086532e-03
4.561186565687782538e-05
2.172189693052155123e-06
3.466912324152553624e-06
1.190338588522849283e-05
5.703587170836276217e-06
3.523945692523786614e-05
8.760293727846351491e-04
2.076786890041884548e-03
6.664543701838834648e-04
9.291618857775905613e-04
6.667028789220364165e-04
1.654549741162945908e-04
2.040295639285950044e-04
4.106295375678358146e-04
1.412235530843368361e-03
6.605390603877999735e-03
5.395797631312132699e-03
5.053415480325933038e-05
7.999479686980038534e-07
1.100755686772667570e-06
4.775377605240785233e-06
1.282297953436625405e-05
6.009109138746767642e-06
3.719306160259362606e-05
1.334620327608322318e-03
4.205363793963671007e-03
8.801535248017132093e-04
3.568811962011150070e-04
2.682371822677196349e-04
4.007546103320196298e-05
1.068542296305961174e-04
1.538530018034342441e-03
8.180860126038067004e-03
8.986349862880710707e-03
1.245258387908593873e-03
1.544158793829778859e-05
1.187899827330651802e-06
2.657743676376185988e-06
6.855096583085178281e-06
1.285620314163238305e-05
5.408018025453671050e-05
1.032768871532469202e-04
1.002837013837345678e-03
2.418337974728978958e-03
6.412334000693086867e-04
4.477672150512392512e-04
5.459480471058774514e-04
2.930138041387391661e-04
3.308814285902884032e-03
1.033059433475750320e-02
5.767891713902404890e-03
1.694401021061122574e-03
8.211579266321097871e-04
8.386245298256449448e-05
6.193671375979503518e-06
4.809915626195766290e-06
6.836081000596228372e-06
1.173726390582667714e-05
1.141217621173262276e-03
2.398671173624052425e-03
1.529677903439919696e-02
7.629276023610289878e-03
7.781399572768421709e-04
1.047970306946566319e-03
1.106510722551355989e-03
7.756283348903639154e-04
4.267452234512953031e-03
3.468663004159543563e-04
1.868455830764404941e-05
1.686023229195317410e-05
5.366055982424919790e-05
3.178258452321459525e-05
6.774471762979417373e-06
5.312220670987970289e-06
6.545100842762518231e-06
1.152476973700448926e-05
1.226043985004865444e-03
3.957563266079725840e-03
1.832017117969213238e-02
6.952825008826854329e-03
3.231049071674460798e-03
5.108791562925259905e-03
2.553002990101536310e-03
9.196919725805759041e-04
2.443382123360128989e-04
5.334774193850561714e-06
9.026527224081835630e-07
2.863615026246853431e-06
9.695768342735500863e-06
1.130946733011259075e-05
9.122811004924436331e-06
1.030306302480221071e-05
1.172887207884309105e-05
1.875818457621379555e-05
