1.279655006798949897e-04
2.393418397998416797e-03
1.658549275178279950e-02
1.722656214056348528e-02
1.770264900933405479e-03
1.092350435813104967e-03
1.787337884848839552e-03
4.273022402977805982e-04
1.282276403894999097e-04
1.138078537450878665e-04
1.548603218181190331e-05
3.494725243007691439e-06
7.547871528143874720e-06
1.811310407629524458e-05
2.295496359561724964e-05
2.105064161812057226e-05
2.008102369620996854e-05
3.123568179455147480e-05
1.520935393967485756e-04
4.203324523409412636e-03
1.314489732781937495e-02
5.452795827480156308e-03
1.657440719210838713e-03
5.018698264313978946e-03
3.427217471979316071e-03
1.286624494551860936e-03
2.609835895975954907e-03
6.503155877688336119e-03
5.623045179863651877e-04
2.192359074290188862e-05
5.473872360540406085e-06
5.033515215584878782e-06
9.298818194202798694e-06
1.261165438124491566e-05
1.261616217443114381e-05
2.050303920700179112e-05
8.224521961555689663e-05
2.316856444673975977e-03
2.149616956290582338e-03
3.258910905536088016e-04
2.574982806445672034e-04
4.747673765170031934e-04
1.439132984188581086e-04
4.470501752023554420e-04
3.298124554353853554e-03
6.883052216770661064e-03
9.044008126188452998e-03
2.593989264501207932e-03
4.313360796415529198e-05
1.989504540693900109e-06
3.060229523912754648e-06
8.631350264484040431e-06
1.185693724501349518e-05
2.102114277860297751e-05
1.119296676734038881e-04
2.786058384670121821e-03
4.252084834884110355e-03
3.832938389254529794e-03
3.392666661518099324e-03
2.335716664691192546e-03
6.786041258772756947e-04
1.230977752523726562e-03
1.361040493861674205e-03
4.588816923597854023e-04
3.616813990636473432e-03
1.779720951907980825e-02
5.283174011279748476e-04
4.887880259873695742e-06
2.201895646392333510e-06
5.215198908595493295e-06
7.751934166010784327e-06
1.811461119043165254e-05
1.730443324747153939e-04
1.097457625034550409e-03
1.438190721099542489e-03
8.665509324249158832e-03
4.850827985526314466e-03
4.012373801463538399e-03
3.966118704816985405e-03
1.674263015705312755e-03
4.873841530125412169e-04
2.043305962579696920e-04
7.707787305928764108e-04
4.025361165952976057e-03
6.500703228708532184e-03
4.018617302801021714e-04
4.055180574311884425e-05
1.735392375206805800e-05
7.511594796775898669e-06
1.302790678466142459e-05
1.299879569329292193e-04
5.330533524638467581e-04
3.834992641297013281e-04
2.112118881873068996e-03
1.307940609369657439e-03
3.993112200768291690e-04
4.186077046651543376e-04
1.119390972990007413e-03
1.525440374468843606e-03
5.895951829305628913e-04
1.316545343314794094e-04
1.692209443870320456e-04
6.296237154224271042e-03
9.837607144821087363e-03
1.765370324134620883e-03
4.237111184998771296e-04
3.856618054091795955e-05
1.545849475101709525e-05
1.589051348112941375e-04
1.509877390977101570e-03
1.897939845631595743e-03
4.949901002644798050e-03
7.831457582286692823e-03
2.327507092175911362e-03
3.649600401383687595e-04
7.203634262092189740e-04
3.263158781491427938e-03
1.867615032538329006e-03
4.535455707083980835e-05
6.799755925485665601e-06
2.789049360228825869e-04
7.529766357548936008e-03
5.471744332371141634e-03
1.404812251744956770e-03
1.020284800766744923e-04
1.867799783570488941e-05
3.659785078322018935e-05
2.307244104345519274e-04
1.196149575971541812e-03
1.813902765429960783e-03
2.526772074181425371e-03
5.965202555706124524e-03
2.548490035453944078e-03
1.344712604954967925e-03
2.026091603999571108e-03
2.229048772374045331e-03
1.265231004605948343e-04
5.371154546496328524e-05
8.191181947740550388e-04
1.289086515114817345e-02
7.241616063816763704e-03
8.137872553281312029e-04
6.351801230795537918e-05
1.659932042744898011e-05
1.063552132894172566e-05
8.263814175250646537e-05
3.633165068601891794e-03
2.779550799262336860e-03
3.188328445450881190e-04
7.346546008934415079e-04
2.938431061210134213e-03
2.784222995313448239e-03
1.149808942401390642e-03
1.839153122378208100e-03
8.680110375115700433e-04
3.613472504825785726e-03
4.743462292763993109e-03
2.909057186306065676e-03
5.366034386741926239e-03
1.204928456372012738e-03
5.359206142011921901e-05
1.608332757651863309e-05
7.056265163368749485e-06
2.747231208125141934e-05
7.990957468027101588e-04
1.057143984828745652e-03
8.012566060760082558e-04
3.635421142599232127e-03
5.055187721078117404e-03
2.767262049199434391e-03
9.464676947352277780e-04
2.833005831823704520e-03
3.990637273626080998e-03
1.991753032705191172e-03
1.704253740665791260e-04
1.869069580923098637e-04
3.859444059482469800e-03
1.217838429868307350e-03
2.614246274671491377e-05
1.026028997277288144e-05
1.052474329002859109e-05
4.855861402294937975e-05
1.892194686057655818e-03
4.727984932245045228e-03
3.672829605642388955e-03
7.047834791763820522e-03
1.217812786848886802e-03
4.485187412646881038e-04
4.381759696961495614e-04
1.066746224667241985e-03
3.336898672883816842e-03
3.066771153627349269e-04
2.551785863180697469e-05
2.987923880694486815e-04
4.888971039659036240e-03
1.511961144132580037e-03
3.430904663779896230e-05
7.804731409788103922e-06
4.621396350776786659e-05
3.643575087177142158e-04
1.172090224512070851e-02
1.363716229839247868e-02
1.696562886575602629e-03
2.910806553481243199e-03
2.652266732501131711e-03
4.077436897137933641e-03
4.468504106953636798e-03
1.620325127844219303e-03
1.588424249319397548e-03
9.052594389319919364e-04
3.806815709169034437e-04
1.082727445514890946e-03
3.211079052398519481e-03
5.315370546343572630e-03
1.739542517340740785e-04
7.798120854115342572e-06
7.156139445475377398e-05
1.184836822909199425e-03
2.127987877266496186e-02
1.392195299995080578e-02
4.655007560489248832e-03
1.257940906583219186e-02
1.520609783866700392e-02
1.150806894535822897e-02
5.398013887702499299e-03
7.015452395023450728e-03
2.591435805368766474e-03
2.103247042050298068e-03
5.189987441483200114e-04
8.329969255382787402e-05
3.274526498211931605e-04
5.464539672571881897e-03
2.855231687209368362e-04
7.020870076246241226e-06
4.071898047533168086e-05
1.529769867501380026e-03
2.816678189195883503e-02
1.276545789119954734e-02
7.545484025229738309e-03
1.012794378374108802e-02
5.976284077313515943e-03
2.562696591833640847e-03
1.112307586096705769e-03
3.856716028422698707e-03
1.907017660247882626e-03
1.493655422997989916e-03
3.020205304149869551e-04
4.968576119726040517e-05
1.953259191167114415e-04
1.049044290839845975e-03
7.154646353935858560e-05
6.477794709125174761e-06
6.552399653825473726e-05
1.026130833085795325e-03
3.017845156223019666e-03
1.477281680186015361e-03
2.371977597304926379e-03
1.754981785934397282e-03
1.390537094365844198e-03
2.009782230110057633e-03
1.107404681585779337e-03
5.932328754770943178e-04
9.218432709543984476e-04
5.436685557489248470e-03
2.412998572122427524e-03
1.562575322926067689e-03
7.504436497881115421e-03
3.765310129971033946e-03
8.909426782075642820e-05
1.271674247271581447e-05
2.529069439759694548e-05
7.046025574561987428e-04
4.754444698898455633e-03
3.601247637290863873e-03
4.470448861691490861e-03
7.942851856133215224e-04
9.340734331321543828e-04
3.144848343829065047e-03
3.374575065841087240e-03
2.389371852069583236e-03
2.229769247260284231e-03
2.571155149830837289e-03
9.148899874310546755e-04
6.449444155085594680e-04
1.863129549841957165e-03
5.051304899636388989e-04
2.491857968052047775e-05
1.160181999588827947e-05
3.500266272312232668e-06
1.380103781053319172e-04
3.338378574024772946e-03
7.039114718909569857e-03
8.704746576621300372e-03
3.910177028757098514e-04
4.152985584621394144e-04
1.943999044290534422e-03
3.695697773059940672e-03
6.869727906622796754e-03
4.046976190958701848e-03
1.333761001918985518e-03
5.779038868469341594e-04
1.237887661091114809e-04
2.637799986077779270e-05
7.334565188893176311e-06
5.249580957103609869e-06
9.676767836775517154e-06
7.478757010032382904e-06
1.635884612024656154e-04
7.211692691034279293e-04
1.666717596767717992e-03
6.313456174755516757e-03
1.260063165794658236e-03
1.337162172841654647e-03
1.079879789637353503e-03
6.043283956703240922e-04
1.102342577620574931e-03
2.617534281243059143e-03
1.783051983136703898e-03
6.075985896403378501e-04
4.439033403128478297e-04
1.054842443312340458e-04
3.583299519167509271e-05
1.025738008529818260e-04
5.904184164636190407e-05
1.269694164893950250e-04
2.453888809283580243e-03
1.332203161289566892e-03
1.417194780320837118e-03
2.268951841074090536e-03
1.910958567765397341e-03
4.713535064201414618e-03
2.068330681830426489e-03
1.414594186531258676e-03
3.729503854730129887e-03
5.268652126434672164e-03
1.542480899127998554e-03
1.091211771182378724e-03
6.050121810149757494e-03
2.037795368157754947e-03
5.093543528703367400e-04
1.562201270792645293e-03
2.441167673754554210e-04
2.689900887262825988e-04
3.475290280573384641e-03
1.990570356799550942e-03
4.913682592774573296e-03
1.130515405382176734e-03
8.722715640857426722e-05
8.761329315272509317e-05
1.828714925139954392e-04
1.054057989788868875e-03
3.262368457722842566e-03
1.467937889026063591e-03
1.246323645679811402e-03
6.246924792687034121e-03
3.104002365857280905e-03
1.009940217582904707e-04
3.451863324267076056e-05
1.349628221649264983e-04
5.926263901741138981e-05
7.119177006221537253e-05
6.892728899862251212e-04
1.767280905176598152e-03
1.056937844774893248e-02
1.640073648231896901e-03
3.106356823019246319e-05
1.078048495441647319e-05
6.956605240519834934e-05
1.370270001452431096e-03
1.894807447098054848e-03
6.793203325491230802e-04
2.035203538931002875e-03
4.364711365629238976e-03
1.049848635395891970e-04
2.454024925975193928e-06
2.520356604586140196e-06
9.074940062382974920e-06
1.460620190897584183e-05
8.374496534350491092e-05
1.737560774527959970e-03
1.008225720887426236e-02
4.273995535147255553e-03
1.608737206927241567e-04
6.242748368680919619e-05
1.441228790268675713e-04
1.014019411714117209e-04
2.009226632306218693e-04
3.487559311429046065e-04
1.879028942671909534e-03
5.124041696272159038e-03
3.331405776777016797e-04
7.538067861159857217e-06
2.266088819259128967e-06
4.789491746205045470e-06
9.027431083366111730e-06
1.661874023284841875e-05
1.721412371743156119e-05
2.222029335386478991e-04
6.392782823825744233e-03
3.060900364396780624e-03
7.651796377374472968e-05
4.489498135572286656e-04
3.875181601842067180e-03
2.880662000650118285e-04
1.271726653752690370e-04
2.306347857633564956e-04
5.012184703875771294e-03
6.610453646846878653e-03
5.776881151608429817e-05
3.778515700125016241e-06
5.790204241766813513e-06
1.116924386798502957e-05
1.268477959719881608e-05
2.046503923050697034e-05
1.171209217090362770e-05
2.121883729496130142e-04
6.446122326381255666e-03
5.167244734515108115e-03
6.915080016686448979e-04
2.169904177129453743e-03
4.147389419587151072e-03
1.699771319433305422e-03
2.753914086020275206e-03
8.856489455614074404e-04
1.583842002267710127e-03
5.128740955223471624e-04
1.237221959307587480e-05
4.768218326948833734e-06
1.024006297275544534e-05
1.312619669369590318e-05
1.245152552615245130e-05
2.035049901249463890e-05
1.624650092636316476e-04
6.881066559510731068e-03
2.642238875071381901e-02
1.243012130365592043e-02
1.111236484876884124e-02
2.615053536793593945e-03
5.925239607566852194e-04
1.385885982015968871e-03
7.866556433940718887e-04
5.240652793580950243e-05
4.637489231366665474e-05
2.697440092962836706e-05
7.228218717671330911e-06
1.106011030718428600e-05
2.104974272088502597e-05
2.122709941616169607e-05
1.999105491734680891e-05
3.123265285519578888e-05
