1.408696648153518675e-04
6.203220027840627765e-04
7.936339974938112600e-04
3.833671375052542275e-03
3.769328525032531515e-03
6.698277204490363755e-04
4.426345110796108873e-04
1.781647364753970002e-03
3.939401427985867702e-04
4.622728524507237061e-05
6.883048691120228405e-06
3.354570500306940350e-06
6.710202969950304696e-06
9.213727874632030232e-06
1.083493172779048652e-05
1.139065837209544561e-05
1.099414683579652784e-05
1.750834620941454635e-05
9.101575824867458084e-06
2.399760019178478869e-04
1.772008168716248050e-03
2.485170178476092066e-04
2.125310750464307416e-05
1.260813721023925094e-05
8.082248955727482499e-05
3.404435812396001092e-03
6.678483502642790053e-03
4.054854803560286984e-03
2.680490034489644430e-04
2.080975343689473559e-05
1.230888481874452310e-05
5.596454005831255720e-06
4.398432595965059229e-06
5.977755163150792038e-06
6.562509107177916262e-06
1.086665383165623834e-05
2.582787415422925087e-06
4.887216061945954821e-05
1.035998914699818273e-03
2.283474660013070149e-04
2.900836176555030721e-05
2.801714069908058010e-05
1.033957254008584627e-04
7.596523307658137021e-04
5.399910182321270447e-04
2.059758176875688216e-03
3.695070345623899244e-03
6.554302528118582851e-04
1.836121133165423641e-04
9.409728998128341835e-06
1.387863930131129915e-06
2.948902649246509480e-06
6.206777501388548449e-06
1.137138561874937196e-05
1.529868332936901217e-05
9.810975646988451412e-05
1.122221432214236259e-03
3.191828898091939645e-03
1.096284706002817943e-03
6.081272740230171409e-04
7.053625987755698847e-04
5.926520188688364421e-04
1.942598032062304875e-04
3.509924822939632333e-04
2.423101870023930491e-03
4.491158670229165872e-03
2.893866820323432593e-03
2.360355859855382360e-05
4.385997447536903874e-07
1.033287988199351498e-06
4.786134706116189324e-06
1.219293205457816203e-05
8.193005199896845499e-05
6.753903138413213086e-04
1.749434227026546449e-03
3.994622670295834219e-03
1.631153599295200691e-03
5.981622923531250630e-04
1.897935902815115535e-03
2.838981501432958493e-03
8.698497377904024610e-04
3.008072375441874944e-04
5.767470431086441085e-04
2.793190443572905485e-03
8.705803506923188995e-03
6.932555587991159635e-04
1.334816471314416898e-05
3.004530378308543682e-06
4.170192505910141696e-06
1.168938397064201236e-05
2.067104323991067794e-05
2.476909708716410114e-04
5.436823974130244484e-04
6.633309717086045918e-04
1.500644814675882073e-03
9.102571699263506963e-04
3.743678735863903515e-03
9.409020397059153495e-03
2.590583658799544033e-03
1.087180639570069739e-03
4.563505807620546104e-04
3.780816131148433470e-04
1.938692975880217887e-03
7.677292791362080523e-03
1.233846482007500351e-03
2.293478693620130948e-05
3.354722358010895639e-06
8.312827103286785885e-06
3.807453031328652543e-06
1.618792178358750161e-05
3.540928562251618409e-05
1.790539298993117085e-05
6.392570003534979201e-05
3.097734340858494090e-04
2.108798212075684540e-03
6.857292587410449350e-03
7.467088597138126470e-03
4.544796440633447517e-03
1.346227747918172244e-03
5.726193312505674631e-04
1.604165985042487960e-03
6.066011774192591605e-03
1.987109783096196319e-03
3.721079285355835119e-05
2.349912730310529009e-06
4.261703242641205535e-06
4.543003832659791113e-06
1.673064368207321606e-05
5.546352051444694098e-05
6.677981692304252888e-06
4.725553026444997843e-06
7.317465010795576449e-05
6.063540022754001666e-04
2.074336660623012432e-03
4.958411992191645926e-03
4.308625898648239111e-03
3.814070661276810353e-03
7.786657629715986600e-04
1.184771340944076618e-03
9.087865362806889225e-03
6.708213535009529063e-03
2.573524370981816766e-04
1.303826536105364957e-05
6.272243635861837235e-06
4.739586359720168242e-06
6.383464415570017406e-05
9.144142218582238532e-04
6.288392623436661740e-05
3.634863521980413704e-05
1.036901822686941586e-03
1.806536117579477917e-03
1.140582633159069239e-03
2.823995401009847875e-03
7.525627915045466493e-03
8.943428147835356598e-03
9.935990412872209958e-04
2.892659494445009682e-04
1.410132409354494668e-03
9.807886402710739790e-03
1.391293665791724747e-03
1.678267518080115046e-04
4.492244531275945357e-05
1.853110445450066061e-06
4.607722198275690295e-05
1.029073466825854806e-03
4.352506040586353280e-05
2.969998893382555792e-05
8.428855838320783089e-04
1.556668189659121508e-03
1.345176256089541727e-03
1.690141145015468856e-03
3.534530832034495258e-03
4.818683323359935870e-03
3.429972323880602341e-03
1.313952167138560979e-03
1.055235421408515359e-03
1.151191406745798521e-02
3.066530134781415232e-03
4.290371916550254601e-04
9.325875606849107929e-05
4.759170786327605038e-06
2.444161697345238120e-04
3.343170341835299993e-03
1.329512523208848025e-04
9.003923226876084807e-05
3.698335720328484654e-04
7.823851056338868622e-04
4.262440761587667215e-03
1.498086540231289426e-03
1.325108685947769911e-03
1.657807546050156771e-03
1.569418193866644034e-03
1.559481496825125676e-03
5.040224029475524068e-04
4.712394390581809041e-03
7.710170726865024464e-03
3.083097195625622501e-04
1.332253250128997408e-05
2.976059412458125476e-05
2.073004619549411159e-03
3.220734171868388368e-02
8.353686203521214562e-03
8.618787346692051085e-03
2.984686326682776166e-03
6.332482562664683247e-04
4.065095848423618159e-03
1.634418997623387658e-03
1.393472283959142858e-03
3.093433900773835763e-03
2.889787364480692587e-03
1.947675207789501591e-03
3.377972389574783484e-04
1.855860015321142550e-03
3.698180114564902400e-03
2.132006061273438780e-04
9.442939557378776265e-06
3.615432128296735940e-05
2.303578098328061107e-03
8.134925868033909824e-02
2.635930184551318542e-02
5.139113121827337989e-03
4.185517958891552676e-03
1.644543757205170790e-03
3.089287895490463488e-03
2.989783176326196463e-03
3.505601916158417909e-03
6.610787548057875038e-03
4.483898220734529663e-03
1.639242752531869457e-03
7.852715394490319229e-04
3.621044737879349981e-03
4.088938678571549072e-03
1.625540785166479547e-03
1.107321962200335987e-04
2.409937411752779729e-05
1.118244066494071326e-03
6.100184084920572125e-02
1.413962639452309017e-02
1.018431092842618122e-03
2.648934348942779109e-03
3.348800631524830561e-03
2.012463172562867567e-03
1.315376431531756554e-03
1.980851007412378489e-03
8.078223721459956708e-03
4.773227558748936554e-03
4.210882354567105704e-04
5.177023027151721407e-04
6.378318908403975314e-03
6.445266781113555624e-03
1.244826040627792889e-03
6.301808269494960091e-05
5.591329744831774970e-06
2.305251540026963505e-05
9.199675190288103240e-04
4.165438734874094343e-03
3.322010948031570154e-03
2.992680518828112583e-03
1.294402926113269459e-03
1.311711114733595364e-03
7.682951841338616977e-04
7.177407148112666243e-04
1.939367098133032517e-03
1.545278245408068189e-03
1.442872519630769177e-04
1.718621296793406729e-04
4.054809017479790549e-03
1.181530991656075912e-03
2.309031265176284133e-05
3.843067544587587284e-06
5.829304890418724792e-06
2.408439816934401797e-05
8.416118343720119417e-04
4.266888732251010626e-03
4.107316651588274400e-03
2.916096117522486500e-03
2.029968434513842925e-03
2.287449146822877633e-03
2.283809146614798787e-03
3.060431594314774652e-03
3.131663254641795738e-03
2.967351246030140721e-03
8.543732281965499406e-04
3.515470413552096354e-04
2.183856473144683667e-03
2.144271330872098982e-04
3.966962925562511580e-06
2.719739310607938058e-06
7.123171659361294751e-06
6.451001617067892216e-05
1.845284009190317548e-03
2.981337494957165667e-03
1.132993875620062893e-03
9.103133473905037840e-04
1.887928434949457616e-03
3.608125698517193961e-03
7.922666364133419681e-03
5.961189884344573683e-03
3.375094345264935056e-03
1.872456592369746995e-03
5.884340707019151181e-04
1.220639398131019397e-03
9.031516789754601843e-03
9.508836773057743148e-04
6.582246209974493777e-05
2.689823219035008243e-05
4.494196403425062174e-06
2.252784226642107058e-05
4.750463788421135144e-04
1.842392046035070926e-03
1.746841018800698040e-03
2.152372824071491220e-03
3.055336951502523116e-03
3.145083204366857978e-03
5.253139736160089036e-03
4.512041971596656917e-03
2.350131592045820450e-03
1.181757629857575894e-03
3.463343453047446042e-04
2.782796402931243199e-03
9.196116227191348039e-03
1.931180786543425232e-03
6.690117660728939859e-04
8.392424228041468900e-05
2.792800468658964880e-05
1.355904206777307360e-04
5.496809024707116414e-04
2.280625197513366006e-03
4.528474990064865376e-03
4.888804152389507329e-03
8.787739899104472438e-03
9.745534121563976040e-03
4.923826533384304677e-03
8.826234235748357110e-03
5.829870472912743705e-03
2.016573018524170282e-03
1.542746297147983957e-03
1.465443254735197647e-02
6.026701240102499274e-03
1.451872153813115992e-03
2.916150285717688173e-04
1.394249587850705891e-05
8.770959924927179653e-05
6.030413613111802089e-04
9.254552546927770091e-04
2.243121047201199376e-03
3.295495815290764435e-03
1.866570493902068020e-03
3.192949358340583816e-03
9.448502545205208353e-03
6.365787916692283201e-03
4.838624604162638024e-03
1.870029372151506926e-03
3.170206296277254423e-04
8.973706601744785424e-04
8.831703858618075720e-03
4.083899752377900642e-03
1.159303870645954403e-03
4.948863926476296926e-05
3.240066379240824830e-06
1.568604344533721756e-05
2.824890475429962583e-04
3.990032515045254836e-03
7.505090386718804400e-03
5.963720052081660644e-03
3.825312112386628632e-03
2.032713554507019956e-03
3.685818922863627958e-03
3.070425542466899416e-03
4.523283036144314984e-04
5.765094226397423282e-04
2.925080782374898849e-03
1.335358329680929983e-02
6.254628429183645795e-04
2.880477181000022947e-05
3.193943494646320490e-05
8.965748565520767152e-06
4.609014427327806166e-06
3.231368428461125079e-06
2.260429188411427611e-05
1.027907851767981447e-03
3.129832792858208701e-03
1.697316670129595624e-03
1.826608022008555099e-03
1.315169024341286512e-03
1.113107729930729907e-03
8.127740991884991511e-04
2.923416099643762612e-04
1.191535865506249646e-03
6.649645628850463057e-03
3.555171470733121952e-03
1.305275139423750154e-05
4.401857186823721820e-07
1.802719318520962426e-06
4.592042763785155120e-06
9.283956287354115574e-06
2.456124647539780873e-06
2.445512485603671488e-06
1.399793248262594326e-04
1.515989922225159875e-03
3.872386496019651907e-04
6.832579183918184801e-04
8.128523271407840558e-04
1.042166399292055389e-04
1.422225681171150461e-04
2.171921982353246326e-03
5.426385850639104877e-03
2.015799478787225771e-04
8.026703819071565112e-06
1.063426009476842772e-06
8.318911520531287816e-07
2.865417720671074167e-06
5.743449157015199425e-06
1.144422457803505494e-05
3.768754831914787083e-06
3.142421162380999738e-06
1.679380650385904703e-04
1.198559505163358709e-03
1.476188778695373667e-04
1.966766761249152636e-04
1.039408841806409322e-04
1.732710380548561566e-05
1.220517769769120228e-04
2.151056917242318706e-03
1.097403703090803510e-03
1.652162451103468939e-05
1.321209444050647387e-06
1.904364058784813286e-06
4.371722995065870032e-06
6.280564298973506334e-06
6.518844190259722064e-06
1.110376812246428552e-05
1.506418263872120581e-05
5.104053361014708901e-05
2.114288432943427828e-03
5.553568050319807395e-03
1.224353621183053202e-03
8.117211897270966122e-04
1.067397126820976991e-04
8.881763192963858147e-05
7.910558293602787307e-04
2.410662504204840308e-04
2.151941514466803037e-05
6.613558198271492553e-06
5.986942934327016878e-06
1.001141750371217434e-05
1.285490498094752346e-05
1.165786383310544311e-05
1.083315779221919951e-05
1.749473374539381557e-05
