2.948360197314179231e-04
5.351864535016220142e-03
5.668058935308410706e-03
5.828262589164020374e-03
2.916795233405531252e-03
3.001579410353598203e-03
2.149051654762341914e-03
3.791592476224337404e-04
8.072100889018294387e-05
1.106179036017650825e-04
2.639572722272066181e-05
3.074020306910820344e-06
5.507838385867493693e-06
1.879563393412647784e-05
2.524867734472038136e-05
2.264680835218286210e-05
2.218330899811116343e-05
3.420125917465594587e-05
1.744330770826068059e-04
4.539014896949384627e-03
4.920475786326601597e-03
5.910454963610902758e-03
7.019356540887790319e-03
4.599170841624576102e-03
1.571583732281101303e-03
1.821927630456587855e-03
5.869826577814964792e-04
1.720677495560774808e-03
7.848086262312771325e-04
9.351508648523026101e-06
2.743515426814386097e-06
8.237092583209991507e-06
1.381704095934149578e-05
1.401751579523996090e-05
1.383082629543104573e-05
2.230783134040394226e-05
1.374916617221133314e-04
3.761195528791746231e-03
3.804150097716834256e-03
2.459426160812640781e-03
2.702691197218370662e-03
1.621436356424601393e-03
9.654484300420793563e-04
4.125278870221448305e-03
1.188247339605282829e-03
3.320688101277734488e-03
9.926758554672038271e-03
5.154245790723096382e-04
4.263382304225730947e-05
1.200223738651499257e-05
7.985982922037411703e-06
1.082462810656011894e-05
1.393357407874959714e-05
2.266019077096258485e-05
1.958316665788351139e-04
1.431702853501650189e-03
1.770719061649660012e-03
3.024382340893138742e-03
6.570511902702505860e-04
1.857650667368238387e-04
5.411236294384346585e-04
2.765706201716598440e-03
2.656917469177172766e-03
2.665078876276857911e-03
3.341075360829051741e-03
8.619524493929289766e-03
2.496402340343649526e-03
3.664043283762047652e-05
3.392796254672588322e-06
5.151070617285298632e-06
1.204515812126891381e-05
2.421873115983320338e-05
5.889977056028326445e-05
2.106968978650056417e-04
5.332160095206803447e-04
4.901978308939489637e-04
5.153813382428386222e-05
1.849385942258375865e-04
4.785859364893505982e-03
3.446992092984671897e-03
2.923259785349617470e-03
4.047009238686431580e-03
2.296666442885734755e-03
9.346507017623847252e-03
1.462508639654413155e-02
5.212819634951467969e-04
9.966472223071481883e-06
3.325578563848964003e-06
8.230022806376901618e-06
2.357905380670414404e-05
1.909819116001228417e-05
2.015520585305694131e-04
1.651948503646126845e-03
1.571268404170512176e-04
7.940825893441637122e-06
1.314996490905448315e-04
5.268663896645196278e-03
2.836745144269452179e-03
2.865272567600877195e-03
7.771322047744944929e-03
5.411038340739394992e-03
2.380821863806148117e-03
8.313168464027364396e-03
1.586849141794365731e-02
3.447973122541975817e-04
9.022611539831335153e-06
7.220618001185480233e-06
2.238622221530417363e-05
1.446062576873072640e-05
6.070387978551231668e-05
2.880231254012847780e-04
3.679601809625130212e-05
3.685993591681687977e-06
1.785754160837857362e-05
1.643478239052518477e-04
3.551231046540873114e-04
1.969909014404283478e-03
4.404201813267401289e-03
4.421358775736151762e-03
1.935452863845460057e-03
2.507605640356674361e-03
3.198541920709344760e-02
5.680571171532454618e-03
4.263839193269938310e-05
7.097966628483849910e-06
1.911624982243975126e-05
1.513641700320888721e-05
8.088509074457313327e-06
8.927900254412020510e-06
8.133632507382115842e-06
7.966206798736363381e-06
4.520708453764395732e-05
2.299493935661380841e-04
1.095695913388965989e-04
2.254901488757656220e-04
1.133197715346223947e-03
5.690294057170303468e-03
4.770018466220306286e-03
1.291374497059382884e-03
1.057808363589073271e-02
7.948930606896378523e-03
6.109423810055065020e-05
4.797128679535981851e-06
1.360055361852478430e-05
1.862611510251862239e-05
5.453516349451988087e-06
5.915648708981324761e-06
3.439474281700801394e-05
1.058391191266631518e-04
3.142315509387559277e-04
1.177047908783560633e-03
3.341231216707933670e-04
3.753066427820335471e-04
1.416692856669282598e-03
2.406073896782338819e-03
3.061827966542315840e-03
3.295020525889831749e-03
5.096579782124866127e-03
6.648918116988902262e-03
3.881018668059443670e-04
1.620634460048224736e-05
1.603445903527651487e-05
1.426042756654423150e-05
6.999440923069298056e-06
2.425585539934503615e-05
4.138480468750847861e-04
1.447470842837336562e-03
1.107081929113644305e-03
1.049079725724113253e-03
4.935734208266645030e-04
1.417223804051036479e-03
2.093930868839329398e-03
3.118581452887864082e-04
5.355576439400990332e-04
3.402629074868981571e-03
1.728078049139716464e-03
1.554619106259926692e-02
7.965206243313935688e-03
6.978666433607036629e-05
1.750009287536518306e-05
1.148674470421309912e-05
1.988560111415515975e-05
1.672036711087264980e-04
2.074830344576731461e-03
7.646929916150574900e-03
4.173740086307882284e-03
1.321981392672302944e-03
2.013492090576736514e-04
3.538443444546637080e-04
1.594624461406450372e-03
9.085060641075247412e-04
2.154381464145617691e-03
2.743681948718280136e-03
5.932216990932810989e-04
1.169119846422109373e-02
3.233553785405693295e-03
1.347411560490440815e-05
6.520543459374396049e-06
3.166668798023185706e-05
3.564579084347972954e-04
2.230207525452642444e-03
3.935167811028175873e-03
8.563810532089946581e-03
2.217035165534358802e-03
7.760572309362647131e-04
3.322253696224209524e-04
3.001275599770544941e-04
8.345859024204598572e-04
2.060457411877024154e-03
1.151941198021429712e-02
2.435301571229233145e-03
2.983335973858008386e-04
6.534414457168295082e-03
3.934699080235820427e-03
2.873441032121586738e-05
7.843015207960239661e-06
6.083925079593446020e-05
5.159270337594986343e-03
5.710441151131560172e-02
1.147834185244615314e-02
1.003753486274326819e-02
4.620067800769547296e-03
1.989123676457080214e-03
1.963347887715284363e-03
2.639672767005970481e-03
4.217396282186085255e-03
5.200082566823705128e-03
4.519536483002996319e-03
6.055803448259593300e-04
1.952390748523199723e-04
2.162096754245558007e-03
6.367183145575006260e-03
1.830708314287282678e-04
1.557198454082360696e-05
1.112025668235135377e-05
7.187251033789152652e-04
2.994296879517193907e-02
8.724090384456439223e-03
4.140491545608413967e-03
3.121363813245961721e-03
1.087845057385807088e-03
5.362480173400288467e-04
7.834205730106764010e-04
9.754106056095451652e-04
2.431239160963875445e-03
4.262133643829982797e-03
2.883733249306950821e-03
1.677522721123503226e-03
1.682027433477957523e-03
1.575298376570154549e-03
7.344306766931408940e-05
8.911928499752073252e-06
3.168088792246236078e-06
1.060133261972410591e-05
2.351293543602890688e-04
7.883066078194237098e-04
7.415770384904137556e-04
7.557102944215772196e-04
1.037030555471779233e-03
7.972690531623308468e-04
6.970735619896840495e-04
2.423809633764046581e-04
6.948186425383570891e-04
3.810840623446292222e-03
2.964152146483464527e-03
5.510602862734483324e-04
1.039668865941321789e-03
4.320064048233025408e-03
1.834834743152682869e-04
1.200820308947896256e-05
7.264565248979591924e-06
4.674428036254031254e-06
7.503697229746760010e-05
2.340291055391488691e-03
1.533950614506420645e-03
1.546395396393497612e-04
1.213130960356184992e-04
2.967732163682485803e-04
8.766644982031762852e-04
8.011513858750322859e-04
3.498511555767096996e-03
8.891264388714670980e-03
1.635492620098730285e-03
3.699050901723531623e-04
2.574014934719819677e-03
5.589517128245788564e-03
1.311043748772948122e-04
1.374310039262342421e-05
1.830351864161793121e-05
1.030806905663616411e-05
9.646231235509922285e-05
2.645788810305637305e-03
1.227282459289875342e-03
2.405688202586684201e-05
4.118321988152506329e-06
5.140447088384021186e-05
1.618933909806621451e-03
2.723604354230285858e-03
7.503990847802599271e-03
5.416495711730921932e-03
6.141513362433462719e-04
2.999373520713978503e-03
1.948010704745693072e-02
4.796950239512783325e-04
6.952164383207425857e-06
7.662829991501036699e-06
2.222869957317765110e-05
9.397566174163943161e-06
1.692443315278261619e-05
2.042494315016444358e-04
1.712435951217766662e-03
4.123141332031016485e-04
2.171429551997381359e-05
1.330057099310911865e-04
3.933324552056680946e-03
2.381742163823284859e-03
4.230264966154312009e-03
2.607087375914417336e-03
2.601022991261553344e-04
2.353513037345632882e-03
5.242451008220866231e-03
3.723057827280895176e-05
2.004981078342899733e-06
9.171436231620066877e-06
1.728094040435729844e-05
5.584048240202252726e-06
2.380803084847643130e-06
1.041902842232000363e-05
5.920887561511138913e-04
1.827326026384641861e-03
1.208892959067816496e-04
2.403323481551153623e-04
3.338702596794764898e-03
1.828513421864683521e-03
1.286683571338397654e-03
1.717544499709213347e-03
1.419226616072844427e-03
2.297960223598033251e-03
1.044453650136749432e-03
3.003777623445959391e-05
4.417022533934284665e-06
1.522580759321418488e-05
1.810131314304533632e-05
8.114654958477380019e-06
2.669409191882213404e-06
1.785375190042320356e-05
5.255051938934216134e-04
2.659676979314283996e-04
5.510636673926989725e-05
2.913447485722391560e-04
4.646939340523762937e-03
1.294455257570703566e-02
3.573065033802139308e-03
2.940976589266493333e-03
1.063889436034314191e-02
1.035452744795880078e-02
4.026658045852453578e-03
1.890334808689787414e-04
1.351085938344837037e-05
1.897902011087541384e-05
9.042102900659869814e-05
1.578261567775002597e-04
3.783357522545041738e-05
2.869286217077401816e-04
4.040533259210214723e-03
4.559316358638537811e-04
3.598373117812917062e-04
1.604150073400269303e-03
2.293611967184400365e-03
2.525915636241615921e-03
2.132010638261771281e-03
6.029406202698787617e-03
5.670512325636378921e-03
1.738324333599741657e-03
6.124021539907844886e-04
5.601927604455974891e-05
1.056043461621523693e-05
1.894009023725632169e-05
1.748401150477576430e-04
1.861424693024115286e-03
4.380988221090337275e-04
1.056101711254351386e-04
2.303100380358108653e-04
4.514474251065622593e-04
2.129409271712584800e-03
9.262092758318358826e-04
3.754936811503190009e-04
6.485468301261481132e-04
2.027291661894704920e-03
1.771342890732936770e-02
4.541015639561539821e-03
1.711328166114866570e-04
1.968219625557860722e-05
6.010273406414726984e-06
7.061991894139726479e-06
2.048325947400865858e-05
2.177711927258438822e-05
5.680266357910885178e-04
2.376155448894410379e-03
1.301304186786144312e-04
5.752325337273474448e-05
4.666243887140392654e-04
1.680760768590910210e-03
7.686167740955458707e-04
2.209765530305972565e-03
1.053649741636305745e-02
3.383925075433450586e-03
2.234240777993177010e-03
4.826051819003858044e-04
2.824621725766746376e-05
6.583296229769480213e-06
6.020121176670008906e-06
1.010994435476708503e-05
2.269653623013470853e-05
5.024954476028460425e-05
4.631979816742028545e-04
1.322253547730017041e-02
3.833429599870377506e-03
1.955240267601808350e-03
2.724665186487427743e-03
9.932798563270545285e-04
2.164623077315351238e-03
6.113680274957162750e-03
8.498871701459098996e-03
3.792446659953524978e-04
2.357455773436162270e-05
1.161318866270422044e-05
7.166194698018416327e-06
8.190727511831340544e-06
1.142548082902871605e-05
1.387195065350039822e-05
2.333647116653178667e-05
2.538692415213077407e-03
2.711062933948808675e-03
1.479128256918733030e-02
1.017428890366737018e-02
7.312590222693312464e-03
6.693844977657128874e-03
1.726269859732228662e-03
3.723706515370347331e-03
1.667428332128867256e-03
1.704773076280696091e-03
2.486846999331208952e-04
1.144467464903076734e-05
8.245752854347680104e-06
1.454404278694036750e-05
2.138853888939895782e-05
2.347953384719024265e-05
2.323056734602764705e-05
3.447182583076026450e-05
