1.277668875252643236e-04
7.765729896462481366e-03
1.660964055526283067e-02
1.114005899807148266e-02
2.088639575251576615e-03
6.118216225031284945e-04
5.967977463604810535e-04
3.675090674782665722e-03
2.325431967347962783e-03
1.843236110304565553e-04
9.162212886294025119e-06
3.993628364390329037e-06
6.877742555101503896e-06
9.480870097082420953e-06
1.012037919605885697e-05
9.428568658095611647e-06
1.156046473949179982e-05
2.097003312757950052e-05
1.788619074249972517e-04
1.043215179777932759e-02
6.220507566676523534e-03
7.064585127989358657e-03
4.845562772811857349e-03
1.250804839778290635e-03
2.686517587356891668e-03
2.483572414215697022e-02
2.172183839716981466e-02
6.956071734385284658e-03
2.521119045682239943e-04
3.647053355914867411e-05
2.944396311763342860e-05
4.084136119252038214e-05
1.823846351637913211e-05
4.699903139237709787e-06
5.052994851425053633e-06
1.245006402297325924e-05
2.687053761282175507e-05
8.640587362742713825e-04
1.634738583074858741e-03
7.812179199464203225e-04
9.581880978088611436e-05
2.088989782915177999e-05
7.050187542248608343e-05
1.382449319658789026e-03
5.875471810082154300e-03
1.466581380886935147e-02
7.521081490001177428e-03
1.427819216186989194e-03
5.406408280970428698e-04
9.681667923705791030e-04
1.215077386165440263e-04
5.811888813693982743e-06
4.462883180511278879e-06
1.262755635861448037e-05
3.333156451158574788e-05
5.158529588997624567e-04
2.006884067241178349e-03
1.601944403396725640e-03
2.482615372706510918e-04
9.555069799805919104e-05
4.795945021018694027e-05
1.263577805849024711e-04
3.574317781272126344e-04
1.261732351725170691e-03
8.473486818909024484e-03
1.162585387488500148e-02
3.686119494725649190e-03
9.733297358035170651e-04
3.763503515421323453e-05
3.162981182223108231e-06
4.077102619229948029e-06
1.290040234107279835e-05
8.675005424866845871e-05
1.633669932727915873e-03
3.870765269146668897e-03
3.978996080500152820e-03
3.069703647731579325e-03
3.913275955300918145e-03
7.044535203085076089e-04
5.083784682641705795e-04
2.399401517682004260e-03
2.699393854521594128e-03
1.722918786704289969e-03
8.667831388530644263e-03
1.541595946497600032e-02
5.348571801672166682e-04
7.211250590934996908e-06
2.326949941623533470e-06
4.191600361031638969e-06
9.703957639603726055e-06
7.859823123405108066e-05
3.219490292333974501e-03
9.078966550120699808e-03
4.879611467768750661e-03
2.252288047875569254e-03
2.302949351116373271e-03
7.501001434425651898e-04
6.639959416771196513e-04
4.433676240710793422e-03
3.884053238132868617e-03
5.588359286734892765e-04
1.202190901554415006e-03
1.403968433178355048e-02
4.531308035079137028e-03
1.035499598752282456e-04
4.126960194956477929e-05
1.798010945107714236e-05
7.487572778208522820e-06
3.742950741625350203e-05
5.093670333503762162e-04
1.030887445769507974e-03
1.439773031257881577e-03
2.804726505474874204e-03
4.462554625170010898e-03
2.702889254055312364e-03
2.315816468696541702e-03
4.038842461006238345e-03
4.583966872934610963e-03
1.314818790646644225e-03
4.528517462309630272e-04
2.478050630324577994e-03
1.059525109027989812e-02
1.396308438531219335e-03
9.723710552781364294e-04
1.352183005535690307e-04
9.207424657729845207e-06
6.624303544416433652e-05
6.407697712429463689e-04
7.952399133273489653e-04
8.127151465240271648e-04
1.418716023207100725e-03
1.128454337912185301e-03
1.600907224690081799e-03
1.329436615405279933e-03
8.263193664884597523e-04
4.419424376378400590e-03
2.594788203164559177e-03
5.075887452034458323e-04
8.305966351168324584e-04
6.483004234434095077e-03
3.323868324102441721e-03
8.975485942726540555e-04
7.224901809829768718e-05
9.163045768819115785e-06
1.924664601153558467e-05
3.125164977482385010e-04
1.701534891202135949e-03
1.701092262215843191e-03
1.155065246472763681e-03
3.536024049528578204e-04
1.393179925987712321e-03
2.629478953021307033e-03
1.233238355981692690e-03
2.657948440057897495e-03
2.554978263506670760e-03
2.431500810028518287e-03
1.149011185503357596e-03
2.929795763209813286e-03
8.724104184757395034e-03
2.241433161949777514e-04
3.395638010631065981e-06
3.886648266680149399e-06
1.855200422435179785e-06
2.079456777965691983e-05
4.482873509111866229e-04
1.382384368094276587e-03
2.130742462214130391e-03
1.156403843327613763e-03
3.559418593597340509e-03
3.882076882996354349e-03
2.160962390524650157e-03
1.340844906112900747e-03
1.619357543561162965e-03
2.227906608559994915e-03
1.449389941200705193e-03
1.673150917277378604e-03
8.305849240238563982e-03
1.036184531574558512e-04
5.080176352745652693e-07
1.739671972709692292e-06
3.935613012682264117e-06
1.047684175473447194e-04
2.041774638964231892e-03
1.414802219045848027e-03
1.165522571591864551e-03
1.043987617502003216e-03
1.551551547521579045e-03
2.066297275501375436e-04
4.012670181074791176e-05
1.594484251439349718e-04
6.220405389103305597e-04
4.500406617678268648e-04
1.139986255118344369e-03
4.228406371359058938e-04
1.201748348708981274e-03
4.703238261648412673e-04
5.070700217818509797e-06
2.987447819218525934e-06
2.762276547506363277e-05
1.429833137068934690e-03
1.886228135093491118e-02
3.379506746126687781e-03
1.738677510745457533e-03
2.476757692134046694e-03
1.526168563897172068e-03
1.609253950466771690e-04
2.437892541286890326e-05
3.251189833060241698e-04
1.218217615033884019e-03
6.497877952941408502e-04
5.734375310787495454e-04
2.104947317289076304e-05
1.297858293857982585e-04
4.238008799031226306e-03
1.204254759639723771e-04
6.666390433868095853e-06
3.576070717429686690e-05
2.205783483278118701e-03
7.502298539403745581e-02
1.025005926376403378e-02
1.445479384281133338e-03
2.844651577161056918e-03
4.789529840674158594e-03
2.735059434672727254e-03
6.279742964091227257e-04
2.784347689694933060e-03
2.949712667536388746e-03
5.405614724928496997e-03
3.399629760867370343e-03
3.673049039666260464e-05
1.736008679971818528e-04
3.069248095409748793e-03
7.587475509090668376e-05
5.582971214784102350e-06
5.865395150431953108e-06
3.368593008418389705e-04
3.115734312434789710e-02
7.212627707315220384e-03
6.019072382187876276e-04
3.088434384704994893e-04
7.979866655507675873e-04
2.764917452678872234e-03
1.658168481547675228e-03
1.520864278346409967e-03
3.538429499528019046e-04
6.630398154485868346e-04
1.376020830024268001e-03
2.200706621205754615e-04
2.267264328758930841e-03
2.017203027325921438e-03
1.724905307098050582e-05
4.767455086822212775e-06
2.374364014121543500e-06
4.309316960518804379e-05
1.547688055221787835e-03
1.189547520840021069e-03
1.156910618441681689e-03
4.718390747432095532e-04
2.633571826879562675e-04
1.275656946105092285e-03
3.492963383489401229e-03
2.134638895173768345e-03
8.303779208439098945e-04
1.103001746036065111e-03
9.077933612831192529e-04
3.109051501765344489e-04
3.581517731522848580e-03
6.306240998458437089e-04
4.557390908038338650e-06
3.872300276494442686e-06
5.141406317773009427e-06
4.661613398908991964e-05
7.797982432176399879e-04
4.637587334271662089e-04
9.939088883644333922e-04
3.448356569774645077e-03
8.345129804123539849e-04
2.492331745977523433e-04
6.985027658371359372e-04
1.557495058012933753e-03
2.063839713439950384e-03
3.317098785454526601e-03
8.607043283161928135e-04
2.344341252061806272e-04
5.012441398121452764e-03
2.349204003945590518e-03
2.058247559676673578e-05
7.353773429493281359e-06
5.771299780593882499e-06
5.265912754528877536e-05
2.853705993594571420e-03
1.097175919566749066e-03
2.190685340185267429e-04
1.699633997016045551e-03
1.492484627548215301e-03
2.449094536850323820e-04
6.604819516741837742e-04
3.298998603119548262e-03
1.948492689696707100e-03
5.907315838089479548e-04
1.713808308694554064e-04
3.653153048437704606e-04
3.476491830282642508e-03
1.233877034397440385e-03
4.138015111011884351e-05
1.292833923639720338e-05
4.194401292391358920e-06
3.240692709363485419e-05
2.296636338160393254e-03
2.025244907843007196e-03
6.266928532462595451e-04
3.016967057537690931e-03
2.595894751139497456e-03
1.724973896215070560e-03
3.892002148560374814e-03
3.511482578208026829e-03
1.329750356966995012e-03
1.352522189374396147e-04
1.031543828317866256e-04
4.517237775310763842e-03
1.966625696421032878e-03
2.870012796047969220e-05
5.560216670657877201e-06
1.005939291784800049e-05
8.094609199680270357e-06
1.042400175602407555e-04
1.499983529062839634e-03
7.247505051498493844e-04
6.195376435173464806e-04
1.481921225008511582e-03
6.860260062554810042e-04
4.469902212214834345e-04
2.173489682576749699e-03
2.201396110728627217e-03
2.127432616670869598e-03
1.075128227486484575e-03
9.600373449043176277e-04
1.087623648518569117e-02
9.769575256995254465e-04
9.752219233312528246e-06
3.743081596436606041e-06
1.113965935272238546e-05
2.419438513473415865e-05
1.204393279669815301e-03
5.898802220296906450e-03
8.515634715657175238e-04
3.545980758047510080e-04
4.391687549805054478e-04
2.214217179028420655e-03
2.114970091316162835e-03
2.272648599091188926e-03
6.532381802768989819e-04
2.580750492030884605e-04
2.510241566547474594e-03
1.426174539186821598e-02
4.878001087140823935e-03
9.417932654024819064e-05
5.112877155392191532e-06
4.847322385940685509e-06
1.339759771351810710e-05
3.457364496740733794e-05
1.484413274051159335e-03
2.610639089375102039e-03
8.969468378075272667e-04
1.588792552929193429e-03
4.493161978170816771e-04
2.022251228471624081e-03
4.375486795745398005e-03
1.482163929388467111e-03
4.407512654292884886e-04
2.089277556627762227e-04
1.492710666803568481e-03
1.092151957955298826e-02
5.444493981279730117e-03
1.016432963686747211e-04
4.799086922002194795e-06
4.675143033498904170e-06
1.306482746487152695e-05
4.528915208859286530e-05
9.477150373313904903e-04
2.531518422713814869e-03
9.241116318531460063e-04
2.769017500947640927e-03
1.043721423992307034e-03
1.013853121940669908e-03
4.037677176845789464e-04
8.895885849758562692e-05
5.380618623643977161e-04
7.588703135158797811e-03
1.226192609697235314e-02
1.307137116187899028e-03
2.251354170535387902e-04
3.061002606798996363e-05
5.382193350926071839e-06
5.456775746922404378e-06
1.303069303877149960e-05
8.484896617738760553e-05
2.821958735702226198e-04
3.508939178997643946e-03
6.848278239369100674e-04
6.294154768599897858e-04
9.506089057130225149e-04
1.723657841671664406e-03
1.585374569362567364e-03
1.066575134231787306e-03
6.160429974479788781e-03
1.030687249191417944e-02
1.369844260603406095e-03
3.387275959645562399e-05
3.525604638409828270e-06
2.982746341173307295e-06
4.159649152233638318e-06
6.195404219239668145e-06
1.265051965357259626e-05
7.966249129493089328e-04
6.908242272147040132e-04
7.096806075040294932e-03
2.551083904275768845e-03
1.833559540589135319e-03
1.331329929339708940e-03
1.542752275069742256e-03
5.319446592220224493e-03
1.218681850266594563e-02
8.528547833877788906e-03
1.899068740178137924e-04
6.866775207408505786e-06
2.591295755832506362e-06
2.302345890275167745e-06
3.648988897530130376e-06
5.752092432309975121e-06
6.969020271247331134e-06
1.250511842066685743e-05
2.789679635432397008e-03
7.294150456589133802e-03
1.295554469493043204e-02
1.050131693226240628e-02
1.204024522901367585e-02
4.944754302485100325e-03
5.134264482610152724e-03
2.140275211464249400e-03
8.364631571654170374e-04
2.240178448410625259e-04
7.586101527553271990e-06
1.943284500405315628e-06
5.379590725240921840e-06
1.135782152354228506e-05
1.350173865735225367e-05
1.304299532889329989e-05
1.258460089012266670e-05
2.018394738901020828e-05
