9.665256972833499697e-06
6.842162585474050901e-06
5.184841392212882367e-06
3.883414372772800668e-06
3.543014412624892181e-06
3.751607940931803799e-06
4.323893486404780629e-06
5.529906687842874435e-06
6.685897255041332358e-06
6.910322196376391987e-06
6.710738226953372362e-06
6.576141636293393864e-06
6.508929307874575242e-06
6.498892388477249348e-06
6.484989980055710446e-06
6.352182110260396184e-06
6.595639937144203476e-06
9.118233862945020700e-06
6.807417023397099058e-06
2.948740950557502188e-06
1.224390992693079858e-06
1.254093691791865345e-06
3.269791700637168231e-06
3.260382448491512906e-06
1.377780782691807090e-06
1.298088640611921577e-06
2.559236148120967993e-06
3.924574682413947476e-06
4.345377616190180971e-06
4.516659093711766913e-06
4.504914645606883363e-06
4.430338915580524605e-06
4.389061031209563392e-06
4.272161934950095392e-06
4.450917085614511453e-06
6.595544752978654585e-06
5.636095033793050060e-06
1.635710162560055941e-06
9.082367138852182775e-07
6.928799886231523177e-06
1.267211428292383134e-04
8.476055025849780567e-05
5.456353650198291443e-06
1.113771556890372427e-06
1.694590456219493284e-06
2.700421793044619342e-06
2.932613979980883722e-06
3.780009179331959588e-06
4.385338639597789531e-06
4.349337952333471409e-06
4.242402192746277255e-06
4.109668618823891262e-06
4.271147786151173341e-06
6.351437963172267488e-06
4.857797459680608433e-06
2.345727374496865535e-06
9.985720254535207879e-06
3.629538558432236078e-04
1.876945607007855527e-03
8.662453893446465545e-04
2.880835649798154947e-04
4.396096165432121668e-05
1.870397312304561527e-05
6.728040226674270220e-06
2.180083774682394627e-06
2.728887625197972498e-06
4.269343755875497855e-06
4.605509049328966734e-06
4.431976320880942803e-06
4.239192892083646250e-06
4.386440734878898967e-06
6.484080435632724043e-06
4.033115406501887096e-06
4.232648610545361184e-06
5.808634985272805853e-05
1.705854276636172874e-03
1.960091790365769103e-03
1.014522806959898549e-03
2.622541337077456593e-03
1.490888309273067118e-03
1.032595452894533592e-03
1.277699459784663663e-04
4.969396298296692911e-06
2.314946829592472863e-06
3.746576614714669148e-06
4.616689475641921620e-06
4.586137114053061291e-06
4.333845524280855249e-06
4.417870467467537835e-06
6.494516888727213034e-06
4.282242407496706518e-06
1.245783169800539388e-05
7.866621133376580362e-05
6.593131977243655477e-04
4.061091651677612227e-03
2.781096722012691216e-03
1.999691854676855386e-03
1.424692804107935591e-03
3.422492859036315675e-03
1.216940323999143175e-03
2.013664380543588487e-05
2.427640701904056053e-06
2.715816491401320510e-06
3.658384423018356392e-06
4.299391356070747007e-06
4.417557057173321825e-06
4.483328640351785960e-06
6.491360704090571519e-06
4.483976145368647313e-06
8.521357453057616183e-05
8.060281245684129594e-04
1.223198270945108140e-03
4.148172357058317258e-03
2.112111259580012716e-03
3.178341589535400857e-03
2.184175547951386527e-03
1.599512302665123415e-03
1.104757052306876977e-03
2.690811554450687169e-05
3.040261647555114722e-06
2.785962396708176775e-06
2.336538112377031481e-06
2.958601365736275883e-06
4.081294686937122304e-06
4.559179708331880200e-06
6.538052060978934061e-06
1.439388522551024802e-06
6.948003788020200538e-05
2.437907750707134051e-03
2.789393230774094099e-03
5.018187437764740598e-03
1.473612279480688604e-03
1.898083273440527878e-03
1.696049892253670508e-03
1.061948169048770266e-03
1.112076222634382754e-03
7.346502182388593520e-05
3.761668457970879150e-05
3.396220437401585715e-05
4.408612031037434347e-06
2.033505729074343255e-06
3.278345372290709190e-06
4.494472954852646929e-06
6.601235348947868310e-06
5.766368487321829641e-07
4.914437682678994839e-05
4.720542048915501304e-03
2.746440768036010824e-03
1.810821515974556485e-03
8.670936244290050176e-04
1.010011173468008299e-03
6.699891247165269941e-04
3.395778179683354037e-04
2.006223893318097133e-03
2.005074724369879536e-03
1.850853626453513590e-03
1.389088807395390474e-03
4.204245320187057134e-05
2.943798995089915026e-06
2.860781932484326125e-06
4.366630976056530521e-06
6.658598113283489551e-06
4.828057494620365830e-06
3.987084586929005620e-04
2.047726631071996803e-02
1.970136962713072912e-02
6.946802524962299510e-03
2.968843269434123539e-03
2.601010052082127627e-03
1.485701237189473002e-04
1.086893750223544648e-05
3.231217620138845535e-04
2.608913525224523192e-03
7.691091663755391305e-04
6.983193359946973221e-04
6.973557556436340437e-05
3.776221625082314172e-06
2.704564391325148009e-06
4.292937520073591661e-06
6.735309732139368113e-06
6.081266783089675726e-05
1.892715188750563899e-03
1.030708666564274234e-02
2.234600731822490929e-02
1.227260212934514969e-02
2.065163843038103370e-03
9.193715869423690467e-04
1.930940707444257575e-05
2.067607142015896882e-06
6.517697226610112595e-05
3.398717818301458162e-04
1.762282296595307394e-04
1.446067013611066203e-04
1.831950952401883455e-05
2.230501569409010342e-06
2.249792681073254442e-06
4.039058974954504959e-06
6.761069696243601303e-06
2.150861965294882674e-05
3.724305706608992475e-03
5.353528557089044793e-02
3.609440357252609310e-02
1.785423137652295336e-02
2.926645269483666573e-03
1.441745116323298135e-03
7.034306329009536022e-05
3.653137334778903803e-05
9.333680760390571703e-04
1.359640286929536188e-03
1.802571258117542739e-03
1.223565136708073490e-03
7.463307763912306483e-05
5.608335447492883912e-06
2.534253792572059916e-06
3.599256940186096177e-06
6.605419338211760730e-06
1.051706875678073168e-05
7.966555083614913768e-03
3.310443163438416825e-01
4.528621184109372921e-02
2.880486689250138371e-02
1.049890097515957313e-02
2.498013370556544099e-03
2.946665600949599549e-04
1.984023235713443353e-04
2.082009231450791375e-03
1.691044550797807591e-03
1.361397756695481315e-03
2.586465147724351880e-03
1.082483490261103602e-03
4.999858945809508521e-05
4.180896207337022096e-06
3.331187243452050861e-06
6.401679920238338185e-06
2.310809387807543836e-05
1.936501378516088893e-03
5.808083272929905061e-02
1.471633772652461945e-02
4.007490801267053412e-03
5.431376908868839476e-03
2.912186678938283833e-03
5.728270850438395203e-04
8.999014876901403220e-05
1.643349527860942189e-04
6.598515633692528682e-04
1.477041167050193457e-03
2.448534050613859064e-03
1.041988988567161276e-03
4.610608844579531319e-05
3.936883037475532487e-06
3.295764719382505982e-06
6.413799345466776947e-06
8.037844930580468792e-06
1.947720252719827873e-04
1.924584909096007518e-02
2.209727472626372285e-02
3.416194735096233018e-03
3.671923687974724612e-03
1.144193683460280287e-03
1.671780513298173269e-04
3.825068747880508625e-05
1.092256331236847168e-04
6.519620339652799869e-04
1.604965956843654087e-03
1.459792566380108949e-03
1.262323333847326556e-04
6.297921458852946930e-06
2.347569760807807884e-06
3.504715476320370207e-06
6.607039249919055295e-06
1.617627733413099340e-06
6.002094765614330018e-05
8.632448872020163574e-03
1.020284248293269400e-02
3.979718944355514071e-03
9.972639978128379663e-04
1.364803373315628780e-04
1.016019683290514695e-04
8.081452340947438829e-05
6.106006061497927821e-04
1.984002758633384746e-03
1.251397272188736190e-03
6.970597520155356538e-04
3.873955727291908418e-05
2.870803086073295113e-06
2.388219640747998224e-06
4.033034862232545072e-06
6.728665888088275635e-06
1.761701430479467346e-06
9.958715789743624917e-05
8.361830219398297057e-03
3.788634142551844386e-03
1.694053018618923512e-03
4.293782640826136407e-04
1.798595857163591625e-04
4.575055418562006741e-04
2.330728463074092103e-04
9.070928070253215375e-04
2.358596045155895212e-03
1.527077715871432394e-03
2.797032373006185153e-04
1.134523179041904132e-05
2.484939913264479226e-06
3.197870785718988799e-06
4.487743224285597829e-06
6.676263104100722301e-06
3.021958367683792223e-06
6.306425086513333170e-05
2.283095983293959019e-03
1.331384419738111582e-03
7.939392076018268046e-04
1.674986391692008742e-03
3.005290338644366760e-03
1.290035700720341049e-03
4.891216503351549991e-04
1.879527674634723497e-03
1.108142044039288603e-03
1.394738975776094983e-04
1.178487768456261068e-05
1.894761227494364121e-06
2.167788801802566844e-06
3.835583203670800454e-06
4.606374035567528591e-06
6.566241695530534925e-06
3.268878480304867087e-06
6.955495017005731630e-06
1.040684434960092791e-04
1.134076244850591979e-03
1.998266290758630992e-03
1.826477888535753182e-03
2.806668558381970446e-03
1.229633337290053467e-03
1.081573641525796631e-03
2.590617419582504945e-03
1.436195092106217755e-03
7.163032809543309562e-05
3.081473359982802250e-06
1.527100082776090804e-06
3.035934256105781903e-06
4.350658924244673285e-06
4.555596203000728389e-06
6.495167838621881100e-06
4.068064396580575948e-06
1.647316797106406328e-06
3.836315079763496202e-06
9.385635535996376272e-05
8.592447492923645930e-04
3.845973689175633046e-04
1.640866174954905862e-04
6.342174665627581167e-04
5.483391750203491996e-03
2.136025924046824898e-03
2.621280480645445674e-04
2.448639989006350557e-05
3.345524010934489996e-06
2.838975269266353552e-06
4.228085743623746453e-06
4.487876646862180476e-06
4.461210495372773494e-06
6.474297236811699528e-06
5.794272610235405817e-06
1.689513019694921486e-06
8.865664091397866155e-07
8.405777184849711565e-06
6.283033928621851441e-04
3.022662181431073902e-03
1.306653777072184228e-03
2.117229365423828769e-03
1.548883299333571632e-03
6.328152235260272012e-05
4.530283362138131650e-06
2.158679658170930277e-06
2.525816934477832716e-06
3.835783524106581870e-06
4.581411553391549201e-06
4.372769698530993800e-06
4.409912562186101982e-06
6.492602445461019465e-06
6.688296007026543898e-06
2.956238152655846256e-06
2.810578350898674702e-06
4.270440497341632932e-05
1.924631195915536830e-03
2.756226944427606941e-03
1.296864568824756397e-03
1.074367102328237797e-03
4.999586767277086331e-05
1.608802464047989073e-06
8.195332019885773392e-07
1.678761056505703126e-06
3.307933235463890389e-06
4.419014346738135544e-06
4.513385643491679301e-06
4.262080137599732017e-06
4.382354182495516590e-06
6.485471948959555647e-06
6.468014077062992020e-06
3.645256808070479157e-06
4.573780158375047093e-06
2.929365069230390766e-05
9.598887369363225618e-05
1.877216001981470630e-05
1.174851794000671158e-05
2.846893369403255393e-05
6.684009904515833970e-06
1.449398946249921343e-06
1.908512967374674593e-06
3.504574715246619729e-06
4.395237359333293453e-06
4.442586091360056852e-06
4.286744739603071949e-06
4.109466551534030239e-06
4.268283438344228816e-06
6.354832837212771416e-06
6.639847953580022891e-06
3.971791574385826853e-06
3.327775095357326042e-06
4.160040039228620184e-06
3.541123109708811294e-06
1.470293037089214775e-06
1.691504062722355776e-06
4.062150613564041081e-06
4.074064855226648841e-06
3.373782871901583151e-06
4.094057390308104975e-06
4.695907210280405927e-06
4.622114422983867078e-06
4.461977357335033437e-06
4.385053999681925317e-06
4.264984272317061741e-06
4.451034149112888663e-06
6.599366172265205569e-06
9.263182305394500690e-06
6.519500429641509482e-06
5.540076453632551221e-06
4.825428211426793168e-06
4.201419258149450810e-06
3.914098849617408975e-06
4.645835386491758412e-06
5.881589180830718957e-06
6.310250256845096138e-06
6.498610396698023695e-06
6.743530613464032476e-06
6.679473473971355335e-06
6.517964800968668892e-06
6.476355690065896133e-06
6.470240047715335853e-06
6.349832229794772373e-06
6.598945006071454464e-06
9.120721757425995549e-06
