7.441913970416474749e-05
1.446609747613085330e-03
4.186169586969079245e-03
1.780256978779190319e-03
9.602461783485169390e-04
1.890534076735961961e-04
8.452704904757246673e-05
1.319049033847917397e-04
1.081769288743512989e-04
1.556982623398152078e-05
4.427617046885880389e-06
3.643235094093353773e-06
5.036097507480840600e-06
1.073072347332544313e-05
1.490603392184064188e-05
1.341116720028911696e-05
1.263971935465599058e-05
1.986337034499319044e-05
7.123515459050773619e-06
2.329979141069980344e-05
1.015694074676292883e-04
1.531498299997330261e-04
2.182325685314484890e-04
3.799010502421531913e-04
8.451373101178547183e-04
1.625845166104032983e-03
8.828814404163295645e-04
2.309053589007459002e-04
1.655422264719153534e-04
1.147678895701689453e-05
9.111100982145563526e-07
1.818061806301807529e-06
6.077377739942149102e-06
8.190228549414241532e-06
7.866443268101327605e-06
1.268435388185281643e-05
2.662541598376183681e-06
9.418180806785708534e-06
2.075493471695069971e-04
1.034709706037739967e-03
1.508399585657837659e-03
1.044957623027663101e-03
3.789990922475778299e-04
3.405704901892918812e-04
1.422606018601874306e-04
2.598823746481546387e-04
5.105231523408437257e-03
3.792637516134134525e-04
2.757814838277494264e-06
8.865030002604699177e-07
2.350855929369826785e-06
5.788938218864304904e-06
8.069959663130869690e-06
1.334524663600456118e-05
1.433187962877042915e-05
2.682836485446407539e-04
3.971072944356016099e-03
4.958727533655450138e-03
3.087767249018514518e-03
1.367136815986564691e-03
4.625373448523424354e-04
5.470444746287075411e-04
2.189797220222968821e-04
4.593486260075730704e-05
2.772406424953655535e-04
1.220714217890011720e-03
2.267860701065119926e-04
8.503671876126608179e-06
1.287836273161808654e-06
2.172398589515437350e-06
6.024100745874662427e-06
1.425092386784291433e-05
7.597424568191796701e-05
2.560897428809691227e-03
9.337099939279298183e-03
7.291529552926132550e-03
5.802933175096080566e-03
6.405127523401831467e-03
2.390973730744353713e-03
8.441944655066606048e-04
2.557806637721593123e-03
1.966931853142926472e-04
1.324965508219421859e-05
1.896505395862348533e-04
2.272815454323116966e-03
3.113946153776060168e-04
5.830759795287671121e-06
1.262161844065459169e-06
2.969132726138655483e-06
1.110586549900445554e-05
8.023277035245000269e-05
3.114939664125705981e-03
1.061923148805168048e-02
8.932747470292625586e-03
5.951905885193317473e-03
8.871639258543614209e-03
4.220997878130344251e-03
4.606087635395156765e-04
2.557683198671540856e-03
1.212968180386955188e-03
8.265883537530719825e-05
1.446706375179305723e-04
5.152563256119954433e-04
2.483548889726466900e-03
2.762900925892828653e-04
9.110320625700073159e-06
4.124549561638425422e-06
8.480126818390378856e-06
4.757449357452274696e-05
1.287349031390262266e-03
5.797268983083635717e-03
5.902274091166516932e-03
3.278967887541849296e-03
1.768325361398457663e-03
2.818599514409241089e-03
1.376729748942915211e-03
1.870275607905152017e-03
1.866690385715790747e-03
1.768598439515445438e-03
1.967708723118922684e-03
5.473327782012408441e-04
4.593921264925963921e-03
2.451051164384427609e-03
1.894932404170955977e-04
3.680972185060008597e-05
1.283354829644526648e-05
1.094194324959566478e-05
1.029231821597181807e-04
1.459568332683342093e-03
6.584074798717745244e-03
5.183392335924586966e-03
1.511564803489650645e-03
3.410667046114015423e-03
2.633607141471495158e-03
2.885637962485845722e-03
3.717276847996713908e-03
1.735440323117898743e-03
1.514340504839301743e-03
5.022768278871845475e-04
1.589511160534127924e-03
1.659375954752575653e-03
6.378281242878919418e-04
1.024459623776060858e-04
1.585965167499472055e-05
5.552597623255623059e-06
9.396495598720120887e-05
6.271723608368978339e-03
5.372842081418868244e-03
2.779885739289276124e-04
2.935532339901373786e-04
3.857755366109789225e-03
1.728255547287381802e-03
2.322944946987948959e-03
4.208809224765117096e-03
9.899581112041808302e-04
6.481066861719011639e-04
3.210491067724290690e-04
7.394969040886647952e-04
3.549031519305900599e-03
4.564184661230661906e-04
1.214710352187656273e-05
5.835967290482613369e-06
2.384463402872709280e-06
5.334033974072718333e-05
6.341583792264601609e-03
2.404830323579955961e-03
5.591893711617019477e-05
8.079561945317751564e-05
2.736760962659325058e-03
3.714647239302768314e-03
2.960602992935543361e-03
2.226131007674730326e-03
1.438103069893851378e-03
1.297638873363017153e-03
4.738132604492680672e-04
2.883406464962304586e-04
1.103338523542600480e-03
7.727119561555699577e-05
1.614970628931356946e-06
2.699943064932136166e-06
6.829579361833385340e-07
1.979956492201083074e-05
3.110023599410709823e-03
3.389913084806312187e-03
9.979333610158752903e-04
5.944524827814068454e-04
2.601032957005967178e-03
2.987835144458935149e-03
4.529369350086737589e-04
2.749286777324035308e-04
8.195263497945918379e-04
9.079852218147547570e-04
3.213781042809003602e-04
1.178630771625466630e-04
4.048650852429564861e-04
1.080958049292306375e-04
6.100683038708879731e-06
5.147184771361177766e-06
3.873800957385123067e-06
5.838930920555931168e-04
5.561248005967515257e-02
1.133804067837099021e-02
4.160790435944831597e-03
2.575619907028609250e-03
3.626417037919302949e-03
2.347709059730344709e-03
4.665198399783116617e-04
8.028189954264811079e-04
2.339711193666707632e-03
1.888239607232919436e-03
1.451024225938873707e-03
1.387483141514743619e-03
8.655042010724142004e-03
2.559751068807868558e-03
1.688256532289661958e-04
3.499869090249301239e-05
1.613138337181238270e-05
2.438578282220305558e-03
1.344348856806505121e-01
2.784246692918046148e-02
9.215991568068380296e-03
6.635817368769995027e-03
8.143552524141207949e-03
3.975075981535492430e-03
1.992883112985394459e-03
2.550499439129956265e-03
3.026564743675208471e-03
3.464481093721028492e-03
1.976593737658864994e-03
9.722939291334910077e-04
9.721215344160118871e-03
5.783106875820033348e-03
8.348279550800223473e-04
1.243594205817935875e-04
3.307470210201079511e-06
5.098323974075366681e-04
6.502651684835530910e-02
1.728173091427282274e-02
6.686044984447771927e-03
6.092684467563694480e-03
5.904341644832469121e-03
4.176960814564709482e-03
3.645568949298642371e-03
2.395166622253885359e-03
2.529120451365357569e-03
3.091343122755758118e-03
1.691344070969551152e-04
3.431042506404456541e-05
1.499964281917913391e-03
2.337548287939478307e-03
1.891348569444207877e-04
3.324158869268155277e-05
1.194006565451673029e-06
7.518128604607499381e-05
1.017739203354345486e-02
4.784500955102190603e-03
1.672302545999791029e-03
1.551753478853348149e-03
1.550869501723496158e-03
2.102943821928548573e-03
1.720605407066795470e-03
8.580574460488530871e-04
1.866037390286031435e-03
4.268948608351349171e-03
8.867115097978439827e-05
3.051822135314655464e-05
1.532778628820022577e-03
3.180290966366712676e-04
6.094295608282773889e-06
4.333110119535675530e-06
1.644592216117899054e-05
2.084319560495591242e-04
3.153451043907284316e-03
4.247917297503739018e-03
2.785395293773370185e-03
3.223750028086572184e-03
1.496682378651695332e-03
1.788513684888167051e-03
2.427255516450975859e-03
1.187104995794578764e-03
2.142665824329908781e-03
2.356743122086960018e-03
5.983130175230397436e-05
1.233598836888105991e-04
4.048288398252461104e-03
1.102766473784009264e-04
1.625892102281471706e-06
3.730041111701265374e-06
9.724081528224129184e-05
7.224411998404549383e-04
3.457047527390826741e-03
7.164998067898339408e-03
3.819364617296499512e-03
3.203186992236170625e-03
6.666139558986081343e-04
9.734824896895664719e-04
6.122347599369056328e-03
3.638023366426900752e-03
1.990175500704129043e-03
8.204983071722180173e-04
5.838632401430675172e-05
2.400072501386463491e-04
1.342489640442695933e-03
3.324869645908360533e-05
2.321888195024726809e-06
7.843253216366805557e-06
4.698148143460073871e-05
5.721117200428630463e-04
2.953399577285805312e-03
2.529837079999302379e-03
1.306293867353979258e-03
1.264528731895259465e-03
6.443017249642679894e-04
1.197460825864433932e-03
3.829817836255808208e-03
4.248656994718492431e-03
9.686162764470533431e-04
3.943875227808460145e-04
2.534764111010412674e-04
8.053986111243990539e-04
5.033769880031117644e-04
1.514115614239737991e-05
3.358802791660064393e-06
1.082145081473859934e-05
2.588675039832978033e-05
9.202970220510711891e-04
6.015100323649781242e-03
2.052020341842719382e-03
3.412241481521505280e-03
2.581245069221672472e-03
1.614114291157063130e-03
4.951030098395305286e-03
5.127187018739324392e-03
4.659544393421200838e-03
3.558705813038354638e-04
7.268929511178656515e-05
3.336257864176249139e-04
1.951156759342985957e-03
9.751986550087566891e-04
4.442383338557300601e-05
7.222309907167642979e-06
1.217714803377821228e-05
3.853587483524112919e-06
4.940303237995354816e-04
1.782600607838223661e-02
4.067547992626446667e-03
5.479199845116630892e-03
3.112299127827227330e-03
2.211325924391305785e-03
4.851265039478208467e-03
4.281616624357857323e-03
2.750904482252396199e-03
8.328672954289145607e-04
7.731314456714705749e-04
2.210746773932832730e-03
1.370745582490112821e-03
1.901887780012676736e-04
2.097787476780704874e-05
7.290039468349982260e-06
1.229113339055951115e-05
6.022433891389088339e-07
5.714541354969367170e-05
7.904746266547170441e-03
4.869075900760554305e-03
3.635745836663049728e-03
2.705582778336282357e-03
2.468770987443216509e-03
3.404339347770596758e-03
4.391751321891119823e-03
4.274994737924168336e-04
3.343358323428429271e-04
2.189519349768053076e-03
4.930844098865947963e-04
2.756606966283575859e-05
6.149830701295140432e-06
4.323599809858690700e-06
5.608574936492501907e-06
1.255307448999689873e-05
6.849079909125346540e-06
3.179335234539462651e-04
8.445885135118359408e-03
4.186282103025699454e-03
7.084145962839038559e-04
3.022411424217863549e-04
3.150825174623786136e-04
2.412063213388257953e-04
4.669129707550110351e-04
1.069004218064969808e-04
1.523541135620957066e-04
1.930467411760237344e-04
5.580679322342840764e-06
9.002088302877106520e-07
2.039097435127936493e-06
4.695823335020680784e-06
7.029933796147358756e-06
1.338858893998445369e-05
9.462690428602756748e-05
9.637107652703810279e-04
1.754628822252755080e-03
1.903688426729458144e-03
7.382072686029310772e-04
2.913048107284912187e-04
5.688466113152563586e-04
4.147099415905289928e-04
8.219722995937678951e-04
1.919505757565623250e-03
2.259295306604288539e-03
1.131665847914268923e-04
2.093872293011985253e-06
1.390195764714421185e-06
4.664775817517751905e-06
7.553112586155113192e-06
7.824231172920676936e-06
1.283243866756206981e-05
2.459215981673187429e-05
9.147833516634563977e-05
3.751588067729440257e-04
1.087744910964866338e-03
2.293474523921708958e-04
4.208554203474162254e-05
2.866708458338710882e-04
1.513714844420746206e-03
1.637674123654334589e-03
1.235976305673682071e-03
3.217121771814247366e-04
1.803029267135305283e-05
3.248310253882091766e-06
4.826031087694800635e-06
8.242401079560175345e-06
8.112145242511890189e-06
7.566239516583870252e-06
1.266675880537350253e-05
1.159891058466629167e-05
1.380977174416934863e-04
4.041474645736172627e-03
1.680436308053414804e-03
2.058132329729187645e-05
2.998596997475743661e-06
7.488811250165465820e-05
1.151955067202525742e-03
2.151751768800614457e-04
2.116571999497951479e-05
6.135422372422538997e-06
3.873989694876586540e-06
6.783876836603791137e-06
1.288808385456587009e-05
1.442462389043649977e-05
1.275549606116381458e-05
1.254455894015334076e-05
2.001503094247117438e-05
