2.020613687390729015e-04
1.287888916704619038e-02
3.914601134872890131e-02
1.582949200103297982e-02
1.116337179179831274e-02
6.952058794890090924e-03
2.346453959775730326e-03
4.142365725199103959e-04
1.509160047834638808e-05
2.605010239331701938e-06
4.757244461193136413e-06
7.040538997749404439e-06
9.684403523925614045e-06
1.466248801874191463e-05
1.642893089923592315e-05
1.603752514803170141e-05
1.658383990201448474e-05
2.371914210679707802e-05
8.894286108673261470e-05
4.852650051745327660e-03
2.713951131865365365e-02
1.489842079854814157e-02
4.315655499567906846e-03
1.031458146059779143e-03
1.341611034921556464e-03
3.557301991930224283e-03
7.278065301071971836e-04
1.313700386622999622e-04
5.371470804383654128e-05
8.185110576068733363e-06
5.368377550590014576e-06
1.000505421854864514e-05
1.022491735959825016e-05
9.535363687034075601e-06
1.050449557707599020e-05
1.677358305050161708e-05
1.712946780255978623e-05
3.370124363275182021e-04
4.031530492472057241e-03
1.455290277323479211e-03
4.474973828882898011e-04
1.965017639247492072e-03
3.825402999904689745e-03
1.439112914870470600e-03
1.596412579808141781e-03
4.995337306512191364e-03
5.090917144282162965e-03
2.905711701752254129e-04
5.831900643516576340e-05
2.686808943495689469e-05
9.214078377753082832e-06
7.073675095622103882e-06
8.508560450485610390e-06
1.552854063331981081e-05
5.002666355125239335e-06
1.652543154893918408e-05
5.843919790940762908e-04
1.334119470413233253e-03
1.834148353742567374e-04
2.228722672312640168e-04
2.114131082757884309e-04
1.152947685712623623e-04
3.224712156175587024e-04
9.677863840677143658e-04
6.527919551365939099e-03
8.649980226718343573e-03
1.899083463882118676e-03
6.449761634149557066e-05
1.068517154717087451e-05
1.013081831912926540e-05
8.094851096468870687e-06
1.383225288516062602e-05
5.953391153949052165e-06
3.413410751878613236e-06
3.293329570832619784e-05
1.846949975319098073e-04
2.678892961701700295e-05
4.239935814713371522e-06
7.180409924042414224e-06
1.697809820550808555e-04
1.332487740294416084e-03
3.740896506576089301e-04
9.212852091385818724e-04
1.231603111892371968e-02
1.100269725612208066e-02
1.844393985081623150e-04
8.723538960803564016e-05
8.974049598277064664e-05
1.429526833227186460e-05
1.303963409818016759e-05
1.261522442502427165e-05
4.092909954457212846e-06
4.559224292764099882e-06
1.224842292528038522e-05
9.608032350486434071e-06
2.658394852058214240e-06
3.303841051012755016e-06
4.879879800900000858e-05
2.667514005650748919e-04
2.471243605679006652e-04
7.457064146236729116e-04
4.974841696809361759e-03
1.299348077845852850e-02
2.014334352580774475e-03
1.077260774483149944e-03
1.885512212812562761e-04
1.205981116435920929e-05
1.226319702611160482e-05
1.720614306313689613e-05
6.150133217786405186e-06
5.046108754154065181e-06
3.737404608296975451e-05
2.187197401403883810e-04
3.826526238138898889e-05
3.953598313117055567e-06
3.116174585001879930e-06
5.344097201251842073e-06
5.282529012638645339e-05
1.133312199004310027e-03
1.260372950951195014e-03
1.649870020668825054e-03
6.545152686007479383e-03
9.639984611803472563e-04
8.834397660547788116e-06
1.500571675234596717e-06
7.738096194124396989e-06
1.636426095263011457e-05
6.354552762552837720e-06
9.071216211216926099e-06
1.644862404622695457e-04
1.623722103294584010e-03
1.703089834944450463e-04
4.359211645279621154e-06
1.261042116520237863e-06
2.941395421048040030e-06
7.905776985698012517e-05
1.790578355123815038e-03
2.562156381070993991e-04
9.211565246748452246e-05
4.899208438099677577e-03
2.648850740002201345e-03
7.412665622487832748e-06
7.416026823507882243e-07
4.888116339288542541e-06
1.242826986869602608e-05
5.810920484517323578e-06
2.493401709364832379e-05
2.664652606252545771e-04
4.970058447834919827e-04
1.716631021310767208e-04
1.371405739260891095e-05
2.127116491111174062e-06
3.653635125129076270e-06
4.016758224091108699e-05
1.850294946945324557e-04
1.968006961499239475e-05
5.365362714650328571e-06
3.482426138961611912e-04
9.643632830620821328e-03
7.769253598017849703e-04
1.606995913159207557e-05
8.034551961600394559e-06
5.940795683068997242e-06
3.416688061477655046e-06
8.404451253893644672e-05
1.492229174752318600e-03
8.266897230678960573e-04
1.324095678371772777e-03
7.091413708470045187e-04
1.976794797777422363e-05
3.064580200426570471e-06
5.731620461101705681e-06
1.008815532636773192e-05
3.685351955782937753e-06
1.023314674738621925e-06
5.530828249944086759e-06
5.911585665594966312e-04
3.798879977627292719e-03
1.500016375231746078e-04
1.317659834167491838e-05
3.574302032943880560e-06
7.382428645712897101e-06
5.671965327458364410e-04
5.851884416042297740e-03
1.626017748573808626e-03
4.318229803523743020e-03
6.346174864087200662e-03
9.692887073691577491e-05
5.442846951516461784e-06
4.702315296704289544e-06
5.665725312107104080e-06
4.743682999074282940e-06
2.147432138553021756e-06
4.084707365182870572e-06
1.469476396578159739e-04
1.005636359025424047e-03
7.658453857231368317e-05
1.077108651931900277e-05
6.952772789406807928e-06
1.723378271550016379e-04
1.233422994473637631e-02
1.466047459567123429e-02
4.389527455954226470e-03
5.977460586771990783e-03
3.857564789538356961e-03
3.975741165929975031e-04
1.449959973149234386e-04
4.059642600571951299e-05
8.582961044696435106e-06
5.794810761366663147e-06
6.446867717031259487e-06
5.921003607350260782e-05
2.182829147211871445e-03
1.697069087225124961e-03
4.802536455944169806e-05
1.087100915393630285e-05
3.612175937935165212e-05
2.931585587208160575e-03
6.283239843895728483e-02
2.051886868786132953e-02
1.537341873427703308e-02
1.328126346408385790e-02
3.221742291414476413e-03
2.874986636952800347e-03
4.223599491538142410e-03
1.874753963128944652e-04
7.364759968235351316e-06
3.900849522015266769e-06
6.755537860900787842e-06
1.316767278856461839e-04
2.946432674983457279e-03
4.007903709150142414e-04
8.694281860081380146e-06
5.583819317203699875e-06
6.046272022152243388e-05
2.199380524010350647e-03
5.179473644823209127e-02
3.334110695334593921e-02
1.224174414449102216e-02
8.144871401222983365e-03
1.873278426000385931e-03
2.525432308377130886e-03
3.248621078450402138e-03
8.469317595179860607e-05
4.047291243924670169e-06
3.365143805504281232e-06
8.404379224912810533e-06
9.242086526294069628e-05
1.492081016545652571e-03
7.954933870775131441e-04
2.481557947167387380e-05
6.632531731209663987e-06
1.485181157838162573e-05
1.488955256778958154e-04
6.937998734011731512e-03
2.466199296102222771e-02
1.145717660112950849e-02
5.685725634877147362e-03
1.768697901653068245e-03
2.487222173804602959e-03
2.032525513301465872e-03
6.221527816067015638e-05
3.615251722801512050e-06
4.335603597353703876e-06
3.096443477900630574e-05
1.908238595231942763e-04
1.161202078564923081e-03
3.454654134679253138e-03
2.266015379096831801e-04
1.575369047155240386e-05
1.068812561976580172e-05
1.650331206456168728e-04
6.004137661756565013e-03
7.572536647139542845e-03
5.407259871594756635e-03
3.166071339093979361e-03
2.837417963067304680e-04
9.157919536159491467e-05
1.258275546776330481e-04
3.973662556250905428e-05
5.436175669366786736e-06
7.683830837857394671e-06
1.158841804518821869e-04
1.279895426162214536e-03
3.356926708747496550e-03
7.164375355789922867e-04
2.655295857318109659e-05
8.067396680799903045e-06
8.301544682275027506e-06
7.864034690241546372e-05
3.108875480186687381e-03
4.077673187808182609e-03
2.208408613272106955e-03
1.863891260712723010e-03
6.497561795565090427e-05
4.251174114412533809e-06
2.236338743558455977e-05
1.619731555506481431e-04
5.370727123717973582e-05
7.752890741454761595e-05
4.674943851920000887e-04
1.146120389644287793e-03
3.257557268524664210e-03
1.858730927891918852e-04
4.352829540568227890e-06
5.600704796440845541e-06
6.885973919846903940e-06
1.043490364439739474e-05
1.650123637329873585e-04
2.363080397730047723e-03
4.612759779036031994e-03
2.280726286104222626e-03
2.268095417639083827e-04
1.061140868798983434e-04
6.062464782114903271e-04
1.469341592956741743e-03
1.741837721166984406e-04
1.997439160657034113e-04
2.585635897696000624e-03
1.864263915598257703e-03
3.304361803114631672e-04
1.519471070078534251e-05
2.352536116028178735e-06
8.206452025202950836e-06
4.686546058931196279e-05
7.390978072208782227e-05
4.836837340430790301e-05
9.001732146793273365e-05
1.693771273143076031e-04
1.124785031852892420e-04
2.152655902760063707e-04
1.839325485283139789e-03
2.160475533552710502e-03
7.726502125729511547e-04
2.009644450313277978e-04
1.736765147162371297e-04
3.249428357775487573e-03
9.329469387012994525e-03
1.100922752042961380e-03
2.224035387469961098e-05
3.000628090849060059e-06
9.618256935613022355e-06
1.615658437625378007e-04
1.853075860109560866e-03
5.306492453841081145e-04
2.128726226518967620e-05
5.689683919483766489e-06
2.345634459259470371e-05
2.941887781280266086e-04
3.927879845946609751e-04
7.138587838116997302e-05
2.235656248812901634e-04
1.609306896868944363e-03
2.409977030973891200e-03
7.387751565553666092e-03
4.138825640358584357e-03
3.211314017871318410e-03
2.714050058770007710e-04
9.837052702943448979e-06
1.066668654127758802e-05
1.855264733422064532e-05
4.794514407201094829e-04
1.728572608366784084e-03
6.035613029202621470e-05
7.315795686850545730e-06
1.308995219108333662e-04
1.741618893116856845e-03
8.106294761545109146e-05
4.279027020156023679e-06
7.333131895700211974e-05
2.097495311541510907e-03
7.994239748198858977e-03
1.551178280200719850e-02
1.529862482191954873e-03
4.139979993500045373e-04
8.054498855299795773e-05
8.878277785121428494e-06
1.147567027061042195e-05
2.151430230868789441e-06
3.464161386693776011e-05
5.114531651427067305e-04
4.476856808822879093e-05
6.642100602493329530e-06
4.718614287595280046e-05
1.827391823984983368e-04
1.620427361207734385e-05
8.784573154717737132e-06
2.816735350617899304e-04
5.527837961749317193e-03
1.318855483062773490e-02
3.150783602276457322e-03
1.477075288351025134e-04
2.116709640825094267e-05
7.674917968103752165e-06
5.794602956251609121e-06
1.345187073277922292e-05
2.156531451554179641e-06
7.491907264002556485e-05
1.905251023415906967e-03
2.392729187881658651e-04
5.450239127549038205e-05
6.561747444059071513e-05
5.102888312987752229e-05
5.290450349068779532e-05
5.398708718973037248e-04
9.288185617327691587e-03
1.404871725634526843e-02
8.684334040399963907e-04
1.793151663628351968e-05
3.456948143564302385e-06
4.070828269832164136e-06
5.393431070751742745e-06
7.774191570639529944e-06
1.586648388870334783e-05
1.031046913210084017e-05
6.298469669689502103e-04
1.753397594379611443e-02
6.559133547137000614e-03
3.720379188351532074e-03
3.703924047962666756e-03
1.604448556907860611e-03
3.420229368374155289e-03
6.610720962678258775e-03
6.542464950597090198e-03
6.367319420983335622e-03
1.229250120470703925e-04
1.790556789660734734e-06
1.660548251462100133e-06
5.779068464262905712e-06
9.343358448984666719e-06
1.078744738084348703e-05
1.701567237961045353e-05
1.755689555783093757e-04
4.444153678925567841e-03
3.250663485146230991e-02
1.936729016502816703e-02
9.706251950327086930e-03
1.396307356993263527e-02
6.712850303107254814e-03
6.780554395669727286e-03
5.842559795392830149e-04
4.458364783405960742e-05
1.834183915283649300e-04
7.509654888872590759e-05
7.661724239827255784e-06
8.331273570986507738e-06
1.603014324827619396e-05
1.744645174261592532e-05
1.694362877099601063e-05
2.364319844372854196e-05
