9.192693125274478946e-06
1.034100832266335902e-05
1.115313611055372228e-05
6.976807322136377324e-06
6.226515464570223211e-06
8.834136511806199853e-06
1.193792384078387622e-05
1.155334158269418866e-05
8.467034204901266329e-06
8.712484548230265351e-06
1.086906409314512377e-05
8.600378050500222569e-06
8.170815665617213583e-06
1.127082385175164090e-05
1.312588193547670780e-05
1.266619806186203180e-05
1.292828189562134317e-05
1.775379499235096620e-05
2.193173400435238234e-05
1.420659309145183254e-04
1.306683565230990374e-04
1.787590057750212971e-05
4.843961406220147771e-06
3.079087061214473247e-06
3.234597149122406902e-06
3.960506917879038960e-06
5.583826638362320964e-06
3.594762347064301252e-05
1.905728475728263674e-04
4.072417674032105300e-05
6.337422471018029490e-06
6.218929398041244571e-06
8.604933889334356924e-06
8.682598878860242478e-06
8.824004836685675601e-06
1.293072142675136919e-05
1.206482027598132126e-04
2.296926857565648617e-03
1.674514172713982866e-03
3.754319344083027039e-04
1.107775260274311134e-04
1.095533359855761457e-05
1.883220069774930628e-06
2.290806353476461766e-06
9.070192546338376807e-06
1.644540457917377464e-04
1.703457756926055706e-03
1.686046352929680399e-04
7.260675909766538095e-06
4.921968134685814071e-06
7.745993212486137173e-06
8.393783191671832348e-06
8.501468417282730214e-06
1.243503763149277940e-05
1.074241597098863005e-04
1.962728055943868417e-03
4.176472123567561215e-03
6.842441740835258912e-03
6.827863564865633422e-03
5.046028172778219611e-04
1.746070264728358698e-05
1.150106796524008009e-05
7.088290359406677454e-05
1.116426757636845520e-04
1.121093242310697611e-04
4.855102275397995751e-05
9.203986445785624065e-06
5.626859873395772642e-06
7.647479896974214910e-06
8.604078592258397330e-06
8.775700581333470085e-06
1.268155155876678810e-05
2.009470823077320943e-05
3.402302706787474419e-04
5.940523833586512821e-03
2.015221726652016709e-02
1.361644070727288311e-02
3.560301615665304852e-03
3.666557052279694113e-04
1.979017233114786388e-04
1.761429806161355022e-03
3.604514000799045577e-04
4.468640056436542140e-05
1.089692117277896584e-04
4.609448546516383294e-05
8.967032597652220720e-06
7.356832893818688908e-06
8.598921219468448133e-06
8.912977448209677476e-06
1.272990061567747144e-05
4.122618189199427073e-06
1.284543677379318893e-05
5.873558914120695015e-04
1.051411298620776209e-02
5.726545979840369852e-03
2.308349417505766409e-03
1.027481143761709145e-03
7.608207078848984277e-04
1.024074205893568679e-02
4.069213377487480854e-03
8.706033008611622223e-04
1.438486341669950033e-03
8.913088137664585677e-05
5.112836008168660942e-06
5.057535702894415530e-06
8.206939117730463910e-06
9.052904450600337158e-06
1.275251279574036039e-05
3.978665210899235932e-06
2.771981433421374943e-06
6.683889729162270318e-05
1.533124999915879555e-03
1.187118191809158644e-03
1.152863447527803942e-03
4.083320462995698838e-04
2.193621414945638053e-04
6.176594681730433051e-03
1.190667964262568865e-02
5.853837989556633439e-03
3.795664409996566020e-03
6.218230333242805901e-05
2.346163905813998573e-06
3.246788439846888184e-06
7.440424347347386280e-06
9.108096163490656371e-06
1.281378378786294847e-05
7.785311087916669970e-06
4.146804168570403554e-06
2.824255330717079715e-05
1.029034903611171498e-04
4.285923642979253684e-05
5.750987747419355377e-05
1.391997874179448937e-05
8.915965769611836967e-06
5.859129424667011005e-04
5.634083511152787431e-03
6.803076080928765340e-03
7.970855918598786227e-03
4.281971956985354544e-04
1.107452332277361226e-05
4.519845337928017704e-06
7.047754958750673606e-06
9.012781193131188663e-06
1.289225694737961391e-05
6.755940929232090951e-06
4.608208548573805817e-06
6.240930019546397814e-05
2.712485893842471116e-04
3.407316814562839268e-05
8.318585595244899896e-06
3.061341648104785292e-06
2.029981190559794544e-05
8.238282115268608877e-04
2.526426711014205864e-03
9.757336878042819142e-03
1.382918374671032562e-02
1.909145407410980932e-03
6.704875967058354517e-05
7.303802296226257031e-06
6.464450434627337256e-06
8.811865447602450476e-06
1.303342474421187554e-05
2.004371473163620075e-06
2.611336327537225194e-06
1.410309579135849572e-04
1.213800206952803324e-03
2.913123923787665822e-04
8.367689795091353907e-05
2.804919145418080216e-05
3.455971152182612605e-04
4.596597250256719870e-03
2.562204010609285803e-03
1.018331453247617487e-02
1.224345722711535182e-02
2.617365521455537140e-03
9.457706987873218092e-05
5.214690400420914527e-06
4.735857086565459947e-06
8.361363932790875648e-06
1.319441965687822195e-05
9.859458553279838195e-07
8.389779105576263227e-06
4.351284276746061365e-04
6.116285354067301470e-04
6.659917927355839913e-04
1.275905041339953300e-03
3.439921265827013477e-04
4.187164397956806886e-04
1.311616315082910975e-03
1.634636418899348227e-03
3.318152649720214689e-03
8.934640395411759528e-03
6.643571274983234125e-03
1.066535999357749108e-04
3.202730205444919767e-06
3.519577846928118183e-06
7.810803311044169038e-06
1.318168016652808670e-05
8.026761089747403818e-06
7.758147456272965550e-04
2.063439166620261236e-02
5.413320670131733202e-03
4.036590426171770239e-03
3.716818980620957471e-03
2.337296403094337414e-03
3.600392684498751952e-03
3.514239035586680469e-03
3.262289408178037625e-03
6.038060156018713182e-03
2.012927481172434307e-02
1.786671175464337250e-02
3.842326810053794516e-04
9.947203093816630736e-06
5.339957812341568125e-06
8.099321704566055669e-06
1.305958884862153548e-05
1.011142396240216829e-04
1.163481947721410267e-02
1.132481660799409817e-01
2.562169052655786233e-02
4.420891139022879723e-03
1.919254420654334077e-03
2.715490026202889342e-03
3.593727325217188368e-03
2.951571073626917986e-03
2.789133070230401853e-03
8.120619532992721934e-03
1.485218619415341543e-02
1.982736130404033278e-02
1.850958574582518053e-03
3.938127812911011000e-05
8.374003678113462390e-06
8.542915396216908545e-06
1.303821572941711772e-05
5.822376828797910195e-05
2.675392566290512707e-03
4.219893893465193752e-02
1.587716540969503695e-02
1.047516582955902590e-03
8.648425459757923522e-04
1.245945079817744683e-03
3.281994614377758404e-04
7.769120130411372258e-04
6.188139590672762057e-03
1.792576419503450272e-02
1.371061120654449954e-02
1.432598167827727961e-02
5.290693317400929283e-04
7.844074673256813533e-06
4.037951365831650616e-06
7.659209129947175802e-06
1.311910932457818283e-05
1.053001516980344151e-05
1.025883388734299555e-04
2.154798759745966096e-03
6.478211966953348333e-03
4.279621748892273661e-03
2.000903511570417594e-03
3.649614703474329488e-04
1.913972339053877589e-04
1.924278999392866176e-03
1.053841841795384766e-02
1.211131371398525142e-02
1.133100042528094667e-02
1.004350206412543516e-02
1.263110929415833480e-04
2.030459413138851490e-06
2.588757824457164853e-06
7.476521973327475953e-06
1.327280783401983798e-05
6.037415585743135137e-06
9.110820442589482747e-06
1.055043686460286457e-04
1.521803407155635770e-03
2.384255092150572818e-03
1.934799709121657241e-04
1.446027320066852292e-05
6.794790845664017370e-05
1.924641490724565956e-03
3.414053021800855185e-03
6.285749813182859788e-03
3.503675835329793375e-02
1.644399611134378728e-02
1.187087777865843000e-04
3.573316794156408751e-06
4.255822348122515000e-06
8.496019854339639750e-06
1.327761252081107834e-05
6.919036036384751180e-06
5.329001883330543895e-06
7.993598850337191644e-05
9.162347754359015080e-04
1.144406966025733223e-04
3.123217409500140300e-06
7.380563527559391409e-07
7.015097419993552738e-06
2.915311650959809243e-04
1.387812441474176647e-03
9.292446751695656454e-03
3.155389661253892031e-02
7.401105929422780545e-04
6.766013548786618019e-06
2.570291319753909022e-06
5.996546372602909760e-06
9.177199831205091145e-06
1.306975312821567154e-05
7.003644362733297539e-06
6.083987436558749793e-06
1.637820950524829862e-04
3.380425469761415367e-03
4.812745060827145946e-04
1.784645016090449543e-05
4.080249386952021537e-06
1.811354754704281591e-05
4.822383390686682840e-04
2.807677202416731122e-03
2.866935325812229596e-02
1.770401256145861732e-02
4.274134115978745532e-05
9.645020842655928750e-07
2.174835989038292579e-06
7.077324527856632072e-06
9.266966792279473638e-06
1.285763813530436127e-05
3.485864045244344299e-06
2.931007963876032981e-06
2.524516264361105575e-05
7.576866259794569998e-04
5.042308738335456696e-03
1.989070661497202835e-03
3.309475374162944641e-04
3.059879642851502874e-04
3.064857378149784314e-03
8.574802606538194094e-03
1.773950929695542605e-02
4.655736977861936118e-03
4.109592271176883377e-05
3.082446333594757058e-06
4.873777663961582934e-06
8.443591135931041318e-06
9.108646546436297768e-06
1.272400714387787663e-05
2.740052271028262532e-06
1.516175269241366226e-05
9.910320951748486686e-05
2.992677303063699364e-04
1.214995496282894084e-03
1.205878273660205462e-03
9.935326617108307563e-04
6.752604183425347769e-04
3.905081829570617846e-03
1.391697679702298338e-02
2.408296392006411581e-03
1.558395787048034347e-04
1.524437748633471520e-05
6.684972823979176587e-06
8.015392498378391692e-06
8.836928527913181009e-06
8.854380788248763902e-06
1.267490531859505801e-05
2.150373772926964490e-05
7.282937031699158233e-04
3.409786849904119458e-03
7.705746436999833969e-04
8.219382497817307300e-05
6.129048325307513408e-05
8.241854865935956684e-04
2.025925935840558294e-03
4.041456978802406008e-03
2.818770767652751651e-03
1.059219252902937305e-04
7.921850915563944634e-06
4.958435731034386098e-06
6.968823454892914014e-06
8.701285815108300703e-06
8.623475689542005275e-06
8.720799053926793233e-06
1.270687043767879999e-05
1.796049932688289043e-04
1.325272018839111646e-03
1.589281664480240693e-03
1.737236569143003418e-03
1.532836666733683548e-04
1.006438909739885491e-04
1.426027909991946013e-03
6.281296355034123209e-04
1.283804359587755232e-04
3.796458364717796876e-05
6.128688515571512005e-06
3.346874565778375892e-06
5.365197328209161600e-06
8.063452478673511207e-06
8.833675881649098163e-06
8.444818894501012526e-06
8.657140975811216760e-06
1.269517285365199314e-05
6.532197665438448867e-05
7.302595001848331433e-05
1.442507955944362071e-04
1.780451887587029651e-03
2.751077386392614295e-04
5.432314182614082592e-05
1.244401553828907120e-04
1.640275068102388636e-05
2.745903860370836388e-06
2.958648288569014046e-06
3.784680609962989023e-06
5.531306546940073283e-06
7.839489481229820717e-06
8.725022583191373302e-06
8.541547264148154333e-06
8.138858596259667544e-06
8.432715697588765233e-06
1.245803050850515616e-05
1.238013991954693333e-05
7.823975791838147495e-06
2.080788216857413754e-05
1.291373685333057947e-04
2.888107507178945950e-05
6.058590288058748752e-06
7.824582407576752185e-06
4.168740290295842177e-06
2.803321154592329070e-06
4.686589560029345012e-06
7.259309196019548680e-06
8.721168562777393841e-06
9.110264566813165439e-06
8.930233164158376616e-06
8.701279804587153951e-06
8.425303297656105826e-06
8.798639123247971926e-06
1.295162891627792938e-05
1.380089284430522849e-05
8.326793681190313795e-06
9.694255050282774198e-06
1.409202212405623211e-05
8.572070663785522730e-06
6.276931953865125746e-06
8.683226303349987610e-06
1.000475718828679989e-05
1.092496279605313665e-05
1.281049509326133453e-05
1.355518169788797877e-05
1.326966386098616993e-05
1.290724336424814680e-05
1.274318256445000244e-05
1.266821474446980705e-05
1.243481732453353810e-05
1.294345348843016535e-05
1.777668298383430732e-05
