1.930438075630813222e-04
3.974937802950399314e-03
1.262401955245826338e-02
8.868130700809682965e-03
3.162383088374422311e-03
6.578527764367147514e-03
2.831528866330886626e-03
1.025015022440372122e-04
4.638349564886728158e-04
1.701418193532320926e-03
8.508059488848568612e-05
2.345511580027294349e-05
1.611671122083936628e-05
9.649017273713985824e-06
1.464797344351504568e-05
2.022266122363528402e-05
2.001116241844858588e-05
2.923538898172980212e-05
3.151531710183261108e-05
8.267306375990245973e-04
4.399536358900624396e-03
7.386486443623850595e-03
4.227849925328518339e-03
3.229102964869281014e-03
3.144900638160051231e-03
4.784210201230837877e-04
3.762192774372030615e-03
3.497348979229202015e-03
5.635111476410251439e-05
7.458663391890694408e-05
3.926499135145872997e-05
3.388474263298887182e-06
3.886114835822981947e-06
9.666156570060356701e-06
1.225106013646549429e-05
1.924421844834804109e-05
8.497862063723713116e-05
1.670556891338656653e-03
2.138996334790670660e-03
3.233651194237593604e-03
1.756204473746360642e-03
2.670171453847579790e-04
9.745183039452463142e-04
8.157437108364451114e-04
2.840450014045016024e-03
9.795670004626768831e-03
1.881265763743124103e-03
2.917705305221130526e-03
7.536178669253693193e-04
1.361475876013293926e-05
3.250824854161280599e-06
6.798890002842338032e-06
1.163002095601814242e-05
1.958811893876779005e-05
1.168825891464646288e-04
2.496747705127775295e-03
3.111518869361751607e-03
6.428909720060676895e-03
4.792556690318348391e-03
8.090774182248730876e-04
7.637246420103880815e-03
6.057116257389818202e-03
6.499367031169232378e-04
1.202818966743368547e-03
7.746497028456336004e-03
1.667867120567830333e-02
8.324874570510286051e-03
2.657442451605377537e-04
7.502040007999720258e-06
4.392614923688670094e-06
9.519283538419409066e-06
2.049833389921473063e-05
6.709531954510259810e-05
4.539430033827292210e-03
9.174134315053678046e-03
5.385311607442142857e-03
1.144881054894261556e-02
9.597887758919414550e-03
1.365403594941863065e-02
3.518183619309202693e-03
9.403336987862012230e-04
7.021101736133250355e-04
2.492999877556923045e-03
5.766738089524027500e-03
1.029699532972251988e-02
2.206735829118859540e-03
2.733303555032599278e-05
3.416095941932788882e-06
6.849978422607576235e-06
1.999732482248313531e-05
5.668461164758461260e-05
5.124992948829830766e-03
4.226091085964558784e-03
4.702236130987887249e-04
2.072907005427924304e-03
7.571162623958026944e-03
8.924442074917014744e-03
3.419447346851774237e-03
6.925275693138156080e-03
4.914249157165481025e-03
1.951804352658452913e-03
1.987634990125170496e-03
3.808291771611087631e-03
9.609616607838449356e-03
4.347386373639790290e-04
1.046869258471702485e-05
7.155084129645792140e-06
2.003138863196883218e-05
1.023740573275570820e-04
4.526746540445920550e-03
2.569296246273632123e-03
5.805475393092705784e-04
1.701658550480278321e-03
1.163070151019818602e-03
1.690742547223575551e-03
4.421867469979181772e-03
4.913503873925526184e-03
1.649479942458812517e-03
9.673849016949996518e-04
1.937584058567029489e-03
1.814286290990421886e-03
1.131596381866296908e-02
1.785994504052257998e-03
1.598384453274742138e-05
5.055390141510768956e-06
1.667118600047637025e-05
1.219166425480113018e-04
2.138394044511707746e-03
2.484830901816216259e-03
1.799834292077002497e-03
5.048186508325293829e-03
3.463538658228443052e-03
1.788635520300136316e-03
1.529476415867912472e-03
7.188667379964423570e-04
3.284735818680038365e-04
2.278235083471580867e-04
1.095914727341373244e-03
2.319310143166686614e-03
6.806691095114304584e-03
1.188455037375043318e-03
1.622521858682142838e-05
4.199533613991373339e-06
1.353409860359442216e-05
2.717000163709774402e-05
6.436098748240641932e-05
6.017359094802897693e-05
4.736594602464266088e-05
3.172891499919342417e-04
2.846185234365305582e-03
1.093369785105077156e-03
1.104242864411764135e-04
1.858851300023610354e-04
9.302626127929826492e-04
4.847279007863672189e-04
1.375380001613789663e-03
2.286242567871070441e-03
2.611895946654898496e-03
3.387521384228403109e-03
3.094855156467966059e-04
2.363178760791419174e-05
1.910112740891172452e-05
3.555985831988367044e-06
3.398419204427619645e-06
6.401469627827432258e-06
1.587849973091307629e-05
4.547233879939962284e-04
6.518394333314565456e-03
1.499349521968164735e-03
9.722045503909702716e-05
2.450339015271251657e-04
7.270647497034193841e-04
1.339655293561070940e-04
1.365408359342532864e-04
6.475341715681704618e-05
1.594734629124666420e-04
6.186895424335223624e-03
1.711517254878934221e-03
3.500669571692489635e-05
1.637556453889653469e-05
1.473895344507224327e-06
1.406511841987569170e-05
2.215571230313553874e-04
2.376563487186220288e-04
9.583021691935408653e-04
8.341575596714070678e-04
1.195378636644904742e-04
1.436773930133957127e-04
2.102413230480414293e-03
1.571864147949806993e-03
1.566403755088087988e-04
3.217868939332996290e-04
7.886526743927447299e-05
1.119596917920192349e-04
7.654141515195070355e-03
9.004973330959715897e-04
8.008608794870639117e-06
7.312394873461679546e-06
1.238518785972808467e-05
1.013470324911057083e-03
1.236494382057287504e-02
1.173512405424500865e-03
5.936562712472805191e-04
1.532695560245966036e-04
1.119327206141192676e-05
3.277432547474847267e-05
2.316279703036649377e-03
3.027552462833873418e-03
4.269026201280535626e-04
7.963079564975272806e-03
5.201285163210751274e-03
3.621502867687051842e-04
5.683731329086391844e-03
2.254108460351898421e-03
2.325729323183051812e-05
1.047383102833577730e-05
1.239795523049216865e-04
5.883777762264043310e-03
2.095761709956376478e-02
3.989660298041573100e-03
4.192997724107533873e-03
1.895706090190956523e-03
5.417662316899931761e-05
1.296664722439177123e-05
3.213522934675257887e-04
1.233345976624665961e-03
1.461184688078092362e-04
1.819706089880015901e-03
5.587786568397132281e-03
4.765050743739345342e-04
8.678477681393197488e-03
9.279886573693600649e-03
7.462543605290347280e-05
1.509605343639315907e-05
2.844534490835582590e-05
6.627090101590666629e-04
8.680352767989018420e-03
2.638378260140086373e-03
4.158294552355253212e-04
1.523341583348714003e-04
2.141965332353668120e-05
3.895347623533265960e-06
1.838881488109043866e-05
3.251426707077512178e-04
4.096333385897097225e-04
9.624184950192514335e-04
1.025097510748736260e-03
3.367770843933487728e-04
9.905834083488574207e-03
2.651962936015769996e-03
1.293625464658533888e-05
6.908315245214477768e-06
5.516922017224748542e-06
4.943903666470639887e-05
2.226394548737621343e-03
2.554592844168947913e-03
2.043989560599072713e-04
2.230011017373010059e-05
4.711410005951188445e-06
1.226139481527929553e-06
2.067006884416567260e-06
1.295448732836172051e-04
1.556184957946355005e-03
1.246369769810232913e-03
1.044334159610478974e-03
6.017705601972587592e-04
1.272321525940785236e-02
3.175037003465307813e-03
1.687508017102482460e-05
8.513101442924745474e-06
7.371646636853183303e-06
8.495334734280504918e-06
1.394977721559341997e-04
2.171541689537069726e-03
1.714187450166722087e-03
7.668837054690855431e-05
4.438700559135102997e-06
1.332639868671585264e-06
3.142651772296561868e-06
1.837865736779959141e-04
1.976849166615537480e-03
9.751781301347544739e-04
1.590426422426117993e-03
1.024223632619321615e-03
8.212720859243769628e-03
3.629932745511238890e-03
3.979880539552415860e-05
1.391194934052450439e-05
9.732027927039461080e-06
3.945610940663012763e-06
2.776697203463109487e-05
4.714994401665421105e-04
2.573394446958546136e-04
1.719922641258047263e-05
5.759509431535349905e-06
2.101456342531489988e-05
2.818349056708259449e-04
2.742970903466287417e-03
4.487157741950071992e-03
1.935740047751524986e-03
2.749281294612453044e-03
1.496206698641681324e-03
6.082505292307130093e-03
1.340349453258128957e-03
1.686516542711708871e-05
9.231104976203443615e-06
8.503927924548016005e-06
9.257399508291091336e-06
1.507001642257907394e-04
1.485878811176266504e-03
2.682318018554786772e-04
3.612681638486992273e-05
7.967097110584382496e-05
5.149487428433306745e-04
3.333406668617476185e-03
4.791936254271766948e-03
2.197499015930565788e-03
1.082091359256467109e-03
3.561784901797573812e-03
2.175912209986778298e-03
4.532285504216531855e-03
1.678996010794374383e-03
3.812771963821158663e-05
1.414917982499119591e-05
1.425995882326591167e-05
1.473720878961252447e-04
2.336525374264539386e-03
7.862998097825230071e-03
4.266751307902638332e-03
8.576789268300790033e-04
8.039593439602527817e-04
6.305287014288072809e-04
4.643248597801114268e-04
1.263405590115960000e-03
1.382382369731166832e-03
4.495793677078829408e-04
6.606146873568961332e-03
1.839701404378342106e-02
2.475150575304618360e-03
2.452747868474394418e-04
2.746533671424023575e-05
1.906446667339820362e-05
5.803139109039159204e-05
4.714001391372027450e-03
1.405250821429334523e-02
4.665641723399854661e-03
4.630331500723915139e-03
1.455324864811848896e-03
2.014701994169319169e-03
1.701419167383814730e-03
1.681029087433588698e-03
9.397365362208870074e-03
4.360333626230263049e-03
6.937260157498679677e-04
2.876467953217704595e-03
4.537492926150332381e-03
1.639903006316397068e-04
9.010722898756562020e-06
5.923944305574660435e-06
1.547655687343990394e-05
1.704280248719644347e-04
9.701704822585739338e-03
8.897920845522419575e-03
3.854484217193934747e-03
4.040279332649588349e-03
1.902096905972022918e-03
7.115106184523200053e-03
5.205540031207956178e-03
3.985864287644697544e-03
3.402550465529360565e-03
1.117218125341889112e-03
5.991549991715623344e-03
4.942745155448659278e-03
1.569936419084824427e-04
8.420893631220739754e-06
3.398400469080269763e-06
6.157924999447469397e-06
1.802421647482157409e-05
8.722573764693973845e-05
1.566409750139546343e-03
3.853227160739908230e-03
8.060533316686987332e-03
6.830957360977554620e-03
1.972236886584002001e-03
8.166094741680510020e-04
2.225596238979437734e-04
7.054659251083184642e-04
7.820993084129149652e-04
9.640639562117305937e-04
1.151719279148349408e-02
2.299390258197833454e-03
3.310227550793015910e-05
5.525550239345977062e-06
6.711064981243021295e-06
1.085720951782194521e-05
2.074765640940465152e-05
1.195536193161894222e-05
4.836136883936375370e-04
4.141483091798152036e-03
2.515862979227427229e-03
1.759817940475073145e-03
1.492601463120122414e-03
2.398111435884239047e-04
5.301792273480522159e-05
1.107826652766146815e-03
7.097246523065587134e-03
7.846131852957887592e-03
8.421569312888092448e-04
2.379049828331312704e-05
6.540228015813745565e-06
8.158870334455645381e-06
1.083591911315532220e-05
1.199355391433892005e-05
1.930877816039573133e-05
1.995573866807742334e-05
2.798680954831641275e-03
1.569149106242624658e-02
4.313906105160207963e-03
3.980487889331108323e-03
4.906739162888849350e-03
2.513813755548666325e-03
1.827622690394667100e-03
7.174707937546858511e-03
1.118069322860166951e-03
1.365958433880298405e-04
1.224354839332030494e-05
1.849525416412958539e-06
4.182465954706587404e-06
1.071160150145234811e-05
1.203060700726127172e-05
1.161144905061758375e-05
1.893253659087436877e-05
3.230998022532487819e-04
2.300900111433394624e-02
2.517512522050368434e-02
5.650168684550430781e-03
1.820034027064276706e-03
1.054795055742655148e-03
1.104745778157993847e-03
1.689779018702756552e-03
6.161447483440670543e-04
6.824616398893866495e-06
1.124357122139175223e-06
2.969083693085096435e-06
6.622568697951407921e-06
1.517428705524135513e-05
2.134208781312087321e-05
1.953034851967348643e-05
1.890400607300227691e-05
2.926724208492623868e-05
