6.720343493655213320e-05
4.542822935176577849e-03
7.022819204862658544e-03
1.979322080573875202e-03
5.457476161444716270e-03
2.564253949677476477e-04
8.921122752330938024e-05
1.121856614425048018e-03
1.574089897927433666e-04
9.182960318434391791e-06
8.076118978690598326e-06
9.283563875807760129e-06
6.610538005496000652e-06
6.462543331767901558e-06
9.304032892043751450e-06
1.211050762712662566e-05
1.312307048030989149e-05
2.022032758260568751e-05
4.957187637991946407e-05
1.300755699912615072e-03
2.723766282896158616e-03
1.845525595039737522e-03
2.457846462659687981e-03
9.114919599593789468e-05
1.517278818359583160e-05
4.660962029998675710e-05
1.412258826956637177e-05
3.163898681820930444e-06
3.352737693161477448e-06
3.695431045863126656e-06
3.242603953853637612e-06
3.198134960571776148e-06
3.841305443106899281e-06
5.316845968657197993e-06
7.048232630083434136e-06
1.279049200594424214e-05
1.222912658586087572e-05
5.581883656997299684e-05
5.281131309319093883e-04
9.965853424078110080e-04
3.557517427565131578e-04
1.733154334546678868e-04
9.910205970995536473e-05
2.140784559056080170e-05
4.082300215451186822e-06
1.611928623904176691e-06
2.188868664481424473e-06
1.551196452315612177e-05
1.631323696934654254e-04
1.521172344931376156e-04
1.904287091987853442e-05
5.966567763289719814e-06
6.574018414851682481e-06
1.275505443780251106e-05
4.975884831742937475e-06
2.051555676274713493e-05
9.828010835198708675e-04
2.947740531244408616e-03
4.630045721299263757e-04
8.212042470874944197e-04
1.053815404670542348e-03
1.372599439429452741e-04
2.391938344130181777e-05
4.913918006535050349e-06
3.537105911382909645e-06
5.076682042188510638e-05
2.579808107339730261e-03
2.544251615597626671e-03
5.276374006148033515e-05
5.317607331179764255e-06
6.138136455615950014e-06
1.372337645982192437e-05
9.353266630496678263e-06
8.859549275420409986e-05
3.352158071522805954e-03
4.614733428807974575e-03
4.989485831884690140e-04
9.068375135666150886e-04
1.992757645004152901e-03
1.583345042537319045e-03
1.095889450995392138e-03
3.465202312757724142e-04
9.542332617947703473e-05
3.456151838176374659e-05
1.774228122482725983e-04
4.893883536644291201e-04
1.987795645885937878e-05
2.120940560449375177e-06
4.208945986778883433e-06
1.393856793755035785e-05
6.864954061109495220e-05
1.393735621659989658e-03
8.585980655522032490e-03
5.111536259926321643e-03
1.923069916124699446e-03
4.645329332168331160e-03
3.867418273749926878e-03
4.027057435601065320e-03
5.056897670595648757e-03
2.214369157270322953e-03
1.158350870307070816e-03
6.544516738116072446e-05
6.763506877003064375e-05
8.967188102684299500e-04
5.740834756025759572e-05
1.800917830277070061e-06
2.639709948379364445e-06
1.271633468581982630e-05
8.590918441075041684e-05
1.135167584021243552e-03
3.364896235341386169e-03
5.304839392588635641e-03
5.377947813548581910e-03
3.599683329181831756e-03
1.145598518142981704e-03
1.843462932882401891e-03
4.985717808975054233e-03
1.532908771159254870e-03
1.241268709486531173e-03
2.306473210623541685e-04
1.092349314197373631e-04
1.255117286126831034e-03
4.177355707088973203e-04
8.283292770867048960e-06
2.533926025647767877e-06
9.645676984081127310e-06
1.426215541625806771e-05
1.520956684111759495e-04
1.526516122172309710e-03
3.040100783159490391e-03
2.155825331354168164e-03
1.221851855899412252e-03
1.177357540542867597e-03
1.927063212258709217e-03
4.239931449998585872e-03
4.960826998585510066e-03
3.058119183698587793e-03
9.242574839313668191e-04
2.716909729177233233e-04
3.957448293357276534e-04
7.532429392381896063e-04
6.047095092715389618e-05
4.158052978578766968e-06
6.719147190090639349e-06
5.411439374497352628e-06
8.663185052639810809e-05
3.896013880977991332e-03
6.330335912088542148e-03
6.315696900607143532e-03
3.741454359017658011e-03
1.254161378330065140e-03
1.058875170368046631e-03
7.140729959139878371e-04
1.891327525485255942e-03
1.432943481539817243e-03
8.083731617630816966e-04
6.349020107044388685e-04
9.880877123282178019e-05
1.980252999263433121e-04
3.020889664915104656e-04
2.367310905660267856e-05
8.739242773569551892e-06
3.642812455026095026e-06
5.512184401772587716e-05
9.040504665308686169e-03
8.877529719211673179e-03
2.131579319295257100e-03
2.941743401418619400e-03
1.577046080506982941e-03
2.223010608410130092e-03
1.514450470949193573e-03
2.203062004361030189e-03
1.701372291526935445e-03
8.680019315274721016e-04
5.743957213046448160e-04
2.875585991292564406e-05
6.346471331291322676e-05
7.636157373262495753e-04
8.259029780360436135e-05
1.096883756950595494e-05
1.730668495854777547e-06
2.134424931120699153e-05
4.436140612140279313e-03
6.273326022630786210e-03
1.090811689301988442e-03
4.942826878036694557e-04
8.180563190521597213e-05
2.733947819149323160e-04
1.793423222606671096e-03
1.884519970407605915e-03
1.195217191891215312e-03
5.734016919437373008e-04
7.946009223562730799e-04
9.696624048706665479e-05
1.313069248092164909e-04
4.372586894107585091e-04
2.491123489240460855e-05
5.352021358986665839e-06
2.247288727686997443e-06
1.119594967297374782e-04
1.471601263083206768e-02
1.474185341546183602e-02
1.140770245861039492e-02
2.899654153732856513e-03
8.504013907344156397e-05
2.478838373118522433e-04
3.429136681522840062e-03
1.949227229877165037e-03
1.054804345960625930e-03
3.244859369672313488e-04
1.281433775118462261e-03
5.941318089048326775e-04
6.836748201718583808e-04
1.426808035004463850e-03
4.434340896379794495e-05
6.123686213343119691e-06
2.080519897799585862e-05
3.312220388979189405e-03
1.525548396815761543e-01
3.069634679466892724e-02
1.154263442303720202e-02
1.059254025882318262e-02
2.182993472170597152e-03
2.132063239639037360e-03
1.111144900465921119e-03
6.259159470955062959e-04
2.107591749514359670e-03
7.277934267679729737e-04
2.479510965747784568e-03
1.133093062905899621e-03
1.046711659552717428e-03
2.488914373144973310e-03
8.822757858796622819e-05
9.556484999487295734e-06
7.614227548070400745e-05
3.822928886613521059e-03
5.004324343253688939e-02
2.037444465341004332e-02
8.093843203190956986e-03
7.236279677541150764e-03
5.120160771548259646e-03
3.794363900694709170e-03
2.134685881725453056e-04
2.767309843647741967e-04
2.794502500427033503e-03
1.695466502896337060e-03
2.621738254548542594e-03
5.666594921996367983e-04
5.271047723710001924e-04
3.299758351247523221e-04
1.352103394150425819e-05
6.585231568857259411e-06
1.338587548131556755e-05
2.714193546593829821e-04
6.520694364530803602e-03
1.182949064230508565e-02
7.174007045916507182e-03
3.448282354323574817e-03
3.349197067237159355e-03
4.117701517799629216e-03
4.125137735093340439e-04
8.824818546335505163e-04
2.870603552463970622e-03
4.599332899213591855e-03
5.884195591577678387e-03
1.784137195673108343e-04
5.966420053848533003e-05
2.125747494070198058e-05
2.608670407191801313e-06
5.831954729886804343e-06
7.826856344077728409e-06
1.548160881674548667e-04
6.107643129224267844e-03
2.263074155934369572e-02
5.670240417863044516e-03
1.335670034046193989e-03
1.259941273401019588e-03
1.055797590112722171e-03
4.495860467925032232e-04
1.217646743490364072e-03
2.213323809364991374e-03
4.118321408843675369e-03
3.790451904123537559e-03
2.430148696825658186e-04
1.272614596572911659e-04
2.646930970368393943e-05
2.886247536455661012e-06
6.118708752351730380e-06
8.702928173057758411e-05
1.201806060957636216e-03
3.147566413747930961e-03
1.058466533631374426e-02
1.124960446169571797e-02
5.652971814264016147e-03
1.846586087435727165e-03
4.373553588627069146e-04
1.058737214283200908e-03
3.391437747014578851e-03
7.725182858364591787e-03
2.439619127301900867e-03
1.497566689989507133e-04
1.467638868324006778e-04
8.018524814550122845e-04
1.081173459781161600e-04
7.463471856568163619e-06
6.546985253799159421e-06
1.009783382544375698e-04
1.140392626111511867e-03
1.564854395568657762e-03
4.385582170324841753e-03
6.029490275974136969e-03
3.506404371127767698e-03
1.863255957039299448e-03
5.708166417623578058e-04
2.193031360461968667e-03
3.391282593970565678e-03
4.888347002541424888e-03
1.873666854168652002e-03
9.759065338605361450e-05
1.646881356661708898e-04
2.483973423797812921e-04
8.193264999485749931e-05
9.024201325991417053e-05
3.208104284232143986e-05
1.700259300141975562e-05
1.763444253189691080e-04
3.279559276872310268e-03
5.758568646660619517e-03
2.464982135230263730e-03
1.847993599122134314e-03
3.143790479443664930e-03
1.749395768113182160e-03
3.102232145637059176e-03
4.252516297730588035e-03
1.393363080675596088e-03
6.400805494727032424e-04
3.393209394686553192e-04
7.552277827596603913e-04
1.401095031652733862e-04
9.939936541519238270e-05
9.650117682823159066e-04
1.485424975246434607e-04
7.331358973806211671e-05
1.205781300514127913e-04
3.365881001396688575e-03
7.662352048788544263e-03
6.911708909785723234e-03
4.725542525458521423e-03
7.896214842484984911e-03
9.141008438851305068e-03
9.824910421211396558e-03
5.046768541627588353e-03
5.794063453795106648e-04
4.519890836082239940e-04
1.913891342981343063e-04
9.247144139786749181e-05
2.377834593690837637e-05
2.370191393524586853e-05
1.132369415514290930e-04
3.584766237528373597e-05
9.973198854269188333e-04
5.119290459575437033e-04
2.140137012513827937e-03
3.353418455705285510e-03
6.850735473229682161e-03
4.756489937420050468e-03
5.357731096484231320e-03
5.298172277370821054e-03
3.761930714262739801e-03
2.790085060122762112e-04
5.050847398779242719e-05
4.445472588535753452e-04
7.723295727549920730e-05
4.042165609680181112e-06
2.680195364350256908e-06
4.057910294162836161e-06
6.647112662243019513e-06
7.820966246298558693e-06
2.415459391992141338e-04
1.240531982693630908e-03
6.143416699162154021e-03
3.177272362815058027e-03
2.900069644017597408e-03
2.037720817101388096e-03
2.165746295143958396e-03
1.992122449442235849e-03
1.141371625803803058e-03
2.438276332464784561e-04
3.340711722718722439e-04
2.143819951589202768e-03
1.105961064717752266e-04
3.387032359711883860e-06
3.111172708505309001e-06
5.055564390674556847e-06
5.558559745175276958e-06
9.555893619234810343e-06
5.579510510139553669e-06
6.849084713814572738e-05
1.054611312946021747e-03
1.319149253185159833e-03
1.435215877651018586e-03
7.653879545565175652e-04
1.187071347370473795e-03
1.998960154425404034e-03
5.665422444081733445e-04
1.042190778272868157e-03
2.667107276950935434e-03
3.882054929708254843e-04
1.339899291852698313e-05
3.393918297062929051e-06
5.677941863761277017e-06
7.742046596819203460e-06
7.607870769543410375e-06
1.277092120930311259e-05
3.257241873493342145e-06
6.839984292468117937e-05
2.200932534853773746e-03
2.982509400385035397e-03
1.748821152955423947e-03
3.219890996769080678e-04
7.998049692714377309e-04
1.778429995193294300e-03
8.123171082869425454e-05
5.914985349605369764e-05
8.054124774735774465e-05
6.239214338240133459e-06
1.542434351935271581e-06
3.352213751488815805e-06
7.326955486026208042e-06
7.940633956111602286e-06
7.583532134645047986e-06
1.289226403525851221e-05
9.920770820211941598e-06
1.489026403977647569e-04
2.806236904519232665e-03
7.950594829585834120e-03
9.505425076142284824e-03
3.192776673752904196e-04
2.317823883137859497e-04
1.179133173680501582e-03
6.703617194639829521e-05
8.254187214936549178e-06
7.320455204019730117e-06
4.376515548049330789e-06
5.288232046123714274e-06
1.097064309004454787e-05
1.424005639308086956e-05
1.284941484885323728e-05
1.247151154061713114e-05
1.990499747766546218e-05
