3.136265459390336270e-05
1.494568530730720378e-03
9.042370062756958579e-03
1.154522165749584470e-03
6.957415760360886664e-04
3.424766942192991582e-04
3.034596661552005980e-05
7.398666184563524218e-05
1.164424677777279644e-04
3.791974727759941298e-05
1.220587215132067374e-05
4.737903957801619959e-06
5.419404666914462627e-06
8.698419287483116034e-06
1.034730468614587884e-05
1.002366073798626699e-05
1.115690616408937191e-05
2.026184634983111467e-05
2.940233239614811970e-05
1.790348257642421757e-04
8.567373485296571681e-04
2.671582739249360981e-03
1.177634125382833992e-03
1.649326701447091604e-03
9.912881377663344731e-04
1.784527425909336390e-03
3.150264086641445596e-03
1.169125496698049903e-03
1.028801428278705880e-04
3.793535414693093293e-06
9.976405393236078538e-07
2.230902502788728356e-06
7.661712423321374163e-06
7.028831282284084812e-06
5.080995761253117491e-06
1.163567916346884983e-05
1.951913586583397576e-04
4.871995571491912662e-04
3.759004667043903329e-04
1.673695147433172225e-03
1.879390995769797228e-04
1.656165370212586197e-04
7.840670751903169172e-04
1.006448626075655143e-03
1.055246382298763745e-03
2.952801126176529418e-03
4.180129790311893495e-03
2.130126874150491990e-04
1.054832186599954238e-05
1.250969337643542529e-05
1.022405907171226478e-04
3.583860194931610802e-05
4.186475941710879532e-06
7.412183538110681106e-06
4.599422122304876415e-05
1.649543783431513028e-04
4.732367365232184250e-04
3.137527275070397647e-03
2.920811912946026331e-04
3.327088169492039372e-05
1.956337175712395042e-04
8.876675608187437365e-04
1.530938605625030999e-04
1.684943284502796862e-04
3.825668616376784632e-03
5.501688116888539884e-03
1.339085350248115074e-03
4.274871709138258931e-04
7.191289468312978038e-04
1.167837824488281921e-04
3.416327865834100849e-06
3.054896979194036949e-06
4.616837563029901522e-06
3.480043393573272300e-05
8.413075816307131159e-04
2.706673537161631300e-03
6.506123598188610782e-04
1.334058660654904968e-04
2.539715275516462190e-04
1.132758946656559117e-03
1.386171244468406951e-04
3.154725255350160492e-05
2.252558453128923263e-04
5.767503285065649467e-04
3.538102221442034415e-03
1.531596714265074906e-03
2.821874613543045728e-04
2.294204068118336863e-04
1.521672677577928108e-05
4.202004875714917581e-06
2.412028867492503230e-06
5.734837820856845421e-05
4.600270628197458515e-03
4.483703263234578573e-03
1.198591307133238699e-03
8.075534613528189288e-04
1.326437053504390777e-03
2.024943710638538868e-03
8.600116547396395019e-04
5.855597212672039847e-04
5.536943626444363730e-04
1.174680116922222306e-04
1.882968094383651991e-03
4.072469602396391886e-03
2.478915513109115573e-04
4.900618773134319400e-04
2.313730952707896793e-04
1.109585530487291176e-04
2.731293498190177456e-06
1.083504505998882306e-04
3.767225791041574606e-03
2.377543258436102137e-03
1.502109462928823700e-03
8.594971445284928799e-04
2.492277394684533527e-03
2.606346554687591268e-03
1.376050814531220873e-03
2.837421369578059689e-03
1.436808391278969433e-03
2.650593991278045892e-04
2.632930735254752387e-03
1.045679267060354786e-02
9.185915717905212500e-04
1.735252496527699769e-04
1.350865610531618022e-04
1.070638725568485126e-03
1.362712330928955239e-05
3.291000504914389684e-04
2.204404759196145706e-03
2.240823603123827217e-03
2.609393784577747170e-03
5.713256797770789423e-04
8.558033423717534846e-04
5.274777373176632415e-04
1.903491696111930950e-04
1.061305713145875920e-03
1.899505562439922227e-03
1.092866692480195644e-03
1.455105872226281809e-03
2.591345449687003453e-03
2.899044494982171930e-03
9.131868844419348047e-05
7.400271506773581514e-06
9.589270469406427409e-05
6.789058292902564937e-05
8.594870995389896056e-04
2.455098117033663319e-03
4.263855826163369910e-03
3.247584120202093045e-03
4.312488840753574246e-04
8.650763842097187236e-04
7.349707794648637936e-04
6.609078189322651470e-05
1.507978701636804092e-04
8.868606894382494946e-04
1.591450723364621353e-03
1.226435511849095772e-03
8.224336909957119480e-04
2.150267790479771894e-03
1.062051720656897032e-04
2.035798061296720842e-06
5.182053791996374694e-06
2.203128288790191534e-05
2.331205529322079317e-04
6.594281554924804256e-04
1.065050607497446556e-03
2.844730638374170974e-03
1.038653908480972800e-03
2.035302827657838216e-03
1.832145050247420458e-03
4.225004027721903662e-05
9.546698351372462471e-06
7.617219490569987136e-05
5.934978501732956005e-04
9.585672560909248461e-04
9.102590259367699440e-04
4.791607096039147799e-03
1.563305370676525358e-03
1.687539096245296725e-05
3.698562384568560667e-06
7.573536364957191891e-06
1.582748501016827288e-04
1.466881375291165940e-03
1.647026894167678704e-03
9.688639858507760300e-03
7.154706789680865230e-03
1.584484740356242394e-03
9.763709117115293564e-04
1.402804847248036494e-04
2.798945638193062188e-05
1.863169669827332892e-04
5.782121906005744261e-04
3.471484510712997008e-04
8.233724662938180687e-04
4.883881819843817473e-03
5.221895941206678403e-03
8.753401809514115472e-05
4.436605317673694140e-06
1.437371322165844754e-05
1.224708863136258347e-03
2.693181806864403463e-02
7.818503278968777850e-03
8.278901132133528046e-03
4.552562432179942456e-03
1.803851273952767351e-03
2.211956011444642274e-03
7.224863781257303197e-04
2.562530304853859859e-04
1.035150084985912711e-03
6.141962482044430139e-04
2.364480433540964055e-04
1.277411678323188415e-03
2.959299651297762120e-03
2.797410624104032951e-03
2.237408110384413173e-04
1.176327364224723916e-05
2.270353776815448290e-05
4.588537513688366321e-03
1.528306942028355153e-01
4.930957081773525846e-02
3.662485387021530842e-02
1.020045006490518692e-02
9.264155532892273323e-03
4.831824963327659150e-03
3.865477635926207719e-04
2.984763641880208793e-04
1.340182254753923561e-03
3.798746519721928235e-03
3.020755621537445177e-03
3.899652608179582196e-03
1.006027088088391405e-02
9.943292419788847189e-03
1.101506928759933036e-03
6.016399408270726383e-05
1.984425257629024073e-05
1.314524194563882874e-03
5.478769093060169987e-02
2.447122068974939488e-02
1.109499747567250540e-02
6.770940009778150109e-03
2.651178736792822628e-03
6.971293616736236667e-04
3.559623048291741415e-04
4.875072156249523345e-04
5.267675933528383593e-04
4.447517177029020573e-03
2.264776470638354706e-03
6.179842007130128580e-04
6.677460155860179443e-03
2.855932586480525864e-03
9.374024526290158867e-05
2.044740465180877768e-05
5.844281489220086451e-06
3.920815788322844469e-05
3.505183996933271869e-03
1.575902846579992772e-02
9.035258486660686580e-03
7.461329945046392756e-03
2.452700758623439174e-03
2.156742491243021642e-03
1.251627555485253663e-03
1.707055670165368857e-04
1.308037810539569178e-04
1.068670063728742632e-03
2.807669662831510974e-04
2.491762199921075259e-04
4.158955904663462835e-03
1.804719464330862264e-04
2.192195005252813012e-06
3.047073702152115804e-06
3.512653042004088596e-06
3.235959889272086310e-05
4.069084981966583289e-03
1.654058703409596459e-02
9.215211854097979036e-03
6.502457832052760574e-03
2.185897483988636508e-03
1.321986803015322027e-03
1.845922296424787768e-04
2.834456355574342440e-05
1.982084415250732134e-04
1.053743206557403774e-03
3.970927281911705423e-04
8.375668386617834494e-04
3.813506070355087135e-03
2.547133488287559727e-04
6.447851446562505237e-06
5.335914241631834392e-06
4.841536775953023274e-06
1.309502223956287258e-04
7.982665387952708053e-03
6.524605557420105027e-03
3.477100452324440386e-03
3.628542059596369732e-03
6.052603642193684665e-04
1.510980223732801854e-04
1.233017310335142176e-04
1.128340223490308672e-04
7.040867149724481426e-04
8.400028716667854757e-04
5.707117957615544203e-04
2.264461798428346172e-03
3.582407990028225325e-03
8.713815472504481477e-04
5.835775981067123911e-05
1.514325598970429672e-05
1.576971055329843811e-05
1.823168870789399474e-04
1.566062193741466673e-03
3.757494690013675216e-03
4.990522867135267077e-03
1.781190717021809318e-03
5.521415129273055805e-04
6.257326557563611504e-04
1.672869251235169826e-03
6.529160432334851728e-04
1.481203780492562887e-03
1.206508420920935276e-03
5.659474746667451667e-04
8.949077082237270539e-03
7.898472616198116969e-03
2.385728216207534398e-04
1.436080039176084908e-05
8.552629660136954731e-06
7.508879280964848055e-05
9.279519587754381585e-04
1.744848087767217554e-03
4.467988890631226749e-03
6.004196919151452705e-03
3.762122224447964243e-04
2.535048475356914671e-04
1.119686672207271779e-03
2.270866049055670841e-03
7.665455197575485108e-04
1.861897940226934448e-03
1.959080821296046993e-03
5.544328396845291497e-04
4.580480937666102370e-03
3.372652266769267555e-03
1.163665941274145060e-04
9.066262833719167483e-06
6.557658217126036242e-06
1.955064846577521175e-05
3.007397874609597289e-04
9.081320436141503485e-04
1.513991937793806057e-03
4.921879438065516685e-03
1.333707025560752681e-03
1.174712205397894504e-03
1.767074751579913094e-03
3.386757824748697077e-03
2.358896450888624697e-03
7.548873150223610459e-04
7.702004994033976150e-04
2.558539229753374611e-03
5.043380828067440223e-03
2.739132739964572280e-03
1.008922126854939301e-03
7.499030421568761949e-05
1.237067464903484592e-05
3.082843263267632203e-06
3.531943194884347925e-05
1.278808379984119241e-03
3.850401378684312464e-03
3.980960141847095235e-03
3.681148863746700438e-03
2.277877229836328555e-03
1.871725839047760551e-04
2.893571528351093292e-04
1.935053692089490482e-03
5.564331396433531453e-04
1.050313499859175520e-03
9.897599651391744344e-03
5.644121468812012422e-04
4.418666209342403189e-05
9.220563218099512280e-05
3.413359585649852784e-05
1.126091140159332562e-05
4.134964035050855318e-06
4.298173678933715639e-05
3.106772760847220129e-03
2.706596681864065993e-03
4.146130759550663292e-04
8.130397092112575308e-04
2.180634829044924379e-04
3.678845982616256253e-06
7.320089605909825935e-06
5.846034634882474020e-04
2.479958228869439882e-03
4.802980744556711520e-03
6.481592698743308435e-03
4.238712927196367050e-05
9.900894410246541421e-07
2.481863193404418533e-06
5.435000278386728144e-06
9.206627418296726029e-06
8.389323387688750979e-06
5.979176751539624018e-05
9.411742570551936710e-04
1.234477005076911051e-04
1.138207884530184111e-05
3.472296044155150253e-05
2.155125675662320625e-05
1.169427194268032423e-05
1.621058854348180563e-04
2.458285834862720346e-03
4.108942938733531856e-03
1.291606365408702693e-03
2.222956291923709868e-04
1.025685734173195690e-05
1.714294897828073236e-06
2.844534772733378881e-06
5.353029423125308296e-06
1.129324867418910846e-05
7.568181278019789099e-06
2.237094769684091206e-05
2.440923788345362034e-04
8.599568940532982639e-05
6.080048605864039933e-06
3.548014963384582944e-06
6.173813063497673076e-06
1.271280838686366516e-04
2.269841169459504895e-03
4.100979802117386548e-04
5.389241954565368256e-05
2.208486942010413478e-05
7.118287218872330542e-06
3.812243147793535223e-06
4.685476483268071316e-06
6.612361906826633943e-06
7.485824868128785824e-06
1.277725480677878010e-05
1.377191000682410916e-05
4.359738468247360203e-05
1.323550442928909856e-03
2.601190058429656265e-03
9.464162550189903270e-05
6.383294740050771494e-06
5.198042101511042269e-06
4.139331259156363795e-05
1.084364290002506236e-04
7.587928607266457005e-06
1.934564701199269410e-06
4.644277240292024952e-06
7.193212500999529409e-06
8.961264164395213813e-06
1.232685399620621025e-05
1.314245793241004720e-05
1.267394343631367273e-05
1.948007794852528251e-05
