1.969416056628391331e-05
1.206845796677898310e-05
9.313391545983888681e-06
8.498338442278128267e-06
9.696270530855306190e-06
1.308085680345528073e-05
1.403427290213267140e-05
1.422810705157802931e-05
1.612190920742334602e-05
1.706319609422050129e-05
1.678420910640277005e-05
1.650089145413472438e-05
1.641297083680398578e-05
1.641135783387194836e-05
1.636727441278071102e-05
1.618267167399897047e-05
1.687850404585023771e-05
2.164577278605485098e-05
1.203406620069429671e-05
8.011844178356517917e-06
8.732249391234057364e-06
6.137965247832456537e-06
5.522177434464508980e-06
1.209365997639287295e-05
1.062078245382165479e-05
6.512430382104230785e-06
8.368571378019154752e-06
1.143048830665076251e-05
1.227147213971842285e-05
1.227535130539252703e-05
1.221767007141404526e-05
1.213214034297885952e-05
1.202712394762335288e-05
1.182544368828989912e-05
1.241053591998321253e-05
1.687759737408079592e-05
1.354601262697798704e-05
3.795453574070768607e-05
2.946148021900406398e-04
2.133058373595310842e-04
6.322588307684056644e-05
1.272746229328728751e-04
5.715077807550604316e-05
7.999002024097888762e-06
5.487862050871340026e-06
8.224759373587492225e-06
9.995897185758667651e-06
1.091118697134763428e-05
1.167520351139040698e-05
1.178035370265199841e-05
1.156068604740318007e-05
1.129385778906760728e-05
1.182937886725498686e-05
1.618961374234572333e-05
1.765620026886410929e-05
1.236485001992745979e-04
3.820056938546780717e-03
7.507748875022500490e-03
1.856895396312673984e-03
2.177629964581651902e-03
9.572070786458590974e-04
4.854363061573677330e-05
9.559979118855557284e-06
1.025894537309097334e-05
9.197779033682168060e-06
8.427311257111394410e-06
1.060999818399500868e-05
1.206223214095457692e-05
1.190636524076942287e-05
1.151451555290843957e-05
1.202536982775223812e-05
1.639324538343631853e-05
1.256757334830061120e-05
2.186373703936350481e-05
1.807319737486934958e-04
9.954857055404944637e-04
1.685686529216401646e-03
3.593004524622282585e-03
2.037660342551034579e-03
1.009373737665192127e-04
4.042208489787181395e-05
1.048786953963552532e-04
2.847178042468249850e-05
6.583539452367913115e-06
7.946005166613855921e-06
1.165190846262418597e-05
1.213183577340151363e-05
1.160131885037044793e-05
1.206427476340048129e-05
1.644410574621115188e-05
1.016205482681474310e-05
9.074418224006134987e-06
7.624633879971618865e-05
7.254522394666818551e-04
1.548086288054606376e-03
5.771359069879598847e-03
2.341004651827337159e-03
6.667011918429226094e-05
1.950168579653996305e-04
3.967015346438921772e-03
2.673969019289131055e-04
7.218964719201228204e-06
5.687574522170192728e-06
1.067413945421764869e-05
1.223566834337876905e-05
1.164846070348932735e-05
1.203168008976381240e-05
1.640775754258333739e-05
9.010515444840838672e-06
9.058555902443293307e-06
1.966137125641048851e-04
5.322131725221748884e-03
5.639294176101256398e-03
5.406591515964928422e-03
2.426743635393521087e-03
1.274188686265012311e-04
2.855135989798667797e-04
3.175154998872393129e-03
3.000478048025486690e-04
9.177372881675537354e-06
5.085752508730270899e-06
9.494707112602632056e-06
1.212778822515144199e-05
1.173558260479678179e-05
1.202338514406988895e-05
1.637493967848331261e-05
7.403366686948335323e-06
9.752395932407201842e-06
1.363374916092897817e-04
3.888404689060791751e-03
6.518810654242793504e-03
5.993619160768348013e-04
1.399788173121328425e-04
2.618088193022703259e-04
6.287254307584406446e-04
3.052753234632012993e-04
1.582045075987340195e-04
3.377901373159230940e-05
7.289130229137318103e-06
8.103911762379478943e-06
1.168297433305786310e-05
1.190188907699156652e-05
1.207195523740931590e-05
1.635364465758335509e-05
8.807889046803221285e-06
1.234878124396377060e-04
4.478536555188218291e-03
1.446880395734131963e-02
9.561023635056457165e-03
5.025404794735010465e-04
3.720591419519038819e-05
6.651771500339745879e-04
1.021150447898393557e-02
2.609250921540247348e-03
3.032493448627297458e-03
3.355419179213411690e-04
8.989127436685187016e-06
5.872009957778442204e-06
1.079164896727923670e-05
1.213238201729115442e-05
1.222508221465114570e-05
1.637121296911269518e-05
7.676436657364484403e-06
3.075000515040966081e-04
1.565743200720462816e-02
1.265998924382981568e-02
8.408898916668638285e-03
3.157659446479088236e-03
6.913372136646922061e-05
4.971831948677131523e-05
6.533719837206771039e-04
3.599171111483590989e-03
1.226454554953078889e-02
2.494174796206668457e-04
3.206921377095482310e-06
3.261749060876254022e-06
8.779750188764380670e-06
1.174401554025578337e-05
1.239701581997423353e-05
1.648222428263178591e-05
2.994967032883315229e-05
5.471969133549192676e-04
5.843300079397664715e-03
5.582911147255214396e-03
4.626513877675239410e-03
5.257118835240602236e-03
7.178226595397890341e-05
1.093623225427519837e-06
2.612878084506743515e-06
2.459257067360621704e-04
5.969056109498112328e-03
1.516732666233822904e-04
4.328519138798565623e-06
4.413905515631321600e-06
7.021420840456737549e-06
9.754867997417573941e-06
1.216055546378280921e-05
1.666050313122928887e-05
2.999849845700336220e-04
1.159642551962726878e-02
4.854130413554563761e-02
1.956787250011594523e-02
5.628521707906108777e-03
1.093004109033119710e-02
1.090444213109694480e-03
2.115538195329275830e-05
3.681318459638406484e-05
1.591984494527245390e-03
9.036966726023465749e-03
7.100475425411121883e-04
2.089591755458172924e-04
6.220184657093546046e-05
8.959055347228228188e-06
7.351752853412769780e-06
1.136080001974579292e-05
1.677691356498260810e-05
7.677499548175428725e-05
1.775736204044824421e-02
2.941276840452050623e-01
5.715225556891131986e-02
1.894048433671693260e-02
2.347150430948135441e-02
6.683833734074569495e-03
1.113022019312182248e-03
3.059939853559750893e-03
1.204554107508339078e-02
3.464410463416279541e-03
6.950202174888671629e-04
2.538828354132823678e-03
4.536477596482454597e-04
1.230037805104126671e-05
6.387316629575175073e-06
1.087343276221292883e-05
1.680417664342159377e-05
3.402166625012978838e-06
1.034509510227597665e-03
4.387368463687572884e-02
7.752980418431872946e-03
1.742890191853641024e-02
1.003584698891222746e-02
3.691129284280270030e-04
5.071232246447364639e-05
9.105093965352976731e-05
1.381571738168470200e-03
5.237500203296716235e-03
5.838400635674484722e-04
2.249683912269940839e-04
6.326952676955545926e-05
8.777867800346801056e-06
7.312944220028748938e-06
1.137325973524835363e-05
1.678494005941534150e-05
1.431465125780146981e-06
1.073671025673398927e-04
6.374731614554613596e-03
4.573920790744381848e-03
1.603754314930631864e-02
3.472082330874907800e-03
2.943203495670861143e-05
1.636818122303375682e-06
1.755842341927184022e-06
1.329083129791856679e-04
5.584913735486451633e-03
2.511678894657457428e-04
7.506922075402319262e-06
5.110415695857520160e-06
6.886580724497511804e-06
9.711900571328053940e-06
1.220821024884967926e-05
1.666983009626091659e-05
5.931153396924251005e-06
1.953559578079295427e-04
7.470332271152522845e-03
7.299494635831915018e-03
6.522117264461616687e-03
6.173951398825078870e-04
1.145407381625092000e-05
2.500518705225926147e-06
1.319968304166164773e-05
6.192622172781808883e-04
2.526921045405119449e-03
9.110614914523967466e-05
4.296522098271157880e-06
3.762977198635789167e-06
8.121533923624339941e-06
1.155111925659489983e-05
1.250379677053237500e-05
1.651254013229913750e-05
9.422736600914890666e-06
1.271084178808734220e-04
3.754409655753637807e-03
4.039855166713762769e-03
4.324678899614711812e-04
2.138633248127584654e-05
2.359966648007940079e-06
3.584775373893456169e-06
1.202024473760238528e-04
2.903670759289929664e-03
1.859684560386087480e-03
3.084581516095779804e-04
3.547769610478029634e-05
8.289856230258418603e-06
8.693709208854608628e-06
1.145152846449375275e-05
1.237579661552129399e-05
1.643992028598989662e-05
5.977860894308167310e-06
1.931499278275127673e-05
6.109721085670975771e-04
4.320129856644882443e-03
1.841947432379466840e-04
5.297179559187959091e-06
1.683779184767637119e-06
5.634667209281980210e-06
2.899189478419642160e-04
5.053424930747795613e-03
4.060863011686051925e-03
2.946504294924213053e-03
2.886385425828616935e-04
1.532613092828138864e-05
8.414711432982599777e-06
1.090574955879145237e-05
1.225010765924326508e-05
1.644271927153526580e-05
7.199722341505984441e-05
3.436799742985681481e-04
7.191565589934943801e-04
2.428527851816646935e-03
6.093499743903026252e-04
8.779917976064621906e-05
4.478587545867199931e-05
2.148802387530043486e-04
4.687524478748074375e-03
7.449989588439957094e-03
7.507723302464082643e-04
2.478217964458310639e-04
6.128309469554020310e-05
1.106832043427843051e-05
8.728157975133730672e-06
1.105517003707307532e-05
1.222733808197914995e-05
1.644715133694358064e-05
5.175380872115410529e-04
6.467193303360997333e-03
5.830220400395005670e-04
3.032330866769129634e-04
1.584035018262508173e-03
2.040299213366009515e-03
1.414115108613327393e-03
3.101091885621903767e-03
4.244154261810633051e-03
4.157416848319183495e-04
1.396923420086281612e-05
4.810571405640804648e-06
6.703386036374694144e-06
8.083178858856718057e-06
1.018283989487455921e-05
1.156167057586204012e-05
1.220679929927130789e-05
1.643636417181270062e-05
4.233478165524040998e-05
8.307710513453643803e-04
5.654321656119151761e-04
4.384801451947159404e-04
1.863456551785463555e-03
2.374306764355437090e-03
3.460919733705156761e-03
8.998840238256330818e-04
5.452446510420769243e-05
7.993587728277010647e-06
2.917149428191057316e-06
3.423940894710471602e-06
6.809608312027204653e-06
1.021987524925456271e-05
1.172349041158421018e-05
1.176364937768707266e-05
1.214810804326269059e-05
1.643374851788485425e-05
7.168100942660467436e-06
2.327108901589382186e-04
2.572633131628988476e-03
6.946580914204948881e-04
1.588009247816404910e-04
3.536147844399071074e-04
3.040286045695361674e-03
2.628683126048906812e-04
5.192891514052978735e-06
2.851977546976301653e-06
5.543682694582499554e-06
8.870485518934499486e-06
1.129092685099307367e-05
1.210366823280733400e-05
1.199018998644800661e-05
1.159896996987716365e-05
1.203786922208427208e-05
1.637684843438677281e-05
8.933976807644306381e-06
7.021675203153619912e-05
3.333706650274999620e-04
4.279294618099480725e-05
6.381398156649078054e-06
2.602744203365534213e-05
2.500837157255047529e-04
5.724631360371758656e-05
5.779838594319013937e-06
5.822092351273896165e-06
1.028266264288371418e-05
1.221063280917962470e-05
1.212773410551847087e-05
1.179996642319094109e-05
1.155854238662783075e-05
1.129580239533336488e-05
1.182742960734426212e-05
1.619098170647826783e-05
1.155835415691747675e-05
1.228165965004949175e-05
1.396096088142427172e-05
6.215520845049583775e-06
3.749491918297757455e-06
7.297235310424248907e-06
1.617047115050190956e-05
1.205314478869807299e-05
8.271590249782872131e-06
1.034619714534236929e-05
1.254311923975651672e-05
1.255318431920323276e-05
1.217834857987932107e-05
1.205210834049123205e-05
1.199250676601832062e-05
1.181618486836415238e-05
1.241373351932551516e-05
1.688737186938694731e-05
1.895153616652747521e-05
1.264887790709125143e-05
1.101248108240902099e-05
1.090947943575793308e-05
1.168365316110008400e-05
1.249512740763468265e-05
1.277431796743037859e-05
1.304432533254395416e-05
1.461433964559039098e-05
1.651046102753201029e-05
1.687335690843621186e-05
1.650050359096570939e-05
1.633745595020946568e-05
1.636845891374652190e-05
1.635471012895535722e-05
1.618149078171187392e-05
1.688004174773718218e-05
2.164462105386475994e-05
