1.480183243571847249e-04
9.306616732433221906e-03
1.460333967772722494e-02
2.199557631422773755e-04
2.003666495908321599e-04
5.186076822923910189e-04
5.899539294549087707e-05
1.030331879699285908e-05
1.166909486820665849e-05
1.956319719043451554e-05
1.438045434490903256e-05
1.116900755751664892e-05
1.863670918153432444e-05
2.840159382382859498e-05
2.993994405889437849e-05
2.950602216042112359e-05
3.085100538645855204e-05
4.409815184577497798e-05
1.387689471540592409e-05
9.379413319110036429e-04
2.170463848960891423e-02
2.619404746699301872e-03
2.824871404535794685e-03
3.913435041341300873e-03
8.736708799577838061e-05
6.593851529278059233e-06
4.581589009154720798e-05
4.974991256697033643e-04
1.168852502468430534e-04
9.729836465131893228e-06
1.172863235476721627e-05
2.289067245548733002e-05
1.920428843534264490e-05
1.732009262814016736e-05
1.927920213829850704e-05
3.100745278512033389e-05
2.378211279612289511e-06
1.460487342687010833e-05
1.009124655257313385e-03
2.789569918477925216e-03
1.835516059700015475e-03
9.351793444867422585e-04
5.999080897326293028e-05
2.382858557130348881e-05
8.231334343079145912e-04
1.713695665676088706e-02
5.333842687807335489e-03
2.325004865524958435e-04
1.150712542483220180e-04
6.353397321511456558e-05
1.548417312922705920e-05
1.138119670224801938e-05
1.436901972806772153e-05
2.559384751054221484e-05
3.077371325481234168e-06
1.679216010341317392e-05
9.219519480561284581e-04
4.639090350509026545e-03
5.175024899795628922e-03
2.660809676945121143e-03
5.511688445927835070e-04
5.307587345828665296e-04
3.100284638662957181e-03
3.249019686325602813e-03
7.249954984546863601e-03
1.134581982211301313e-02
3.387640200017776135e-03
1.268782324008265296e-04
1.016740853367438115e-05
1.469434860670565171e-05
1.819498948212255215e-05
2.018041140348009310e-05
5.851098137465492139e-06
2.874287234453286538e-04
1.188656013310613116e-02
7.256022141464650750e-03
1.140661587006596561e-02
9.401401312299707130e-03
1.748018153139533227e-03
1.650391503833744875e-03
3.407725718055244941e-03
2.798727795837390006e-04
3.982741600668968595e-04
1.328458067254831634e-02
2.052779840774779027e-02
4.279228948655362319e-04
4.828900573568978700e-05
2.535144282618152106e-04
1.299615604316549660e-04
2.430611934450120800e-05
2.681659224618385620e-05
1.433580676623571679e-03
4.517327838363944907e-03
2.721337512279007730e-04
7.226462935158605621e-04
2.391625376597162830e-03
7.712956053095524483e-04
1.040033805173109713e-03
4.130145127741981052e-03
6.350988582611991539e-04
7.044335801678737539e-05
5.220912373816246916e-04
8.432944481783333224e-03
4.053490960803069788e-03
1.231166350672586356e-03
2.852749552939588991e-03
3.896274065517580537e-04
2.826191324867544967e-05
2.111987520039995778e-04
2.918200608160175565e-03
4.079397833416393963e-04
7.569281210763075805e-06
2.273597438914940882e-05
3.611994575104517059e-04
1.754518583080408225e-03
2.216550128496769072e-03
1.884733995930712447e-03
2.692170801020029192e-03
8.646312467281947692e-04
3.785783034375386248e-04
8.369973808036598956e-04
4.435754549337184334e-03
5.050563134062335119e-03
6.894645750781469790e-04
4.251882474376018569e-05
1.581257798471712498e-05
6.023740092842722337e-05
6.628217149274131300e-04
2.950194741649732788e-04
2.276071307233148002e-05
6.604972281476708285e-05
4.155150221929144799e-04
2.595167167537658446e-03
9.328328958476180682e-04
6.469568671905628389e-05
2.863316158917753713e-04
4.986263099964106764e-03
7.478554213825796583e-03
1.608051731977281837e-03
4.502032295387248077e-03
8.978413674091875393e-03
2.025183080852155165e-04
7.742756265529556389e-06
1.181508021025487366e-05
1.192529045951246023e-05
4.602059074339523502e-04
3.527846777974658499e-03
1.331670885135520076e-03
3.462416008182206059e-03
8.630451886870955719e-04
6.296126429754182307e-04
7.606170271310996661e-04
3.091396089616836601e-05
9.841700304406444082e-06
8.179417642144304335e-05
9.225416086554471444e-04
2.704175970778395239e-03
6.192687096861437812e-03
4.164578238348540067e-03
1.444035244467923153e-04
8.983271005344244133e-06
1.311319272439637452e-05
8.709071292709831205e-06
2.883961228590638053e-04
3.271199854142570716e-03
1.477720620535093220e-03
3.067503726333202854e-03
3.192725437740190331e-04
2.315929114168775445e-04
2.276318690421376585e-03
2.111426960516525869e-04
9.470978537770411196e-06
3.378683197094053983e-06
3.466288548005620957e-05
2.205956914692915397e-03
3.393501736574704164e-03
6.534509515963030308e-04
2.617751180686201545e-04
3.944042176899566644e-05
1.513588376654928306e-05
5.974715724581985771e-06
6.148838646705729499e-05
7.045572019925866892e-04
4.455101443215012916e-04
4.709154189116266059e-04
2.067841106210932902e-04
3.774605196779886110e-04
1.551720543830197594e-03
5.456112285270918807e-04
2.252183128266449703e-04
3.770003091574967107e-05
1.271755078191160913e-04
2.400428563835866908e-03
4.476980386158450139e-04
3.166707954790490211e-04
3.745600829104080935e-03
4.306103410956725933e-04
2.140114189766229147e-05
3.370284979722402112e-05
8.190720240313978644e-04
1.374871845715925495e-02
8.641632888482910294e-03
5.297491121944259904e-03
4.406175622334495591e-03
4.789749046278765805e-03
2.705625904956529115e-03
1.180981565558315892e-03
2.026706730222063019e-03
6.866312238800367351e-04
9.819676964875935499e-04
4.666723284102954929e-04
7.999994093950355001e-05
1.854647738374086982e-03
1.323900893667467708e-02
2.388058530070727740e-04
1.364295050938704028e-05
1.613229917519506756e-04
8.368796294855663717e-03
7.775842176444643095e-02
3.026571827675884549e-02
1.860682951738907437e-02
4.591124352636042141e-03
5.358294174433784031e-04
1.919864356199366899e-04
4.263592044341627018e-04
1.536552603155636821e-03
1.290864718265848999e-03
6.268139894721533670e-03
1.699143765846520496e-03
5.695462662250988083e-04
1.098173849470701624e-02
1.579578187455519742e-03
1.041404861154167926e-05
5.355089555372344776e-06
3.092223783970210211e-05
9.337248705701948516e-04
1.917442344918173641e-02
1.443813505573510701e-02
5.045548624411332929e-03
2.366820311452098326e-04
5.790469469153671234e-06
4.926965876252139575e-06
2.393927712299542495e-04
1.990774197022030477e-03
3.095574078229671464e-04
1.528664303637993979e-03
2.762697995445938508e-03
4.149249994142282963e-04
1.054677459514604494e-03
3.741462932578046015e-04
1.555524501168759389e-05
1.074578409806583840e-05
1.075405978184104166e-05
1.374430143258486994e-04
3.939648800967826374e-03
5.255504561455140444e-03
3.956003944741813029e-03
6.854424320164288981e-04
1.377428798434148474e-05
4.120067042585676098e-06
1.869949386818195892e-04
1.389899748668288601e-03
1.580428135148462558e-04
4.946089483871978811e-04
4.410940650197368298e-04
5.109502531795665235e-05
6.007434599735716465e-04
3.128382217747064167e-03
2.020376101980773053e-04
3.187306635345485336e-05
1.890913862353218991e-05
4.658003814186888615e-05
1.472919953094580577e-04
1.217239982981752723e-04
7.029799417692939034e-04
3.495880171080854165e-03
1.807551767009225841e-04
1.315502123963927092e-05
2.591571985324907798e-04
2.981427067827164927e-03
1.211650036287245874e-03
2.493341418878991869e-03
3.348243393193942020e-04
1.542931730041070880e-04
8.979072133557317384e-03
5.769079491820786228e-03
7.636622678758802447e-05
1.896337697834979297e-05
2.278140463819139323e-05
1.295847201907596269e-05
6.994552539102709323e-06
3.106448068458769038e-06
1.447724023959822467e-05
2.032420533912954706e-04
8.365281565658387825e-05
1.143111745975466531e-05
2.423589648656079832e-04
4.899328929229737964e-03
6.399497724698859167e-04
1.799068416911692311e-04
1.321230082464157254e-04
1.372601968401320274e-03
1.285700291990166111e-02
3.057443622470099411e-04
7.162141492741742260e-06
1.166738890532933252e-05
1.985960155059851549e-05
1.431095272274965729e-05
1.027452448948531753e-05
3.026616534263222694e-06
3.508401137719166063e-06
3.592359911822223838e-05
1.193094518395295561e-04
2.940181734872319684e-05
1.885791558833098121e-04
4.020154774517002358e-03
1.550298584325908761e-04
7.904580751619019979e-06
1.089791150921701435e-04
8.139463626223525719e-03
1.206785565908276552e-03
6.635779522579094508e-06
2.507447463136175613e-06
1.674325713144716890e-05
2.256229688360218344e-05
1.234647171000310712e-04
4.616634998114223535e-04
1.186982248054955428e-04
1.570611400372150387e-04
1.111951604144568702e-03
3.317342907691530479e-03
8.300571307120584033e-04
6.457351430955481433e-04
4.153651749475771766e-03
3.743991124325904505e-04
5.363825419942091588e-05
8.354557315731369520e-04
2.387690171373536147e-02
4.222270565923845953e-04
2.196176192845265474e-06
3.280578506307032654e-06
2.532548540623751548e-05
1.493269041660812661e-05
2.990333024177399199e-04
2.439418280368371803e-03
6.878654925405616825e-04
3.915076702931293007e-03
7.931280660735381960e-03
2.215972617717799735e-03
1.566647582123535795e-03
1.516884404416135590e-03
3.656511113601386420e-03
1.423352270976685659e-03
2.691721778180756162e-03
6.479643785549745252e-03
7.615928656298436711e-03
2.315448460235842282e-04
5.394622877897278798e-06
7.477087433472402556e-06
3.071566127100582792e-05
9.857028808423624178e-06
2.856779057439707875e-04
2.006525142233671778e-03
4.934312163783787690e-04
5.939908408308593353e-03
5.083424197114228167e-03
6.778358026161625553e-04
1.181353587421515514e-03
1.150625377840369624e-03
2.369854863773163036e-03
2.936234562093867351e-03
1.276792961271099383e-02
9.888598541674602921e-03
1.651351872267505958e-03
9.201810544411287201e-05
8.985652135318361475e-06
1.159538831838514774e-05
3.128711000078787077e-05
1.315867913899815827e-05
5.224351742051584584e-04
5.608208699488595461e-03
1.492774324967274975e-03
6.692187927387995006e-03
5.374682224079327560e-03
4.539363325082360588e-03
7.194039323892147640e-03
6.132301731256005342e-04
5.358070733837836568e-04
2.666906862708662024e-03
1.144231006396982664e-02
9.537454341340451461e-03
3.038971284739825154e-03
2.152915266825155215e-04
1.797672100322554649e-05
1.442475669117180800e-05
3.024998438493937410e-05
4.799638401639734795e-06
5.678827386498756482e-05
1.573328652885283086e-03
1.530162041933075343e-03
5.631608044612631701e-04
8.605069172018983930e-05
2.157371218196979632e-04
6.253672307973505689e-04
1.955673448248958300e-04
4.380306427987801384e-04
1.541910791325241947e-03
2.701782605747717839e-03
9.451329461995313817e-04
3.096181002566825158e-04
8.085591095995307126e-05
1.908724966669537713e-05
1.592350000683769812e-05
2.922395350883928638e-05
2.703526026990540022e-06
7.999240533313514137e-05
1.015198233906805352e-02
1.566428842737740620e-02
1.392288637951044411e-03
2.892195623866182421e-05
4.376034920307723584e-05
1.976280524302448914e-04
4.575552732989960703e-04
2.471531545696053350e-03
7.079913503895981326e-04
1.313728933361270660e-04
2.923094956534966289e-05
1.143048459886938647e-05
1.297819698146069069e-05
1.481931811626491104e-05
1.800138968080605177e-05
3.048582475177030033e-05
9.299361577951816132e-06
1.129348205864910692e-03
2.558374895437443008e-02
5.772130652184512441e-03
9.950615247536214944e-03
2.444008260171820837e-03
3.561825682214253205e-03
4.336523443435576566e-03
5.954303246271402559e-04
3.825210440026078512e-04
7.510311816607936799e-05
1.797455584641101422e-05
1.352907200693501180e-05
1.381968663122589385e-05
2.057624995200208325e-05
2.723676002645975794e-05
3.072206826019700272e-05
4.409165653086967636e-05
