2.254162965802545683e-05
1.623858395331796131e-05
1.532139362636327965e-05
1.521930145613258809e-05
1.640738774131991431e-05
1.826815051807046566e-05
1.863647273592926553e-05
1.816101862386562761e-05
1.793177092499135378e-05
1.791586114167483817e-05
1.787474586408156215e-05
1.782446890276078068e-05
1.783854585801670993e-05
1.788975524998787588e-05
1.783874329246994987e-05
1.756560212778463605e-05
1.830296686492628559e-05
2.415911216598567407e-05
1.300137689829710569e-05
1.254652481044543522e-05
1.565627578997472367e-05
1.006798085804551851e-05
7.693485863272002794e-06
1.030057172327521299e-05
1.298979556659781969e-05
1.328248377101037360e-05
1.297568081431658469e-05
1.299124507871126168e-05
1.299567994118148350e-05
1.281450428104741569e-05
1.268986051348802275e-05
1.270204014314611586e-05
1.267580375983118456e-05
1.242900732835825283e-05
1.301914379894221431e-05
1.830508789808956211e-05
1.071538326388518066e-05
3.801643254565716600e-05
1.300283265550795226e-04
3.319269271844761616e-05
6.005440170208379372e-06
5.128971586172979789e-06
8.462710873165099683e-06
1.141941312322887227e-05
1.120622309139131183e-05
1.132988420466624607e-05
1.247745942971813197e-05
1.275861033259785863e-05
1.241355796748072225e-05
1.222886347699712040e-05
1.214660986142557304e-05
1.188848733896230333e-05
1.242752382274459981e-05
1.757066145042745676e-05
2.104355775917004544e-05
3.600310970909403993e-04
3.086242596521784117e-03
5.620561182847950586e-04
2.058302609097311772e-05
2.771331853454314035e-06
3.873361118476841256e-06
1.137849485927241392e-05
9.174876745855260022e-06
6.669246296193345267e-06
9.648274903090833836e-06
1.288554122433498137e-05
1.325205042445924462e-05
1.285709237952838645e-05
1.255229494141581636e-05
1.217419333569394308e-05
1.267699232121489090e-05
1.783720755496168411e-05
1.049211771792550531e-04
3.842504480286878469e-03
1.362719286700278531e-02
3.079885235922998239e-03
2.745651006720994524e-04
1.091827014080353339e-05
8.317217640244620788e-06
7.193787299895506692e-05
2.461954937895146587e-05
3.720038502328493429e-06
4.647373859598143227e-06
9.081792902450592624e-06
1.189377585491926053e-05
1.282902531260064020e-05
1.286616428349571913e-05
1.236697311638799850e-05
1.274864848434293772e-05
1.788217593850376547e-05
1.780603886358017758e-04
3.781999416410020045e-03
3.091259315151341936e-03
1.087262279825291491e-03
3.122546644396505689e-03
9.705240006416104154e-04
3.732192296012198647e-04
3.366817471155638623e-03
6.219690319188817028e-04
1.424339039675621341e-05
3.983204636950217358e-06
4.674719646719181596e-06
7.077537841018012945e-06
1.002998471718723498e-05
1.226307530891083841e-05
1.252688090440754106e-05
1.282569986664960060e-05
1.785697425511137613e-05
2.718636386414415449e-05
1.065506410477198862e-04
3.612979772175358480e-04
8.401380111825289005e-04
4.260045365334095072e-03
5.859930589337344724e-03
1.171456486510587432e-03
3.145775218574061588e-03
3.650059092372017790e-03
3.349649251834002010e-04
2.815259552164929796e-05
1.124952242913221547e-05
8.708641745621428326e-06
7.519696364024998611e-06
1.014387754674570499e-05
1.233748746768556856e-05
1.296871311277658114e-05
1.787893921502835579e-05
5.597015792534236017e-06
7.436000168946565474e-06
3.373303022558140165e-04
5.447791960605962401e-03
2.089830309817363157e-03
8.862736336136420529e-04
1.525949106647032428e-04
1.251259423283680250e-04
1.615122597226772679e-03
2.453956718116390330e-03
3.814086750188118067e-04
3.856337382441401619e-04
9.989077184197453746e-05
1.011462941800313857e-05
8.041649505723093093e-06
1.171510575436841125e-05
1.308785041338215341e-05
1.792658354710282149e-05
9.143799878382872658e-06
1.972987618039284390e-05
9.374791844176048449e-04
1.306887193438298692e-02
4.130996256619150035e-03
1.753209684061565353e-03
6.575620804822223308e-04
2.263934017920044245e-04
2.602350389240912741e-03
5.410831719900004687e-03
7.070923569595275685e-04
1.832847395767522999e-03
3.572091355219908612e-04
1.086374782119745905e-05
6.634297981802747031e-06
1.121963702518663785e-05
1.314592859074895029e-05
1.795526588270305806e-05
1.235865886219934751e-05
7.168312248761473477e-05
2.012997072471992693e-03
9.472164936061601426e-03
6.311617052844342886e-03
4.232367177131703302e-03
1.622997484697488897e-03
2.219505155414040287e-04
1.099245174011225130e-03
5.777703500696884480e-03
1.513312937448240509e-03
1.243183041053092918e-03
1.363607460108289058e-04
7.704400242395593304e-06
6.712508048383996535e-06
1.143394998370782696e-05
1.314575450947734927e-05
1.793482256708258489e-05
6.681421648335905168e-06
7.682468580709188332e-05
2.409065161070691671e-03
6.651720400607346630e-03
1.030136014882004729e-02
8.812486870261636643e-03
1.973264007554354025e-03
3.734504706954414424e-04
4.749355501759221329e-04
9.573474471146233141e-04
2.735980013934960226e-03
2.599801738026103013e-03
1.060438270635808035e-04
9.077229033006288227e-06
8.796960088954225676e-06
1.217820244251181277e-05
1.307498859449643848e-05
1.787464958671945879e-05
1.538893370864213741e-05
6.243007573972699517e-04
1.730594967374882859e-02
2.305899228694597083e-02
3.210038078858030997e-02
1.432028807840492537e-02
7.464694060779845583e-03
7.629295343783198437e-03
2.236186036471085950e-03
3.385542634644429414e-04
1.543276596252117451e-03
9.205852573229808718e-04
2.353185847762460887e-05
6.312832830046205453e-06
1.004672342823093988e-05
1.265398743413730176e-05
1.296749970938624410e-05
1.782606571329377297e-05
3.539896555885859158e-05
3.601280601658765450e-03
1.025687802356655964e-01
5.795453106346717259e-02
4.350458370980535283e-02
1.869940162626012106e-02
1.051924763130432545e-02
6.771916179254518567e-03
3.899926376856398692e-03
2.491875587536657947e-03
4.311858082070947271e-03
2.217487297547674841e-04
4.793930456269429647e-06
4.312327984198127004e-06
1.057173193895916355e-05
1.281055312430189737e-05
1.287718895743928378e-05
1.781576964064790963e-05
1.041368639186011643e-05
7.616259369724160365e-04
5.464655436947224443e-02
2.635335530236379911e-02
1.385265454773817496e-02
1.946373443692509669e-02
8.865890438790532957e-03
3.098947273362883444e-03
3.243319697341002367e-03
6.266679776645750141e-03
3.220121577213780079e-03
6.521312654616848279e-05
3.799178630045347355e-06
5.634905101099132303e-06
1.177058157740111498e-05
1.279382743856680906e-05
1.279534126796079879e-05
1.782338396464286514e-05
2.587681483886204913e-06
3.709522255815990633e-05
6.307039599871664022e-03
2.022804418272869734e-02
1.171779683722117341e-02
8.874432259417048413e-03
3.950932727806085246e-03
5.227582803173104996e-03
1.382391923939173825e-03
9.194408130906318172e-04
1.741598817577443047e-03
1.313809294879254895e-04
1.046337993881383722e-05
9.170443986943110630e-06
1.267658504553679502e-05
1.262856526799578040e-05
1.273145048265698643e-05
1.783409493524738275e-05
6.939679683285427143e-06
8.841323623591553610e-05
1.164534098514417859e-02
2.002274529713213291e-02
4.945955531134670242e-03
3.050243167420150017e-03
1.603741342470455964e-03
9.239006806772278452e-03
3.330423704902695566e-03
7.317351313170415098e-04
5.790508610932174624e-04
5.962815197324955582e-05
1.012238070200378490e-05
1.010954189026726141e-05
1.275576780636416680e-05
1.252806037743704963e-05
1.272735410269379542e-05
1.784800711646748937e-05
1.250654356792952865e-05
1.114772811694893738e-04
7.805005352037082920e-03
9.027231697954565814e-03
1.495345019463730461e-03
2.086561339783428622e-03
1.900308119926169114e-03
5.077481853253382887e-03
6.473914850327423809e-03
2.014602242110396721e-03
1.618370455974581441e-04
9.369972087939512997e-06
4.626010202947849986e-06
8.347594032748699067e-06
1.216188319289342366e-05
1.247825370209756168e-05
1.276909951900968573e-05
1.786274200050584721e-05
2.984301827811022524e-06
5.614623179745066178e-06
5.281474848801746098e-04
1.140984665781715444e-02
3.416185685858817624e-03
1.128799578477569657e-03
1.892736777951514087e-03
3.432849973327894381e-03
2.021648421522324011e-03
9.887535400201958626e-04
7.082527998695240575e-04
1.326313835767901201e-04
1.756025040080240267e-05
9.714702273602100258e-06
1.145715987829797741e-05
1.232771011000213895e-05
1.280425088947373663e-05
1.787328749243234974e-05
1.882524224629596382e-06
1.573072825176937792e-05
1.195645220758415625e-03
7.658660875091028580e-03
8.409669974230574510e-03
1.317652746790458785e-03
4.325704227476998703e-04
1.744998367411599183e-03
1.162900182766207898e-03
5.736568316797589946e-04
6.551051401717291819e-03
3.946815459697401024e-03
8.343554679676988019e-05
1.180130215768325413e-05
1.098606583007549401e-05
1.220132490449440222e-05
1.281989676165048771e-05
1.787887692697695042e-05
3.448700459079383274e-06
6.545191631360672627e-04
2.181393217434133419e-02
2.246645745249826933e-03
1.214345207325553608e-02
1.006236756850800891e-02
7.891882014731271561e-04
6.180318913395892524e-03
6.943726909193585761e-03
3.641058743750246796e-04
3.756399340405752849e-04
2.412381452168742887e-04
2.409732786718773474e-05
9.395055041110880761e-06
1.105309735460162509e-05
1.228796096496103361e-05
1.282889681232316084e-05
1.788620875324855488e-05
3.030223787298416707e-06
4.851425355506549142e-04
2.053363521781546505e-02
1.818516370535241868e-03
2.090238798873462946e-03
1.731460386137458366e-03
5.399566149140378390e-04
1.076643630199438382e-03
3.540056227623445784e-04
1.768187345051106844e-05
5.305263188705482443e-06
5.748816789049964504e-06
6.317009443808382293e-06
8.974520373430055044e-06
1.196247648644097283e-05
1.244410641940043026e-05
1.281902502427843470e-05
1.790051558956500452e-05
4.041371038106474732e-06
7.248143214956834039e-05
3.976091043939191001e-03
2.812934260963563266e-03
6.489507065633228497e-04
1.083510424217931601e-03
1.823215319260871421e-03
1.326634286346444207e-04
6.216409888322230577e-06
2.566585894903440250e-06
3.311826005322338802e-06
5.382403593695517526e-06
8.457445490142427919e-06
1.153226530872503950e-05
1.270621357796150269e-05
1.234482846561767271e-05
1.270743225532662553e-05
1.782692315935230831e-05
8.900756467797168254e-06
1.888664508648259873e-05
1.508015948447776237e-04
2.467793169102737156e-04
3.720589836940238959e-04
2.607810595767184186e-03
1.184958551099376265e-03
2.386064617122094999e-05
3.086197845440162265e-06
4.762103021129772600e-06
8.980966751325911442e-06
1.134196167317562231e-05
1.230898330618315438e-05
1.262633386343292303e-05
1.239962005415121650e-05
1.193256767975577962e-05
1.240984596287209648e-05
1.754995533420205343e-05
1.476847591824621154e-05
9.359413798092118211e-06
9.385418701826227206e-06
1.104867336746154342e-05
4.535144012745065243e-05
1.729811792244645907e-04
2.826525611810910683e-05
3.525839297956033293e-06
4.514505115115039527e-06
1.035374081257151674e-05
1.370592972029279616e-05
1.360260103988459977e-05
1.314677190604038612e-05
1.289982786191666148e-05
1.270255219044753975e-05
1.240187182845542218e-05
1.300058412605716784e-05
1.829792990539160210e-05
2.403686095417442337e-05
1.515267692433079637e-05
1.057455209328156742e-05
9.013147750376591632e-06
1.454113303959381381e-05
1.900222971240617955e-05
8.484817042396113523e-06
6.466873899924764472e-06
1.238718140329989641e-05
1.867438875702123518e-05
1.899842152562667322e-05
1.809508125463982556e-05
1.781537374064960541e-05
1.782252784191202125e-05
1.778627277336526484e-05
1.754229482334108335e-05
1.830143694544092246e-05
2.416762102386847664e-05
