1.338715290820368146e-04
4.702365956788301382e-03
1.853434790849976463e-02
1.216744069501097918e-02
6.134927980439033000e-03
5.442520233369177451e-03
1.867810369885054573e-03
2.592764541927167644e-04
1.210701697708409583e-04
5.370279727581893408e-05
1.390815085651449581e-04
1.729880252454836867e-04
2.055328213363309073e-05
8.450520098361973264e-06
1.247542686227024020e-05
1.434099181709850047e-05
1.428772050447232703e-05
2.050429425727666230e-05
1.222751430064353652e-04
1.877407267959224678e-03
7.510085628387470208e-03
6.498866827922557612e-03
1.331789683657373657e-03
1.376759918097081401e-03
2.072472525018650199e-03
3.523305423412305230e-03
1.457584543988576717e-02
6.501026911781039586e-03
3.045568949852546677e-03
2.492841089192920825e-03
8.628344678388858628e-05
3.927847382417867653e-06
2.744573619133747843e-06
5.254944724625344415e-06
1.083255535922569088e-05
1.280123937286091542e-05
2.961691735711611837e-05
5.047679239293076684e-05
2.509484144250204206e-04
1.845967560555812712e-03
1.808975818949076515e-03
8.814231726116598768e-04
3.929024311971067614e-04
7.326800284837099502e-04
4.371412446932539456e-03
1.825839573921662212e-02
1.022454678076300041e-02
3.558959728014768256e-03
9.906444799851649738e-05
2.825563149723775828e-06
2.760681338395474129e-06
1.843330109730729194e-05
1.444021237161342787e-04
6.215239643073437389e-05
9.998282312141925295e-06
4.706956251343202301e-06
1.164958782642846814e-05
7.650304175055653970e-05
7.123300786544351296e-04
2.947166627648752178e-03
1.089951148327886893e-03
2.910438537356988876e-04
7.757745234534844047e-05
9.408042386381234223e-04
1.693026762751777270e-02
1.214815560940845675e-02
4.795382331692012883e-04
3.756328865770463806e-05
1.093396948350593536e-04
4.476732025138260157e-04
1.445100057317233152e-03
2.361265997716226076e-04
1.264382268559155509e-05
1.844826979708003579e-05
1.177322775304377489e-04
1.329044819659812445e-04
7.836715866625414346e-05
4.015147120510262737e-04
2.014683828843011337e-03
1.236727980536359321e-03
4.392826728070718689e-05
2.084571787928021238e-05
2.858856875813838017e-04
5.108831842972672010e-03
5.847590369788096577e-03
6.399204374613487066e-04
9.878191296195536122e-04
4.624784364003236463e-04
1.257198022294878841e-04
4.368399465590572331e-05
1.580689703869688097e-05
7.135987032172383404e-05
2.073524852776957757e-03
1.804368415272874886e-03
5.861514456942285998e-05
4.811966746900032260e-05
4.320739305217190804e-04
6.336683756999291666e-04
1.367891362768608975e-04
1.020884327479519839e-05
3.919160884317527751e-06
2.507048102310261827e-04
1.143267652859817664e-02
1.223096329504173635e-03
1.110727096038267582e-04
1.509098109302779871e-05
4.680559112479285586e-06
8.960363125753598192e-06
1.111681614844659022e-05
2.033877887210511806e-05
1.435359514767654864e-04
1.604228092013009811e-04
3.663213312642249453e-05
8.995761255632813650e-05
1.252945375263774582e-03
3.009253321414921516e-03
1.579240315616257939e-03
7.113103282016650011e-05
3.305460291283418922e-06
3.978097142650849024e-05
6.905257624154816955e-03
5.882334680166014136e-03
7.204798378121817436e-05
2.865711164090044040e-06
2.581051534818506042e-06
1.156237522302591079e-05
1.574370512397662791e-05
3.758854188492500664e-05
1.481133660531563565e-04
1.641315221323363135e-04
1.096162781331319386e-04
9.966426484722979979e-05
4.722210797152378192e-04
1.633356059036745198e-03
4.107706010842356341e-04
2.294344095847939029e-05
2.345883859137274668e-06
4.170933136330904519e-06
2.834984209391420789e-04
5.242073348342285444e-03
3.663417238040096832e-04
6.121879858329121624e-06
3.032112983672433548e-06
1.396474262045712792e-05
1.730474591696204287e-05
9.154804721827975377e-05
1.562063850943851010e-03
2.782914940380598525e-03
1.145581834627322666e-03
4.371136915593446621e-04
2.492393436352344205e-04
8.945126167919294376e-05
8.963776183541663327e-06
3.720825964532528949e-06
3.232889044170592077e-06
2.300692573133677370e-06
3.206528083017232757e-05
1.654841099741317413e-03
1.847388162731144687e-03
3.397508620100964051e-05
3.338531178448912754e-06
1.006277121896734468e-05
4.617779926337171091e-06
1.074198642001733971e-05
3.963873241295157602e-04
1.844096852031316524e-03
1.641340402500953170e-03
3.969328945830987582e-03
3.977196485061347542e-03
4.713446354719431929e-04
2.047603481742809353e-05
3.065391884071428876e-05
1.148251212143490093e-04
5.171590535755473593e-05
1.085540465146828164e-04
7.237727213301262943e-04
4.745969767208961347e-03
5.716183778133612997e-04
1.446258426578236645e-05
1.109865136065399148e-05
3.522476020609080629e-06
4.191328043911587552e-05
3.258490622757780845e-03
6.300058534374581784e-03
4.284103198348068915e-03
4.476492228811210748e-03
6.100658000137101390e-03
3.406919632034262607e-03
2.095929247944998039e-04
1.917769929311558094e-04
1.196315103766654219e-03
1.194526801378752211e-03
7.227957446501794437e-04
4.905304702008312680e-04
6.547097788406258667e-03
3.739739902737367668e-03
3.962423410009861883e-05
9.624308823099272941e-06
2.828908562304785817e-06
3.329295763330107584e-04
4.666222913402125194e-02
2.073975331536383540e-02
6.663672269811932170e-03
2.463135809942713136e-03
4.184554638532489088e-03
2.738541474387355072e-03
3.909414384341169837e-04
1.076700006461553475e-04
3.175517789058164282e-04
2.000653650731927351e-03
9.666791284183779472e-04
1.675836928979606720e-04
2.085749706957125676e-03
3.796216416808459101e-03
5.094778515268936353e-05
7.242796153822950370e-06
1.210594007274795772e-06
2.054911121911019776e-04
6.324675068917148812e-02
4.210047791122747268e-02
1.030236788738317713e-02
4.324293789697168655e-03
7.791312481484217838e-03
1.378243256458427110e-03
5.223636267966342075e-04
2.715028876408231658e-04
4.292815664237124027e-04
1.994601019105792829e-03
1.257640655300244813e-03
3.393859619873781474e-04
2.523718266240841755e-03
7.689524783826425305e-03
1.725707199487865507e-04
1.274970318842929007e-05
2.458356915628944970e-06
3.319765605196838302e-04
7.213685756481288958e-02
3.850406827199547716e-02
1.399153626404209434e-02
7.433513095795553881e-03
3.589366851964686817e-03
7.668912112378837524e-04
5.753716118008719849e-04
6.585767461280835977e-04
1.019503765567216771e-03
8.672358452251844934e-04
1.075953126402384805e-03
1.629527029496245262e-03
2.954212636260439631e-03
6.551574608297784869e-04
1.937887326698642268e-05
7.692715268454638965e-06
3.895914155725989439e-06
4.691473824567982321e-05
1.972906547808604000e-03
4.957495277202485923e-03
7.306766192378235866e-03
3.126690311651813409e-03
2.169411625214123090e-03
3.761180142110321159e-03
1.289669406322854067e-03
1.516960975358732776e-04
6.473782675484144071e-05
1.506738907909918991e-04
6.617771660542233264e-04
9.573182086769140443e-04
3.307438305511882937e-03
3.989491522115362404e-04
7.425557103709932652e-06
6.468218122089907098e-06
6.484889239270597362e-06
3.127034861784635270e-05
9.032931035055155730e-04
4.288821661841073218e-03
3.872756106487685625e-03
2.262559002581120138e-03
5.008100958945970078e-03
5.029676363285443680e-03
1.157784023694097058e-03
8.906401253160140734e-05
9.157117907113021950e-06
1.193180467130894226e-04
9.092033989956892735e-04
2.544450127942886938e-04
5.416206889038861425e-03
4.137420876173686715e-03
3.921446683265361670e-05
1.276266294031091407e-05
9.954731359960194533e-06
9.009929015460262103e-05
9.526687511444392308e-04
4.144342847836673342e-04
3.547575961968964632e-04
9.663661987969931599e-04
6.682372646905428322e-04
2.201450182840244008e-04
1.378561663567055623e-03
1.837062089563911609e-03
2.207952981372051119e-04
3.025509175753334640e-03
5.021578607281038456e-03
6.157687976060626216e-04
1.299319276339401183e-02
2.910883274998412023e-03
1.682518477342147343e-05
9.274490554247601421e-06
1.376518061714735687e-05
1.894416825916527339e-04
1.086299930538360548e-03
2.401957259556722715e-04
2.302006277666786044e-04
3.243167584363334339e-04
1.172795304345087213e-04
5.658868303450795555e-05
9.419295105555517073e-04
2.025648514543104423e-03
3.619627689846162876e-04
1.200297394582453426e-03
8.484683559801125836e-04
1.180339401093219486e-03
6.501783029065069490e-03
1.365663563116176280e-04
2.811313489297512907e-06
7.053819295144049308e-06
1.184027151234098153e-05
4.472169310754675343e-05
1.931650596441864790e-04
3.991168050867577094e-04
8.616233507539980581e-04
9.599045843405450574e-04
1.504931407692783329e-03
3.448655176914160203e-04
7.817877421528329372e-04
9.315921054289385498e-04
6.346008276071742006e-05
8.120295647843494701e-05
1.118571174790482714e-03
9.624239208657391423e-03
6.296399995606161148e-04
4.003719139442059256e-06
1.524957985069240458e-06
1.073112320621808997e-05
1.048662548080647595e-05
2.062315988618868223e-05
1.477074219435483659e-04
4.691138237825083599e-04
2.561227212774953702e-04
3.362059239517613024e-04
1.594472036506163100e-03
4.424223402641428576e-04
1.720030461742464356e-03
3.153357199981608391e-03
1.569215756406868887e-04
3.054002734158345117e-04
1.021320937341388575e-02
1.065103332276434375e-02
4.932499357059261870e-05
1.091173524771275718e-06
2.550650359270014640e-06
1.625162031764909519e-05
1.140892722908960394e-05
6.524306690632768538e-05
1.877478998189913454e-03
1.456164404273299325e-03
3.970012012627637411e-05
1.193745555556467735e-05
6.021469931990710732e-05
3.293446105144580763e-04
2.955711400168641034e-03
8.778450972134417595e-04
2.305908395509374505e-04
1.878676585071889504e-03
6.141468263848412490e-03
1.411499974970043588e-03
3.917463017045351339e-05
4.409267382107523125e-06
6.769361055132245359e-06
1.895283487188213485e-05
7.202315747687827288e-06
7.961379280904256218e-05
2.812202248084995446e-03
8.258224734790734758e-04
1.459368485018618168e-05
1.909589459961212868e-06
5.292931795956930392e-06
6.136853566491011925e-05
2.138713860064854553e-04
2.656239211465646118e-04
2.488306306443750174e-03
9.018391054366602100e-03
1.807298218704642655e-03
2.655620808290331939e-04
3.802295881708542329e-05
1.075141501333792234e-05
1.026686381754620437e-05
1.839574622904779531e-05
5.446532223982880903e-06
1.147427978409306851e-04
3.840319313359477280e-03
1.801115240247179406e-03
1.001727425373681157e-04
8.153458489623474303e-06
1.248439206787091206e-05
5.104823602019080100e-05
7.783910756204362046e-05
2.420530975239378567e-03
2.024634429809698405e-02
6.627880741379571505e-04
3.332324247031099305e-05
1.738906440981694300e-05
1.083031584454419640e-05
8.502622461463677455e-06
9.841885295335781091e-06
1.705197529863144054e-05
1.528865874728132951e-05
3.099447156342347454e-04
2.447276944584812243e-03
3.338800164043226326e-03
1.647074208116828782e-03
2.844335851540513585e-04
4.379257951745451120e-04
1.261461144393440526e-03
1.084737498715280992e-03
3.850753873457400320e-03
4.867256493518339945e-04
3.171685076736371189e-06
1.067621598863536485e-06
4.346609121874380647e-06
8.111179420912906530e-06
9.183268867245768789e-06
1.041896636368105659e-05
1.738914351002036071e-05
2.477080026510201038e-04
6.328236637278798413e-03
1.220537725367983398e-02
1.325195211773918559e-02
9.902309540799205528e-03
4.478625620236556526e-03
4.332104030707056505e-03
5.421232234236725289e-03
3.893272313577049448e-03
4.405318055512381014e-04
7.870998509278135229e-06
9.023422675003290577e-07
2.758431634897975953e-06
1.230110476981633191e-05
1.842588287858490080e-05
1.751505781716970983e-05
1.752229253266841016e-05
2.621730170839156338e-05
