2.326557005087306537e-04
2.493036387452358948e-03
2.793473881532555162e-03
3.554820709617576274e-03
5.408508734134226739e-03
3.349484209164503654e-03
2.351081655633010213e-03
6.212255892527219093e-04
5.934208804061427716e-05
3.663868332102202999e-05
3.394089498169271225e-04
1.092606027973047823e-04
6.797243026320119078e-06
7.000564813929242249e-06
1.724599784203295820e-05
2.143814816696822749e-05
2.098372635902423695e-05
2.970330042920613694e-05
1.742780472726134368e-05
9.382754905439733321e-05
7.996622407549049735e-04
2.431414211553702305e-03
4.243999412140513051e-04
5.971651850076860839e-05
2.131303337052022117e-04
2.742904539870972148e-03
7.953451239239016021e-03
5.206147671731379233e-03
6.358224715607169002e-03
6.854976488509847412e-04
1.666079617253640044e-05
5.086875297259039635e-06
8.292860052010679579e-06
1.190909041839888201e-05
1.310651234637360368e-05
2.067813783323411544e-05
9.494297860905051483e-06
1.259711737892297559e-04
2.820342995496297363e-03
2.339233287847151520e-03
3.518937252649272031e-04
1.226741190998328315e-04
1.527855854978088003e-04
3.164128884547747216e-04
3.566843311244962192e-03
9.487921090438687644e-03
3.635678482788317397e-03
1.858477913444328295e-03
3.381631072999517415e-04
2.222554065591046454e-05
5.871706748843732440e-06
7.247767710099773976e-06
9.839708491125740759e-06
1.704163885759447255e-05
1.337550293371398063e-05
2.536878590835465411e-04
4.752896907176415095e-03
2.596636800383919988e-03
1.544618576339239560e-03
3.358998778727586079e-03
2.099442873127983084e-03
1.391960806937119800e-04
2.910529741357351075e-04
1.843900071114604536e-03
3.044855696956475129e-03
1.020866145289026257e-02
5.442824382666995933e-03
8.989713320925589197e-05
5.060937815503353315e-06
8.994358192302550619e-06
1.254134174902239241e-05
1.300128617281387813e-05
7.250008479213612381e-06
2.863733963303660316e-05
5.613879917788706150e-04
1.229532795572370980e-03
3.544428114430539772e-04
6.867756073568344593e-04
5.575980734472906451e-03
1.505649657088837514e-03
1.176500586746345983e-03
2.579259011492127975e-03
1.939135774285255520e-03
2.373816993544020874e-03
3.022830341912953033e-03
3.082247674823979013e-04
3.303002520337121025e-05
1.466045338735163530e-04
9.371724751536627315e-05
1.524173262780846499e-05
8.774772488106618131e-06
2.856351905960427583e-05
3.798203462260284842e-04
6.869174873042768964e-04
1.281033597092650223e-04
1.281845757070848059e-04
2.604630401823427102e-03
2.203346616676205016e-03
1.211523625350682636e-03
6.348243155067627083e-03
1.955477386391707862e-03
1.346215008642858617e-04
7.148670435273005771e-04
5.039959412977573251e-03
1.204104690586832406e-03
1.575146223836529098e-03
3.021514741258424968e-04
1.854868915764336252e-05
1.809339922720235713e-05
1.798105651091474392e-04
1.847178409358541089e-03
3.319569066091404130e-03
2.539873463601778712e-03
3.012271693183628187e-04
1.357316859483990665e-04
7.808989515224187220e-05
1.368673475866735440e-04
2.215958766879954148e-03
4.467036852082417720e-04
1.510810372824672397e-05
1.823514895206573296e-04
7.999077084510820487e-03
3.498477668382175831e-03
3.681508361032924804e-04
3.266179177611607762e-05
1.080603031539055114e-05
1.645350723878454086e-05
6.095686129831358508e-05
1.500787379154295208e-04
5.183253180490209663e-04
1.911599949897145470e-03
1.496672856447820810e-04
1.357598189781913337e-05
7.928168324961487045e-06
1.836596888128384168e-05
1.038708993217805584e-04
3.708277026699715982e-05
2.289320373182952194e-05
2.059346762140061332e-04
1.123687094489880496e-03
2.292564835294915240e-03
1.347398420556531363e-04
4.554676756320746552e-06
6.616982679421696074e-06
6.106413601669542139e-05
1.875054825525880858e-04
1.517308062559175649e-04
3.210417910597990372e-04
8.248384862218548176e-04
3.328879171425832054e-04
2.019347977395692217e-04
4.412521490605765274e-05
1.280943843652037957e-05
6.790082396898967432e-05
2.408454287974569623e-04
5.567031023512568908e-04
1.132200807494768841e-03
7.341861377875739470e-04
2.414616357988385968e-03
2.039531872899408434e-04
3.477412364306672415e-06
5.089344724257130986e-06
1.412231780554473119e-04
2.025811354407420703e-03
3.484100104683493602e-03
4.452339464553638215e-03
5.956086697451456156e-03
2.701970524495324929e-03
1.794942367257130415e-03
1.180508959241408751e-04
1.204678816668319058e-05
1.960803143910894760e-04
1.689871053220519045e-03
3.856261993755222468e-04
4.163958466437885650e-04
9.863986936953900685e-04
2.156316546506942700e-03
6.040664974447465269e-04
1.602653294785482901e-05
5.686805631370837072e-06
2.564243191865883098e-05
8.326301719447184481e-04
5.400509526254541198e-03
2.747066931507791306e-03
1.450041452046228578e-03
1.229163079338292794e-03
1.297499508458302723e-03
7.811858985113126301e-05
7.182125329272157722e-06
1.118757057320216724e-04
7.525729225188784169e-04
6.318282623652198232e-05
1.345962189513612024e-04
1.168229318478669013e-03
1.727744730341837813e-03
4.966859678109952422e-03
2.728692638851144630e-04
9.788460804626351300e-06
3.609498259173434713e-05
2.967889145624587940e-03
6.666053351310895214e-02
1.657928609573420045e-02
1.473693366635739875e-03
2.331184883385475047e-03
4.040269481155137413e-03
1.357506029214381642e-04
8.672791658905098133e-06
9.282741799873220942e-05
1.935150951436793781e-03
5.116679889877453688e-04
1.414243360466439824e-04
1.337802414985505238e-04
1.865573419525980289e-04
2.196897179174053805e-03
2.748587267358720593e-04
8.594885624900291856e-06
1.718348477741417899e-04
2.075601442564918575e-02
2.725040038699551026e-01
3.351509361916937824e-02
2.310785819075380533e-03
3.546211494471606523e-03
1.590488872303752813e-03
3.067686672992637120e-05
3.086190313053973892e-06
1.660523229192482211e-05
7.171002508357208214e-04
1.987620374164120532e-03
3.697391044568969134e-04
1.601347931490693533e-04
2.216507059044521544e-04
6.861507984272987313e-04
8.153379326805421090e-05
7.919911605958488755e-06
6.085270957809550631e-05
3.224503309987197461e-03
6.275169875657328478e-02
9.930952654290644069e-03
5.375113451429397926e-04
2.122025921912566292e-03
2.227691118789043665e-03
2.881505592733632750e-05
1.383870455753959140e-06
1.817265481904753569e-06
1.728634678143922741e-05
1.056100474114325547e-04
3.088037651154866103e-04
1.785172529491270942e-03
3.521961577898131794e-03
1.698627969463271459e-03
8.602758628328703637e-05
1.096170230905630252e-05
9.353664882375039292e-06
5.857471641132717878e-05
3.491585063021485340e-03
8.162913875410010914e-03
2.209518736057031240e-04
4.543915414403044365e-04
3.191989985657265119e-03
8.483294500536802925e-05
1.582490952233316168e-06
1.103388242295528536e-06
3.121520197157195751e-06
8.540527045086624756e-06
8.331522825025072896e-05
1.137867586982293589e-03
2.205827614671416678e-03
1.288050099552185074e-03
8.551821652344094465e-05
1.163419984680326252e-05
3.583750405392567627e-05
1.341289395780765974e-04
1.082291113918558813e-03
2.172322576514181414e-03
2.541755989462447991e-04
5.977959155420632014e-04
4.989568200475348776e-03
8.760892818262950828e-04
1.439441232567928433e-05
3.160085523578046341e-06
4.264173638534054335e-06
5.804618478954623692e-06
5.780193092930536081e-05
1.192198374272262270e-03
5.215852618340494247e-03
4.281854888402566658e-03
1.916435198627263478e-04
1.696674371656343815e-05
1.717369223061964193e-04
1.976984658428778720e-03
2.031237109615956909e-03
7.951030775317346339e-04
4.798086442680101144e-04
1.136573843886714511e-03
2.078249702828090760e-03
3.835366398940462038e-03
4.885206536977337389e-04
5.626037939566169705e-05
1.577418080310360698e-05
4.753267942295368698e-06
3.367358616521547447e-05
1.572926571845733408e-03
6.980522260672144749e-03
8.044112119566438528e-04
2.723725510394147412e-05
1.044381221661750662e-05
1.271964024526232222e-04
9.526365107046415315e-04
1.057227762821702933e-03
2.114525262715764853e-03
5.560311827490625356e-04
4.005276959025315999e-05
1.585347266212087759e-05
4.212495872897647846e-04
3.982299829694408572e-03
2.147625881559151427e-03
2.475208704937972046e-04
3.266321883173849193e-05
2.978650763617946224e-04
4.969892201387694775e-03
1.514734067086401107e-03
3.197079718311125800e-05
2.857405920020142269e-06
6.055729786288516939e-06
2.434259877666047238e-04
1.164879978231822977e-03
6.916171509784382497e-04
1.828712979992578322e-03
2.207743633209146650e-04
2.598417488892321565e-06
1.374680341819316856e-06
1.326822926035730048e-04
4.431041110271412807e-03
7.192205261892173004e-03
2.662993318497882365e-03
3.816447076504184545e-04
2.118173187582662181e-03
6.747463466322110685e-03
1.553386772442136429e-03
2.621048897547530935e-04
2.821582502260316247e-05
1.340919861439643231e-05
6.286294490437594395e-05
5.857311871478265665e-04
5.782825937100166463e-04
5.062427186279018238e-04
3.130785569812103938e-04
1.931161924303739346e-05
1.467602845701014826e-05
3.464029184889162662e-04
4.140157310347470591e-04
3.146525085693095041e-04
1.480147696591707510e-03
1.064765074662234147e-03
3.275965674876484598e-03
2.969779937010385163e-03
1.648464059303505124e-03
2.030679005858963566e-03
1.722278080262794613e-04
2.150782064059532996e-05
8.558958453833845153e-06
1.798495827591659751e-04
1.196279229531583372e-03
8.044303685170245887e-04
1.718636112439216957e-03
2.970017563218754330e-04
1.557287217627287095e-04
2.055383159106784208e-03
4.731263678266863014e-04
6.928963675254596114e-05
7.576531236683612010e-04
6.102761188090844065e-03
1.716387699144724180e-02
6.284792736581680181e-03
1.905573408239220239e-03
5.016481230697000934e-04
3.466993674670967044e-05
1.275759771932565572e-05
6.182375571966686400e-06
1.018318527013073308e-04
9.475811604805419071e-04
2.146569666674988136e-04
1.296004810635328463e-04
3.463922155600190938e-05
2.784181521723773972e-05
5.676289112959830453e-04
1.553419749743719692e-03
1.086461303140820759e-03
4.649829419078410284e-03
1.569172349425122445e-02
3.372101949199308307e-03
2.766168962160014586e-04
1.183973574633114586e-04
3.225402086555287666e-05
7.229610249882836613e-06
1.112650778866581786e-05
9.404340109522864565e-06
1.652376809393504148e-04
1.917705368774693525e-03
9.460887819734734808e-05
4.113844401630150929e-06
2.702273156545905935e-06
2.704726995828614708e-05
3.466494022078470865e-04
1.065529476327772319e-03
4.983763198455276079e-03
4.472422350040007599e-03
2.031553473758212092e-03
1.450426123248718896e-04
7.024554394304829367e-06
5.680929195023971271e-06
7.427789925400481454e-06
7.516638875623975975e-06
1.641939992894780745e-05
1.056900828010272849e-05
1.371155271368980604e-04
3.169143736709315647e-03
3.517976495201679491e-04
5.863071540932043210e-06
4.578027982349408831e-06
3.956541174890686077e-04
4.149837111979614787e-03
1.158009934479844625e-03
1.879268732804653024e-03
3.701623820777229733e-04
6.936437699046196846e-05
2.710799147774030490e-05
6.670902109025076277e-06
6.267320248477643448e-06
9.586928368289100022e-06
1.210305979830444849e-05
2.108585191949158803e-05
1.620798044325362874e-05
9.401577337614312854e-05
2.925903607054088952e-03
2.678947206279239882e-03
7.608763157536196052e-05
1.152874928972341591e-05
1.047671698216646601e-04
3.574476365238660538e-04
8.930207706729077451e-05
1.127272222033158397e-04
4.149930453918524158e-05
1.352738653430183080e-05
1.723630742994761747e-05
1.795755974947837056e-05
1.903125725297007015e-05
2.049503672174371100e-05
2.118983472131840903e-05
3.025529536959772856e-05
