2.538989470397070119e-05
1.867282595650133413e-05
1.753768027845623191e-05
1.875429561046388280e-05
1.976802458305775516e-05
1.941092307113281761e-05
1.873033583043026289e-05
1.872153195140521950e-05
1.913578595196578039e-05
1.929969530705388577e-05
1.914694221709377475e-05
1.901270602719474308e-05
1.900653713889062792e-05
1.905112830037376109e-05
1.900292073961127885e-05
1.877928971252320196e-05
1.959418298324602342e-05
2.523717558906799369e-05
1.609516307617497071e-05
9.635539995200754256e-06
8.489277928706766575e-06
8.912113436172204139e-06
9.348561362562704289e-06
9.888105830999214705e-06
1.079736114515017231e-05
1.156447167522533093e-05
1.269365088301542524e-05
1.399805678471459914e-05
1.439664894451831813e-05
1.417957326930716809e-05
1.398943961995176612e-05
1.394678713280212108e-05
1.388235792981587952e-05
1.365088876309601122e-05
1.432887871060472752e-05
1.959058561451324925e-05
1.356566531573389142e-05
1.350913296293092891e-05
1.624330314479542614e-05
7.138677033725752182e-06
3.171206947209802142e-06
5.652266644407283714e-06
1.469143085183655585e-05
1.392371923461126417e-05
1.034707486615453321e-05
1.171544608895487040e-05
1.382330476389694254e-05
1.424187426149761966e-05
1.386781317081344867e-05
1.358469469480635351e-05
1.339257098293244720e-05
1.307293993240000562e-05
1.365655197126899075e-05
1.877889419972530132e-05
1.861303765956038244e-05
1.068577920311897218e-04
4.612967513251395638e-04
4.234728341267126071e-05
3.589267834431001369e-06
2.491395279786590104e-05
2.329914767431320248e-04
6.092816552733247196e-05
9.606130977664743253e-06
6.779300242706680720e-06
9.053322796242807392e-06
1.215758263258013876e-05
1.351161457806193388e-05
1.374491985906229381e-05
1.380285253125831401e-05
1.345729625891111742e-05
1.392764087156269414e-05
1.900920773809674128e-05
1.561140556877052980e-05
1.635485147740297317e-04
2.660670786413184968e-03
5.784467267968220914e-04
6.445794143933448572e-05
9.713965119391563445e-04
3.581984270404109990e-03
1.944911658545484976e-04
1.658111649801938421e-05
3.457172694375072924e-06
2.168488477413650755e-06
5.110941769840760519e-06
9.471989615106107211e-06
1.131578230851653670e-05
1.304082142274147372e-05
1.360460050783398057e-05
1.408463747236264973e-05
1.908097021661729251e-05
2.604166399442220663e-05
1.892894552833195455e-04
2.921248131234985973e-03
3.785421830074090811e-03
9.654414619109058342e-04
2.574140400121009177e-03
8.821311681444564488e-04
2.614718846974291300e-04
3.652210851177029711e-04
2.019932008316305299e-05
1.542332140242471812e-06
5.374513969808014500e-06
1.275763927809072825e-05
9.352149443188380651e-06
1.080252848946189535e-05
1.328097659558430651e-05
1.420376702551892837e-05
1.908472195123215998e-05
2.247015827242229355e-04
4.209651816928190043e-03
1.348434547176174600e-02
3.771778316496746282e-03
8.407103316939058954e-04
1.372065874950915108e-03
4.317172367874739332e-04
9.526230401221714170e-04
1.156804950916193522e-02
1.930825331692182347e-03
8.663622556652437741e-05
2.412760361187915635e-04
1.581593786327650894e-04
1.425895021265106383e-05
8.965137355631547786e-06
1.271413251851357510e-05
1.438882795427854399e-05
1.913933811587657254e-05
2.121156258508063443e-04
4.458296307639063143e-03
6.909466062366397161e-03
7.013359702386403856e-04
3.017692213019056917e-04
1.588932588031374609e-03
1.100533439887023618e-03
1.402315955489153191e-03
6.481345836449167210e-03
9.632769407625604505e-03
2.152647102954540446e-03
2.517745536424487781e-03
3.900010159355771396e-04
1.242813003360773731e-05
6.744409645111363983e-06
1.181286319292250814e-05
1.458589927987672569e-05
1.929393507731059186e-05
2.723775976352867155e-05
3.013031108992177587e-04
3.860793980927115093e-03
3.882113685751024945e-03
1.676682549067351133e-03
1.374388167383633255e-03
6.961721302114276880e-04
1.785675911951910494e-03
1.745139802202538490e-03
1.666851087227522741e-03
1.333277217708011241e-03
3.403600173079739024e-04
4.331641626814214499e-05
6.061871260845304863e-06
4.851492720059190564e-06
9.837271688726867378e-06
1.430544010141810559e-05
1.950220274256468745e-05
5.621766155732804045e-06
1.817640234017397778e-05
4.652937171664096243e-04
4.479446106909615484e-03
8.900866141851978414e-03
2.918792268323871283e-03
8.264245092639377430e-04
2.589036913952299547e-03
1.141606680578029567e-03
1.477381510577693456e-03
5.843811935936943369e-03
1.404582549505006090e-03
5.861337747502924243e-04
7.520421988550885580e-05
7.563298503059505168e-06
7.676214079283032055e-06
1.334535351973660167e-05
1.964769413383525638e-05
4.659268167208191221e-06
2.284156498938498910e-05
5.019406302652451406e-04
1.291142154939707229e-03
1.195487367630187429e-03
3.865174480952525936e-04
8.369603875507268444e-05
3.494100395538646091e-04
1.213807872849377101e-03
3.090220016250878107e-03
7.607269492430424399e-03
5.233780439651726860e-03
1.183775595395935958e-02
6.173074987295245741e-04
9.283225458756779185e-06
6.093198454926992074e-06
1.263707876913033895e-05
1.977371128650430367e-05
1.421068635814987826e-05
6.180269430245549644e-04
4.805257604473201632e-02
1.957796411795658525e-02
2.624261760999134063e-03
1.748169323877463632e-03
1.979995421030313280e-04
3.214515170154840775e-04
2.721228459359879576e-03
1.976556429475749641e-03
1.942443532676873391e-03
1.543453875717498052e-03
1.349716811698766297e-03
7.888850846354055293e-05
4.134197692712429930e-06
5.443022913652742882e-06
1.279024723531351854e-05
1.991870928287672990e-05
6.659867919897131808e-05
4.726740122424521150e-03
2.276784115250111151e-01
6.523196947390172418e-02
9.104743163132856393e-03
1.587179107021297747e-02
3.634576194370853653e-03
2.321218467257775333e-03
3.557936894674021324e-03
1.916339455695177749e-03
5.578938203033902490e-03
9.194119351490285391e-03
4.412273636181862808e-03
1.275572731830826941e-04
5.494228417705107402e-06
6.197468375550936178e-06
1.306191374875993058e-05
1.988239896489853980e-05
1.370975975099004767e-04
4.676411349427794968e-03
7.000711597490312521e-02
3.801672160294591180e-02
3.596578108561984070e-03
1.485113156164715419e-03
3.955383118331910926e-03
6.328514319169771703e-03
1.841359598395825824e-03
3.345042215312145177e-03
8.835913249526572075e-03
6.492746579451284458e-03
8.621687389261745507e-03
4.279605401587045646e-04
1.121847280074375151e-05
7.460431230970060000e-06
1.308120959822062295e-05
1.967167935169436395e-05
2.129543643810394757e-05
1.364416302878934141e-04
3.533767332535349675e-03
1.490499931799192830e-02
2.746350665836850332e-03
1.935155116684488495e-03
1.060191920810442737e-02
1.597547679160978050e-03
5.331023993318189340e-05
1.403215948139207203e-04
3.170322980594200506e-04
1.049797676190782856e-04
1.465398202272594859e-04
5.200139522192868968e-05
9.451710254099589685e-06
9.024759800316515298e-06
1.352969898961366422e-05
1.949734824345516020e-05
2.940937400818400495e-06
2.000046258807339499e-05
3.203815868109700059e-03
2.329528319266011005e-02
4.185837979375532474e-03
2.155505767656850681e-03
2.083626906785313385e-03
4.716211278064846098e-04
4.742597626899814565e-05
5.256496400342502572e-05
3.937183634925418797e-04
3.157561020115920349e-04
4.929173537467555451e-05
1.226491289407807151e-05
8.634898823780587211e-06
1.134156453086355755e-05
1.415680545115999193e-05
1.933893405094745812e-05
3.166529659762982503e-06
2.420559680687463396e-04
1.715314989910507806e-02
4.047280834273864723e-03
2.878130695547769999e-03
1.361164707020150536e-03
2.801175076054166586e-04
3.331481214263732910e-03
4.802787834566491637e-03
6.099523447212006717e-04
3.352665227346415897e-03
4.121349581333999881e-03
1.236154569174696411e-04
1.268100581782229581e-05
1.058793539249898409e-05
1.309131409066586742e-05
1.431614894191737777e-05
1.916561623775123380e-05
3.535229784654954769e-06
9.184785775142602880e-04
2.433042335215448645e-02
1.461692022855288304e-03
8.960902096508977649e-03
4.364310365932501032e-03
9.368201566417870985e-05
9.013506265582278080e-04
3.934411949050110706e-03
6.461110818007910700e-04
1.433874123951911364e-03
5.750801783212437877e-04
2.315588020697092344e-05
7.853924443308702994e-06
1.126735065132542723e-05
1.364688615124194056e-05
1.420166004511540964e-05
1.906256806793836314e-05
2.644894290160913085e-06
2.163952968427447249e-04
1.302618497730228565e-02
5.955143438297125572e-03
9.133187203249838043e-03
6.763426322253848072e-04
7.618183222945131733e-06
1.235095615628527199e-05
8.512973761319170805e-05
4.326134523940267942e-04
2.736697241296207148e-03
2.650039888799135936e-04
8.816161873076112313e-06
6.327818979555822307e-06
1.181707652105678993e-05
1.378248662799589947e-05
1.409918714702991181e-05
1.903750163211626146e-05
3.570065717517370232e-06
9.316190981352144855e-05
7.125828647181889526e-03
4.045668916492819664e-03
3.034406485497610230e-04
1.687450254999031175e-05
2.336575445155015893e-06
3.158728381988320021e-06
9.603332810532209682e-06
7.656465696191749155e-05
4.779342795137162718e-04
8.913477289638148914e-05
9.707022859648573550e-06
8.843822509942909612e-06
1.311539264021431651e-05
1.377101067195055584e-05
1.402267976016756839e-05
1.904430995484432523e-05
1.081122177425025200e-05
3.630869595265675078e-04
1.249052122392476163e-02
8.710078407973954970e-04
1.306024093579780409e-05
3.638860856783748465e-06
4.949774910814397047e-06
7.345677417886998037e-06
7.440264287617426337e-06
9.613404823771097676e-06
1.491775368418916347e-05
1.140517610170093342e-05
9.021616120312756938e-06
1.168652061020285407e-05
1.388340063300631039e-05
1.361918105217296864e-05
1.397305202015322499e-05
1.906738291513005994e-05
1.387567290014136084e-05
1.045631543653419420e-04
5.470902257961011853e-04
4.784720986015372768e-05
4.103829883319504719e-06
5.040598579286741509e-06
1.087426923890335282e-05
1.358722709359875153e-05
1.132668319801486431e-05
8.633726023699786519e-06
7.819439031647127948e-06
8.799287552316891465e-06
1.123227548992249378e-05
1.345438966139068375e-05
1.388063734572811204e-05
1.338876319364106951e-05
1.388434263273451124e-05
1.901279177639283622e-05
1.109324955048776255e-05
9.474229340130166924e-06
1.052867956356323304e-05
6.095693977851055082e-06
5.435140363201751227e-06
9.654898785833118549e-06
1.387156537870913754e-05
1.443537840055005504e-05
1.366765747788505905e-05
1.266108852216411462e-05
1.214080804247695497e-05
1.260063886261649159e-05
1.339782627864715827e-05
1.366554069773242388e-05
1.343696246223621445e-05
1.305492760787079055e-05
1.364860567634194626e-05
1.878546310777992514e-05
1.568360801866384782e-05
8.648730829873836257e-06
7.118282882658343280e-06
8.095455477630114581e-06
1.103759664760780989e-05
1.394483475558171921e-05
1.457257360422344263e-05
1.423903140753023295e-05
1.416898959491254623e-05
1.424939932856483926e-05
1.427655155304792231e-05
1.426904492777474558e-05
1.419938193467807683e-05
1.407478627984937182e-05
1.391141118685110468e-05
1.364899984182389100e-05
1.432762481150855874e-05
1.959227751925516687e-05
2.575095124962998848e-05
1.880923142866798662e-05
1.738410938230454950e-05
1.842129861210100081e-05
1.964462867539121558e-05
1.975301555258617825e-05
1.925766303609534587e-05
1.898266427525194705e-05
1.901404940167356942e-05
1.911788661455853468e-05
1.915793803787644935e-05
1.913702946859670810e-05
1.910019925404820776e-05
1.908177500177373690e-05
1.900555152088861558e-05
1.877803015214266633e-05
1.959141437608842749e-05
2.523457822402302360e-05
