9.600950950642217962e-04
7.294525642206156580e-04
1.069729589055248972e-03
7.654726806078662954e-04
1.731372318770379353e-04
3.280120402121476609e-04
1.060851466555363162e-03
8.112922069498845539e-04
1.020408276534339256e-03
1.182977762658938593e-03
6.374879581649066330e-04
5.378655058318566537e-04
5.887375872896430081e-04
6.408903972597324592e-04
7.808637886370710336e-04
6.675162068186510150e-04
4.181837301950276837e-04
1.225454722778703378e-03
4.882086117239992128e-04
2.180660800958127089e-04
4.946174612442304566e-04
1.784711194547916645e-03
9.959948566937971114e-04
4.680995175594268262e-04
3.505697989225400055e-04
4.399512665318299214e-04
1.025024975285232379e-03
7.388876001380998348e-04
3.820910675540693108e-04
5.124900819281734410e-04
4.459024005778756397e-04
3.919067904846401185e-04
6.613361228382317724e-04
6.356705703930738824e-04
3.864322372818013336e-04
1.043084818988789658e-03
3.120464461113186356e-04
4.418064858121745512e-04
6.117995937504844359e-04
7.544561565806481070e-04
3.543623510063767350e-04
2.683642707263117510e-04
4.099764572585401609e-04
7.274135822397691980e-04
1.194367454512499033e-03
6.428650195881377037e-04
3.246896273027671527e-04
4.157041481167990209e-04
4.351131886251829572e-04
6.207588238992717321e-04
1.170590127007530359e-03
8.828990604179901957e-04
6.162316851778772879e-04
1.098280099202615179e-03
2.840508072676204191e-04
8.322681273777979196e-04
2.027031022569061088e-03
1.334648296928279835e-03
3.681757741917210847e-04
3.544179489932747424e-04
6.581152115402732778e-04
7.445054974943302517e-04
7.353340812540505025e-04
4.331149473509004859e-04
3.162838193590727714e-04
6.808078398195895921e-04
1.093772945456950160e-03
1.032004742267246360e-03
9.498071822680486309e-04
9.708675276759133133e-04
1.232591215541441578e-03
4.057227619897417741e-04
7.238084252638275632e-04
5.702409991119388680e-04
1.460297049130502341e-03
1.200820296547022627e-03
5.582722814822446960e-04
9.662300885036405025e-04
1.178014606009569580e-03
6.297429672456362083e-04
7.208269279609443459e-04
7.471193511821391147e-04
5.191243242537933429e-04
7.096847975885338779e-04
8.744670260448665416e-04
5.853374158599609521e-04
4.506759573448048751e-04
8.606545542378359406e-04
1.723010152873765809e-03
1.779599192696644809e-04
1.762646517996619214e-03
9.672408498173869955e-04
1.180247372740647529e-03
1.099886000415742750e-03
9.155731973818216456e-04
1.811292524726697793e-03
1.383582192612080970e-03
5.777158672830369664e-04
7.790815278006185760e-04
9.548427617072395091e-04
6.222072770726155572e-04
6.060378853083817508e-04
7.221803845873074222e-04
6.315767618074147978e-04
4.842207846768513770e-04
7.232968377498729534e-04
1.314533980362604573e-03
3.384499920637008266e-04
6.548388134546204295e-04
1.411024108238378635e-03
9.942982879114390608e-04
1.540253535019519681e-03
1.530044965378516428e-03
1.045830200632558507e-03
5.484044090675664444e-04
4.663441920147983681e-04
7.012833678703886929e-04
6.143928562218967234e-04
6.142074826321693333e-04
1.016695956318629289e-03
1.135333512715617013e-03
7.330802680146901885e-04
4.131719738133501538e-04
3.974418087558057120e-04
5.668285496875449542e-04
4.574619165488672825e-04
3.151725876616467319e-04
9.890868201157905146e-04
5.336949126723091776e-04
1.688077770406415162e-03
1.836001603308653335e-03
5.237481307324408104e-04
2.974356054058360592e-04
5.261645058654328480e-04
7.574826258672608722e-04
4.998870241630769956e-04
6.480369374835974255e-04
1.255426954750469247e-03
1.007865071930292601e-03
6.122987581601233844e-04
5.156415606737739608e-04
5.684200048293851920e-04
7.360671851319066294e-04
4.527221589932952208e-04
6.342944884191939600e-04
8.546430670487658275e-04
1.039072675294312482e-03
4.409026355582329124e-03
2.745485271239866271e-03
5.155114830556777787e-04
3.520628131781445495e-04
5.135040444166173246e-04
4.345510975908109552e-04
2.529832498443506934e-04
3.143763191422023571e-04
6.498387069836918800e-04
8.589846986295706721e-04
1.089828504530630966e-03
1.227520238970247627e-03
9.667668568411929208e-04
1.449795799226751870e-03
7.088085650339403252e-04
6.546993121561433962e-04
5.564690775451304472e-04
4.582271428423597553e-03
1.791693824545351893e-02
5.519849028268321994e-03
7.178780823814458764e-04
3.796644639998928046e-04
4.221021230757727094e-04
3.440837928456187125e-04
2.390584542767964647e-04
2.526285722031632909e-04
5.247232640587422628e-04
1.029578775576037381e-03
1.469812846587599964e-03
1.267559575257548978e-03
6.463030314066399657e-04
9.714027815885041030e-04
6.503887389762055393e-04
7.573992572514658605e-04
5.791072240539186849e-04
1.296717530035853584e-02
1.984853027580870885e-02
7.220169731304152891e-03
1.288207898858937132e-03
3.730077258217824121e-04
3.662552050053256587e-04
4.473276873052968450e-04
4.029329376935996310e-04
3.507712423135542516e-04
4.596812906546992347e-04
5.377441396849831374e-04
5.051585331241691774e-04
7.102471994380006245e-04
7.481579886373438109e-04
6.168292782657171626e-04
4.236224602574754873e-04
1.268819012537521608e-03
1.415200678169848325e-03
4.365914772927720344e-02
2.020904545445068728e-02
1.369542551859610768e-02
6.375869370847677374e-03
1.202118495287608302e-03
6.440655496752448628e-04
4.765803135267800529e-04
3.108117090421493511e-04
2.623178990194598181e-04
3.479159373669408681e-04
4.605787548571905967e-04
3.747987084383312445e-04
6.778746497180595946e-04
1.644383096585378280e-03
6.824387175075657865e-04
4.789360230912172080e-04
5.341980733266472143e-04
2.448975632921852018e-03
1.400017538382020976e-01
4.496220143685437931e-02
3.290334542350596692e-02
2.063065722294990176e-02
3.261622189738777253e-03
1.110225360940866662e-03
5.462194468406857866e-04
3.352992282417780194e-04
2.990403662343315270e-04
4.954676702034227932e-04
1.417579514342865148e-03
9.367267730135839460e-04
5.383305214037311217e-04
1.376002347523116922e-03
6.173075449775463708e-04
4.808729410441076285e-04
2.004675250258553551e-04
1.918323018437662194e-03
5.448454022228066407e-02
2.540312245095529414e-02
2.012257510690156764e-02
7.156450719097491586e-03
7.551221901399275639e-04
2.667508419497844740e-04
2.216285505258392709e-04
2.508565207824054659e-04
2.429601425558464318e-04
3.270713840962012012e-04
1.205473214267682031e-03
7.470938123771548017e-04
1.898705569396050264e-04
5.132032343995780342e-04
5.179393843003255327e-04
3.992031846767116329e-04
2.727580353663029374e-04
1.053460182358268230e-03
7.562745587571456825e-03
9.971834042509926735e-03
1.471675775367977182e-02
3.162062326883705640e-03
2.875862518004057154e-04
1.592497957929837622e-04
1.359911734262908990e-04
9.584529135123327455e-05
1.002633655383774520e-04
1.621179292298866471e-04
5.295036723967938043e-04
5.390598891454401534e-04
2.324218646685929544e-04
5.766176596379078527e-04
7.831179189394676552e-04
4.438083089203072665e-04
5.054992506182038898e-04
7.995826928781198583e-04
6.727640002371570831e-03
1.564405179435205198e-02
1.539787877994455365e-02
1.944471557445588521e-03
2.555490044568549586e-04
3.394286423116882833e-04
2.451840209406361227e-04
9.351838733653130610e-05
2.041704462735124937e-04
5.332858251010201556e-04
7.761491594547139305e-04
8.626492681683724370e-04
6.473878756862569330e-04
8.108662574993030607e-04
6.797843151966359446e-04
2.619391230544762636e-04
4.642599028691285425e-04
4.012618708336622127e-04
5.373329305421516676e-03
7.725944979185328521e-03
4.888838464476599928e-03
9.308156616432101483e-04
1.721375158911604068e-04
2.561769983636407225e-04
2.280926877409359484e-04
2.098480642342620886e-04
1.375369923063438603e-03
2.269223206376518205e-03
7.840113526181248429e-04
5.306727684013913884e-04
3.662780479197871625e-04
3.116241011770931081e-04
3.370317142176495464e-04
2.560169082303354179e-04
4.122916295072780245e-04
2.148500057027921521e-04
1.630447620025188673e-03
1.574426977258082698e-03
3.107607626942937747e-03
3.685985761902849968e-03
1.305001545098200379e-03
1.125022432021040731e-03
6.715921568496876874e-04
7.134984642385803219e-04
2.560383219952202128e-03
1.238949229496348831e-03
3.343192884158001084e-04
3.063089243242614270e-04
1.999943003211423272e-04
2.004133992503821381e-04
3.931559566840016708e-04
8.871037734417187457e-04
4.647505908729231746e-04
4.593977182600289880e-04
2.470417961215142129e-03
2.087099132869404960e-03
5.741220091798725743e-03
1.070148631255901477e-02
7.197305862196402143e-03
8.174561702142341124e-03
3.345349752647754950e-03
1.320339075558902035e-03
9.901060868872872244e-04
2.942281541258035395e-04
2.553122522990427124e-04
5.633241168003569593e-04
4.324148417374907953e-04
4.260664493938173618e-04
4.251227666607859082e-04
6.980813509468385657e-04
2.701802059152071589e-04
7.625355227643676589e-04
6.184512301855801288e-03
6.343574891808570829e-03
9.627015006832811278e-03
7.159283723842094563e-03
4.532161643516935748e-03
7.415150038978599555e-03
3.702958874095375625e-03
1.232486705715356463e-03
5.652632252192340894e-04
1.931749642348534247e-04
2.919904851987226721e-04
7.233113391241661680e-04
6.001227527053690875e-04
5.335325794334766503e-04
2.453272387924279878e-04
2.086129720711548806e-04
2.111328625599691398e-04
6.541125790426659085e-04
5.956412584815704882e-03
7.711894215222401920e-03
1.211595584033309074e-02
9.828064945928293231e-03
5.733166812457209625e-03
5.454470149990535074e-03
2.452955866549118204e-03
1.237925022849367760e-03
6.749761778422528431e-04
2.145128422296512915e-04
2.405001699583977698e-04
4.467475923644945840e-04
3.285087162444231797e-04
2.646280958658321874e-04
2.027328508853502257e-04
3.420808040667472436e-04
3.610559213767837797e-04
7.816534614123642546e-04
5.078937889833877103e-03
3.779014752577019610e-03
2.968668533940188765e-03
2.817936604587796112e-03
2.080733030355352755e-03
1.193075672325757605e-03
4.617338190739897095e-04
3.920124556944441611e-04
3.948586389492460443e-04
2.023215777353059826e-04
2.584135974103249117e-04
4.842249227896731835e-04
2.948187626942533161e-04
1.776372392689253314e-04
2.506338670747088504e-04
8.091744329837270667e-04
3.467027659902816223e-04
5.197974689079042695e-04
2.731275695866539326e-03
1.385324311473849811e-03
3.758879925330800174e-04
2.380114706431224242e-04
2.386731123554670627e-04
1.571336305584016370e-04
7.051523923783812925e-05
8.196669924531065489e-05
1.686006168299000426e-04
2.120371212599033123e-04
3.189675625280395275e-04
4.729364016313620384e-04
3.050189266989447937e-04
2.030668433608342495e-04
2.544852741396525344e-04
3.662431513468401541e-04
2.380591573613082749e-04
2.071566836728585940e-04
7.577986883359654402e-04
6.015010649037016077e-04
1.999183250540688590e-04
1.348645721334108263e-04
1.785357622724948379e-04
1.677460870505784185e-04
8.230804812568037363e-05
5.941986349257825689e-05
9.087800918417989870e-05
1.317085555957230947e-04
1.324252519360603723e-04
1.033022629114874972e-04
8.077746518149681379e-05
9.469328641510065773e-05
1.041108960531249734e-04
5.728194898145221996e-05
1.326334054401509641e-04
8.829299431454381479e-05
1.644376375872282916e-04
1.548410163616838078e-04
7.162420008907899012e-05
4.063061530480365879e-05
4.098622601994681461e-05
5.349523833894629824e-05
4.652500441802794766e-05
2.933573416664453769e-05
2.759585277363067111e-05
3.554877656548653621e-05
3.067314888134506687e-05
1.560332112144111023e-05
9.374135071354309240e-06
1.103310555232789418e-05
1.418842575026506371e-05
1.068442863658636009e-05
