1.534204117661155291e-03
2.758369641280843197e-03
2.530383015447973047e-02
3.306063498785113963e-02
3.659410021274814035e-03
1.179088323800226660e-03
1.637049996441373653e-03
1.385451554219157329e-03
1.258858820626903522e-03
1.464950146084528174e-03
9.954463836215966029e-04
1.031795238474638539e-03
1.287678434296539486e-03
8.997373486700826692e-04
8.816677762651121270e-04
8.607391059791488644e-04
6.523033064442239652e-04
6.203150635221420543e-04
1.516744095063799489e-03
2.926136594178830024e-03
1.371524376210485341e-02
9.809050018816430766e-03
1.758302845656425960e-03
1.394719585244736347e-03
1.805575727606286655e-03
1.481902905024686922e-03
3.654114893275813101e-03
5.513538048873249317e-03
1.258670967623051707e-03
6.596827854680197044e-04
1.279024803378358112e-03
1.634718603125533522e-03
1.736430356855542039e-03
1.511886455691743066e-03
1.180744607354785019e-03
1.167613747147625090e-03
1.276575836557349714e-03
2.019805053012802432e-03
3.793247594803415314e-03
2.922328273622626371e-03
8.985039906923420047e-04
8.653289168188900730e-04
9.445476473751060042e-04
7.643856969105014424e-04
2.559696254364377845e-03
6.439635878093905724e-03
3.200946669053916088e-03
1.785814524179614579e-03
1.236586158855272274e-03
9.115709752825786570e-04
1.545371941319832439e-03
1.987495763310214662e-03
1.084484458549098357e-03
1.377288126109744342e-03
1.145907226596227504e-03
2.246809426546297634e-03
3.332359884224085893e-03
4.992259130303294823e-03
2.138550331878154645e-03
1.642674015387525022e-03
1.763531744196459921e-03
1.167508753122051095e-03
1.441270387327017169e-03
2.421315618932793311e-03
4.358891488539175414e-03
8.685840350481978736e-03
5.306953919016161453e-03
1.420326470712147396e-03
1.142919252407312769e-03
1.891886850170834949e-03
1.042206162502133226e-03
1.140905601316063566e-03
9.807480941570287814e-04
3.408735587903213935e-03
3.664503834761025005e-03
5.769590054307847070e-03
2.605361883529308357e-03
1.965750927891942584e-03
2.720662052272378693e-03
1.772852600920885860e-03
9.437874151172136834e-04
7.188137489584851868e-04
1.256846931977320886e-03
4.810971978108567054e-03
9.358662824492297583e-03
2.721923103229413523e-03
7.051735384334045439e-04
1.202716391663651322e-03
1.202656234109179606e-03
1.124274744918518556e-03
8.620136041545698119e-04
2.736610091867695306e-03
1.515005897535200933e-03
2.052336365907310185e-03
1.272765455093485170e-03
9.943916377536130089e-04
1.369651329405119876e-03
1.325832185370600909e-03
1.212048541043329137e-03
1.033126117451459245e-03
7.384240986418051222e-04
9.900732589206992854e-04
3.861892894340879581e-03
4.683519240193528832e-03
1.232314425531707506e-03
1.307351220597254872e-03
1.363857721933627249e-03
1.070110835488145666e-03
1.224386246895304816e-03
1.806823941533950567e-03
1.162365502638234259e-03
2.536012545530308675e-03
2.457308732463259811e-03
1.631560520450732205e-03
1.478884456304211401e-03
1.432632877411145781e-03
1.763162556911723744e-03
2.004978434278359509e-03
1.172555377940823424e-03
5.532339239784196889e-04
1.444528205957725962e-03
6.721199703412546710e-03
4.370985946016698979e-03
2.058747731602321787e-03
1.304709124171484110e-03
9.851975734032573234e-04
1.125065930047620478e-03
1.218109605882553102e-03
1.585230320956606534e-03
3.505223463658689153e-03
2.683164461561550300e-03
1.691854693074836902e-03
1.363906427385756792e-03
9.817038107683777846e-04
6.961555976348417392e-04
6.573415706103365218e-04
9.460310514050172424e-04
8.303850657879446439e-04
1.211126603038919667e-03
5.213458840548795305e-03
5.650299457881005800e-03
2.192781757574969320e-03
1.635630133061580964e-03
1.175400522859443514e-03
7.313939538518941666e-04
1.071508417242158237e-03
1.423458396351243117e-03
1.571884591019009512e-03
1.078650619680783908e-03
1.228591620807014534e-03
1.413094852084513997e-03
1.095955497844075663e-03
6.957585500161265991e-04
4.814328676303792254e-04
8.851288587429225830e-04
1.328144197858789751e-03
1.286411316101883058e-03
2.634913733572107151e-03
2.964717024222846779e-03
1.563817581133859899e-03
1.862184556902080892e-03
1.541604531146005888e-03
8.245221860535963078e-04
1.220529171032098134e-03
1.582942651970889328e-03
1.632638439794797860e-03
1.469741550147150161e-03
1.878568936970112339e-03
1.674704307818580254e-03
1.577667269410050303e-03
2.102487388187798852e-03
1.647837937271003517e-03
1.239028480007943423e-03
8.344382884753139039e-04
7.033287447676332248e-04
1.524027719430568568e-03
2.228939333438008201e-03
1.148185003148241134e-03
8.586929209512893886e-04
1.795941681306234203e-03
9.637039343495150748e-04
9.979242590181561755e-04
2.805672106416609839e-03
3.372981839784166408e-03
1.934798579532984045e-03
1.276432125140039694e-03
5.941736963098718811e-04
5.007238878267278358e-04
1.108585583382513343e-03
1.286935961292303907e-03
7.220919680794426814e-04
4.123242397573899311e-04
5.502081560493270532e-04
1.548922882806695687e-03
2.986792304585127351e-03
1.764618126720296715e-03
5.161258008800827203e-04
2.264073521898917439e-03
8.608680803078554026e-04
8.401369389018721644e-04
7.599204171635608532e-03
7.434751066382663982e-03
2.671882622795339161e-03
2.196197224585316916e-03
1.011861452593585623e-03
5.107689390507780952e-04
7.367766358357079456e-04
7.839397049340546958e-04
5.369574636125693575e-04
5.330436474976701445e-04
9.281423672004505661e-04
1.436689168335198536e-03
2.614621426770004017e-03
4.159577229008343778e-03
1.055074888198968396e-03
2.129275338102224521e-03
1.079391751360390646e-03
1.421563158523484740e-03
2.608411064386482320e-02
1.898109231760958596e-02
7.225479213763721931e-03
1.093790180838204867e-02
5.216927931081776458e-03
1.423932456424198932e-03
1.285827852949911893e-03
1.341004265337107778e-03
9.901561086246559937e-04
9.176631170045697556e-04
1.045966596177236004e-03
7.464865051994651422e-04
1.066192206210769692e-03
3.524885184928459002e-03
1.473941243494570740e-03
1.083655080236758201e-03
1.192650813857287079e-03
1.815039052386966572e-03
2.124986323081357389e-02
8.356640990179435222e-03
3.170083211881710283e-03
5.038665739416596859e-03
2.758376329812510953e-03
7.867543376416151566e-04
5.014071518766821754e-04
5.936580649241791517e-04
8.983482906358204083e-04
1.196634047354531343e-03
1.225576748983825187e-03
8.414090423602232872e-04
1.036833779995418323e-03
2.182460672545653499e-03
1.093063939387159010e-03
9.834457301666594490e-04
9.230028568411224920e-04
1.268596812561505584e-03
5.142104189541860278e-03
1.598426085686504563e-03
8.417836020921372429e-04
1.045347143284249989e-03
1.123257539895620083e-03
9.853343649065923922e-04
3.811309562278396182e-04
2.170821221273444037e-04
5.912748946107071598e-04
1.617833128919925895e-03
1.813786815300251964e-03
1.620855491684368823e-03
2.270107350924562353e-03
2.430966110658418309e-03
1.079963292210714366e-03
1.509821840523415141e-03
1.104656670791622202e-03
1.513044945099882967e-03
3.429980360768010526e-03
2.998098678631602558e-03
3.052442881188503071e-03
1.052536942854239745e-03
8.079040395121306773e-04
2.492060532210364256e-03
1.521273799508570746e-03
5.568880738590461154e-04
1.013538696560830742e-03
1.718348643053991751e-03
1.156884362063918511e-03
1.043444520571218436e-03
1.618071865005588647e-03
1.517341867730153098e-03
9.054211441922057051e-04
1.121703208404855375e-03
1.073405718854662360e-03
1.395976295194266328e-03
2.272078621895341072e-03
6.411429456119287912e-03
1.149777493285609846e-02
1.405387275256600194e-03
4.313883955151965460e-04
1.257388017004100727e-03
1.644589507383999085e-03
1.449767733826107328e-03
1.791369820914412306e-03
1.033952270672901935e-03
5.390174603932825588e-04
6.956851590341423322e-04
1.001814170295031291e-03
8.515698691903808484e-04
8.210443357514344079e-04
7.493346778823758211e-04
8.897075910152079086e-04
1.073155426231169399e-03
9.836944813199331467e-04
1.965155488626621049e-03
3.413409477799977595e-03
1.311281333445942594e-03
8.905307628327565434e-04
8.459305453662585008e-04
6.574090840091127838e-04
1.491659629540984661e-03
1.817135715733659727e-03
6.204842796837046126e-04
6.118211769742449603e-04
1.553450908946407780e-03
1.662188885295694599e-03
1.043737287869926558e-03
1.201405801146989902e-03
8.982447902620552043e-04
1.282009702954451996e-03
1.818538852738976622e-03
1.930083861591360512e-03
1.774408288052612467e-03
1.031539490260463023e-03
9.973679644658781270e-04
2.369950274911428265e-03
1.241637922427073389e-03
5.953244929276563149e-04
1.883867761722060651e-03
1.867975461371547104e-03
7.856670726457015046e-04
2.069001658314883509e-03
4.799233497222839262e-03
2.173559637967234850e-03
1.150176354593069900e-03
1.433904656668906052e-03
9.813915962616954775e-04
1.043217054283064084e-03
1.536080314182765305e-03
4.236443974659032628e-03
5.306582233042805331e-03
1.163677905965128986e-03
5.617721900434753017e-04
1.343159977004311457e-03
1.272591165145000106e-03
1.194279432201965536e-03
2.578804445142169732e-03
1.469880019223508000e-03
1.155002427030554606e-03
4.993043942383401310e-03
5.303720700209017119e-03
1.234017068864877355e-03
7.867654969887395841e-04
1.051738290098284566e-03
8.330828550773318204e-04
7.600348503408759816e-04
1.009965232517952630e-03
4.349391995089819767e-03
6.393418166344632184e-03
1.466978199425262620e-03
6.053228686607475427e-04
9.927084912409248063e-04
1.519651776548342458e-03
2.014962188226305118e-03
2.014169747457703920e-03
1.156188173254728974e-03
1.437809049086092791e-03
2.711669897689069665e-03
1.557456522481099866e-03
7.331922716470133921e-04
8.290938564167865937e-04
9.313634406444255094e-04
8.817093053058879361e-04
1.168475206406077976e-03
1.411709077820542252e-03
5.878788136610777620e-03
4.065822116137930188e-03
1.024137282992392808e-03
8.584927032341118725e-04
1.197278742315822063e-03
1.092279939434614554e-03
9.533379488403761256e-04
1.181929524205972215e-03
2.713065422161836052e-03
4.043557673608574009e-03
1.502019029635015416e-03
6.168125312306225365e-04
7.779406907290765515e-04
1.084876864499360362e-03
8.845416796549779954e-04
9.129039797658797121e-04
8.841858457140785261e-04
9.859419161033315931e-04
5.416442171037320202e-03
2.556268153279725279e-03
5.894809658990719618e-04
8.513062810789726216e-04
1.493411096629438219e-03
9.678251622822276520e-04
5.921736167576916680e-04
1.028067819035905417e-03
4.857235677329036286e-03
6.146649551736924934e-03
1.317541697581370254e-03
6.960914014755336179e-04
1.017222473194519293e-03
9.674378931804353482e-04
7.922036704065546020e-04
9.239630097879967781e-04
7.074331519228017461e-04
1.353973448050001249e-03
7.464112192092735992e-03
3.843966411160408114e-03
9.837340522594914365e-04
1.306305723367156332e-03
2.968988868632617753e-03
2.892744697103245399e-03
1.526349786745359377e-03
1.109517963671693194e-03
1.604553207703551506e-03
1.400932154960496173e-03
6.941003558020451738e-04
8.289373859593821524e-04
1.103154575600346536e-03
8.182963325802062541e-04
8.691049238366553879e-04
9.667332513801347007e-04
9.669781188339535930e-04
9.465208403142681692e-03
2.672449608205881844e-02
1.394441432575258683e-02
4.634057558504355197e-03
2.212188398931039593e-03
1.940882561673846433e-03
2.018418288800324055e-03
1.397930699998290154e-03
8.515695316122773566e-04
8.379323113062548626e-04
9.544863775049827271e-04
8.823574906698653702e-04
1.004291534076204306e-03
9.239591691346716760e-04
7.909919533633163547e-04
1.122902224244957297e-03
8.646229405678347753e-04
