1.153295472352067544e-03
1.784997536619104593e-03
1.622088150657011651e-03
9.977668296455939525e-04
1.275681521133154288e-03
1.269553411904969639e-03
1.134624630658713929e-03
1.921903890977488165e-03
1.596583108131136150e-03
8.676950265467067063e-04
1.165116328567334693e-03
1.096479645062651978e-03
7.269979029370864879e-04
8.871404207900731621e-04
9.219292204151279240e-04
1.197825435308527307e-03
1.931709442051218533e-03
1.776637714279303637e-03
1.027845614423184093e-03
1.293327729438417369e-03
1.353520063142984314e-03
1.320582676252320684e-03
1.791347002321132861e-03
1.559711499501476072e-03
8.563005813895432222e-04
1.265254965427305318e-03
2.122714283001782970e-03
1.772991070436957936e-03
1.738668827116234732e-03
1.737949555285568095e-03
1.771663723531167198e-03
1.526481282538952409e-03
8.476310546033388347e-04
1.000606078560908668e-03
1.831007710199885393e-03
1.258065586315858329e-03
9.373427953503687612e-04
2.119311510829767400e-03
1.529355221732387046e-03
1.146797511135235880e-03
1.061605459015055536e-03
1.106969452364994387e-03
1.009074123361323105e-03
1.195369054087209700e-03
1.539010187315664659e-03
1.770250710703910341e-03
1.529013570077974917e-03
1.238936750353459865e-03
1.521306894401689693e-03
1.432019914407419011e-03
9.860789017517575077e-04
9.787761047148795576e-04
1.447888357197563234e-03
1.422864864418079897e-03
1.061142548818759697e-03
2.155373553970679149e-03
1.217093387403877895e-03
1.574057285713714423e-03
1.812164307967658108e-03
1.737236638094604574e-03
1.842436914923654447e-03
1.419086185820267335e-03
8.894103840747042073e-04
1.054070895395976815e-03
1.055514992558175859e-03
9.791666638923536992e-04
1.538377604374830624e-03
1.645678355767311689e-03
1.488348322665484407e-03
1.461331831516858148e-03
2.156868100138319231e-03
1.296007471006760132e-03
1.448502156994536244e-03
1.961444024962813188e-03
1.146794432752312092e-03
1.814570755231888037e-03
2.330443945968729315e-03
1.739083667796599260e-03
1.519369045529651678e-03
1.221188582845539198e-03
8.719332583339849292e-04
1.294161228604867727e-03
1.471310929001202984e-03
1.254914342878996232e-03
1.487552057922307634e-03
1.383545744287093026e-03
1.296173145941333961e-03
1.138644561361285001e-03
2.199601278413546371e-03
9.887075295326713115e-04
1.514165951703892602e-03
2.240512509556218026e-03
1.878725124328691582e-03
1.444174922589261173e-03
1.463900648500279702e-03
1.198403025836742696e-03
1.100005925067463856e-03
1.361848588549026710e-03
1.341706494755982729e-03
1.468734973422039774e-03
1.249574706271109562e-03
1.034633667927829228e-03
1.046247851113720666e-03
1.001444099203949081e-03
1.257308400969325184e-03
1.136224430018985612e-03
1.568674786601672623e-03
8.261427141114578796e-04
1.587662000470609546e-03
1.655644837084587579e-03
2.225614246000364935e-03
1.449235847107488862e-03
1.877920187045938353e-03
1.750246149797863356e-03
1.313625181655760218e-03
1.878461907712962627e-03
1.829540738881150867e-03
1.198840398127712717e-03
9.095623301200158944e-04
1.062075924741677762e-03
1.294102286024491734e-03
1.043230492497976671e-03
1.235720731255812678e-03
1.678546341981955936e-03
1.337519776457514074e-03
9.117409957515549635e-04
1.644834797299429786e-03
1.192562056246065840e-03
1.490386238152080099e-03
1.156348169388562389e-03
1.999286642796312130e-03
1.300005587784730521e-03
5.431752129715711674e-04
8.225478386170499050e-04
1.097753675864824533e-03
8.886531613021273531e-04
9.304807005691245443e-04
1.227837166376745566e-03
1.588727767166359366e-03
1.001668191460094570e-03
7.124996201451999590e-04
1.331165822524622887e-03
9.634925238364341199e-04
1.291876336389753471e-03
1.047685679882796568e-03
1.977198681250999079e-03
1.710317683032034405e-03
1.858695876712265988e-03
4.500290637134567867e-03
1.678751216202234962e-03
4.189216611900696509e-04
6.013832665207816119e-04
7.458883392243894619e-04
6.052045794171902540e-04
7.377533660395997357e-04
8.346232333181996619e-04
1.158303415067357938e-03
1.127216083891061094e-03
7.407959363237533786e-04
1.099454203396461058e-03
6.288603199164104944e-04
1.026060914519553047e-03
8.984613858592409644e-04
3.164479654884629154e-03
2.917147407146828113e-03
6.928834613461607936e-03
1.694004259119991432e-02
2.720391003586164740e-03
6.978742381149686267e-04
1.125086003270693363e-03
6.956237442842159958e-04
4.157393896479654621e-04
7.685495321103644412e-04
8.945714669592736952e-04
9.432774162826366863e-04
1.303709196346721551e-03
1.117571624718145199e-03
1.561662635958605992e-03
1.115509220907767544e-03
9.816270211387176196e-04
1.127835740020154088e-03
1.389944543895137207e-03
3.500038210886314075e-03
1.067711343161938456e-02
8.455089183561489627e-03
6.570583373564884170e-04
3.666587226373777919e-04
1.064204211610937341e-03
5.174242105425913346e-04
3.506491717110254134e-04
9.787057464946680163e-04
1.033504834198200511e-03
6.707528693491324407e-04
7.774296999945784145e-04
6.016181497737112813e-04
1.024409644914933953e-03
1.911707516984791468e-03
1.560140582027170174e-03
1.306858320882134817e-03
1.370823261757082336e-03
1.950209677748817108e-02
2.789177551751916354e-02
1.029297436917117094e-02
1.177849621971066357e-03
5.051811892965940793e-04
7.347348760123757197e-04
4.185355666936656162e-04
3.541886165513842381e-04
6.463496025715526061e-04
6.490271098747115884e-04
6.604118708273621144e-04
9.635575601683256559e-04
6.554388452237619065e-04
7.744081905063049344e-04
1.223702162627014192e-03
1.513310007142411795e-03
1.093255283373874070e-03
5.723561618473797623e-03
1.821031516622249602e-01
6.652415080359552757e-02
3.274663598524222424e-02
1.086896706851801959e-02
1.105438918857427032e-03
3.462863910329101107e-04
3.411088726834130154e-04
3.890313148527598810e-04
4.496803151108728783e-04
5.691811116343328380e-04
8.211759287189870742e-04
1.350080124105365337e-03
1.472909483129085893e-03
1.601446234097795912e-03
1.081218671645867288e-03
1.408065928520292566e-03
7.772776140098756502e-04
4.654318603074547936e-03
5.203748131104111302e-02
1.036843739026889824e-02
6.171105489430359602e-03
3.920141310930871578e-03
4.838322193902868740e-04
2.132167815438306693e-04
4.218590967059154253e-04
4.533094694788007716e-04
4.934446653807179721e-04
8.530528238051205596e-04
7.633480004054498270e-04
6.757466562318818412e-04
9.209178231987149698e-04
1.425032956766573208e-03
1.162367611110019664e-03
1.279264909602445023e-03
9.663211769297780319e-04
8.802678673295935693e-04
3.117883544413059017e-03
2.720886652148717891e-03
1.582876186901579054e-03
7.444896878642653102e-04
4.198381261437400536e-04
6.832970937989344675e-04
1.117840436731761151e-03
5.438059926029847934e-04
4.237141126651965107e-04
8.361818062968784078e-04
7.452973404457094008e-04
5.846465576367780885e-04
6.458295182108932499e-04
8.099546509882941860e-04
1.036156329953387412e-03
9.079941821138176996e-04
1.395089695309607815e-03
6.602109918338296352e-04
1.664956816109052287e-03
6.310882271377850176e-03
2.959402257168906696e-03
5.993627387252851383e-04
5.988004621060567887e-04
1.404427220847553111e-03
1.988023462899103817e-03
1.133946800312367852e-03
6.697311583452775522e-04
7.775124393868703722e-04
7.262419590259902146e-04
7.585936740282017482e-04
9.005180360307735252e-04
8.677957070762492035e-04
1.133754078322227014e-03
8.891082634201602497e-04
1.251250224790156082e-03
1.457050699092007689e-03
1.974953425922762549e-03
4.586367804080693569e-03
2.104309810847946900e-03
4.687028398946007398e-04
4.451381817567774679e-04
7.168286585435198208e-04
1.232343967551977233e-03
1.729689849993280371e-03
1.237987704389624608e-03
9.542303700536267693e-04
7.540071544378804591e-04
7.348354917487279810e-04
1.028367172943994495e-03
1.026435116110390854e-03
1.196787331908108357e-03
1.104798445183561174e-03
1.075573198500484736e-03
1.381589899271270204e-03
1.231652713712529145e-03
1.516903822369725053e-03
1.241089139726676751e-03
6.746776228786785859e-04
6.240224330751719794e-04
5.890027443719444370e-04
6.870118438788580268e-04
8.427566368894467324e-04
7.061828952827304065e-04
8.634361211975813541e-04
8.987628452691813616e-04
7.840298554749895645e-04
1.155548603803223514e-03
1.161514490997303138e-03
1.185029018730830025e-03
1.171377496324587254e-03
1.287346355149175670e-03
9.655530016108638570e-04
1.551172932448164439e-03
1.993202431816189918e-03
1.984653553164538332e-03
1.365665579097971464e-03
8.626689278837490309e-04
6.110502277773431287e-04
6.280753691346738568e-04
5.933773892725866797e-04
5.616445829384626156e-04
9.995967599091119295e-04
1.082046358276981353e-03
8.170416752402416636e-04
1.155670785602469280e-03
1.118600819269845300e-03
1.155330558770306703e-03
1.116565748872867282e-03
1.179368052545978285e-03
1.069660614956120803e-03
2.806011867780012960e-03
2.433158720407434163e-03
2.084298023998426997e-03
2.141845796521903416e-03
1.228344078834701274e-03
7.078902097692998854e-04
7.638315474352458693e-04
7.956236472171586329e-04
8.210592042186918302e-04
1.158658019375400066e-03
1.009059616711398179e-03
8.353074195314790862e-04
1.096692999705822270e-03
9.604265830576630327e-04
1.076686576448159047e-03
1.119142036487966998e-03
9.989074146220080011e-04
1.169434427280168290e-03
1.944180340531519646e-03
9.940605104618981808e-04
1.148253963012860548e-03
2.972555426794840777e-03
2.488247076282729987e-03
1.130643890912470069e-03
8.903586195767204973e-04
8.528550438525707910e-04
8.331684157077925328e-04
8.994248941295151243e-04
8.836171398522134216e-04
9.848469988711834079e-04
1.134641722064348452e-03
9.994864944858294041e-04
1.134117264662377758e-03
1.072161417629648389e-03
1.187621852711627903e-03
1.128627318751042373e-03
1.262347423518472280e-03
8.845013540475677328e-04
1.257889025706886372e-03
2.372196384956776118e-03
1.683427531106494431e-03
9.350797249998529142e-04
8.639514940553865091e-04
9.631012399225198466e-04
1.012130353750412617e-03
9.804713177065725420e-04
1.037316585936769956e-03
1.082575884684688905e-03
1.007434525681737266e-03
1.043795355464050695e-03
1.107691276830154994e-03
9.672172786758804737e-04
9.753738727253777243e-04
8.847478849342087746e-04
1.026115778132433891e-03
1.283338792307522945e-03
1.782511648096337742e-03
1.535909987540224524e-03
9.315981950222885274e-04
8.788541998325924073e-04
1.036038757839597259e-03
1.065171711260189157e-03
1.031629301169630303e-03
9.756458446697511633e-04
1.051674997135354159e-03
1.041699271384519338e-03
9.756896660271754300e-04
1.089123135142270639e-03
1.007603881206497022e-03
1.034190596646469363e-03
1.055747884231741538e-03
1.143220554021293599e-03
1.012188009161042387e-03
1.004418290683384242e-03
1.130426114474105456e-03
1.010542072963876385e-03
9.395956352824168332e-04
1.106400169259229684e-03
1.109041744445823626e-03
9.646034528909457409e-04
9.926245306908680968e-04
1.102094421617149473e-03
1.075632157519697133e-03
1.007963972261694940e-03
1.073079825751260558e-03
1.121429978239096240e-03
9.979728649905654676e-04
1.062500682376429093e-03
1.030402499847452415e-03
1.026281596021564333e-03
1.070893056594981584e-03
1.102041326529284732e-03
1.054420849553996085e-03
1.068465358740763220e-03
1.110541127363485255e-03
1.050271920561839838e-03
1.029425179866476575e-03
1.088229672400764644e-03
1.079453088777004594e-03
1.074698114297688734e-03
1.020440909184578381e-03
1.062907139392124884e-03
1.088214798257037836e-03
9.549366830617651153e-04
1.178541653847921733e-03
1.004319986472736442e-03
