1.302225881302616775e-03
2.959160610064555039e-03
3.455238311883534336e-02
4.513294770782707438e-02
7.580153692521626914e-03
2.506750728332538241e-03
1.904106238977984131e-03
1.105648144290110333e-03
1.114647990863544720e-03
1.680048268890193706e-03
1.243700079603940120e-03
1.187330915173902485e-03
1.535728035928209285e-03
1.148684775694008885e-03
1.258731691519767793e-03
1.654006962955256082e-03
9.713538181155289847e-04
1.118821689890614349e-03
1.558902220842586219e-03
4.455061573249243824e-03
1.481551775653064916e-02
1.424303207429794722e-02
2.800424261823748154e-03
1.050149751375705149e-03
1.263486118786157422e-03
1.135784839351064272e-03
1.094796200276644538e-03
1.486375227279636366e-03
1.485145537222467898e-03
1.809420851989324312e-03
1.802798747869496137e-03
1.213736032839800305e-03
1.452148396048500096e-03
1.544767752011592162e-03
9.019166240205610295e-04
1.280575395127520272e-03
9.959259189616090011e-04
1.710732392291285792e-03
2.242637362838362670e-03
1.911653911429835604e-03
1.144310834605721501e-03
1.098778422285774182e-03
1.667501693299414459e-03
1.390593252938981906e-03
1.070457152107420328e-03
1.398634640396768545e-03
1.593657331380510115e-03
1.540410716080622836e-03
1.143951520962270541e-03
8.518292721676168052e-04
1.115929140876414363e-03
1.443488683915618298e-03
1.085222379035817326e-03
9.110827005765387461e-04
1.072995009003852767e-03
1.652084563592490663e-03
2.341345543361258216e-03
1.637230951958083694e-03
1.486375521873877078e-03
1.197653255620639802e-03
1.200890629539185786e-03
1.277617861255931579e-03
1.135446517929030201e-03
1.288461097242476951e-03
1.319393144840065807e-03
1.171835472587468051e-03
1.081644425956012527e-03
1.017941416565605215e-03
9.646914716199709921e-04
1.041308420483542854e-03
1.032451659425204964e-03
7.864947339759484823e-04
1.173240745725744700e-03
1.404722647533266982e-03
2.942008305665550893e-03
2.514174186700204004e-03
3.241824803519088426e-03
1.678473607430347112e-03
1.173533458334121999e-03
1.940028261110862641e-03
1.904828622830998701e-03
1.454994822407703389e-03
1.169822648985367015e-03
1.150104824077521166e-03
1.457262952179258150e-03
1.760465344134676388e-03
1.643549822716985258e-03
1.443333958997456302e-03
1.318266088131280715e-03
1.138523475038293433e-03
1.318264063735904990e-03
1.116082599269308450e-03
2.377744319983635720e-03
1.618115347600175688e-03
2.147038395683423077e-03
1.283860336004989406e-03
9.131052579862177767e-04
1.398308612985728599e-03
1.609624818393927967e-03
1.875463699181690149e-03
1.500960261377088127e-03
9.452429669367252421e-04
8.317704411830919176e-04
1.028954658746952279e-03
1.515424410864096242e-03
1.692967741750811463e-03
1.342317308429174117e-03
1.418955661692162173e-03
1.128729071286074456e-03
9.338106209841592550e-04
2.304321585144977411e-03
9.696067780641450407e-04
1.107074301449857906e-03
1.321850935135903456e-03
1.052536979896120158e-03
7.555181371343586095e-04
8.971750991879122797e-04
2.491292691160223657e-03
2.638122049515831662e-03
1.315387769405551750e-03
1.017742935979699861e-03
9.711044454129268968e-04
1.068260778025238548e-03
1.112897694667528857e-03
8.856733620215598811e-04
1.236333959929029761e-03
1.115075423537882160e-03
1.265293655804056476e-03
5.434581183563672035e-03
2.007863602839526484e-03
1.723396143132147279e-03
2.068952383733126642e-03
1.146131235248588941e-03
4.796516773439754426e-04
5.216641834379597258e-04
1.471597845146557608e-03
1.702244603449600512e-03
1.420083029312003932e-03
1.840143926874372856e-03
1.462391323488141173e-03
9.861814316495475224e-04
9.950578518403750770e-04
9.193117324315026222e-04
1.126360276487319663e-03
1.772866701363540491e-03
1.905435072188025551e-03
9.664232244618872064e-03
4.353616483823574343e-03
3.859925319562804765e-03
3.155343592816483092e-03
1.166851385131467082e-03
5.857800050923861945e-04
5.935210528098995315e-04
8.732870456222439817e-04
1.021306268711758176e-03
1.334596029761283458e-03
1.563588865068967285e-03
9.780701676022627352e-04
7.758219221939251708e-04
1.063232245858761194e-03
1.296219334946694226e-03
1.184198505215924456e-03
1.940825211749699127e-03
1.033160337036121649e-03
3.674665793073418271e-03
2.855313939253327406e-03
5.598380454416763789e-03
5.433288050202830267e-03
1.557663596970398825e-03
7.963152614900257265e-04
6.639232002358307029e-04
7.134602305333287171e-04
1.287573449477688549e-03
2.135202103632363214e-03
1.460279485905158431e-03
9.129769821330802884e-04
1.103463441287583138e-03
1.090017018317670930e-03
1.304615902135640134e-03
1.308610608519560677e-03
1.246656057487889298e-03
6.843371152369279956e-04
2.514067053238876019e-03
2.809000737923132620e-03
5.779612923632828150e-03
5.230705823601995187e-03
1.236800693405052699e-03
5.327015135513033786e-04
4.630805640576836357e-04
5.308780981047680515e-04
1.196120519038689585e-03
2.494529099750761574e-03
1.617317606693331050e-03
1.184704499566260937e-03
1.830131527288677380e-03
1.128144962638173146e-03
1.144078487970304550e-03
1.307620793408070152e-03
1.051284448948288036e-03
1.661258105245832541e-03
1.310212728712702515e-02
1.451637742265940792e-02
7.995776396304728195e-03
4.422161272526591545e-03
1.446856927654269209e-03
5.609382128907007027e-04
4.816183857416791677e-04
4.353784169287518223e-04
5.511875897962824171e-04
1.621149416680418799e-03
1.966170376667640812e-03
9.602027571127651207e-04
1.104556038284967888e-03
1.169106522853946388e-03
1.516710410366084753e-03
1.231894715390327360e-03
1.246424900171129359e-03
2.818841765436683536e-03
4.850770352125186730e-02
5.267248278714870696e-02
6.634192087884635027e-03
3.176886809878304904e-03
2.369383597560295162e-03
7.221752945499539025e-04
5.156745300133710108e-04
4.699616987565637008e-04
3.495203556022398483e-04
1.378173191397948603e-03
4.027782298320656089e-03
1.141480184715758153e-03
6.033115246748241333e-04
1.202328805526699717e-03
1.757783154113155789e-03
9.492796524379590491e-04
1.173819286204965968e-03
1.221358023961567184e-03
1.530082733505664337e-02
1.431855480038268617e-02
1.419407465136633337e-03
1.344464641561294617e-03
2.150077370171101909e-03
6.372728009585572166e-04
5.399604385480057719e-04
8.039131019654851672e-04
5.323465594876871385e-04
1.404602156882300140e-03
5.108578730966284800e-03
1.788135814572657314e-03
7.133765350730326971e-04
1.225544191534839056e-03
1.192417617323442234e-03
9.102594692124022901e-04
1.101531531317812874e-03
7.360139253204781061e-04
2.768074619600996086e-03
2.047489130098769858e-03
5.295661672959290408e-04
9.193878901594821750e-04
1.421358404250332164e-03
5.906770708946425426e-04
5.672615215783679546e-04
7.528627783577890049e-04
6.070352085833992687e-04
1.065125090705844844e-03
2.419400790281703729e-03
1.448923596165313911e-03
9.266057187837194436e-04
1.299516165222627155e-03
8.643042298290590881e-04
1.212480013938485070e-03
1.130101401902352436e-03
1.331298889416318880e-03
3.062100811130750565e-03
3.029645097696673315e-03
1.519792711595769783e-03
1.138148533847874828e-03
7.776426824932912039e-04
5.821177025522360562e-04
4.860723146246515177e-04
3.711623474216037147e-04
6.259062621370920561e-04
1.541771139218068871e-03
1.827037215136143164e-03
9.886488847286824169e-04
8.310203630014197443e-04
1.343426919864557567e-03
8.956510442933232619e-04
1.144945877079741161e-03
9.666959776917597455e-04
1.506532144028009668e-03
3.339712343244647438e-03
5.211156894562565291e-03
3.635232227943012949e-03
1.292958317808893870e-03
6.215062383997184458e-04
7.105945305350443294e-04
5.473667782887780197e-04
4.683379941037440781e-04
1.478737227494694240e-03
2.955421573560014330e-03
1.863482685732752338e-03
9.587688761124755696e-04
8.339398366157920644e-04
1.372313046212006882e-03
1.144860376535970087e-03
1.018920863048823578e-03
1.020585519281922869e-03
9.051772671342090239e-04
1.116946888415042225e-03
1.373595358564425354e-03
1.584415389721706337e-03
1.079486463755363048e-03
7.861018739942104332e-04
8.032811178571179272e-04
6.334079549840370554e-04
1.115103232396682728e-03
3.240263891035852478e-03
2.073375938892906695e-03
1.040889038603424414e-03
1.061621228566826712e-03
9.777147350579443869e-04
1.033219158256369966e-03
1.022235180788799323e-03
9.396578381842827154e-04
9.523894153720261543e-04
8.384252264559586502e-04
9.891827038128737752e-04
9.509089325506307755e-04
1.062715330415058912e-03
8.038896055448690363e-04
7.903238220296546343e-04
9.769196416213384460e-04
7.808308874378808205e-04
1.330192805685882817e-03
2.490392754650060016e-03
1.066604003609550669e-03
7.159802909935328308e-04
1.094882526353728978e-03
9.655340207502469954e-04
8.269413751758747247e-04
9.247440745979727860e-04
8.742865469190252026e-04
7.148588107388763888e-04
1.090959259529487163e-03
2.032066208408362957e-03
2.638597925196378615e-03
2.444028341854669138e-03
8.531764772174385038e-04
7.925900545286435625e-04
2.106417548974007497e-03
1.559993874987023127e-03
9.250823310045460691e-04
1.190338893868794290e-03
9.736982942150814975e-04
8.501109455300216331e-04
9.636325240286021604e-04
8.809494693255762437e-04
9.961077705819309288e-04
1.089654899406884920e-03
9.556626528721555609e-04
9.009693105576577687e-04
1.624415384716914722e-03
2.065069671878614482e-03
2.690083110405104127e-03
4.480624887324667627e-03
1.536589701939133652e-03
8.406096742619252387e-04
2.158285951766490511e-03
1.729960459914970262e-03
7.398034248193207036e-04
9.380579390830075985e-04
1.162455326111695546e-03
9.754884756756338057e-04
8.831027054744195262e-04
8.774233240142426333e-04
1.040738637199798604e-03
9.358127615976425404e-04
1.013836200229693667e-03
1.094589520272355124e-03
2.083095682513981181e-03
1.836625389550427872e-03
1.403953115024723789e-03
3.408083497347488833e-03
1.913766079550437756e-03
6.296735005805248128e-04
8.543299754422745054e-04
9.347128909120599235e-04
7.754604422935558981e-04
1.201359216480474106e-03
1.326922642492516565e-03
1.048032569289681975e-03
1.044233432365851118e-03
1.026846194938532209e-03
1.106002768381754951e-03
9.270444598823902220e-04
1.049499353920619119e-03
9.230828769412020374e-04
1.600645050696272633e-03
2.667498191791478016e-03
1.415562545668795939e-03
1.622143021904821859e-03
1.096776319092398816e-03
7.341595698195378704e-04
1.292058298689570048e-03
1.178419521223698961e-03
8.076144785443038028e-04
1.097317778801110838e-03
1.111818962728571220e-03
9.422591338263325896e-04
1.010301346433574443e-03
9.235098075846651404e-04
1.026833109922369166e-03
9.767518376942736346e-04
9.872167091083748451e-04
8.454691564709338174e-04
1.350070739489636499e-03
4.935371984976464135e-03
3.290588006015593946e-03
1.672393244586269307e-03
9.523943045455144198e-04
1.552841238938687746e-03
4.818265170100425460e-03
2.718287646890860543e-03
9.148552897711941358e-04
9.499537430465037919e-04
9.901588653607002952e-04
9.511682263939246146e-04
1.092553353675594034e-03
9.738760886698416899e-04
1.010884694760331168e-03
1.005279471980387697e-03
1.019814308928754069e-03
1.088088058231101440e-03
6.918403418713055600e-03
2.949082604112786277e-02
2.898163910389519107e-02
1.455955845039959111e-02
3.385916368382478701e-03
1.267293539131972638e-03
1.608543875201147921e-03
1.267768709016699798e-03
8.196523767253241456e-04
1.037099575855658391e-03
1.049917832312690594e-03
9.200387688097314562e-04
1.011734081530026464e-03
9.864434971608982122e-04
9.826722743985758825e-04
9.944689578977963275e-04
1.002311491016786779e-03
