8.834089632773151415e-04
3.367008824250145027e-03
1.039602259242911227e-02
1.639084153978416503e-02
1.220488172107126075e-02
3.257431673897958572e-03
5.857965473434358474e-04
4.476430900422835894e-04
9.772554162776230565e-04
1.037867009880554751e-03
7.392497095176336474e-04
8.570883415406681336e-04
1.408740297893938155e-03
2.068552002389293168e-03
1.658232856176941345e-03
9.099249676373877488e-04
8.517562996619706473e-04
1.418518924684554960e-03
1.475357407965100344e-03
1.912538715874429049e-03
4.571404562610208687e-03
5.014826573555679519e-03
2.624788772572331057e-03
1.655547070858224071e-03
1.070600103980557782e-03
1.261281467711714791e-03
4.148767662059097902e-03
7.578718780499463584e-03
3.250152100034819479e-03
8.492569990546140497e-04
4.586772919013051559e-04
7.275881643145873682e-04
9.720259291995170855e-04
7.758922632835769375e-04
1.174630051846196031e-03
1.779439795991766705e-03
1.117634280312412767e-03
1.234783820506716754e-03
2.768105652414724546e-03
2.702203198809130860e-03
1.343694725023457165e-03
1.453098572724516790e-03
1.395783499163969323e-03
9.800071268837474026e-04
1.418350760081980725e-03
1.999005137909841846e-03
2.415478662132403143e-03
2.639204743383842360e-03
1.253735481669752874e-03
7.405811796071757333e-04
7.571115062292876376e-04
5.714580932032899780e-04
7.606874849367225222e-04
1.539111647517739205e-03
1.430438958366655588e-03
1.085392929504562206e-03
1.845364993875733611e-03
2.140563723329913168e-03
1.332188073048386993e-03
2.044864028641006637e-03
2.490696421439109447e-03
1.645135912583279821e-03
1.618884377865173084e-03
9.835268558223381023e-04
1.126502113763427860e-03
3.813632051370144643e-03
2.520127907054671868e-03
7.888314685989602365e-04
9.178856972402924235e-04
9.352190728398867290e-04
8.961417454874393961e-04
2.217331361921127519e-03
1.456452156949530419e-03
7.248352707696425557e-04
7.159456003718597068e-04
1.021691295220878912e-03
8.295902577256947935e-04
1.650445944838247738e-03
2.327109752997507611e-03
1.391605794713955419e-03
1.553038888885075212e-03
8.868152423121039747e-04
6.797257648036711874e-04
2.851832945906178363e-03
3.324984413502736838e-03
9.508338076931688526e-04
8.496838435168335875e-04
7.745010455876031675e-04
4.815108053752604491e-04
7.882700448169085257e-04
1.169715479193827188e-03
8.007294586258519465e-04
7.430484124273639126e-04
1.485143605614638266e-03
8.471150741782238489e-04
1.033307792582485772e-03
1.492626896011691427e-03
7.550703459260016490e-04
9.677705810424773285e-04
1.162240313699910814e-03
7.355475019473510035e-04
1.213514138416540121e-03
2.259297198671840652e-03
2.644092606512882682e-03
2.976280458179608387e-03
1.365663310491665615e-03
5.296964341536383519e-04
5.780777504986751164e-04
8.683126313362762166e-04
8.295306998341254187e-04
9.444796623265880190e-04
2.948976632185273169e-03
1.113340449767777048e-03
6.677949171829071886e-04
1.004029049214250546e-03
5.655233967528912418e-04
6.528729818202315405e-04
1.369350726607891991e-03
1.071330614864405596e-03
5.570083194750465733e-04
8.223485926113183967e-04
4.563317397305007364e-03
8.872065578253629167e-03
1.871401404007333631e-03
6.757985211329904087e-04
1.160327986972998831e-03
9.275945072942891594e-04
8.863494921859734355e-04
7.182448318750428527e-04
1.816066824892778727e-03
7.777304368128923036e-04
4.558579484205588814e-04
6.807689754139219403e-04
5.062482321511017772e-04
4.573755087723350705e-04
8.176781032311385491e-04
1.412859173652519264e-03
1.053003009700736797e-03
8.387666647123768419e-04
2.797199010351702347e-03
4.118491278249279686e-03
8.511153780557611202e-04
4.824658097317662941e-04
1.026373687727323136e-03
1.113472777542312987e-03
1.680402001753818339e-03
1.248873738957933209e-03
1.286162766264310449e-03
6.006920769589295730e-04
6.541010169724742387e-04
1.191288061189927673e-03
1.174323055100148306e-03
9.004895272222856626e-04
7.194405852088279129e-04
1.141531090614372659e-03
1.696834282254120613e-03
1.202292551722730857e-03
1.613153805415908429e-03
2.633012593771179907e-03
1.649075308037563185e-03
1.271377890849962342e-03
9.587916433961374361e-04
1.009858356906072384e-03
1.159425409387895498e-03
1.894954376491890307e-03
1.308948085951939242e-03
5.222474260111857353e-04
9.255391038572945801e-04
1.851151319677300355e-03
1.604362754525792125e-03
1.266439610684306355e-03
7.597325894214713169e-04
6.642256775822684553e-04
9.828224460700077034e-04
8.265410118400591793e-04
8.367323960308329896e-04
2.049668436431382502e-03
2.882518327186976009e-03
1.832144626617213589e-03
6.433417251495497473e-04
1.476238417127982705e-03
3.892313312296507774e-04
2.148926202149485740e-03
2.133776176022192037e-03
6.529835966045104698e-04
8.131220314335288468e-04
8.869842022525702184e-04
4.565467104252476579e-04
4.307992014822332886e-04
4.629978614456214730e-04
4.810181246583525912e-04
8.332538529012726647e-04
8.741965292666217845e-04
6.992026975202052285e-04
1.633090847485367059e-03
2.360624576614760682e-03
1.127464580683145562e-03
5.112354722320475945e-04
1.814276766802307931e-03
7.779897960856363036e-04
1.804497887921469382e-02
1.485325208320164257e-02
2.310004409631788609e-03
1.162574273840722219e-03
5.758645278141297924e-04
2.741006575653368114e-04
3.942865250926597142e-04
6.075757454768618369e-04
5.205916094504125981e-04
7.192439448084852983e-04
8.671919630078893729e-04
7.268010336624116264e-04
1.923166321850039483e-03
3.275908881388095006e-03
1.562758584084654803e-03
1.189052943196298746e-03
9.373567100629027647e-04
3.736782329505136842e-03
1.456923336603549168e-01
5.645139417488582306e-02
6.536157994538196493e-03
2.054316646493133374e-03
6.429437652535725193e-04
3.704166820967127018e-04
7.492657735948551022e-04
1.141109303131822121e-03
5.999336503201595705e-04
6.004019180554916266e-04
8.687817593353222697e-04
6.661423307778225516e-04
1.118527083216269832e-03
1.701038277597728861e-03
1.096371371520363149e-03
1.440551007410808063e-03
6.751756455428181746e-04
2.859107431410413090e-03
3.342708820005697162e-02
1.303046200853098455e-02
3.119210154381195626e-03
1.360305293885123072e-03
5.130770651964648927e-04
3.555871257155188148e-04
6.744055587937291618e-04
8.294521436157863093e-04
4.190697046993621189e-04
6.912948140091611411e-04
1.995546686026442636e-03
1.579720700053867041e-03
1.285397132451713631e-03
1.192789755477566662e-03
9.071874742090469757e-04
1.187373083695957097e-03
1.191421056831101256e-03
1.016857176494639784e-03
2.991942329881043527e-03
1.974416275952940291e-03
8.275208035350940317e-04
6.292534206702406945e-04
4.822630391191619305e-04
4.857095081680533940e-04
8.564977585641836985e-04
7.041068374848771533e-04
3.346343577861019556e-04
6.408948476620881249e-04
1.592769505636481425e-03
1.811482608515498300e-03
2.784140389931241428e-03
2.688725525860136568e-03
1.973968237441403335e-03
1.750692949455617516e-03
1.530479107477087297e-03
9.876581923671024811e-04
1.886032674487342657e-03
1.397170612508364220e-03
5.356257997112283051e-04
5.388983370534170805e-04
5.412143593957188456e-04
5.056403493445525438e-04
6.996641642392807192e-04
5.123844848433959601e-04
5.145550922815665933e-04
1.063223399473034372e-03
7.775341623898783180e-04
1.090208439631149906e-03
4.792091407135286481e-03
2.800212863499483562e-03
1.277301713233758079e-03
1.403186602712591050e-03
7.987831407794550006e-04
1.035096130952229418e-03
1.598359188239245957e-03
1.116149187798420352e-03
5.027424460846594782e-04
6.812009867582494074e-04
6.799396740339447168e-04
3.877884812470518334e-04
2.774864819375945607e-04
2.280414385859181063e-04
7.540184566752835974e-04
1.890714613879399073e-03
6.414093623019009481e-04
1.767138562661261028e-03
1.450527934114393715e-02
2.296082432094082373e-03
4.856414265282327984e-04
8.419053983346499841e-04
5.338544672066946120e-04
8.063469909705601622e-04
1.068931824509543283e-03
9.477938387425237279e-04
5.420057373008761942e-04
7.898693535922608408e-04
9.135070115004841930e-04
4.792429117684097995e-04
3.472379072224518080e-04
4.416261150681350094e-04
1.156041370430069444e-03
1.052341231486322772e-03
3.248281879403057751e-04
1.853129827867445187e-03
1.511849499547954744e-02
1.839951490915270067e-03
5.253310979108051981e-04
8.029651754405777494e-04
8.145043501639210454e-04
8.332547225970343609e-04
1.331545256550101209e-03
1.842495182622070444e-03
9.120872895216154599e-04
8.071120517134113513e-04
9.411875176944282462e-04
6.113858133235577962e-04
7.976337711609007191e-04
1.557105171711281946e-03
1.329085138459400661e-03
6.078874403806946818e-04
5.274182801342918326e-04
2.115127547088097981e-03
3.305491565848043146e-03
7.109616932362880070e-04
7.774554377430836728e-04
7.606022810164560699e-04
1.040934234294985626e-03
8.838056518043064776e-04
1.377634534512384200e-03
2.310299115765084618e-03
1.298348750651996675e-03
1.000047420016069236e-03
1.444012929077805518e-03
1.070416636085938945e-03
9.651472096142164675e-04
1.110022014335538404e-03
5.916645335441850619e-04
5.864798232285026126e-04
1.934771079456149836e-03
3.266638771938868389e-03
1.074373855363196717e-03
4.513427281305609209e-04
9.933156120049346175e-04
7.298162452065493945e-04
7.236481553592191088e-04
7.989699079392527121e-04
1.039826735185744085e-03
1.591800903177404162e-03
1.458826139760581019e-03
1.472638772954292441e-03
2.596044108622499059e-03
1.929989453173946512e-03
7.869554547118908514e-04
6.262207206485351273e-04
6.919720601621876313e-04
1.005098101441968600e-03
1.467083643682392646e-03
1.135190592953099495e-03
7.103199537598707232e-04
7.308643727121758070e-04
9.754064709091345544e-04
7.499829892216419410e-04
6.561271707604664780e-04
9.351817914465828481e-04
1.756872486621441961e-03
2.279113936980601759e-03
2.001633406562153359e-03
1.564258680634169913e-03
1.737232675433908469e-03
1.153854520216154389e-03
5.574834140886364290e-04
1.128427665995560989e-03
4.536158977914579379e-03
4.249789311699979540e-03
9.738419445079064861e-04
4.353723687483549354e-04
7.081806122746331063e-04
8.995889756835510898e-04
6.678883787328919984e-04
7.355138523026195701e-04
8.545088686290761362e-04
9.252122099381283145e-04
3.197409038969684699e-03
3.544416195604167298e-03
2.180907101300515009e-03
1.430048716479750265e-03
1.371598515599786955e-03
1.122641986570862074e-03
7.092417261858126494e-04
1.498074654684129455e-03
5.722790055356143449e-03
4.284192705943368033e-03
1.022328397499567632e-03
6.250563938202709094e-04
8.792538277578176723e-04
7.719931188240662613e-04
7.216634799905396027e-04
8.460365909977895409e-04
7.358321342255863323e-04
6.231782058323536051e-04
3.092524044041218730e-03
3.386807641723775606e-03
1.736599938492359909e-03
1.060670429620649705e-03
1.476364726589888708e-03
2.604971882799051071e-03
1.423585913868244098e-03
7.169911590446446893e-04
7.864325788745524541e-04
7.270551637813799485e-04
6.554253798603090677e-04
8.031284559407013846e-04
8.096903927385116963e-04
6.673254779944318756e-04
8.324055760410301258e-04
6.941658726536706304e-04
6.998135400912539224e-04
2.439957854881262978e-03
2.070023122437125371e-02
2.971813474660355350e-02
1.383870708263435119e-02
2.932799870131419431e-03
1.658020033346359161e-03
3.421318508074112311e-03
2.304129446272019585e-03
7.997057326130376734e-04
7.004574699139725670e-04
8.381223622239347215e-04
8.130300342239438422e-04
7.130505843051547282e-04
7.180578842083605281e-04
7.716762976991640424e-04
7.457583830087617617e-04
7.284346959417271243e-04
