7.463812384373011075e-04
7.691460744634682264e-04
7.582425212403050285e-03
1.853306121921127151e-03
1.098015085912114591e-03
1.791253386775583378e-03
1.149575676180419935e-03
7.420485613656071372e-04
5.819209920820153734e-04
6.352210694280545009e-04
7.709361721110977866e-04
5.438999813873221338e-04
5.042205118402572376e-04
1.056414577193306049e-03
1.542489171703457411e-03
8.286009609636222359e-04
4.875350306280055979e-04
5.308753056306529357e-04
6.001687354253664288e-04
8.400516867345404065e-04
3.029923015423090227e-03
5.915950653223731514e-04
6.359256008026192104e-04
1.195024746441127484e-03
7.633824473311607781e-04
7.655799491206772981e-04
1.155005508678445683e-03
1.556826797866571075e-03
1.080936269812137699e-03
5.559005240279932128e-04
7.320373755094600589e-04
1.125454010049053511e-03
7.778126030233093596e-04
6.469878738818694462e-04
9.255470945710408655e-04
1.179911788787909623e-03
6.360521438416739384e-04
6.487564667600359027e-04
1.995241746182185513e-03
6.206047430955432924e-04
8.189652032402675551e-04
1.387248381957100710e-03
1.085578479618921205e-03
9.787684449043790487e-04
8.285654359985899532e-04
1.025020368997694780e-03
9.486237834691465479e-04
5.282414767740591837e-04
7.913334630849326720e-04
1.353475918018306155e-03
9.220155291497474440e-04
8.182416833801609869e-04
8.379965349558643603e-04
7.987714574350779752e-04
9.801932718436553050e-04
4.481798555009901914e-04
9.527735458970392358e-04
5.906013289286282100e-04
1.214263755287880130e-03
1.743412704970319057e-03
1.219197368932826552e-03
9.262372076402075475e-04
5.649310411523940628e-04
8.175145717818303043e-04
1.426351872570319132e-03
1.017089881541132293e-03
1.077798959685212629e-03
1.298238916391503649e-03
1.059514949063525367e-03
1.356374755425556345e-03
1.006983800758498712e-03
6.104210409517050150e-04
7.221359292906422101e-04
4.994100159546841248e-04
1.040259053574063780e-03
7.460967081933206303e-04
1.139403161330173166e-03
1.177856102474696609e-03
7.983229494468948749e-04
8.319420893786013196e-04
8.300114436083387212e-04
1.041608357584078090e-03
1.251975205295496971e-03
1.094600385094866846e-03
1.271166325248212050e-03
1.076860264536528980e-03
7.562041360258966137e-04
1.112826031599224458e-03
1.087257872622993072e-03
9.917472135587146204e-04
8.829344083813426723e-04
9.025108744222501336e-04
1.437896643196589228e-03
7.849916240294408255e-04
7.913152991389582960e-04
1.283451848160167223e-03
1.154910044780372430e-03
8.550549848512908543e-04
8.797457819678538866e-04
7.167486567724492674e-04
5.339728511469069320e-04
8.672432527882909144e-04
1.584809852821249558e-03
1.173698976601794588e-03
6.675787772559537694e-04
7.303640789580427431e-04
1.019946635566800017e-03
1.282613843717057530e-03
1.117890899556660354e-03
1.149166104871588486e-03
1.038568434986696315e-03
6.533156168086696938e-04
6.273603019282836821e-04
1.539060324431931271e-03
1.683117512608775772e-03
7.983111337999794586e-04
7.901832700132278885e-04
5.798034134139066695e-04
3.847433040986619410e-04
6.778707471530256599e-04
8.918038143676883418e-04
7.984738627447691365e-04
7.492399935750766651e-04
7.178257300766271434e-04
1.268655395071291046e-03
8.282323008603900217e-04
5.404753906404207320e-04
1.283187985559496730e-03
1.412521121811059852e-03
1.812255843713857272e-03
1.077780373095161073e-03
8.065322474913906581e-04
6.864682731835276396e-04
5.269796732659283705e-04
7.987825038246604281e-04
7.414134127455692877e-04
5.042603847487594094e-04
4.863035517303432114e-04
4.583136848876962670e-04
1.184795486780106880e-03
2.092412214273658370e-03
9.831075474355601990e-04
1.527933901433828389e-03
9.384062817386622669e-04
6.443903337266477724e-04
1.212531960140819914e-03
1.300159082579510237e-03
2.515272371610742432e-03
1.397826916134787840e-03
5.134406085018627117e-04
4.765104573392311862e-04
5.729937743347190060e-04
7.589849865440569327e-04
9.935522963803477582e-04
1.050103300109774635e-03
6.100797227085107913e-04
5.274068980376672450e-04
2.515021497467058529e-03
3.764341320163859441e-03
7.889485217425954528e-04
9.021429805084945838e-04
1.659351200752681504e-03
1.356799862157637929e-03
8.145999690075461305e-04
8.660440596029190131e-04
1.303987998589036705e-03
1.109710701229451538e-03
6.141185101644897320e-04
6.521741348670160405e-04
6.232663113876786955e-04
4.765159199469286939e-04
8.137040769405002498e-04
1.337942808354000875e-03
7.499616222253394473e-04
5.539807402537786632e-04
1.019716252845523537e-03
9.439687671367523415e-04
4.713619643293493399e-04
5.340647176775760062e-04
1.369123058249895010e-03
1.108456177348611559e-03
1.160498021325364693e-03
5.758663418568273594e-03
6.889497582374125989e-03
4.514653562613410269e-03
1.425584423261797495e-03
7.096645745519676758e-04
5.339124903515068965e-04
3.262494524642243175e-04
3.887189704769074684e-04
4.828715721211398028e-04
4.749081775030318184e-04
5.942699250599482643e-04
4.007134905923486162e-04
3.303410778251349546e-04
7.332349134016669448e-04
7.560676824324790400e-04
7.935890493299666872e-04
6.952587194837807436e-04
1.437595885521623755e-03
4.222172905718615116e-02
5.348720858412351481e-02
2.331669228913857070e-02
3.964156516504903881e-03
1.374732317340009559e-03
1.089178191467999116e-03
4.842503512504581697e-04
3.109021407590199988e-04
2.523431420115128257e-04
3.189820470770277582e-04
5.622444213034811893e-04
3.931182272037371875e-04
5.733132710073114181e-04
1.924684140934854572e-03
1.264883194789851416e-03
6.528663879884161279e-04
4.855848669023359455e-04
9.142226588968149466e-04
7.920248918583651376e-02
7.558263650252350363e-02
1.823257220642383533e-02
4.361713002793437058e-03
3.096306000133217280e-03
1.915756647676100264e-03
4.306786301553159886e-04
3.235396064875151233e-04
3.829989771888158757e-04
3.438346740537084130e-04
3.316965095762942775e-04
3.520391511163537056e-04
1.136380154699802433e-03
2.657383521420292934e-03
1.439780301034197666e-03
6.978262251095654518e-04
4.738924961636270658e-04
1.236077755449874888e-03
1.348377209687942058e-01
6.866793090508672981e-02
7.225669413811820416e-03
2.221580399874080371e-03
2.661781638646311399e-03
1.207702820041481936e-03
2.253558137087435873e-04
2.549871971766990439e-04
4.368334523771315466e-04
4.315349141082652838e-04
4.028756222605976169e-04
5.464191244260753737e-04
1.581995521469853295e-03
1.840471092867467830e-03
1.310993845077217503e-03
6.683268789661203852e-04
8.807434412799632203e-04
1.153734872692119317e-03
2.399225491328357829e-02
1.742563119295422597e-02
3.984316876912532071e-03
1.141628185127101149e-03
8.771360210373552744e-04
5.809107531213267154e-04
2.733149030892413340e-04
2.489481336472908007e-04
2.538334271021801952e-04
4.329124375864528904e-04
7.261676572140278842e-04
9.359353550584502413e-04
1.523709953264423822e-03
1.022356307848493965e-03
1.042896548356354869e-03
5.919704649409537238e-04
1.147202058024274348e-03
4.198621191230756202e-04
1.089630714100759930e-03
3.311847480184251877e-03
5.711158666710239133e-03
1.666671228032031620e-03
5.148540918677341508e-04
4.794175973334058771e-04
5.689017916962918779e-04
3.882848663894740773e-04
3.124878368160901817e-04
7.307872839718912439e-04
7.688281548676382908e-04
5.789338833032123743e-04
9.940769115799798911e-04
6.802361304797308311e-04
7.967266038792280777e-04
7.275281458088769804e-04
6.128371117612016125e-04
3.856228079664303214e-04
5.316873040365064544e-04
2.022968180122305514e-03
5.333238168416428934e-03
2.188313779882419818e-03
6.600047969358743393e-04
5.363521271401363406e-04
7.144627193223376067e-04
6.349487261580737552e-04
8.165631731420192442e-04
1.648235381354438110e-03
7.282993797397092559e-04
4.447118308948622774e-04
1.103404950938279613e-03
7.284208359182799304e-04
6.287183565152859414e-04
7.938530923880835833e-04
4.803559173365574281e-04
8.683555812209338117e-04
1.212285304990216254e-03
1.372619463375411228e-03
1.036563243527386085e-03
6.047313379767980859e-04
4.193696423623433328e-04
3.502623113465390468e-04
5.050445502406254814e-04
7.287813848860489902e-04
7.510086117039267185e-04
7.638195042024877035e-04
5.345181596298756097e-04
7.767862671320107520e-04
1.672205215425334214e-03
8.533475867356695582e-04
6.844250505868465680e-04
6.797000522508105450e-04
7.235164668595936302e-04
9.715664834048324270e-04
1.323668550692099193e-03
1.226270047273084326e-03
5.937343837727971285e-04
3.456648823344577511e-04
3.347500964496572125e-04
3.047812156890035038e-04
4.723950910405366743e-04
7.356973647132453902e-04
3.888377608728818481e-04
2.874895315517220023e-04
7.306725731834220854e-04
1.903502778199641287e-03
1.459838968022625144e-03
6.460886882689242331e-04
8.993277053915531153e-04
7.034975166300523001e-04
8.456007851287061436e-04
5.827452641624717008e-04
6.946888373604714895e-04
1.426595367903419872e-03
1.392071766832835011e-03
6.885414894650169993e-04
5.045499246330354716e-04
4.466564044208491051e-04
4.620091269654209116e-04
5.131706061397918635e-04
4.300803126378798338e-04
7.956310236597860302e-04
3.278255993465645571e-03
4.142508351451357207e-03
1.188677752817809139e-03
4.836279948617197891e-04
6.697216931366558939e-04
5.962239112779688837e-04
7.448386874887850300e-04
4.670620113297919442e-04
4.648581627581888304e-04
1.247812407213243864e-03
1.949302971502271838e-03
8.465132620622979869e-04
4.793838563843733558e-04
5.373393258593377360e-04
4.663991718523260348e-04
4.546311650898409319e-04
1.163309378695079376e-03
4.064513981777044711e-03
4.500876309211791597e-03
1.720444704139411501e-03
8.220232549467266668e-04
5.163221500853223652e-04
4.016321351853430828e-04
7.218664430682342724e-04
4.899711524784996228e-04
3.376078452279523750e-04
4.727977358599006895e-04
8.889782562126018195e-04
1.129503744983055948e-03
6.353508761278704687e-04
4.874850078192210861e-04
1.005390315471897189e-03
1.273538313972228482e-03
1.113950976240496481e-03
3.151500438934029535e-03
5.733356702726225516e-03
1.036636255460191697e-03
2.225693754397822528e-04
4.028428838713187898e-04
5.798726763762038997e-04
3.902457594573484107e-04
1.787361034450322484e-03
3.827322905985092801e-04
3.382233013913106892e-04
1.036246506136909292e-03
6.506303961828868677e-04
3.073902882921115336e-04
3.253580699792363111e-04
5.387646789192781713e-04
1.661563281476253129e-03
2.229316599294800701e-03
8.091143234303335057e-04
7.684195720386275156e-04
1.095149398556814627e-03
3.135360860172355991e-04
1.290721214919869490e-04
3.519998624194370005e-04
5.107772797211286575e-04
2.873942638570547016e-04
1.116324029934743839e-03
5.497530530171276276e-04
1.010127523532893673e-03
6.793432165250602554e-03
1.264432219547066303e-03
2.283207343168147478e-04
3.728676469797174466e-04
5.903623754822525868e-04
1.018342094499881433e-03
1.106605108220298046e-03
1.746053695147976523e-04
4.315232891335192729e-05
8.404796171144599708e-05
1.749462353561553429e-04
2.044919606426181646e-04
2.837752526074905344e-04
2.162126620607163587e-04
8.837294124585695859e-05
1.037493831974497361e-04
2.368699591520811217e-04
6.322269505461847877e-04
7.897173828139356089e-03
2.697185234483197129e-03
1.370376903704371941e-03
3.304448645058390577e-03
1.352015063465210115e-03
6.626622497393721460e-04
1.501625075821183455e-03
5.925243942520853858e-04
6.027499794725187289e-05
3.668246853714194451e-05
7.549079964026422535e-05
7.659381240303808798e-05
5.008659919726307018e-05
3.991922918691858389e-05
2.924290294686090935e-05
2.092529996809771805e-05
