1.172779005408402121e-03
3.779955097420527148e-03
2.660434789908503773e-03
3.956962750274468053e-03
3.804670616765285125e-03
1.366780573751162197e-03
6.366611799253422662e-04
8.500186365942145363e-04
1.496148248677326440e-03
1.084534165247369236e-03
6.476630650103906619e-04
9.702545442565147860e-04
1.302066108653427779e-03
8.506856670931892865e-04
5.557104143181580734e-04
4.414845699836906882e-04
4.555597967760204535e-04
6.855131417902866594e-04
1.082375740832738258e-03
2.566174947925881945e-03
2.700697563229768547e-03
4.957039512943983185e-03
3.976455615484894221e-03
1.630014254083450836e-03
1.398891036345358994e-03
1.998609206735320852e-03
1.970012994497042161e-03
7.807217355239759893e-04
3.239775682402568557e-04
5.178489749470352194e-04
9.283574616462009644e-04
8.251820882584833547e-04
4.846160698060737867e-04
2.066549972833132672e-04
2.254614446148439264e-04
2.190903954781417244e-03
5.909547510729233448e-04
5.829083415141170449e-04
9.673335972974336436e-04
1.263668576330992605e-03
8.950964520249328482e-04
7.308951494530482049e-04
1.113889421244940040e-03
1.424115047755645461e-03
1.823305239742336768e-03
2.410333892317260193e-03
1.830754094920799711e-03
1.011730596973333578e-03
4.383130934895846341e-04
4.798734670178494326e-04
9.190812432275310842e-04
6.456070662396955597e-04
7.029936264104670726e-04
2.200208279422467741e-03
2.158514808967343900e-03
1.200169238715727369e-03
3.078677426784238308e-03
1.796650735864382996e-03
8.010044763991538671e-04
1.126909204351409432e-03
2.699089020621314554e-03
2.468262634744142377e-03
1.851987464396922644e-03
3.121768371831554721e-03
4.578331993169159481e-03
2.715254907945488603e-03
7.456012748781308151e-04
6.021382998944698264e-04
8.520865441627961494e-04
6.018293578110464311e-04
1.280839843103278577e-03
6.020471892041411553e-04
3.158833964969313002e-03
1.267812496289286031e-03
3.166224135291705391e-03
1.227071293031327002e-03
5.269117909111410746e-04
1.174426140088902400e-03
3.429495080951989756e-03
2.388235480919683688e-03
1.192541026666561841e-03
1.429977801406504337e-03
1.947623544097951695e-03
2.044592706421849426e-03
1.581344509487498350e-03
1.828758069302766206e-03
1.051649643629380248e-03
4.165813897475547202e-04
1.921761946166741872e-03
5.372898221208181847e-04
1.073784729432589354e-03
6.772106578527860559e-04
1.241923080522976336e-03
8.571158199285807420e-04
6.514704297404357502e-04
1.808387907328800042e-03
4.984478628964963097e-03
2.931949070866048373e-03
1.852434693909910243e-03
2.217517142213011345e-03
1.361999218172407463e-03
9.379959357059846530e-04
1.317029308442018180e-03
2.986593179503851947e-03
1.804114739304467363e-03
4.292153294150975653e-04
1.167305515246131993e-03
8.248212506991022073e-04
4.292764545744439785e-04
5.028409676367060627e-04
4.939142183483670847e-04
9.599844256263546797e-04
1.159010067711765046e-03
1.977809005244756963e-03
4.197145200939437180e-03
2.409745042469180979e-03
1.819078095737883781e-03
2.151220489415400696e-03
1.111289411057043769e-03
1.005969437830013568e-03
1.477301388799103681e-03
2.181743396801072779e-03
1.938094057341887113e-03
6.575902885362606368e-04
5.348018356092586580e-04
5.425065748039675523e-04
4.580781270333582800e-04
4.604946831712911711e-04
2.508523437347630141e-04
9.438279024907285809e-04
1.127881777326590965e-03
6.770521443545691326e-04
6.153315956716695363e-04
3.932505979374755108e-04
6.185422873035577090e-04
1.184175380979706534e-03
1.205651506785463930e-03
2.896801376337832488e-03
3.392341414027963929e-03
1.395343621672879035e-03
1.275216400214749168e-03
1.409601328102282449e-03
9.904128881593303457e-04
4.176862372748313596e-04
6.820234930769087560e-04
4.016169737817380098e-04
2.420231613961199219e-04
8.235761365682971614e-04
1.152734899807070310e-03
7.635580105894508758e-04
4.611449495942730888e-04
3.476735532254830057e-04
1.173735520016887593e-03
2.947333754477008110e-03
2.225295356712236969e-03
2.554118912557258245e-03
1.614198922184002403e-03
7.310158875575747516e-04
1.133070211336023462e-03
2.063550771676465282e-03
2.058934148081217105e-03
7.518072964264050761e-04
5.913530409618100898e-04
4.374847146964974329e-04
6.319417616437880908e-04
8.806833178612570069e-04
1.176983410592508062e-03
1.837784509475179785e-03
1.783350710262786472e-03
1.357001855030916986e-03
2.009542686595221662e-03
2.345724104845119118e-03
1.338751225326094592e-03
6.255031851358492691e-04
3.028766490955611462e-04
6.222710335025679945e-04
2.663965522711136871e-03
1.897100224217704171e-03
1.018576013759236358e-03
9.684716015971096305e-04
5.416241929676203883e-04
9.198704928558601142e-04
4.366279215225729420e-03
2.179828922244409720e-03
1.528624886653364790e-03
1.662120718556281537e-03
1.290798379443536823e-03
9.446394039157432389e-04
5.135021172939848453e-04
4.447667817245332263e-04
1.081823418134113474e-03
1.119466866014749663e-03
4.197293148664168268e-04
1.145019724405760796e-03
5.895309290660752030e-03
1.586446003509986609e-03
4.997317211900401991e-04
8.353939830932462706e-04
7.799271260162576793e-04
1.508289573375466144e-03
2.801594506316600064e-02
9.961204496184927759e-03
5.491122915760793775e-03
3.046778618940962705e-03
8.534792864561185693e-04
6.400063137814005322e-04
4.470381273387027585e-04
4.584213995244926796e-04
2.500370981549857909e-03
5.356108439918357868e-03
1.525231926737347825e-03
1.663346081600422825e-03
3.669567606399527261e-03
8.079125336767042139e-04
5.036727981573831071e-04
8.120810140626826381e-04
1.084258545943336165e-03
1.284642141502188124e-03
1.002970728597798872e-01
3.095828037403552599e-02
1.144781053941810837e-02
6.312114756447744467e-03
1.341632432460708674e-03
1.200077821504319780e-03
1.281098618696106979e-03
7.561057556258706566e-04
1.775690551840579433e-03
5.065642733920022386e-03
2.821538123619776912e-03
2.327197824191711006e-03
2.734354395458012729e-03
6.753332888578792055e-04
6.336480202343252851e-04
5.013081700771718609e-04
6.231602406355798117e-04
6.534201810897052312e-04
7.961051535116903111e-02
2.317413975826878442e-02
4.238815567885746184e-03
2.541553560831936662e-03
1.093360491707355640e-03
1.616631062557874346e-03
1.783453571369402694e-03
5.568758424196215522e-04
7.417336470583452265e-04
2.905582104548912799e-03
2.457317877444597544e-03
1.952565088744037365e-03
3.149515996043455914e-03
1.274740655995165641e-03
7.897833687429868391e-04
2.353947760501106919e-04
2.240282044106539346e-04
2.875466513841107275e-04
1.212516515969215038e-02
1.086622777854664122e-02
4.237742781379061352e-03
2.617185156793160224e-03
1.483320030757421344e-03
2.338376650847442863e-03
2.411851414126853048e-03
1.031383222115255308e-03
1.985591827779753255e-03
4.987214114993397847e-03
1.472169172188906531e-03
7.259512838464767751e-04
1.727297587080224963e-03
1.087478678948009805e-03
6.981667015646802208e-04
2.600314568934440629e-04
2.802802268897117643e-04
2.941546275371642984e-04
2.205097728017914663e-03
8.393581787031046890e-03
1.155501121988962432e-02
5.820383347583864622e-03
2.515786193701287973e-03
2.600218459752592394e-03
2.224958047007529784e-03
2.174682928420859553e-03
9.146606612190183797e-03
1.176843965872829446e-02
1.341585037026750762e-03
6.973621693052316000e-04
1.585151110951374094e-03
6.699945573503544903e-04
6.137180857722602471e-04
6.811672930582099612e-04
5.077684359620444812e-04
3.674118975082237156e-04
7.133862907753162497e-04
2.901204722183932123e-03
3.363744499164672379e-03
1.350443662678466137e-03
1.011674092068923616e-03
1.424699295713476900e-03
1.179503887470625132e-03
1.546811842534716406e-03
8.322790580233566105e-03
9.559672341408658250e-03
1.523347284214101455e-03
1.729346630151751187e-03
3.188983857459704203e-03
6.303962625827410054e-04
6.246218225541958803e-04
1.068994075821495327e-03
4.209806662971673401e-04
3.626839119690833499e-04
5.277664771662367955e-04
1.160981173809398463e-03
6.478639109296112971e-04
2.793373052418722502e-04
4.351024869702711643e-04
1.158195558761680906e-03
1.694003389120585278e-03
2.134017097626195961e-03
4.862035848293208909e-03
4.508677714219061494e-03
1.649555752246969391e-03
2.710008635628137659e-03
2.569381019026025469e-03
3.978121440979891753e-04
5.735768105782569799e-04
6.379464468422432408e-04
4.386220662422601066e-04
4.399008317327493642e-04
1.146936245165735679e-03
2.071728579812238697e-03
8.165191902932581814e-04
3.370139515875127199e-04
4.776870540634136535e-04
1.660726434895415642e-03
5.440464598863888057e-03
5.890393208997843182e-03
3.807992822043167538e-03
3.196690691303437533e-03
3.278137265278242927e-03
4.481749604620232502e-03
1.566628632281869471e-03
2.835738744715836498e-04
6.565186754200442532e-04
4.494711041630783431e-04
5.700953999227988253e-04
4.037845548563031239e-04
1.787677035886847633e-03
2.891017516945745391e-03
1.109273124871452184e-03
4.451825300325313955e-04
5.126233130669164946e-04
1.941832627867038415e-03
6.506376040414695375e-03
3.944351765673025437e-03
1.766649360439184486e-03
3.414254524765705963e-03
8.137481601206562193e-03
6.363178822652609812e-03
1.307918018103610552e-03
3.028842621671235229e-04
5.574886543421505311e-04
4.715008250483359339e-04
5.036557350598984623e-04
3.913259151636344743e-04
1.547161104283922015e-03
2.098761653567691489e-03
1.962199070176667403e-03
1.239257921711671732e-03
8.835553664652963206e-04
1.899097538204009119e-03
3.094611089235287712e-03
1.239686565465859076e-03
9.519398158672746262e-04
3.586527755886535166e-03
6.024242984387770047e-03
2.333404235752185862e-03
8.278125838362427333e-04
3.849873637853676528e-04
3.799905118995071840e-04
4.753368789630522755e-04
3.829566177955593363e-04
4.784577958985076931e-04
8.587166821289234780e-04
9.089065586134349294e-04
3.516995129576776583e-03
4.257485369355342407e-03
1.247252384163567186e-03
1.186410237762544400e-03
1.622513201755828964e-03
9.488229517938723311e-04
9.905800674570289146e-04
1.860845467481993948e-03
1.086788932678230428e-03
4.132588559093763121e-04
4.693375907250515663e-04
5.952807223806174611e-04
4.696012009522144417e-04
4.961002484750453049e-04
3.973802366533923784e-04
4.400280570236877694e-04
4.415424962569028215e-04
3.095479601954339286e-04
1.298066572957920972e-03
1.811230989847776706e-03
4.925864744745570185e-04
5.344685730675787080e-04
1.135760735059670882e-03
1.004795290097833943e-03
8.342062816655221660e-04
6.210031704262308164e-04
3.052966651068247982e-04
2.406120276898584555e-04
3.570247338870314972e-04
4.629335350001674934e-04
4.035253483621664889e-04
3.728835682814354868e-04
3.034437271984057418e-04
4.275748612027041574e-04
8.412464216791170008e-04
5.576431958704204965e-04
7.798619941189609446e-04
8.089544200798015313e-04
4.175319064816073442e-04
6.413093388170609506e-04
1.157086080456786294e-03
7.001870230763788169e-04
4.118158427401123951e-04
3.086645180924662787e-04
3.333955788557565699e-04
5.436320838350786923e-04
5.194191696567216363e-04
3.549371368618797328e-04
3.438114522139057720e-04
4.046988083113885193e-04
3.583357810815681211e-04
9.814578206422870134e-04
2.049766145323457869e-03
1.043688900531222806e-03
9.833671175907916697e-04
1.061311100585896495e-03
4.927778364478048066e-04
3.871569361249868721e-04
4.685816205371133710e-04
3.429465917640033652e-04
3.428776850645984232e-04
4.353512844272104079e-04
4.327191292702629801e-04
3.975756709413523363e-04
3.605106540364824458e-04
4.084782866685417570e-04
4.702321323584061430e-04
2.958702479138664086e-04
