1.540711385002700891e-03
4.783542898173455751e-03
1.164891432308526667e-02
5.150629809429408366e-03
1.929996425569844350e-03
2.109531626195136102e-03
1.285728195075522664e-03
8.595871714306543756e-04
1.570997436260721967e-03
2.003573132054409754e-03
1.663324351312966227e-03
1.610354015555610658e-03
1.372063566646064244e-03
1.492690126344163289e-03
2.131343020357463498e-03
1.631599858521814474e-03
9.061027779598124481e-04
1.516085116180730533e-03
2.094545705749498079e-03
2.263073489660884317e-03
4.380578000133862962e-03
2.858607774313491352e-03
1.538818970574934398e-03
2.311839430317002946e-03
2.059626560277943563e-03
1.690915466321917795e-03
2.999282722312059807e-03
3.465298287810388705e-03
2.061155516873643123e-03
1.386381938737918243e-03
1.331041722505676853e-03
1.619568715234601846e-03
1.601536808556082957e-03
1.462873007028414477e-03
1.595651778930478725e-03
9.844543297084968909e-04
1.049825651383264058e-03
1.105628844038685291e-03
1.764505615902300494e-03
1.081607545391428688e-03
7.341790141913715536e-04
1.138698387169522624e-03
1.367631241482094966e-03
1.566123465394335694e-03
2.119855038226673045e-03
2.933385920553952669e-03
3.744471789500236538e-03
2.662251105360293867e-03
1.463742243032061354e-03
1.093190841279809882e-03
1.075039720186785714e-03
1.490020364628202084e-03
1.709388169084929705e-03
1.395872208174369711e-03
1.568373157681853328e-03
1.555673586956792453e-03
2.512930736317571610e-03
2.211446895114854358e-03
2.420897091073886259e-03
2.374891350913068203e-03
1.489409699825027487e-03
1.252728026723395676e-03
1.113062630734901323e-03
1.358818059523590185e-03
3.114623188448025371e-03
5.134168252724116525e-03
4.548737613668868071e-03
2.497441884571635542e-03
1.661950514356224425e-03
2.147101644205279616e-03
1.439010777667472634e-03
1.933610094901547227e-03
1.743070747519844628e-03
1.377990135089400547e-03
2.377956818651905894e-03
1.768289469316691991e-03
1.639594748243251507e-03
1.836415012203117085e-03
1.535183154633388202e-03
1.499097902360509897e-03
1.554598225900911826e-03
1.228517990009134501e-03
1.215800788362823544e-03
2.663333093266623524e-03
7.194028452469675323e-03
5.321949244365228870e-03
2.010617998259296973e-03
1.730480046483108764e-03
1.135566465284055387e-03
2.055500812673350958e-03
1.208358599221856684e-03
1.498843543645025618e-03
3.216680699996465279e-03
1.839092531138629243e-03
1.013609730984897997e-03
1.437524373566435301e-03
1.818294667660431962e-03
1.666229498771706202e-03
2.526067306893004828e-03
2.050077834715547092e-03
8.112180272478618963e-04
1.045289272835067500e-03
3.130126470960333234e-03
2.933002154357458764e-03
1.061246021090610225e-03
8.704358785927816681e-04
1.201971757987336771e-03
1.995165542681599877e-03
1.037283761387180906e-03
1.687159862814357645e-03
2.808327618737189741e-03
2.458870889520284406e-03
1.589525837205559055e-03
1.860681427046467079e-03
1.690502026812403620e-03
1.040239627221250943e-03
2.051996535911995712e-03
2.783540683645357484e-03
1.254790030844492961e-03
9.719141597804136640e-04
1.216232591954442312e-03
1.457165078592239336e-03
1.247858753164142074e-03
1.120244816388348691e-03
1.901392864792214848e-03
1.441830937984923521e-03
1.139552510259325734e-03
1.759673124700946844e-03
1.613208778903190734e-03
1.962793061598099454e-03
1.594803376519303905e-03
1.312592082144324775e-03
1.097860056509393284e-03
8.044505520315931371e-04
1.484916425719301361e-03
1.973239061826341251e-03
1.559464394253412241e-03
1.405974577848532851e-03
8.651070381817695370e-04
1.334605567454304458e-03
3.050877963381771942e-03
2.338871906440212565e-03
2.769233830451275306e-03
1.222102685235175977e-03
1.500341067308817895e-03
2.400803994366468470e-03
1.668926219515408501e-03
1.710335431988005373e-03
1.474333075638040733e-03
1.079929679251372685e-03
9.536498645155725091e-04
8.442997093448894284e-04
9.704002592703882052e-04
7.523180321581808246e-04
9.664571649247425842e-04
1.881177433235404518e-03
1.154030225289952392e-03
1.598207254304432473e-03
3.897802035547124396e-03
1.920926961139794806e-03
2.071369801034040736e-03
1.346943659077260401e-03
1.585636604160063634e-03
1.960580736697343281e-03
1.536613055510125617e-03
1.050594348341682936e-03
1.196115110684077987e-03
1.126622851654759602e-03
7.863148901570772608e-04
7.159214050071712517e-04
7.668572256185828646e-04
4.891332190265895025e-04
7.009747359256565018e-04
2.016105869221922978e-03
1.578209882301502163e-03
1.775786923959354023e-03
3.108927209159325321e-03
1.204981999934307381e-03
1.393091270578684406e-03
1.654186419015503265e-03
1.436214874426046222e-03
1.723732696118405062e-03
4.880221573180094224e-03
2.280980976901007297e-03
1.726451436769379936e-03
1.376774194458385689e-03
7.303907552070030857e-04
8.490974032446366214e-04
1.054191238393860971e-03
5.891995655232082265e-04
6.536642718650194101e-04
1.426322144181235360e-03
1.107346997203464056e-03
1.147468040366432865e-03
2.320790132695284974e-03
1.420390474444543439e-03
1.440054629043008077e-03
2.011900055454563310e-03
1.485997495021407731e-03
1.715302769390375558e-03
3.201123932848423670e-02
1.288324333084961762e-02
3.452350081097401227e-03
1.734021012422348393e-03
8.394593008247255633e-04
9.797385832975506314e-04
8.630385065673673714e-04
4.162329430032939907e-04
5.735920027057375909e-04
1.282920201759076353e-03
1.100339381124108059e-03
1.148868035731225425e-03
2.683752249269758233e-03
2.488197388931839577e-03
1.498083196413672099e-03
1.593532015230336458e-03
1.792763864723388115e-03
1.937838877006572936e-03
6.898298113032969026e-02
1.766295916288545056e-02
2.508156210190488379e-03
1.513305554513900020e-03
8.974388335343426448e-04
9.009477612680497158e-04
6.720312359617685877e-04
3.554338584752195110e-04
6.295273929340473385e-04
1.676446466232786592e-03
2.000318720533449807e-03
2.158084761973644121e-03
3.726811058974893558e-03
3.339593346056298276e-03
1.349531377475686944e-03
1.286574363054986429e-03
1.593325752141479994e-03
3.225291706389395250e-03
6.316754489644321735e-02
8.252296200957486005e-03
1.305572418433566945e-03
1.462312535728645590e-03
1.013182600837681099e-03
9.919039551662003993e-04
1.020661266249433706e-03
5.198001130714415908e-04
5.622980256506448322e-04
1.209454276736913981e-03
1.653027651610462691e-03
1.535469132056356762e-03
1.898664837836769358e-03
2.002201505738033377e-03
1.178491972878220953e-03
1.829079721481478675e-03
1.063248315337775134e-03
1.846215774524349179e-03
1.239486993560414210e-02
2.327125158070238523e-03
9.141517234662503233e-04
1.404119688049317288e-03
8.503210752627688015e-04
8.542641856205583986e-04
1.249866790409881728e-03
6.230806021265720496e-04
4.424847953096078170e-04
8.658530422856021902e-04
1.301383491352258283e-03
1.146027703848693938e-03
1.424454130441828474e-03
1.796005180206715693e-03
1.313794267029238638e-03
2.298698128652350119e-03
1.416369134240229180e-03
8.641440710299404596e-04
2.269652956655239875e-03
1.369843543158129513e-03
1.172433925097434489e-03
1.301660584821897346e-03
8.123531441211412699e-04
9.179008880302143899e-04
1.194907538064360255e-03
6.781874402788619968e-04
5.576945112532639710e-04
1.060913579078012672e-03
1.517124949130319814e-03
1.465936113789142754e-03
2.131234695504942780e-03
2.567646258750097121e-03
1.501182912577125840e-03
1.637154052099842492e-03
1.778349633513945545e-03
1.161894130359132247e-03
1.980762255892287889e-03
1.883243964811357699e-03
1.410024621280082891e-03
9.968212471491695679e-04
9.468651538220456722e-04
1.119452486299447706e-03
8.688676600593067461e-04
6.816975233450283268e-04
8.400505499793184437e-04
1.000242342670077571e-03
9.921770380903003478e-04
1.179788903523715671e-03
1.759580722196427832e-03
1.933248177507626694e-03
1.374604668426125187e-03
1.235089094538908147e-03
1.045156721078704118e-03
1.353553335255818293e-03
1.898998045394964095e-03
1.542836852904749768e-03
1.054095786467164949e-03
7.971865082138459733e-04
8.453263831597218093e-04
7.557930840250973647e-04
4.949211925946089352e-04
6.478640046426351832e-04
9.535407201082333594e-04
7.156526758435239385e-04
1.039911711886928880e-03
2.825000481778935143e-03
2.642974207782868793e-03
1.379897763837282208e-03
1.291638011750324139e-03
1.166267389869580975e-03
1.027918380095385782e-03
1.321869491547130945e-03
1.862138646190907151e-03
1.534567614782568522e-03
1.236214281137258241e-03
1.137695240058371601e-03
9.613616801976901513e-04
7.598540018880246957e-04
6.792641105555349487e-04
1.036812675361010409e-03
1.047059691893839671e-03
6.069445792985864174e-04
1.847264459818598716e-03
9.889900651606222184e-03
4.493334459240524818e-03
1.056236098823187591e-03
1.230378986715437509e-03
1.125626917741737870e-03
1.351036756265009504e-03
1.231376149947228634e-03
2.448254800586623873e-03
2.399671832581693615e-03
1.414722160983137179e-03
1.298628625802327081e-03
1.658762624662147786e-03
1.914241034087689605e-03
1.772847928340631719e-03
2.099455189081596371e-03
1.730823968559316991e-03
8.550079227663783584e-04
1.591379350624146441e-03
4.513127074416762273e-03
1.987546421076006285e-03
8.241488702235673846e-04
1.398880021731608398e-03
1.227523514122787641e-03
1.177301574405401671e-03
9.375321795024386647e-04
2.538084354471877978e-03
3.823348685113225984e-03
1.555334886073393274e-03
1.091898440416812395e-03
2.055341525679994785e-03
2.625701361413670942e-03
1.768048618797765778e-03
1.777055286700121584e-03
1.947405588089659361e-03
1.450056423569585137e-03
1.605749878664701610e-03
1.879376113860281106e-03
1.191385037829066369e-03
1.079848713456078727e-03
1.539514906897307758e-03
1.178445029511881407e-03
1.170929447884968286e-03
1.002832501114986905e-03
1.695299323265554237e-03
3.702144307763415108e-03
2.160620825684390033e-03
1.212493711171491956e-03
1.343361838746059966e-03
1.286080173495758117e-03
1.318100495023462109e-03
1.750898196815888538e-03
1.468108197903625648e-03
1.338187338263557369e-03
2.110587331264197637e-03
2.195536564271037550e-03
1.444764215732000480e-03
1.333337773771871206e-03
1.262413852332313876e-03
1.167341420623911694e-03
1.287599369446512394e-03
1.616573055780591356e-03
9.284702541892051993e-04
1.123233886670443838e-03
1.275538780111541226e-03
1.406263483403742210e-03
1.113970282504904170e-03
8.771372458739797604e-04
2.079500344495799694e-03
4.360094094347313071e-03
1.888535498861867827e-03
9.575000605563304757e-04
1.409694229501463805e-03
1.509487841538783865e-03
1.118411993006670525e-03
1.161145317495346349e-03
1.119371585400264152e-03
1.312138334849360715e-03
1.381905066808949978e-03
3.010709970522020256e-03
1.941311429796067911e-03
1.161024253883907687e-03
1.146778638341045594e-03
2.082559549439016305e-03
1.757631090053145880e-03
1.093704448194961860e-03
2.097403495990150281e-03
3.705498959361644591e-03
2.090135335326700778e-03
1.261225066658900338e-03
1.231716466217758514e-03
1.130564668901897765e-03
1.153673398970740584e-03
1.361922776337775101e-03
1.294892524751284487e-03
1.221888436273760575e-03
1.083647600822851406e-03
3.359118598680467960e-03
2.092993020328108231e-02
2.460814304928369070e-02
5.971881461929639569e-03
2.036229954043638438e-03
1.260478425729978386e-03
1.486601003918656136e-03
2.029833798331515463e-03
1.349694064974153252e-03
1.066593213908579663e-03
1.371098425950796184e-03
1.252664695146803956e-03
1.180277135028653598e-03
1.354619347988945868e-03
1.160696261774434718e-03
1.214749028041471265e-03
1.274756032282921281e-03
