1.059826180836106546e-03
3.340078528760253261e-03
3.796450900093166492e-02
3.540968389513373619e-03
9.874574337866476228e-04
1.347718179426586789e-03
1.390218435104477977e-03
1.405936716871474066e-03
9.640335700836306834e-04
7.518683026718845632e-04
9.795845358188909162e-04
1.278415084876153391e-03
1.112962771155176500e-03
8.256381682324581955e-04
1.003354743484055709e-03
1.616115459576929463e-03
1.974240943597908079e-03
4.917112309981043613e-04
8.971856973306629362e-04
3.105802001375788761e-03
1.530469254193443825e-02
1.643914770819055729e-03
1.033878925514058198e-03
1.574622712708368798e-03
1.458097003782096376e-03
2.011980907032748407e-03
2.748622147163459414e-03
3.479143290410532073e-03
2.177440464867403790e-03
9.098033459980490491e-04
7.983345351051499049e-04
9.077402587925924781e-04
9.960637745050000044e-04
1.334837191819165979e-03
2.289133999031237564e-03
2.194662366380413857e-03
1.320471437423022427e-03
1.604920579073581752e-03
2.536590881848310112e-03
8.229160321638902915e-04
1.245819088586876556e-03
1.234161010787731064e-03
7.970611794769902943e-04
1.034858852067188769e-03
2.439378998411918537e-03
8.775011234791301948e-03
6.305699187453706750e-03
1.508370850294880492e-03
1.176990299010433321e-03
1.282274906459729023e-03
1.428497908519103625e-03
1.766544023356133100e-03
1.238453954487499491e-03
1.510534142616158258e-03
9.086997416542095174e-04
7.552726032501022981e-04
1.060852438973376895e-03
9.098464890820574759e-04
1.605987236088696679e-03
1.294068461249583231e-03
9.513622766940178256e-04
7.219918837255961258e-04
7.073340566234881258e-04
1.910942460525862563e-03
2.881348928237951069e-03
3.410325552936928090e-03
5.063443134123964476e-03
1.668480638316694169e-03
8.449180445060547155e-04
1.805690324610447883e-03
1.347885489716676988e-03
1.537452719644108109e-03
9.898850302181082077e-04
1.148960110626943672e-03
2.163532368176537563e-03
1.384459845291191420e-03
1.222556706436498785e-03
1.488136752933266011e-03
2.787647132774495693e-03
2.280419211937093418e-03
1.041932863378745421e-03
7.965768921180604260e-04
9.665790740123357191e-04
5.606527485749961993e-03
2.260587414928591152e-02
3.376001669015863543e-03
7.060400724017887840e-04
1.417303115590295981e-03
1.268213480619357920e-03
1.170915440755749843e-03
1.303026817671260225e-03
1.535606358528768646e-03
2.764839530304457303e-03
1.089929297122330543e-03
6.147646328783584009e-04
9.277867429558905995e-04
2.311977735833449944e-03
2.630433642093387737e-03
1.981151808218624411e-03
1.263204292144228923e-03
7.263764022875802409e-04
2.439575789435515472e-03
1.100144385437575381e-02
4.339678656437062285e-03
1.380001727285436143e-03
1.297566913640586577e-03
1.113012684475307625e-03
1.136407463569506652e-03
1.224941494885828938e-03
1.129672183355411117e-03
1.489332527245515372e-03
9.655058553285593556e-04
1.071676099782778750e-03
1.400290505070553955e-03
1.308864034944139674e-03
8.442308994441260171e-04
9.123129400827403607e-04
1.216236632016669782e-03
7.384945017508421760e-04
6.585473946744022046e-04
1.430212643909595065e-03
2.440741691872175614e-03
2.121906880733191031e-03
9.833865004833641094e-04
1.004779151734444152e-03
1.423616424297549947e-03
9.464398576905356554e-04
1.063538451552460944e-03
9.784909315061400634e-04
9.513172224741596721e-04
1.664366459230579584e-03
2.061842555053185633e-03
1.285645937254443084e-03
6.010709741822343284e-04
5.267590614340193463e-04
9.642314532089432113e-04
1.154374212561896798e-03
8.248531325817690888e-04
9.877378697815918356e-04
2.279514580338301566e-03
2.972636779946183014e-03
1.150493940594774205e-03
1.176269488573589107e-03
1.591729514125358015e-03
7.256965294710291531e-04
1.246390985467041735e-03
1.455932489855625740e-03
1.618594341546465264e-03
1.595631118099811530e-03
1.326804458991900698e-03
1.097385333164562328e-03
8.651924470760513977e-04
7.740732463099524825e-04
1.070979137143528203e-03
1.412409270586409069e-03
1.247002723233531750e-03
1.211572352605851154e-03
1.839870450566831852e-03
2.778880861184376046e-03
1.550656936742613682e-03
1.183596637979596753e-03
1.779866962521317814e-03
9.814564330749607837e-04
1.077337897616226399e-03
1.603189490588784747e-03
2.092918362816724616e-03
1.872042752462186287e-03
1.258240441670852115e-03
8.278648854633409828e-04
7.869645380044320432e-04
9.560847902937428307e-04
1.160253695407073050e-03
1.116338217582028922e-03
9.224302044203868843e-04
8.833688861269610232e-04
1.035195252464485337e-03
1.648699820868530265e-03
1.289482562807224651e-03
8.778228963538149557e-04
1.917895910212337766e-03
1.618164154995285113e-03
1.031226037184760583e-03
1.507021488861345600e-03
1.102109045518089936e-03
1.514729311459055193e-03
1.628828021841679206e-03
7.217169725672711433e-04
5.391313378858917770e-04
7.339419397181330598e-04
8.479295440083555943e-04
7.663589389220297216e-04
7.153831353208064178e-04
7.167380540956417787e-04
7.164713362750605233e-04
1.158474053988532877e-03
1.341401926139674378e-03
1.048734483648179183e-03
1.466718848382604504e-03
1.118228553659740858e-03
2.105803527432353276e-03
1.220660235522613886e-02
4.654287344239245623e-03
3.049204230504903163e-03
2.153131371360487902e-03
7.785786907991302857e-04
6.282387790620194701e-04
7.115995775132658756e-04
5.028840914148538684e-04
3.937231417145776926e-04
4.514556783805290176e-04
4.600965266244463154e-04
5.452974969401102982e-04
1.544147019449207490e-03
2.665469416110034188e-03
1.623859711699143695e-03
9.428385210334625649e-04
5.406001751276983888e-04
2.973541079797227971e-03
8.057594795917115416e-02
3.658656456356698672e-02
7.466454334922535858e-03
2.067641320501508850e-03
8.750028898296381913e-04
8.176707739557661711e-04
6.664841383652815371e-04
3.779696162685345479e-04
3.284177243189145357e-04
4.469591919409044963e-04
5.100940037280494435e-04
1.084217939867709651e-03
4.669459562577810662e-03
4.265114018344185950e-03
1.404637269180715074e-03
1.028221050518247958e-03
6.272878947745625213e-04
1.713339997996543834e-03
1.837570883979723624e-02
1.074819048940058898e-02
3.160708117147679064e-03
1.487699453745795590e-03
1.089852069276990056e-03
8.249087566233569147e-04
5.681797501838499725e-04
4.677364544747995997e-04
5.322888197649195850e-04
7.256361132259236350e-04
8.854519295449109770e-04
2.496502692799876764e-03
6.916606732106784540e-03
2.152210835447424669e-03
7.399450542487111997e-04
1.159588795660301342e-03
1.413767526732057946e-03
1.201375568918061501e-03
1.666051841197380623e-03
1.158289431584368350e-03
1.333990598976679412e-03
1.513709649061512671e-03
9.913463865793366216e-04
6.077925517709984772e-04
6.161049203641259710e-04
5.927867076984305508e-04
4.830227785549952107e-04
5.491461374622166620e-04
6.463658519346098625e-04
1.540850825848611143e-03
3.252811267745226147e-03
1.257180674619147974e-03
9.091929788786499772e-04
1.119622435298372456e-03
1.895344252512698446e-03
1.334115061101527350e-03
7.695645044748845344e-04
7.621595393918622219e-04
1.983686473111679737e-03
1.875890024609725782e-03
5.686336937354420596e-04
3.491096091436045432e-04
5.642763051973034676e-04
5.639835355562633967e-04
4.139342086459257570e-04
5.465836265391955332e-04
6.392733220571244481e-04
9.471538022264536184e-04
1.884804210185830236e-03
1.667067254542446307e-03
1.784160091282408411e-03
1.234854518371806490e-03
1.022287102327385476e-03
1.315731766875396624e-03
9.444735384858979430e-04
9.987454125794850007e-04
2.336255951661901382e-03
1.573400924639247519e-03
4.750458067492594133e-04
3.092922647945181461e-04
4.320984228978260876e-04
8.218955729829633804e-04
1.147400534617277557e-03
1.078889772980298018e-03
9.073792561573866848e-04
9.706537216453984184e-04
1.339467191671456052e-03
1.288717076196844828e-03
1.121521608722262807e-03
9.101082474769584896e-04
8.597291497162216738e-04
1.360998573081308085e-03
1.283775626228799956e-03
1.022302971902915893e-03
1.345105808310794902e-03
9.267246785848279496e-04
7.442791794817630365e-04
6.000404235008352386e-04
4.279778501820712946e-04
1.419913992796779326e-03
2.769476351773851684e-03
9.042575731042159929e-04
7.560039545482684364e-04
1.757487190149713534e-03
2.034200047913097865e-03
1.221920912784576476e-03
7.371394103400231816e-04
7.127792781487046715e-04
1.118356259770322911e-03
1.282765009399475936e-03
1.297387622240667084e-03
9.618246270877989093e-04
8.933681782551034564e-04
6.363005011155973851e-04
1.400833848707935944e-03
2.072343333809335570e-03
6.891810522389314698e-04
1.077921060750560095e-03
1.532462487984280865e-03
5.060333049203039838e-04
1.177681559826252063e-03
6.296516412572812985e-03
4.354216842184638163e-03
1.605454115174555305e-03
1.075449245879693582e-03
8.639326510478343314e-04
7.437240957114583679e-04
8.782930617384058797e-04
1.065786873920639187e-03
8.432491265059498297e-04
7.851958694487792823e-04
5.194368325084233826e-04
1.551481208949126184e-03
4.657208806113208657e-03
1.238288673229692846e-03
6.239257597731416452e-04
8.148061170271403159e-04
8.266742586932479282e-04
3.554293614033400984e-03
1.002709559716295599e-02
2.429114122639830595e-03
8.025302498880097822e-04
1.161439099170014219e-03
8.960677063308673416e-04
9.163943586257568665e-04
1.070204530551057461e-03
1.443124734397120213e-03
9.287179556806031411e-04
9.374714202813078535e-04
6.972254706671033751e-04
1.271527612706506568e-03
2.903482786186065666e-03
9.851028263511622633e-04
7.304601554921547925e-04
2.744677757907482054e-03
6.112134513466621621e-03
1.116896085384509046e-02
9.397566924774249791e-03
1.580205622212843206e-03
5.653658307639534714e-04
1.145007824528098545e-03
9.177405388009772557e-04
1.534792806815773797e-03
1.060595551327019092e-03
2.108060223015506812e-03
1.438498235558956099e-03
1.323402706633903516e-03
1.267969919756843688e-03
1.375726692667320495e-03
1.178649597513882702e-03
4.883739858069982695e-04
1.156318611770093931e-03
1.142570671112967846e-02
2.073104131581610110e-02
1.084148264206104793e-02
5.776831907235613524e-03
1.917932403201407171e-03
8.372460933633243821e-04
1.088730268234408636e-03
9.177344126641677220e-04
6.875089630259704696e-04
5.146603988461063246e-04
2.719676677067719463e-03
2.873356656720759458e-03
1.219288794005341089e-03
8.022334932661263646e-04
1.062729240058275012e-03
1.360693903172215460e-03
1.190901336557508928e-03
2.350485947851074786e-03
5.795373602146491020e-03
3.772436378051371129e-03
1.646348844942188434e-03
1.344756340439570100e-03
1.090400838871379095e-03
8.046327165602019113e-04
7.873076439574516012e-04
8.202263372901073737e-04
7.406789858466211740e-04
1.869738541917313670e-03
1.116080081857826617e-02
9.333927409492480398e-03
1.514822002198646300e-03
5.416119006099316853e-04
1.053919689688880392e-03
4.214803336746297986e-03
9.398416775067476928e-03
6.186190960370370300e-03
1.740935372476739434e-03
6.609538028021394755e-04
6.355000342293724803e-04
8.672035205289451267e-04
8.843199090046463496e-04
8.318278726455396403e-04
8.104295534947176041e-04
9.712298123988668142e-04
9.707263301753683718e-04
9.515269772473163370e-03
1.460827304653908136e-02
6.096388043442760134e-03
1.739888280280661942e-03
9.824697366219966102e-04
8.159105821607889625e-04
7.416857328864540641e-04
1.007694848521743054e-03
1.053475384613558564e-03
8.062526950467489200e-04
8.782670715972823146e-04
1.007314813739046237e-03
9.350544907718701332e-04
8.394235444177766507e-04
9.060292804575411241e-04
9.330647495179157733e-04
8.469533019413003115e-04
