2.274872084506495817e-03
1.834171454471423494e-03
1.313193590501302629e-03
1.020836133439683574e-03
1.048451811380171975e-03
1.766351853479488677e-03
2.533029142056511095e-03
2.036778200753987158e-03
1.627961160249942474e-03
1.696554474862291273e-03
1.461045300033794693e-03
1.387169579100881994e-03
1.484039575618176319e-03
1.329037794025718800e-03
1.629616702729647223e-03
1.659123381102204893e-03
1.860251670223938029e-03
1.475964966555039963e-03
1.592968381112801852e-03
1.838872870282953634e-03
1.703787354515288880e-03
1.204041529278749179e-03
1.313770360682318342e-03
1.939926298044428133e-03
1.762167022737812748e-03
1.142710789898989223e-03
1.005030086110515709e-03
1.511395514242883532e-03
1.905615588375697599e-03
2.199795277981658574e-03
2.453449714559262362e-03
1.484645165213017027e-03
1.212959206861355084e-03
1.516073830735594190e-03
1.779519533639704497e-03
1.425607535732803565e-03
1.177014838933923514e-03
1.812792327659954860e-03
1.965728166286311897e-03
1.494306720290378273e-03
1.870635826651015918e-03
1.936202600355678080e-03
1.617920007894713868e-03
1.749370167451705588e-03
1.613032286534228773e-03
1.853415905004981512e-03
2.209684215961877241e-03
1.786532910488905805e-03
1.698818889896664113e-03
1.810423567039627733e-03
1.921986363406015010e-03
1.878744218276759198e-03
1.608237905933765496e-03
2.321338590897966455e-03
1.785789857643109392e-03
2.743488398850184740e-03
4.784280205481901589e-03
3.312580579028702021e-03
2.156001586316102277e-03
1.398079309500924660e-03
1.301360168352696687e-03
1.497957846338406106e-03
1.102727812386199505e-03
1.369493694859082872e-03
2.799059313826492146e-03
2.409878969127929663e-03
1.467047296039366601e-03
1.401804175999977814e-03
1.618924528640872064e-03
1.719946039762763152e-03
1.079496427992169584e-03
1.489701747384250584e-03
1.279416626999789995e-03
2.071627165145896888e-03
5.053256163909471826e-03
4.506403370441554139e-03
2.301668679298679143e-03
1.893922604772109485e-03
2.831653800491824250e-03
2.753802142182535349e-03
1.631707560714252409e-03
1.595885150597185125e-03
2.263176310784249454e-03
2.095394359444381367e-03
1.716922999453338950e-03
1.769171824434407616e-03
1.856600588291014127e-03
2.152137450181992959e-03
1.311881087699925648e-03
1.022103376227180387e-03
1.221771261531886177e-03
2.343621027077497955e-03
3.371861991679801513e-03
3.221798423763556907e-03
1.783562310394624538e-03
1.796551730214251442e-03
2.972876993900174999e-03
2.571033042461810889e-03
2.199378953812287929e-03
2.123161497269637505e-03
1.473695435048836709e-03
1.380855461943324364e-03
1.780585535910658625e-03
1.894413027216627562e-03
1.578540806896335793e-03
1.945192780598977919e-03
2.373014930677429333e-03
1.657689154273367469e-03
1.529532657266450147e-03
2.445493989631898537e-03
2.023879011515586791e-03
2.058615754921818385e-03
1.326114724948286062e-03
1.314365321279333714e-03
1.540509291951951782e-03
9.440370761610144537e-04
1.114464227131835815e-03
1.464965743984943461e-03
9.869760616043402046e-04
1.058996303300218907e-03
1.304943028277168399e-03
1.391592422103802087e-03
1.247720300131674844e-03
1.171758548735725870e-03
1.689901169540283235e-03
1.492495945041375600e-03
1.381769740213893358e-03
1.500164845457266707e-03
1.362790754455145935e-03
1.636931059584020333e-03
1.146470098269779378e-03
1.214625395222962206e-03
1.340988326683971096e-03
8.250379497063855096e-04
1.067996330118029793e-03
1.343621236778961593e-03
1.067140155845528815e-03
1.383579977419284414e-03
1.525775106920952608e-03
2.433651584400207697e-03
3.668541859076682610e-03
1.954978939686774150e-03
1.414469121762504823e-03
1.727534906249617854e-03
1.424732344965203923e-03
1.774334338213530990e-03
2.016634139318867862e-03
2.419182982566889586e-03
1.543792264762921650e-03
1.095433501771500692e-03
1.026091783519492585e-03
9.652617577912108848e-04
1.287943439779740563e-03
1.099035954410728776e-03
9.610131424987243369e-04
1.574438575414254058e-03
1.577716397553164708e-03
2.553635419734611063e-03
5.195813309106072850e-03
2.792331085265789548e-03
1.785234857674522892e-03
2.682611122700517825e-03
1.412412180672477239e-03
2.180785357695321468e-03
2.717424591346098792e-03
3.549250682533004395e-03
3.155568460125728839e-03
1.422217770229938132e-03
8.537358508815476180e-04
9.742138443525470053e-04
1.053813190833212312e-03
6.571924039913995975e-04
6.387237966280949822e-04
1.124080170462420612e-03
1.047855907967016340e-03
1.243134819853298654e-03
2.317246958016123265e-03
1.790954079496025414e-03
1.535831171073836175e-03
1.531123095428370620e-03
1.617834638831100067e-03
1.392882639821444325e-03
2.677234481600105839e-03
2.197831982341050434e-03
2.417979257430682462e-03
1.607090850404184609e-03
9.750870140880260172e-04
1.012275809342938135e-03
9.197110476388434220e-04
6.975583511454370870e-04
7.694400351111237851e-04
1.087543425375368886e-03
1.057259957682395038e-03
1.143838775431535709e-03
1.707947216227963510e-03
1.411654810753072567e-03
1.429243754411743325e-03
1.329527299690846194e-03
1.701447883761267104e-03
1.477499213408371009e-03
1.585735121632667402e-02
3.365901711973013233e-03
1.343984256769248766e-03
1.554229853979962987e-03
1.072955608168325815e-03
7.227425964589683297e-04
6.959672784732336484e-04
9.108872015259110661e-04
9.827626971549109289e-04
1.016317045122274061e-03
1.113187048694542179e-03
1.212990695898450788e-03
1.532224079793841889e-03
1.157107606137786331e-03
1.213367837071408417e-03
1.918144213569355008e-03
1.219074773667697727e-03
2.715106737281732310e-03
1.495168185311675502e-01
1.016935978100794516e-02
1.296988168708280856e-03
2.056341853706524034e-03
1.548797647925247720e-03
6.839250052702721154e-04
6.200039697379416872e-04
8.923507516704531819e-04
7.866441060254484837e-04
7.805040680216577577e-04
1.129212469420867292e-03
1.780632182493564622e-03
2.872138477563964277e-03
1.702030625081332824e-03
1.134069673215543127e-03
1.545755230027721699e-03
1.579670420195197029e-03
2.719064358136192780e-03
7.056655853941551371e-02
5.940953959165420385e-03
8.625054466379206142e-04
1.238519861345530699e-03
1.292816731672373097e-03
8.416172429861748169e-04
6.180701933693718078e-04
5.639855098931892234e-04
5.996728604798470851e-04
8.486537177027881447e-04
1.127436062376419891e-03
2.510646194891002266e-03
6.240490668966007168e-03
2.599461505776863492e-03
1.270903882846942563e-03
1.489351164926812961e-03
2.413612802209358713e-03
1.555354084237599429e-03
8.317839807304884883e-03
4.004474376565728307e-03
1.536893728060054198e-03
8.835039076936488690e-04
8.494598263925548639e-04
1.105275198850877352e-03
6.943672365409686575e-04
3.992973980505602413e-04
6.633858226495091201e-04
1.195491036482556257e-03
8.009322552959460264e-04
1.453019820982042820e-03
4.317384461867390319e-03
1.607797911653039303e-03
1.022745889823101521e-03
1.663519757410302467e-03
1.957015292218151035e-03
1.306613839583593926e-03
3.551707010408730169e-03
5.657225037277243893e-03
4.193325558129068487e-03
1.512118231189493777e-03
1.123026301807546028e-03
1.633402714051157990e-03
9.931910220030767001e-04
4.695683552734607842e-04
7.956757872475291298e-04
1.439906481943915460e-03
7.797428861784304853e-04
1.403079539031965983e-03
4.924533784761492804e-03
2.224487109242433928e-03
1.359369097589038225e-03
1.325131037090948810e-03
1.465544021883750285e-03
1.912337397156034470e-03
4.086213228938135808e-03
2.834665356879714250e-03
1.797766614114580924e-03
1.404429284115844574e-03
1.076655488954322924e-03
9.732806423006936216e-04
8.293055460238547274e-04
5.983169401041785272e-04
8.630886435313782790e-04
1.445159296254622510e-03
9.800008519290791167e-04
1.785277286007463850e-03
5.577365162086102279e-03
3.108520078261454642e-03
1.648359742712393388e-03
9.271393068220653687e-04
1.208519552498601470e-03
1.996616516040896315e-03
6.848995642567670163e-03
2.395841957877010032e-03
1.082256102703326936e-03
1.577618363399509085e-03
1.022944737817640557e-03
5.436948192945573839e-04
7.425577224999134387e-04
8.707821342854168371e-04
9.591543373083032901e-04
1.313680563966182144e-03
9.924235981801970887e-04
1.249420907782186662e-03
2.262786737878976807e-03
1.444628964478572196e-03
1.098490215693779387e-03
1.110333948298978428e-03
1.236416475561457999e-03
1.171474005198154663e-03
7.044244536244379483e-03
4.384315857434154667e-03
1.856838190152573570e-03
1.937208193351510092e-03
1.170683491767684787e-03
8.292629550823958640e-04
1.406285531506258017e-03
1.282337418145376761e-03
8.904128519338195364e-04
1.199290256261512436e-03
1.213219920493260147e-03
1.223036422139557947e-03
1.620509084899497167e-03
1.267526084048711506e-03
1.187867535421026528e-03
1.563638951244021710e-03
1.569331863927006304e-03
1.093360092855466623e-03
3.581039091004077374e-03
2.997633330178975288e-03
1.574702481907755761e-03
1.104230202457901888e-03
8.632340703237834133e-04
1.139507275317666775e-03
1.743607804059243548e-03
1.179838322836688049e-03
8.543798408882812608e-04
1.521837121308736553e-03
1.836426593172536207e-03
1.453546452021476677e-03
1.546064905102810614e-03
1.376444314314508770e-03
1.362718661139606345e-03
1.249241622486534867e-03
1.340412385754172122e-03
2.298581600204554955e-03
2.841771732438357241e-03
1.697624779896497000e-03
1.421930495597273792e-03
1.220918835598967930e-03
1.036493361782162698e-03
1.158414868406141456e-03
1.175861510395977486e-03
9.303273740523239441e-04
1.054119152142480101e-03
2.074926067365884079e-03
2.178108151014046968e-03
1.404184725428504537e-03
1.228828945906061329e-03
1.117913307883694994e-03
1.336652799347494468e-03
1.235905480257455365e-03
1.153307680280658745e-03
3.979034315618953932e-03
3.181116873611837710e-03
1.556972051405563617e-03
1.547955636233409220e-03
1.542591842025857951e-03
1.278066011947597220e-03
1.183123001482794690e-03
1.185825164053411858e-03
1.244668126536778007e-03
1.346460404650412848e-03
1.786309244318726305e-03
1.740149195150071963e-03
1.315316863042607616e-03
1.295777457116139121e-03
1.296833441224911048e-03
1.348313993834680856e-03
1.387589767547950598e-03
1.354576228176994357e-03
2.285036837105455538e-03
1.697011191849704748e-03
1.176363664671410290e-03
1.206485700257607955e-03
1.205767710725090709e-03
1.155663956304656906e-03
1.251429420736095569e-03
1.625141271630332028e-03
1.965813550200032084e-03
1.632913581129842541e-03
1.491707193597082261e-03
1.440150088143222606e-03
1.192661371149818152e-03
1.273264334330443184e-03
1.478997154030065736e-03
1.232051137813375361e-03
1.251108333135343437e-03
1.380153149737038589e-03
1.175125631695777889e-03
1.373060774752708551e-03
1.362837530257625558e-03
1.224482520026061970e-03
1.396735624788515489e-03
1.497927891684565837e-03
1.204091972867941821e-03
1.206062618174556398e-03
1.410603136440325258e-03
1.376980101066851373e-03
1.397874760264711984e-03
1.415042720716365530e-03
1.277498807060295722e-03
1.272737651876582792e-03
1.369414411666535067e-03
1.239771113648341578e-03
1.381712625459727197e-03
1.231414443987780905e-03
1.531612950609558856e-03
4.453272571832094136e-03
3.054247212054724860e-03
1.187053312258719512e-03
1.490541324938042794e-03
2.133319719563983325e-03
1.526062767505368843e-03
1.262651118032248306e-03
1.272228707303029111e-03
1.307788857223908877e-03
1.318121400336628220e-03
1.236426043371986012e-03
1.344383259894146778e-03
1.343781843200598809e-03
1.231621065389476403e-03
1.372421464808673726e-03
1.267756097290659561e-03
