1.710351305766345115e-03
1.791650191239514689e-02
1.819742828029554879e-02
4.465716291584684132e-03
1.229602850882534348e-03
1.857253021841157471e-03
5.317938671954399593e-03
4.176036020488064528e-03
2.005311467860227195e-03
1.367279141150367977e-03
8.122139996698681495e-04
9.672205466489955730e-04
1.735208151150341828e-03
1.036814040283137988e-03
6.463207062551097658e-04
1.110563166422564706e-03
1.597931883602207162e-03
9.834162747855970318e-04
1.092833411534397140e-03
4.503001773820847209e-03
1.117628118853206294e-02
3.737006439632477740e-03
9.207956718815747590e-04
8.209955135793508500e-04
1.164475835687243466e-03
1.507881751272504038e-03
4.062130689913700556e-03
1.082510057845941821e-02
3.427185475943187332e-03
5.651125691930914156e-04
6.206930345318278789e-04
1.198070720450357873e-03
1.147130372857034638e-03
9.150657130122799229e-04
6.693740999451263177e-04
7.216356365184306131e-04
1.147537109664855661e-03
1.109841200729624628e-03
1.358839612602037597e-03
8.518147171323151197e-04
8.145330985617647498e-04
8.637015217840336538e-04
7.528028725279536492e-04
9.231302394118545782e-04
1.381781254498103909e-03
2.821078178740970676e-03
4.117413503872838741e-03
2.130877261764998337e-03
9.971865161455672078e-04
7.543426523288024885e-04
9.945027682489446848e-04
1.428626303516859113e-03
1.038577976352654921e-03
1.392552236004915506e-03
1.209471084973108568e-03
2.253569363115517227e-03
2.273744109830309629e-03
1.449043415792307605e-03
1.097834316439500911e-03
5.906973222841566638e-04
7.941059050828553701e-04
2.443063546233814783e-03
1.147733519587993464e-03
4.808874518597419981e-04
2.420648765468321612e-03
9.898876840983181560e-03
4.012347065026611141e-03
8.253939082981370107e-04
5.107088552952366699e-04
7.214873275783714778e-04
8.630930005554300491e-04
1.344334958951362525e-03
1.151246168722604764e-03
5.294598139732123628e-03
9.894661049029316105e-03
9.468130856253292177e-03
4.221281103535426231e-03
9.759457701637372362e-04
1.439309972840327988e-03
9.160509559368429019e-03
4.060822166705587224e-03
5.379449312237176558e-04
7.710164905545943605e-04
2.526340321977383306e-03
3.962588458338996492e-03
3.081027290216863199e-03
9.115798879279826943e-04
3.924015024346643073e-04
7.127258244874346959e-04
8.179558257715036779e-04
1.353041637775080283e-03
3.168138039656014180e-03
4.426967371654389957e-03
5.823493840482135177e-03
4.769138052426585665e-03
1.570428544470742161e-03
1.117126353195897846e-03
3.271605494629159158e-03
3.297500989803595507e-03
1.142254958927226352e-03
5.338762863574272139e-04
4.450843698287819069e-04
2.417854274097367296e-03
1.185543188062078597e-02
2.097336035282471381e-03
3.403009388874765856e-04
9.267910488241374927e-04
6.314345391399641717e-04
1.143607560451555651e-03
1.784775463320790534e-03
1.511542926338502266e-03
1.575637561714015970e-03
1.976643052279257462e-03
1.264681449900533633e-03
5.845633291771568530e-04
7.078936803333799304e-04
1.333672135078358377e-03
2.388548878881945840e-03
2.000011479036411556e-03
8.351635914382299743e-04
2.151475724298577193e-03
7.662808780584636978e-03
1.544606964706278637e-03
3.833710428363841516e-04
1.083654262930468497e-03
6.224707816206502238e-04
5.817462220500376011e-04
1.226697148092714641e-03
1.447438107171854834e-03
1.975445205526569006e-03
1.909841688844092023e-03
9.774249029318613988e-04
5.718228345082401135e-04
8.449698829714484462e-04
1.483524059180955663e-03
2.856851835543125669e-03
4.135477181660608681e-03
2.013025691976999890e-03
1.447792030911839974e-03
1.903229314475903206e-03
1.176888741082385845e-03
8.093230338759157746e-04
1.059177915168252066e-03
8.128974243953897413e-04
5.187989192595974814e-04
6.340667075057866741e-04
8.293437598185444178e-04
1.983911833603382163e-03
1.518858950717334169e-03
5.738061092349430866e-04
5.499206785659923160e-04
1.112933459378727960e-03
1.347356133990045696e-03
1.425759551200292408e-03
2.089560887435825201e-03
2.161840589874992544e-03
1.618832554708672395e-03
1.458489109521255008e-03
1.801015768574197118e-03
1.786701374555950189e-03
1.101462093411790123e-03
1.235633162483340671e-03
9.754677022511109305e-04
5.134310017753032770e-04
6.842779009901469190e-04
1.651096486570076231e-03
9.849218132874969570e-04
5.265830069080143722e-04
6.897448916635352725e-04
7.396624770348764243e-04
6.836346064902381519e-04
8.666791230793789106e-04
1.030469617898527486e-03
1.345453686133962724e-03
1.511944798605563715e-03
1.228745160505920241e-03
1.765764927519906978e-03
2.274372651505203718e-03
1.267376743121688930e-03
1.252356992274724018e-03
1.383941236564104537e-03
9.480660232416515633e-04
2.987029998203348091e-03
4.135174391396454451e-03
1.303582925027390368e-03
9.369991449487963383e-04
1.066108765767412878e-03
4.881041685307005180e-04
4.926397399646644231e-04
1.162043192854182250e-03
1.156363058507344464e-03
1.004513239999636981e-03
8.880462599223225718e-04
6.677398323413793980e-04
1.610086962627479404e-03
3.661308479193753091e-03
1.955271181802103065e-03
1.372781125117584914e-03
1.690574806476923680e-03
3.956080469409553602e-03
3.015752877379965918e-02
1.326694231198442299e-02
1.916633935318426494e-03
1.254541218844131044e-03
9.949822454798375702e-04
3.961770204573369404e-04
4.432494456382798020e-04
1.077536714940318134e-03
1.355323783290180622e-03
1.446506074390555962e-03
1.097091328978819355e-03
7.243920392071055789e-04
1.847943888184971862e-03
3.720253627539606839e-03
1.759350697027317828e-03
2.125483558679033651e-03
1.596192243171795167e-03
7.905372760079756866e-03
7.200253084729112130e-02
1.343552763172596066e-02
1.995842151843021071e-03
1.744111842358033598e-03
1.332515560781658134e-03
6.458727057389224060e-04
4.842633516759803510e-04
6.043824374224337657e-04
8.783664944682277554e-04
1.259665403775576432e-03
1.194019863085268775e-03
8.914968255995920320e-04
1.206105747262264287e-03
1.221104039643025824e-03
7.469563465796011815e-04
1.951609520268584490e-03
7.700418782131018044e-04
2.397117463425904246e-03
2.046499473512196701e-02
5.725455711750990564e-03
1.466905975481189216e-03
1.785478639481488010e-03
1.694436797209891753e-03
8.672534983555254791e-04
4.922440488036978166e-04
6.725817907661033176e-04
1.266765801640722762e-03
1.191330209549765120e-03
9.010130806045241279e-04
8.088256394959734237e-04
8.034167942138508746e-04
7.844705984916193302e-04
8.148662272450926712e-04
1.426607340406087958e-03
5.595183936213005442e-04
9.519298917145990920e-04
7.043475533128076838e-03
5.575535409020052589e-03
1.290634313886944787e-03
7.399225563792166324e-04
6.610625199204847244e-04
3.660017190588216217e-04
2.419434882618735027e-04
6.354881875708012556e-04
1.952909637905020975e-03
1.374215100982201796e-03
6.897897436144867240e-04
6.829995206652682760e-04
8.860810073192452964e-04
1.131944315468972522e-03
1.410824368697848920e-03
1.470684370712299713e-03
5.999402399603065948e-04
1.029602844843467441e-03
4.226824515980671937e-03
7.133958372542974907e-03
1.648667523394516023e-03
4.481211344559519615e-04
3.709292861917225410e-04
2.932132576617718146e-04
2.577140691100673659e-04
6.965477945783392659e-04
2.076213543557107240e-03
1.473926164124986790e-03
6.874043506792485185e-04
9.766853529291367932e-04
1.811162545929433229e-03
1.270413488396104993e-03
8.795914246540326295e-04
1.350929826882549907e-03
5.651204581527390644e-04
1.182454713706770433e-03
2.005832497207590132e-03
3.066007986452250981e-03
1.423416138279793046e-03
6.929572818111393246e-04
6.207157656092302921e-04
4.810126372977924008e-04
5.772520691363331553e-04
2.058008469933696183e-03
5.673302598626708826e-03
2.950127349573923932e-03
1.247534961960269483e-03
2.865772029099047762e-03
5.213570818025237662e-03
1.261060590430286739e-03
4.785317196820407714e-04
8.468208846945269198e-04
6.214983872458334406e-04
1.431109581425512407e-03
1.689038442674734020e-03
1.300628725364833807e-03
8.933750519755916542e-04
1.049904189822168559e-03
9.585477911587324089e-04
4.740668971055641895e-04
5.472731364494897582e-04
2.182736897839993549e-03
4.041117707296310382e-03
1.422976467232640657e-03
1.128159079904781032e-03
5.454480875034722898e-03
5.857135115318283861e-03
8.409419677366900426e-04
5.421871284565280393e-04
5.523888698263074550e-04
5.988869327814090506e-04
1.848064794640680688e-03
3.299971390648142808e-03
2.185233859433647046e-03
1.309024234111083379e-03
1.426478492016946186e-03
1.588601972644539811e-03
1.450694909839543101e-03
1.553702864237900983e-03
1.614457896187935842e-03
7.339978841076035465e-04
3.007199125805174659e-04
9.750923555068051951e-04
6.687866180705760895e-03
2.541156765636878260e-03
3.720282801130039689e-04
7.970232815946485345e-04
5.689862886458449138e-04
6.737210330736722284e-04
3.165552377712426736e-03
6.301973235412910296e-03
5.663970989188720460e-03
3.193522410490417986e-03
1.761147021657812712e-03
2.304403299150847330e-03
6.845689038606122927e-03
8.385720538985824007e-03
2.643274986271425785e-03
8.047944568383053098e-04
7.803761873490265349e-04
2.892760807412195993e-03
5.931432815302288726e-03
1.154948362513202875e-03
2.944103026785433027e-04
9.486651354205053333e-04
6.368579629102702954e-04
8.692889456992587737e-04
3.675994506825814960e-03
3.470938646975851600e-03
2.926076709233581697e-03
2.077432668992817890e-03
1.176152899666940959e-03
1.613841691845067320e-03
3.722756873623488897e-03
2.775218267760738797e-03
1.545947686226044945e-03
3.006373417806908546e-03
6.723280554938012091e-03
4.567684678843192403e-03
1.648793032813924715e-03
6.187455518089267576e-04
4.185618217435604785e-04
7.056981612763590667e-04
4.828290461554901234e-04
5.591583489992188764e-04
2.026344032544496847e-03
1.321428781221608379e-03
7.218461042604017988e-04
4.985236455088613806e-04
6.513816305849673026e-04
1.496965687683320069e-03
1.268831291501926976e-03
4.246761794885854234e-04
7.667113795813477973e-04
6.709601176448823368e-03
9.900424126621103910e-03
1.325404263664487891e-03
3.105431558539506606e-04
3.500861136330943573e-04
3.911756734829280172e-04
3.398317417789020484e-04
3.497077811804572261e-04
3.512590960456333936e-04
2.352823678487478420e-03
2.311464506919524639e-03
7.614570727484704397e-04
2.951570334377408506e-04
5.529987839714274557e-04
2.366940208792087021e-03
2.301946392435558035e-03
9.816410916672561448e-04
1.869885687239525437e-03
4.468642656676014013e-03
1.382338331809906474e-03
2.204968862923732437e-04
1.774802767957526747e-04
3.357035653654816113e-04
3.029502268966030327e-04
2.322570882096547319e-04
3.399136779178887186e-04
5.970704725341064627e-04
6.310185890114607295e-03
6.753190248901341439e-03
2.456671301024345756e-03
9.282896321331792454e-04
8.573891958467294181e-04
1.989622166139615872e-03
4.024846811027831157e-03
4.852688740355886807e-03
3.738807636711726553e-03
8.529142343927969194e-04
1.196960507496798361e-04
8.731427889776070524e-05
2.422290623245049602e-04
3.399698795963735178e-04
2.256886790423446091e-04
2.118365122064472012e-04
2.438935197118626474e-04
1.763560462618787850e-03
8.976997390068639296e-03
6.130526801948109339e-03
6.708572369732186159e-03
5.382950942808472847e-03
7.474175431581172278e-04
1.170625432690570447e-04
1.363234273047268016e-04
3.403334501159062538e-04
3.008925251366879644e-04
1.105393300820753675e-04
8.359557079654729092e-05
1.827607765645852789e-04
1.966315584089180181e-04
6.186277065762095539e-05
3.470728555993552540e-05
5.599066741943505097e-05
6.321863107461813043e-05
