1.106305555739305405e-03
2.583076516831595872e-03
2.043691231422601132e-02
1.757989577202742626e-02
2.665846776986591313e-03
9.043125763998901634e-04
1.144591359726651603e-03
1.400833603734657302e-03
9.999096831519935225e-04
1.068580018914416655e-03
1.433174855109251369e-03
1.133016541531221702e-03
8.123295598799217020e-04
1.035514832609316527e-03
1.762766271809612173e-03
2.253236646218592133e-03
2.135683919157083544e-03
7.644010158444411581e-04
8.177261841654305833e-04
2.122833191084578467e-03
1.788973152229404381e-02
1.055215922104320130e-02
2.581921845687394721e-03
1.517281555704551050e-03
1.739091666119016834e-03
2.775971264689374492e-03
2.835722180127148162e-03
1.967831795207737947e-03
1.429529310006919570e-03
9.543763511685926298e-04
8.532662497166858999e-04
1.236363385930843361e-03
1.148623425015275670e-03
6.991224742321381974e-04
1.032895938519255187e-03
1.290172414942748367e-03
2.233166035156852226e-03
1.579796736071827469e-03
5.309624197097952310e-03
2.784676371719199076e-03
1.521136279340995620e-03
1.194237383508096276e-03
7.235219506646473455e-04
7.896471732738401380e-04
1.719385017545645199e-03
4.901386757679490093e-03
6.473655618434276046e-03
2.463486822971073641e-03
1.245294665875217900e-03
1.595535166178881775e-03
1.517118236106752881e-03
7.381371812711628316e-04
6.580512512380322148e-04
1.228003548671353657e-03
1.147502085539682873e-03
6.733868358544375238e-04
1.857895928793244170e-03
1.514295656772806200e-03
1.140131944173615117e-03
9.876486133751564804e-04
8.468261525344034698e-04
7.708741317814029074e-04
8.235875889870210211e-04
2.284196953589126122e-03
6.956300681876196462e-03
8.246973857071042066e-03
6.122758145317420270e-03
2.710258254288279781e-03
1.184866303160440892e-03
9.264015619298917063e-04
9.437940685215109177e-04
1.786997315829900882e-03
1.187341109541910442e-03
1.362749557234352316e-03
3.101262349645173954e-03
3.388245683047502038e-03
1.837345648366157415e-03
1.139840425381250660e-03
1.790190439628053243e-03
2.311679867331113258e-03
1.228794744893067434e-03
1.144141603925277403e-03
2.190906383595065277e-03
5.660187376735498384e-03
1.170474077398369825e-02
4.481396558881308757e-03
1.110355817512236444e-03
1.006475964369101016e-03
1.365544613642137323e-03
1.828990456329750202e-03
1.871194185148820606e-03
2.965115522100479975e-03
2.482395224502590217e-03
2.874731959645999545e-03
2.507083943114193740e-03
1.656175517669082045e-03
1.701332347779253374e-03
1.890269622025500529e-03
1.711872599776290398e-03
1.662227481486092595e-03
1.248104526829457760e-03
1.579701978046935736e-03
5.759786722243487485e-03
8.011216394314771630e-03
2.420980264257514836e-03
9.561518326259786085e-04
1.410714775448015891e-03
1.608813273908971195e-03
1.047961579322228892e-03
2.344255762115621863e-03
1.135716989008644451e-03
9.522551266303181522e-04
1.402165895027261428e-03
1.706707904401061869e-03
1.167892141935686530e-03
7.943504552037977066e-04
1.071382820506379917e-03
1.543916328816797136e-03
1.026157176108031350e-03
8.669242768068029931e-04
2.904561314405191066e-03
9.818032363085357761e-03
4.395537944334750730e-03
7.449460958805276039e-04
1.204861738214494955e-03
1.683506650178413474e-03
1.115647292170983580e-03
1.837158404008525396e-03
1.619754845270829184e-03
1.238216621693845375e-03
1.141613961060109622e-03
1.526777772759217505e-03
1.408737563655780220e-03
9.399157403369845769e-04
9.190528299168628347e-04
1.002240436908800967e-03
8.353929673490707603e-04
8.205930036468707780e-04
1.471185902583644614e-03
4.193333356326152221e-03
4.545384704490015339e-03
1.204207898206554597e-03
1.452612411997444234e-03
1.666447403952909688e-03
1.710648277681461535e-03
1.023072667717771786e-03
1.522940288853092674e-03
2.161016709964567583e-03
1.508552555189043420e-03
1.306983565287693884e-03
1.439646279706671174e-03
1.222819436207845008e-03
9.876695547603113034e-04
9.242554146773146418e-04
8.707066599015531689e-04
8.317757620132038227e-04
7.593962056776159620e-04
1.153863923260369830e-03
3.168346987677503421e-03
3.178819296827378044e-03
2.163667542680589896e-03
1.167340003550368334e-03
1.479653988078267254e-03
8.547118804413058766e-04
8.851721670564461925e-04
1.183636706627105850e-03
8.817943578044892513e-04
7.331042456785463474e-04
9.124811608524014198e-04
9.558699533842005035e-04
7.305838336016927002e-04
6.368914591251233345e-04
6.710669113445993971e-04
8.821954239996502830e-04
9.820258877859509589e-04
8.327853535243691244e-04
1.608241592442264572e-03
2.880057633631870600e-03
1.843213828886383805e-03
8.772830006961140339e-04
1.788732403377612037e-03
1.682873488517328681e-03
1.791921509949951112e-03
1.223758672627661389e-03
6.208577503836519660e-04
6.253045495268119962e-04
7.618972191212831707e-04
7.350567900345468877e-04
5.904583060548398684e-04
5.080931531611150185e-04
5.497635568674048238e-04
9.691668188419880680e-04
1.938564363922750267e-03
1.603976828992449786e-03
1.225746725157563985e-03
1.344275675994365763e-03
1.193449541628876370e-03
1.371011727119752967e-03
1.837630065433340639e-03
1.264332641227073348e-03
4.474508772387661946e-03
3.655076841997840099e-03
1.146091733635334247e-03
1.086532644340355673e-03
7.585735511459270903e-04
4.236051165841133153e-04
4.818301855109821045e-04
7.479061710964685951e-04
8.988046870105277945e-04
9.391762566530374810e-04
1.480224804117358456e-03
2.134899711894471322e-03
2.097191299496404659e-03
1.761058220244325840e-03
1.299218009120425323e-03
1.617217032174132502e-03
1.287003081182505485e-03
1.022937379896486903e-03
1.006486003846300374e-02
1.109831919480406756e-02
1.914321626379638123e-03
1.321079878429201084e-03
7.641156733097758790e-04
3.955491731269769780e-04
6.014456214004835176e-04
1.230495775813256155e-03
1.469013005418357953e-03
9.389260484016044225e-04
9.025868293601035236e-04
2.142400849578810114e-03
5.605212487553551393e-03
6.520238005627089321e-03
2.437695491661680258e-03
1.079031292474398043e-03
1.137887643262769409e-03
2.041167171651927029e-03
1.409147182331187478e-02
1.286676188786061575e-02
1.615394296479449312e-03
8.549440369439736563e-04
7.665693375457212312e-04
7.326670637948818092e-04
9.582463313551043251e-04
8.517456844746169571e-04
7.763222395001985075e-04
8.919838698424526792e-04
9.884318659875710508e-04
1.663760963178179814e-03
5.244732591426925009e-03
8.957686554569495654e-03
2.906554083553091958e-03
1.166693484446421677e-03
8.948092985167518899e-04
1.151078377264416362e-03
2.322951590490734616e-03
2.538549339117213664e-03
9.402984301357127485e-04
7.010658655491408889e-04
6.685934605416129703e-04
6.995681424875411017e-04
6.725896143770181395e-04
3.797139098317351812e-04
4.320994014955698882e-04
1.118530329394149501e-03
1.203457468222084376e-03
8.066214163261035703e-04
1.776687916042334102e-03
3.629633853825065502e-03
1.580276248074627930e-03
1.431838275569791543e-03
1.051677361390535980e-03
6.312751423949155638e-04
6.612359316817836234e-04
7.750193424149905141e-04
7.912990924404272484e-04
7.647726395371186184e-04
5.030690420905786124e-04
4.328443947497268214e-04
5.517656288284468469e-04
7.489635210676333279e-04
1.377956651572590646e-03
2.267189078263052038e-03
1.489308649072879380e-03
9.077155610821346574e-04
1.684832066009356224e-03
2.494008185015423370e-03
1.291527625978373516e-03
1.762300556805441445e-03
1.705039905329365285e-03
1.377306310950660202e-03
2.021883973486729089e-03
1.298273782912576528e-03
9.227012622445423260e-04
6.606116566858895528e-04
4.693837812081567864e-04
5.144998892596846281e-04
6.928781638456338538e-04
1.369711655604091000e-03
1.964652163173926953e-03
1.130849214208801265e-03
9.757412455044037203e-04
1.890079902628628112e-03
2.599161038240298521e-03
1.754236197269898063e-03
1.405994530387319388e-03
2.191464148810507058e-03
1.404832576022155711e-03
1.616326234136446303e-03
2.598640031867165742e-03
1.357335594502457991e-03
1.163464222945755945e-03
8.883998694754669965e-04
8.332500214046231974e-04
9.776816697726795850e-04
5.658162383847644208e-04
5.517163780858192184e-04
5.856106266261707372e-04
3.225443881430585134e-04
8.310469819594456121e-04
4.575103133871985181e-03
3.203723049083896136e-03
1.081996867008386308e-03
1.330765965724996528e-03
1.428926253460412448e-03
1.026969738139073924e-03
1.158445617417407049e-03
1.112454874687637558e-03
8.701307637172871028e-04
1.959092746825724912e-03
1.487341921966184701e-03
9.502120648198005438e-04
1.147955702133341468e-03
6.227779945208715027e-04
5.688753062686957790e-04
8.045048098868188982e-04
7.842103902673774711e-04
3.779710041474336046e-03
1.711208679527555232e-02
4.582722445657050336e-03
1.091637027775023286e-03
1.438647658331211089e-03
8.212527757703684799e-04
9.208143658436312648e-04
1.398336858039270301e-03
1.358200723750421952e-03
1.166360426537755603e-03
2.327068737378774205e-03
1.095486463437791080e-03
5.509523605447390901e-04
1.014635413448519187e-03
9.927552885695047763e-04
1.186295349039175355e-03
2.047178720449836266e-03
2.604928372484061234e-03
1.144990556202951995e-02
2.474286470334102067e-02
3.211853154003001948e-03
7.465977486946947768e-04
1.189580174972719884e-03
1.099501391229471903e-03
7.830973192597550942e-04
1.160986318230008453e-03
2.117706598138766830e-03
1.394796454163907884e-03
1.303119922725400580e-03
8.288526469891199788e-04
7.436774527257562859e-04
1.135011721082322548e-03
6.825711962529920282e-04
6.821298373886288844e-04
1.725604658664049457e-03
2.577099774597501388e-03
5.514658430389168288e-03
6.986529855799678522e-03
1.461278203104309295e-03
6.353522691045050078e-04
1.026616670852407206e-03
1.738216228077287635e-03
9.189325640151068796e-04
9.656392021689120522e-04
2.828957300842757823e-03
1.564674648219661597e-03
1.196689743189373887e-03
1.596390846461409694e-03
1.460109553788977365e-03
9.603156468427769292e-04
5.608935426059456601e-04
1.102798441067749918e-03
5.141682117222286415e-03
5.176099569370028533e-03
2.218552935954228554e-03
1.450104683495318523e-03
1.001586528485447084e-03
1.056912057779591354e-03
1.045891856286215943e-03
1.122833349016810842e-03
1.011465724923697913e-03
2.090654108711608675e-03
6.170599324958397566e-03
3.042885897798435369e-03
2.547702166639729138e-03
3.356166005673060383e-03
1.537689661379732300e-03
9.626294514945975701e-04
2.130442655299628982e-03
7.419957826682174566e-03
1.519076387362408749e-02
6.458760949329211618e-03
1.448276071011972204e-03
8.366239009223968952e-04
9.320532265869639968e-04
1.075083241660120415e-03
8.730268044084874652e-04
7.596602912175670977e-04
7.145951761855981726e-04
5.967434474637923342e-03
1.048375647247608983e-02
4.113244433509863698e-03
2.567109492388650396e-03
2.191582532509946807e-03
1.278883760476039319e-03
1.591445105849575124e-03
3.705110194095701925e-03
3.170026059251127709e-03
1.277465558062074180e-03
6.849714205804393295e-04
6.674448094085242561e-04
1.007898389639954977e-03
1.090705406316134140e-03
8.564872979116689268e-04
9.428995580605351468e-04
1.111478381764782709e-03
1.182748942973993987e-03
2.324593576092716385e-02
3.132538939520213700e-02
1.300667378469308466e-02
2.630135024411579987e-03
7.443407355064520945e-04
9.454306075908708784e-04
1.976402253027695517e-03
1.541737056957472431e-03
7.330070741133382257e-04
7.441028453155419144e-04
1.108075976297386066e-03
1.010452582855726582e-03
9.548060746689062501e-04
9.795712266577178123e-04
8.923528037189251911e-04
1.088081559680109407e-03
8.959324099388269163e-04
