2.019821069426815086e-04
1.311339572833032652e-03
6.695836996901535429e-04
4.209607162569093146e-04
4.083061675986487623e-04
3.763452312430017326e-04
3.669621718600016812e-04
3.718141687394721441e-04
4.592791246173917553e-04
8.411996766602448114e-04
8.751713691467525539e-04
4.634701196213081450e-04
4.617591121726619010e-04
8.702730857995096079e-04
8.275312662990838607e-04
3.857850978022958101e-04
3.689755085153095695e-04
2.536900174306739209e-04
5.325068234183681854e-04
6.019373610561160829e-04
2.518378781502606054e-04
4.164058616141871243e-04
8.278077415097477663e-04
6.740532556865150163e-04
5.849346443027793763e-04
6.772652418027161163e-04
3.574879581327400054e-04
2.554833328287913082e-04
5.760597590609929566e-04
5.199770733945038251e-04
2.349861077882285816e-04
5.332106335838011999e-04
1.260303446589472161e-03
6.051390712662965557e-04
4.734638215713156211e-04
1.533133006431118333e-04
3.594470725195436905e-04
3.250293048152957335e-04
2.122945482727584628e-04
4.816933531050540370e-04
6.401005962728442515e-04
3.063704034899624525e-04
2.956479989782868759e-04
9.495557970994338058e-04
1.223737903546569944e-03
3.877205365176875172e-04
2.751345813769063729e-04
3.778720492250992741e-04
2.702516709004193106e-04
3.324309073281837639e-04
7.889598783779698532e-04
8.160161014799011169e-04
6.917238327823557612e-04
3.877645375636046016e-04
2.906742356275037169e-04
3.925097116597491757e-04
4.357061953312601241e-04
4.746866686475641715e-04
1.977716088965288338e-04
1.023291377920226538e-04
1.616342662973760684e-04
5.670909909553868873e-04
1.259016002774153258e-03
3.815516915542753722e-04
9.795695068391758391e-05
1.965266515967116815e-04
4.840663370446655163e-04
4.556175451624976764e-04
5.516005433312249186e-04
5.280596540355431655e-04
3.331823931696844274e-04
8.677465835200512574e-04
3.184036985724994690e-04
2.555452347458969631e-04
4.290405175421551265e-04
7.485894918010839319e-04
3.542245183539782186e-04
2.174465035484726585e-04
2.685413835373203547e-04
3.099325020215366053e-04
5.002526755005052162e-04
4.981980244429620210e-04
2.597464614657846822e-04
3.482604621644589684e-04
8.325292551559762468e-04
1.173347561551466066e-03
1.214570154348373161e-03
5.692337989805095096e-04
1.477855149215181530e-04
3.271707244676904823e-04
2.723857286749177564e-04
1.767113064368152904e-04
1.907656932617594349e-04
8.596865771984011848e-04
1.318233347614438137e-03
7.362656193038897992e-04
5.267488477651488315e-04
3.333201575268820690e-04
2.847274586270904335e-04
5.365959908758238372e-04
7.718922084748564526e-04
5.061024121344863966e-04
4.360018025273149902e-04
6.139293666020004215e-04
7.071487571146891932e-04
6.921291862829624577e-04
4.736014603410570838e-04
3.224791112406542480e-04
2.274122234916353517e-04
5.557081680304864699e-04
1.872597233902116684e-04
3.891134609721154727e-04
7.445880860813835784e-04
4.025684711770839068e-04
3.307386458695918212e-04
3.808567617150443387e-04
2.871591660540810144e-04
3.509836171915847562e-04
4.885780853606583578e-04
2.495748816997737040e-04
1.967564600526731195e-04
2.912872459791288754e-04
2.849916909651976113e-04
8.305371262169481414e-04
2.975335846798654160e-03
1.398170796616171694e-03
2.637971122183242279e-04
2.112647515385408879e-03
7.361058352732852443e-04
4.791875233105836194e-04
3.836157001402402912e-04
2.521343860861476938e-04
3.052275027599552328e-04
3.917445872099725094e-04
2.519624244116047619e-04
2.361098317740227580e-04
3.053816148585604645e-04
1.537115456767137816e-04
1.652230640419656733e-04
4.507883122360432080e-04
3.988019756766241343e-04
5.732540401659660771e-04
1.499953612817961140e-03
1.767436098651615573e-03
1.741782533471706467e-04
8.710089167425352297e-04
3.230751121313367360e-03
3.576774839171311445e-03
8.664768034560208203e-04
4.215119437017125965e-04
5.569591678486729945e-04
5.315144933948329859e-04
2.695091109356263781e-04
2.235842972288401521e-04
3.574576669555175508e-04
1.933243378178672476e-04
1.351097714995705109e-04
4.645961219305680271e-04
6.633590017188067131e-04
4.597279485875208137e-04
5.376209107415761681e-04
1.596203664489474544e-03
2.375855542803026010e-04
2.355662848411973283e-04
8.627128711194398045e-03
1.885752518580012874e-02
1.662777652338700684e-03
3.285745394427481091e-04
2.382331199806328990e-04
3.366434454600187752e-04
4.191892946990103536e-04
2.514244634174095188e-04
2.672895262248831485e-04
2.965658470629852286e-04
2.065403090435526416e-04
3.435177955765324393e-04
6.427518751244233391e-04
7.674768628494695087e-04
6.532122878293111865e-04
6.227133859284810120e-04
9.852025033886670311e-04
3.633695015951916483e-04
1.996175286394524448e-02
2.103333317012149456e-02
2.445213857144965582e-03
4.891944298039115156e-04
9.045032281242033889e-05
1.112805343519065185e-04
5.778354825609748622e-04
4.473854903002970123e-04
2.242686192593531754e-04
4.486208558952957696e-04
5.246263936442955873e-04
2.770635813573317139e-04
3.026502419346001858e-04
6.830619079066762699e-04
5.054986653358109179e-04
1.437640682283070656e-04
1.076208958631225772e-03
1.063238536431193723e-03
7.798666805998964724e-02
3.528791004701496009e-02
1.298235123108863569e-02
5.252509309726542848e-03
2.820623390817850813e-04
1.020098898911726783e-04
4.779347476783561938e-04
6.488432481529371855e-04
2.743917794402721678e-04
3.205129452779891951e-04
3.720000032783267094e-04
1.835759670017166327e-04
2.006319693064020405e-04
5.176638202049426134e-04
4.737821191241853541e-04
4.655130083471327451e-04
5.816236088955227318e-04
2.214467878633379072e-03
2.245040623376075850e-01
8.141605697198953107e-02
3.783926032399941713e-02
1.145554328645063263e-02
7.053448293694963671e-04
2.096527357006531536e-04
2.265657082691405991e-04
2.332162046157719828e-04
1.901136643092831476e-04
1.644824560264399732e-04
1.849345385128968878e-04
2.356831239178186737e-04
4.437000463529618306e-04
6.832333507798733514e-04
4.472880878259593456e-04
1.055437242079960243e-03
3.519641456827774938e-04
1.347221014501173058e-03
7.787893980363080892e-02
4.158657537831991768e-02
1.093894313073068628e-02
1.150428520787424684e-03
2.506556392401257491e-04
2.935423826082074212e-04
1.424793668139906293e-04
9.553989163006983381e-05
1.809622639062686709e-04
2.465154907365152198e-04
2.854475341265621862e-04
3.755251841379457565e-04
5.178035858806033119e-04
5.069746024229537405e-04
2.834202679517345246e-04
3.418447871301177605e-04
1.820416563076826804e-04
4.132226882003391458e-04
1.539657015865015383e-02
2.421306853082595342e-02
3.946775534651115504e-03
2.004148887069922701e-04
1.005783658898994315e-04
1.935439368724796471e-04
9.555662932628339172e-05
9.621320112121435012e-05
2.113925637423510844e-04
2.579183777509731269e-04
2.944853311952883002e-04
3.060454418026293264e-04
2.694255880950580063e-04
2.659956847596719152e-04
3.703220765905956510e-04
8.671158644014278312e-04
2.962873393355728831e-04
4.830179633802579196e-04
1.210848579768116634e-02
3.026434950779863936e-02
2.888160173829377834e-03
1.885799899929678915e-04
1.673265800672841673e-04
1.588326905220735757e-04
7.403538119705866511e-05
1.198301558381486697e-04
1.475513711702377173e-04
1.076145961621493674e-04
1.742637325452493628e-04
3.312955095417368257e-04
3.759845181971671938e-04
2.540367829629079058e-04
3.770606199385911016e-04
3.155262840070137409e-03
5.518783205594474800e-04
9.588249930173471094e-04
1.026488958400600601e-02
1.689705211768540924e-02
1.602411242111134943e-03
3.171902654312976186e-04
4.860751637070534308e-04
2.923608676523020288e-04
1.610330802997901069e-04
2.471573702926325674e-04
1.771963328783688740e-04
1.551221833546442895e-04
2.971668836961708390e-04
4.496133227643702096e-04
5.814372621629008411e-04
3.541007331552798549e-04
2.262004989018812833e-04
8.408440695052949538e-04
2.629923887594832967e-04
4.879445592491951059e-04
1.931313973027215048e-03
3.362504912001129231e-03
1.242514486502714751e-03
7.239919343470401685e-04
6.272596658610060010e-04
2.365918427094528096e-04
2.245245272423346510e-04
3.228488989042111400e-04
2.141100869520625968e-04
4.037957332937993043e-04
7.202200884478613795e-04
3.603937190031945240e-04
3.580314267373328903e-04
5.011769059091196249e-04
3.665310201680495403e-04
2.633318024317117382e-04
2.555157859317811310e-04
2.844255227539361553e-04
3.217084068367061732e-04
6.115776107962970880e-04
7.482322865795326076e-04
7.369735301781229000e-04
3.317720173575700602e-04
9.619157262353481258e-05
1.464274601115225847e-04
2.459809375146172349e-04
1.625242191504484032e-04
3.628608693012166280e-04
6.697108657008868544e-04
2.777694065426786207e-04
2.308624234801237162e-04
4.692184999532836667e-04
6.369269683478820301e-04
3.203328426752582352e-04
6.641376853169768607e-04
6.764525640515681691e-04
4.170518031866146452e-04
5.245424074291792820e-04
3.737117467309323377e-04
3.094823419593958338e-04
2.514607852238985521e-04
1.244921837148756419e-04
1.986335320272781429e-04
3.876513853293490821e-04
2.570853075174627704e-04
2.892280316982514892e-04
3.916156535434568708e-04
2.660476556146409142e-04
2.406617282780847621e-04
3.466934424759187208e-04
4.961819514460558914e-04
3.055443849370686983e-04
3.811878332574754509e-04
7.538707545986945285e-04
9.957531881230501699e-04
1.425903248960015864e-03
3.975388108129707609e-04
1.972611387088013968e-04
3.426965384271760812e-04
2.749866865204770900e-04
2.713494508533839710e-04
4.818968994446509702e-04
4.237117869313830761e-04
3.267395870506201823e-04
2.935390105061628846e-04
2.273794259135288574e-04
2.297945147645210099e-04
3.260915864639914977e-04
4.680250481243849081e-04
2.453690358500705266e-04
1.444108519885683810e-04
3.041844746693162091e-04
6.925665377567687304e-04
1.513724041613097879e-03
4.431430720566021763e-04
1.902407724108875510e-04
3.481320487446742788e-04
2.953941112297542326e-04
2.053628948394636529e-04
2.814679554674483588e-04
3.047349743047585895e-04
3.195828766987699539e-04
3.488384800542201946e-04
2.476369781826542600e-04
1.792045253801622816e-04
2.225143418386239130e-04
3.679482633312598414e-04
2.310102516497755339e-04
2.894743994645511864e-04
3.252943323276559062e-04
3.793095066045545677e-04
5.865789859600640610e-04
3.011421406524500931e-04
1.887228553828577255e-04
2.448369803109536817e-04
1.897116471765966422e-04
1.717866196125265139e-04
2.498740353108691646e-04
2.645012587490684435e-04
3.383361743637342879e-04
5.321299759445427373e-04
4.122316131760766903e-04
1.805184963238244417e-04
1.160186310272776853e-04
1.700801019940835599e-04
2.110803380178980599e-04
4.561839467587554113e-04
4.118948541332644931e-04
2.700003462309363941e-04
2.495341726260364443e-04
2.303842466104484338e-04
2.745528160847511643e-04
2.559840299890136128e-04
1.330611286440895136e-04
1.389247462649998691e-04
2.659380904383976162e-04
2.878133953031785275e-04
2.639038557102810190e-04
3.161738759519765857e-04
2.861753838439400890e-04
1.519858524991915083e-04
8.403215143612233391e-05
9.678681438350285879e-05
1.456236334765255739e-04
1.764695443482591026e-04
2.010621453231709575e-04
1.753487767615877246e-04
1.536188723113224373e-04
1.772582697446483193e-04
3.052018688834657809e-04
2.749330256802179806e-04
9.909909496076382883e-05
6.571790540331400271e-05
9.541393002794227533e-05
8.748160661396106011e-05
4.833132876966573626e-05
3.431494734138657439e-05
3.836804977558767985e-05
4.594508578717726297e-05
4.533571898631832975e-05
4.247400608358828427e-05
3.433145507161508911e-05
