6.844415879604019790e-04
1.195531898016394864e-03
1.546037567948226098e-03
2.014510076186275343e-03
1.099369703674436859e-03
1.223439366790506815e-03
1.456724100131688918e-03
9.143183796588263057e-04
1.042048315931031616e-03
8.542367845106535679e-04
5.520612746050013479e-04
1.076596434417692767e-03
1.875446239744935507e-03
1.328601011443511937e-03
7.583249478578481988e-04
6.108562075816431798e-04
9.029535239799288491e-04
4.626630296075305506e-04
1.653380890207701692e-03
3.656655161703489549e-03
3.144882311223999583e-03
1.907301301328248513e-03
5.348850912764833597e-04
6.545243633320250260e-04
1.695953213160477811e-03
9.578496866472167165e-04
6.264305076837775902e-04
1.074915768808803801e-03
9.261338164283573109e-04
4.680926894915265666e-04
5.558726254854660541e-04
1.150927079772460278e-03
1.034421806070903813e-03
6.307511641248531725e-04
7.294434297955562163e-04
2.076753728461910072e-04
1.082896516054828936e-03
1.167366571068107492e-03
8.272912246323755985e-04
1.276189635653341217e-03
1.038901211641413223e-03
8.284798013039826065e-04
1.198469731665835957e-03
6.875051428933101789e-04
4.000513510071375899e-04
1.385598229115353247e-03
3.589095921120672404e-03
1.338731606606886589e-03
5.906932276221336974e-04
1.001016277603475769e-03
1.321040028460479521e-03
7.114634640703440711e-04
5.875377299529937298e-04
6.582543121084161956e-04
7.718644244818891271e-04
4.185720509434568944e-04
4.734846077684800019e-04
1.653021581315317024e-03
2.812222373081809008e-03
1.091764486151313059e-03
8.084042757112300855e-04
1.126768303719279975e-03
8.334760452068373923e-04
9.925861707112178939e-04
2.276725779821551793e-03
3.193558368680517526e-03
2.361066053608608210e-03
1.120521087421168151e-03
6.480217037552894310e-04
5.098996291485725051e-04
4.878933757195782106e-04
1.403048236912759431e-03
7.959020181530379080e-04
3.396570127531663521e-04
9.762560664756983171e-04
2.177345951236800501e-03
2.173029082136539256e-03
8.060028712582286477e-04
6.377488929509368730e-04
1.400533268790640383e-03
1.062274345530835268e-03
4.435557352081852841e-04
5.324357743886832172e-04
2.536066209699943622e-03
9.168917065360956617e-03
2.730246773708153944e-03
4.930569903421740076e-04
5.348756685906194772e-04
7.187074471646665843e-04
1.084976985905763362e-03
1.218569657060349348e-03
3.389126981394547993e-04
1.328326510721953560e-03
1.347210676611076789e-03
9.608605761953082757e-04
9.899110246136886941e-04
1.207419049911627722e-03
1.679704256795514069e-03
1.668100506719858832e-03
1.457189134651658323e-03
9.747046276877304165e-04
1.133015130713009881e-03
5.576637393503051064e-03
7.029180805258538126e-03
1.322374403152058904e-03
7.473219016936163755e-04
8.225160714396042563e-04
5.713499839901792351e-04
1.067806543893171957e-03
3.276847479950195630e-04
9.900911632919656875e-04
9.048403137862738371e-04
9.481005191543047297e-04
1.910954904616777401e-03
2.004838302390193720e-03
1.891823709394108502e-03
3.393329027831267723e-03
8.044554070540412688e-03
5.032321519295202515e-03
1.050204057619370107e-03
1.974994356397867697e-03
9.596664388160659406e-03
3.774045666116989002e-03
9.716290741627986276e-04
9.824535672114001299e-04
6.747906426444316838e-04
5.688163073033000857e-04
5.110512865606454350e-04
1.010033305907404250e-03
9.386062964274124879e-04
9.867820352761568457e-04
1.154793027293516718e-03
7.364316253992073125e-04
1.381956796631698915e-03
4.860641821034236004e-03
7.716577609904692360e-03
7.395238995034074392e-03
2.351067950072285688e-03
1.361681621019534844e-03
4.596061972715378106e-03
3.999357202153266608e-03
1.078322622112621448e-03
9.274659042780831163e-04
5.660252397103158898e-04
5.700514029798317084e-04
8.626996553791918630e-04
8.473462616874274933e-04
7.614952404173206540e-04
8.399487327590906844e-04
7.041812894919392222e-04
3.319698935814958452e-04
1.063566794354524813e-03
5.070887317874932590e-03
3.560001990587770802e-03
4.114308236462333769e-03
2.501582839760783505e-03
4.677001542573349172e-04
9.222852892370943549e-04
3.479451448336943684e-03
1.689579629918029277e-03
6.257833135893828497e-04
4.241114657461051676e-04
7.649932509592080035e-04
8.359317105087145155e-04
6.676174363371126155e-04
7.274188386932205251e-04
1.108104991173212680e-03
1.490908534456949390e-03
5.460341992282991518e-04
5.661195263851393801e-04
1.422044981330160707e-03
1.258093665407298981e-03
2.425897953588248938e-03
2.043366810743348777e-03
2.829651971414053990e-04
4.421267898045052052e-04
3.891714226328878059e-03
3.588088091808698359e-03
8.451772421892919662e-04
1.503323851289606935e-03
7.180764105254801473e-04
7.776622930541237559e-04
1.924824918019888299e-03
1.666145174018208433e-03
1.175687778662975807e-03
1.842654362611091537e-03
9.351990086291775070e-04
4.180671613637249474e-04
4.634747992196831790e-04
6.260753121948260062e-04
1.926755171866892510e-03
2.952278041039233664e-03
8.165671050798851451e-04
5.532732428816384803e-04
2.193765634689287970e-03
3.973312108555278159e-03
1.006049246750988528e-03
1.962458592347919237e-03
8.447385514954020144e-04
1.273152544814613830e-03
1.932479338576884031e-02
9.443461540822361069e-03
1.805573202165112329e-03
1.508744799042828011e-03
1.133968332165894355e-03
7.794416391605390234e-04
5.955762894960923591e-04
5.847366796432663417e-04
1.417772681181512541e-03
2.848623679229122380e-03
1.486091536088547833e-03
4.851335869049150807e-04
8.705068132768320043e-04
2.737899251669540478e-03
6.049389362288879954e-04
4.483040455750957358e-04
9.571630575667772157e-04
2.128598829889615136e-03
1.048539158367736424e-01
4.098922698447961949e-02
5.128165332363546908e-03
1.902721178309464646e-03
1.016386858250770782e-03
8.487717862782678726e-04
4.236490077496620323e-04
3.624756554832834978e-04
1.421596081226572791e-03
4.499945925990687760e-03
3.127504747461488672e-03
9.486375928687092087e-04
1.250485136720290219e-03
2.963090479748540628e-03
6.895016472620805461e-04
4.744405987138885432e-04
6.452620174770117706e-04
1.495736991791875954e-03
5.250793771382043784e-02
2.288909505486446880e-02
3.783283386803850366e-03
1.208621419440076422e-03
7.489635670317997202e-04
6.761725792202520060e-04
2.584007915861820663e-04
2.929793622505915719e-04
2.014065225508301048e-03
7.518613000515265293e-03
4.839730627099666019e-03
1.830688903818489905e-03
2.480944247120840836e-03
3.485860793101790752e-03
1.262308674473869513e-03
1.028754307915934934e-03
6.944278327328493212e-04
6.003785171007519107e-04
4.017711064293437960e-03
2.952248268901027945e-03
1.217620603014531741e-03
6.882041311114182576e-04
5.743093425698444056e-04
4.816713562073868596e-04
3.255774450986238279e-04
6.154652533292622341e-04
2.319089702281833688e-03
4.201219941556711031e-03
1.793245509002187573e-03
7.487761124589312070e-04
1.567540742877246993e-03
2.304399142896155356e-03
1.182651011287139467e-03
5.667926545204080230e-04
9.601494342897842413e-04
4.195847359692924804e-04
7.702302347989282419e-04
1.086598977649122933e-03
1.183643552142516668e-03
9.833011162790382745e-04
4.990110799605382416e-04
3.399331598271535188e-04
7.444776318665488916e-04
2.355116063058511518e-03
4.489300594071683227e-03
5.857768271810690451e-03
2.014659719310560575e-03
6.349723102176722204e-04
1.195863700587290789e-03
1.428912853832561142e-03
8.575920765467419382e-04
4.029236592991105497e-04
5.948561649029429155e-04
5.688772016927709594e-04
1.208955779923793139e-03
1.694879481469384374e-03
1.335956704696156369e-03
9.358427337185031523e-04
6.472752254457327190e-04
1.158385649776366016e-03
4.616662956361827080e-03
9.068359050409369182e-03
1.086549887607894151e-02
1.023310113072428695e-02
2.731214178433203146e-03
1.026552169303490952e-03
1.620805374132601754e-03
1.231125484554441724e-03
8.458548242553449092e-04
5.683835544088075955e-04
3.934811468396564780e-04
4.915955564722133053e-04
1.612463412937690946e-03
1.650634320983639840e-03
5.161329417819902681e-04
2.822939047515068706e-04
6.036293450238074338e-04
3.596318309317874523e-03
1.090602692489265994e-02
1.343292778370782162e-02
1.426848357669307718e-02
4.655044974119300523e-03
9.884364039578156375e-04
1.346308435295537299e-03
3.004863222393402717e-03
1.573641308550606695e-03
9.487552421745335928e-04
5.132892124782517879e-04
5.605751039738123128e-04
2.648836409138944302e-04
8.069320896840341843e-04
1.044630874819810944e-03
3.824908916983890965e-04
2.449169486114451707e-04
6.037574051574228157e-04
3.082300633835462472e-03
8.388679617316057227e-03
1.507148806945700012e-02
1.218946104039764396e-02
1.779298120249945539e-03
8.382504881942898093e-04
3.991917145066581352e-03
6.490643757028713087e-03
1.900646654500708381e-03
8.896053972279955235e-04
5.274609929239805527e-04
5.779045783183925930e-04
2.306274450121934764e-04
5.630970485755596236e-04
8.655332376299236952e-04
7.404260981909966495e-04
9.625034647360776073e-04
1.685828308837873570e-03
4.637790937951228980e-03
1.224262239585981529e-02
1.030907401991242728e-02
2.130676097071829058e-03
5.963033808085106604e-04
1.590737038152520476e-03
5.628981012885347218e-03
2.964969842020124223e-03
9.473653909211275344e-04
5.873286111679822423e-04
6.818810746037706023e-04
3.290932019969037160e-04
3.138695985053898741e-04
4.961600245273915582e-04
4.719512455138903271e-04
5.806407139388122546e-04
1.272602307876104450e-03
2.097678996762826313e-03
4.299445789189063755e-03
6.831136656494497458e-03
1.415841517601361225e-03
2.065026954549834600e-04
5.279885562077671953e-04
3.765938269435819934e-03
2.004206695808326017e-03
4.607932190175202973e-04
4.839683174382415306e-04
5.324740345300553674e-04
5.751216807416307608e-04
2.909847707733774600e-04
4.017119132295439237e-04
4.154836587957759270e-04
4.128908546599253091e-04
5.360253625420587434e-04
6.761381344357767029e-04
7.553873909991460885e-04
1.382347434305289998e-03
1.914946798870525340e-03
6.273856633792820056e-04
4.000853263678206292e-04
2.569035196851215345e-03
5.132473875907830017e-03
5.643397099428209673e-04
1.837331792363083285e-04
5.471531363381386794e-04
6.850989648023385857e-04
3.626144820535154127e-04
2.780480084306215217e-04
2.834321633285257457e-04
2.731042679183674836e-04
6.047082300075407079e-04
8.087816350419758807e-04
3.999858891444629718e-04
4.598834724634079840e-04
1.364559665503162125e-03
2.086821209267209452e-03
1.676310943236485095e-03
1.912213543856958230e-03
1.949740784420215351e-03
5.548893445727846180e-04
1.338389756837894055e-04
1.777229650316750444e-04
4.147032294016672485e-04
3.056539959114685503e-04
1.488424142698166073e-04
1.505850231072545088e-04
2.293562099038873531e-04
2.498602966555130036e-04
6.165281566418801071e-04
5.388064330465536581e-04
1.886802130075383005e-04
5.681803717942938634e-04
2.652098349572114180e-03
9.394984589746837624e-04
2.274474373161027160e-04
1.780818940173628170e-04
8.447843815777705552e-05
3.408163925946422587e-05
6.193919151124104700e-05
1.568386724562921119e-04
8.981320211089906399e-05
3.432870214028127444e-05
3.623635998723414431e-05
2.210185864710290115e-04
2.053833206584183921e-03
4.217668486537756202e-03
7.149478091589927392e-03
3.460840330545772794e-03
7.961890531473729939e-04
1.742464081021954546e-03
2.106313027326881492e-03
4.487898822344843898e-05
1.485453154639227929e-06
2.222559237822059401e-06
8.852112026558689933e-06
1.923150657974930891e-05
4.140496931134359822e-05
3.108133754005817619e-05
6.212980383744920741e-06
3.314404678692989214e-06
1.128690579192586358e-05
