1.101079820560673045e-03
9.011710600084621567e-04
1.043401063726810078e-03
1.266421350969432333e-03
1.083949760678124289e-03
8.616544402503533177e-04
5.450232784491077951e-04
7.241599475889726103e-04
1.396819082613675982e-03
1.348693675133292571e-03
1.157723187579431197e-03
4.601744994707721308e-04
2.717808980674801399e-04
1.038201978975147356e-03
1.534693828407957417e-03
8.251043034654563296e-04
1.618799721637746063e-03
4.820087039309276780e-04
1.311399111643251486e-03
6.544973752700264033e-04
1.091621254253564901e-03
1.907361878721310338e-03
1.210559289645839805e-03
6.777637283816808798e-04
5.350170938895595831e-04
1.073363851593037762e-03
1.520431776339215392e-03
6.380768354168619982e-04
5.702145914379146878e-04
6.965771948483088019e-04
6.764400417785999429e-04
1.099317270832755140e-03
8.677327950806188210e-04
5.135414193826361032e-04
1.000718198510794441e-03
6.761935969824941009e-04
7.959644127564004809e-04
9.733808914861885077e-04
1.212872832975421750e-03
1.019870908202696836e-03
7.242214986820501256e-04
7.287745630840966691e-04
6.770966844378459954e-04
9.688085698714408740e-04
1.442485282796415920e-03
1.472902920105292847e-03
2.181235050870532731e-03
1.627343889839921211e-03
6.137310222468083006e-04
5.504299490213065927e-04
7.607468427022138612e-04
6.980439959399410569e-04
7.516027766576896356e-04
1.327351089260427226e-03
2.883841080509804713e-04
2.386923999028228629e-03
4.028431304703842739e-03
3.054395469173628013e-03
2.611692332766134186e-03
2.193232450641505269e-03
1.243319585563861396e-03
8.217990210902438196e-04
7.344114192222876616e-04
1.069065189777163071e-03
2.130489008595270496e-03
2.206458203978801415e-03
1.285157909405958403e-03
8.548693734582086569e-04
1.025936093926465426e-03
1.249118568799394971e-03
9.391481016711398242e-04
1.181458639710408157e-03
2.774306857308742697e-04
3.070439206338869929e-03
6.515169989093764699e-03
8.981530547227027303e-03
8.836802970599197740e-03
4.692268599181496393e-03
2.639519777548604822e-03
1.941108145904913568e-03
1.520845172845225381e-03
1.333781030298840072e-03
9.146537538252184733e-04
1.229757765241923373e-03
2.887426240640312159e-03
1.414892784238538969e-03
4.189016618294956733e-04
5.130912222321721422e-04
9.779070741911287997e-04
7.009415214024261815e-04
1.004763976689091462e-03
2.118022870333295671e-03
4.038974373905635483e-03
1.069914270750113756e-02
1.421466676862000005e-02
9.292083673800004967e-03
6.505186472211700772e-03
3.835695200673465335e-03
3.753877854633620031e-03
4.715765184958018753e-03
1.107970798625656063e-03
5.627769398009258494e-04
2.364188768495673922e-03
2.176103033465855065e-03
4.444858306571081987e-04
3.962771665597587703e-04
1.107678472769948802e-03
3.625097030783230000e-04
1.236723107330900146e-03
1.083578099192746653e-03
3.251275257231662271e-03
1.214870641876048159e-02
1.304084909560738852e-02
7.727175690810664938e-03
4.214389134048146524e-03
1.251036728133043952e-03
1.626185092125624013e-03
8.498211007557075064e-03
2.762538488999200653e-03
5.322255558069240253e-04
2.054698490422500988e-03
7.092986670979367463e-03
2.828405252944232381e-03
1.053110792603844433e-03
1.751658907321832154e-03
6.392370305055375141e-04
5.249742834685657781e-04
5.610253696134061144e-04
1.663378809095793914e-03
6.595871197934250266e-03
6.183301293649683117e-03
2.408992734617422873e-03
1.437777858839536923e-03
6.152718330575664227e-04
7.399371718051618672e-04
4.569725522036989333e-03
2.591045796087342902e-03
4.830923632404614883e-04
1.420535519514958510e-03
8.717464810470804473e-03
5.485219216289642825e-03
8.187599095398051920e-04
8.766870721783649734e-04
9.903333981092154407e-04
7.130849455584707198e-04
5.965683249229224551e-04
4.824490670482001913e-04
1.630204905209288284e-03
3.324235368761491432e-03
1.659587269485389861e-03
1.991770518464464849e-03
2.070013909968540511e-03
9.999392359827190789e-04
1.523831253919599553e-03
1.526705625123948428e-03
7.678575766945048035e-04
1.125816490412598955e-03
4.282685539808268015e-03
6.807410602008854075e-03
9.954764062721206761e-04
4.311855546032002779e-04
5.605490190909730814e-04
9.296794465143613882e-04
6.528318728784365073e-04
4.751546909948851016e-04
1.041505571502788965e-03
2.308406069754026600e-03
1.471052064996836726e-03
2.371790134428586674e-03
3.002339297877209146e-03
8.225849822601772861e-04
6.536766060259369604e-04
1.544496582486572017e-03
2.292908477535402466e-03
1.225722534961989039e-03
1.849713051495393895e-03
1.052379239276662534e-02
3.570327702888839456e-03
7.114888329986238840e-04
7.042941352817835539e-04
7.266692311714150095e-04
5.510719278882042970e-04
2.155616584136098822e-03
1.791878745556578284e-03
1.169536049592927087e-03
7.759251878322370776e-04
8.623932503618543305e-04
7.858933867802074362e-04
4.629013629940395493e-04
5.756732950430163472e-04
1.249323927989177572e-03
2.219686847577767314e-03
8.341679333661422124e-04
6.211674328303029005e-04
4.333224310942846227e-03
3.078143718845112540e-03
6.794951363064146268e-04
6.928847628589197534e-04
9.562616077858432720e-04
6.867081372800399415e-04
9.775578042889582556e-03
3.332635848753323724e-03
1.161697471477904191e-03
1.139283415678684231e-03
5.995078464067533789e-04
3.376586478308993972e-04
5.921220152929964091e-04
1.127742669564393233e-03
1.443660711260657398e-03
2.940009896247883139e-03
1.882633400953520695e-03
1.115184700942432319e-03
4.451162843585282185e-03
3.517353015145564029e-03
5.980651922725156722e-04
3.038047570614784689e-04
7.211517648379304644e-04
1.042770474337438406e-03
2.229550401921054706e-02
7.100144445904877331e-03
3.187152123954293832e-03
2.866573651380017497e-03
6.636306240527763741e-04
3.239086123181684216e-04
8.271654753264368878e-04
1.618147881284690958e-03
2.840269629650342149e-03
8.995867577905700130e-03
6.359491053764898018e-03
3.908187980690896145e-03
1.702050597418309011e-02
1.212961713867173087e-02
9.406329283581687161e-04
3.893928779201516303e-04
3.527550206645321579e-04
1.172907787111400089e-03
1.808720824230912114e-02
5.684385291570644497e-03
2.723015755732639733e-03
1.638412694159249727e-03
4.557436634386936207e-04
5.399855343144969316e-04
1.197830532518436020e-03
1.254811676807197299e-03
2.689265650725088108e-03
6.699243834005253438e-03
2.072893710738970847e-03
1.444077288868006546e-03
1.176225790082724605e-02
7.512920176451364992e-03
4.294923091532775361e-04
6.802577193162319879e-04
4.358008284368313097e-04
8.366956501406269198e-04
4.621110376048465258e-03
1.270276068283662666e-03
1.038904157446480115e-03
1.213755145951007745e-03
8.932298074587716619e-04
2.147398321874110713e-03
2.717041761828254461e-03
1.234437826519562548e-03
2.000693607399334824e-03
2.703690383722592676e-03
5.296558957198986128e-04
6.271673042527098124e-04
6.612887487071509446e-03
2.815756805122273526e-03
1.781932094945835930e-04
6.238264831282333426e-04
5.676044203141241990e-04
5.635913652422410791e-04
1.300951692344492778e-03
4.872488101700608344e-04
1.359185928269732516e-03
4.607813107980729059e-03
3.777011925290091766e-03
3.790533521374843048e-03
2.080342164344962767e-03
1.108729857686721479e-03
2.555492754091709135e-03
2.574181560697264698e-03
6.966870051204388826e-04
1.816444617408236907e-03
1.088217919355100385e-02
2.507948770591249526e-03
3.269812499059125926e-04
6.402599406345868332e-04
2.883047569782818385e-04
5.388968388748022762e-04
1.166546628741626113e-03
6.306647773383128232e-04
2.461486203628166121e-03
9.308840933893381547e-03
5.603946347795439424e-03
2.210253589739446210e-03
8.397495257099498421e-04
9.254248884679859176e-04
2.931397039817518722e-03
1.886610916807881068e-03
8.371944601298303770e-04
3.951543862098721473e-03
7.715774930789768074e-03
1.109482121709812544e-03
6.755521930805281818e-04
7.948717240947678151e-04
1.658400727569554604e-04
4.550958885813536584e-04
1.898864944991980825e-03
1.710949306384971233e-03
3.344991443895437185e-03
6.812604308070776236e-03
5.455703704830710404e-03
3.016226018520154484e-03
1.615444896315297108e-03
1.772648676597289846e-03
2.201198703992279532e-03
8.205532486856799207e-04
8.546850774274684015e-04
6.085953852452054107e-03
4.881498656781249786e-03
6.161172830016935957e-04
9.993729471877293991e-04
8.581953710723463176e-04
2.581759687627616074e-04
3.153344924740487509e-04
2.592571794280826552e-03
5.035321956682666834e-03
6.108242090195333679e-03
7.010362411603142212e-03
6.778886041342955561e-03
6.724034507477032012e-03
6.233249534653925034e-03
3.948482415277478758e-03
1.350256195869774809e-03
6.158445077854722473e-04
1.828575632102633942e-03
8.401861118127157413e-03
3.331288507218928274e-03
5.731182573513708559e-04
7.564141893755024337e-04
4.669821133426593773e-04
4.976269572727364844e-04
3.118009078380729352e-04
3.165924990972169423e-03
8.779365171768908904e-03
8.831602809441316954e-03
6.881438310744119810e-03
5.354108699279160402e-03
5.586095954078094429e-03
5.401247168857536973e-03
2.358572410098035577e-03
7.966902280005354071e-04
1.028243376979726164e-03
3.369587680276361994e-03
2.701839664100107955e-03
6.405107886187600894e-04
3.255065332125912513e-04
3.761565916733083785e-04
2.974920393958997949e-04
5.009424632847931129e-04
4.262286474035422465e-04
4.297842586918242808e-03
1.037063325713677778e-02
8.167106161754426191e-03
5.176556789316331605e-03
3.795277697510470068e-03
2.680226484944458684e-03
1.171813840197345573e-03
6.381817338400342385e-04
1.124482140938982055e-03
3.713917468724253160e-03
3.430120696712533196e-03
5.405666901610843436e-04
1.948092892477928972e-04
3.510401161913245197e-04
4.326720674407601099e-04
4.777712866260177237e-04
3.637802808554667757e-04
6.463827662233826267e-04
4.031974303491293529e-03
4.718062031513936723e-03
3.245014615313532389e-03
2.971370414327650835e-03
3.154817372979201208e-03
1.437186719539642948e-03
3.013358198036957003e-04
3.700557156024967403e-04
3.247313903944616578e-03
7.636961144026295500e-03
1.467869645847188565e-03
2.382347099943141373e-04
2.494150902666505553e-04
4.908431943928601290e-04
3.888446783509358676e-04
4.289762308040081964e-04
2.898375403153187284e-04
7.707499353580945156e-04
1.875143350162243507e-03
8.437491404875776006e-04
5.803423527095886080e-04
8.172705213237851799e-04
1.115804284469502396e-03
6.189517610025559646e-04
2.231474354607003593e-04
4.748571372836991899e-04
2.800674906690749349e-03
2.072739369341430361e-03
3.443325347875269074e-04
2.134688309298866612e-04
4.092333027684167323e-04
3.818310820627836624e-04
2.299683257165060851e-04
3.037093093929759628e-04
2.865002810373188757e-04
5.148023995471985711e-04
7.182387791143583734e-04
3.340436489238685926e-04
2.871637865806467012e-04
3.812998115407438223e-04
4.702294266909291852e-04
5.278948634782694611e-04
5.872619741079652435e-04
8.554538471299854598e-04
9.078049887768848162e-04
4.185947107619664240e-04
2.274565604115807874e-04
3.231796326559350629e-04
4.606718846492320781e-04
3.381094156912079212e-04
3.004695808899129255e-04
4.834293752644777589e-04
3.372835689819264778e-04
3.326359471553172464e-04
4.523912600106117952e-04
4.921812594870716507e-04
6.373407006648089618e-04
7.447049483845884221e-04
5.795195963088637433e-04
4.113394567230512920e-04
4.076090363452801045e-04
4.380411148316881742e-04
3.360586064802227862e-04
3.225811093767711564e-04
4.133764479389535830e-04
3.660977320817614925e-04
2.935834240657759142e-04
3.374593801291584792e-04
4.028140743673784487e-04
3.576278437815584143e-04
