1.045832191595735599e-03
4.164092380115160582e-04
7.977150138531941470e-04
9.993789701302159458e-04
4.485145876112756730e-04
4.715874733999283444e-04
7.146225705220536888e-04
4.740882302199516687e-04
5.655832178522908222e-04
8.858008638648129721e-04
5.802574344313659194e-04
4.520536645561462272e-04
6.818431621383017104e-04
1.043298068432193301e-03
8.650920860080042437e-04
3.606394880793094997e-04
4.832220235971210046e-04
6.931804091815958876e-04
1.173389960974261913e-03
8.555162561892973826e-04
1.284839950740709761e-03
1.470410866783835582e-03
6.934360702748642354e-04
6.763767538593363007e-04
7.069941475257279220e-04
4.766714228741661483e-04
1.019502031120121275e-03
1.780825188999536277e-03
4.953832990915986662e-04
1.467475726332421169e-04
2.569273128047352408e-04
7.237359885414627533e-04
5.732230024493210029e-04
3.661090291645193655e-04
1.260023319353195887e-03
1.542626059341874580e-03
3.141717458151336889e-04
5.894360479866125532e-04
6.998229122408485166e-04
9.153645522637877605e-04
7.477972829917634012e-04
5.963761933254045373e-04
4.896108494139828592e-04
5.186659850407059806e-04
1.276941846439985130e-03
3.488523225553049213e-03
3.956348795141495338e-03
2.033620063414563837e-03
1.533479242344694578e-03
1.640113989804719858e-03
7.646840973856725097e-04
3.528715048581216067e-04
6.506082924007651697e-04
1.090651213624138334e-03
3.945252976079243693e-04
7.642268222791997112e-04
9.183666630513757359e-04
1.145096840135236948e-03
1.043680368092037925e-03
7.101134540832056705e-04
7.942664652740496090e-04
1.137773385408366589e-03
8.677577021748509581e-04
1.007950285311243243e-03
2.470006953422762032e-03
2.516068692084046533e-03
1.481488430120540085e-03
1.283225818455913970e-03
1.124929850277796295e-03
8.656525153093884341e-04
6.460463307198284228e-04
7.212196652480597041e-04
1.004942200349665232e-03
1.833605927822062323e-03
3.002698664906655168e-03
3.303762492311953375e-03
3.820111334053587476e-03
2.872502177319660125e-03
2.248046836611550942e-03
1.956840474474416842e-03
7.526038101274202434e-04
4.547327182614863757e-04
7.111360507309755349e-04
1.097749535031247465e-03
1.598405272518610984e-03
1.369803805889475328e-03
8.910421289106995905e-04
9.771488728467525066e-04
9.284087774895054268e-04
9.117195118379718168e-04
4.967920196739591000e-04
1.965560346177591677e-03
4.351307272953281943e-03
3.236440826262247140e-03
5.611829521244802998e-03
7.487564373382117264e-03
3.694986059225918371e-03
2.013137463312103873e-03
1.396884982526686025e-03
1.037412554281905890e-03
5.508628466325184853e-04
7.759587678497002587e-04
4.370832434990336128e-03
4.586507776525905293e-03
7.756982338722876510e-04
3.987371599898199229e-04
7.241575650365952160e-04
1.000004962869203290e-03
3.307178456006212202e-04
1.288162312475250133e-03
3.750813129072156152e-03
2.534369181538619065e-03
3.510785172501596982e-03
4.904515460521380495e-03
2.717296779903512986e-03
1.910790454821686924e-03
2.849142839321923415e-03
2.934671919902419237e-03
6.642262510369436939e-04
4.288849163707628902e-04
3.769403657277474798e-03
9.083919007205114304e-03
1.063713622945544309e-03
1.919436460440200674e-04
3.095779881123211937e-04
4.914380435214576711e-04
5.970403593242938059e-04
5.637208819016917326e-04
2.805607424764574968e-03
4.939810108284327893e-03
4.609985298376639840e-03
2.885466911409552589e-03
1.310157905461664576e-03
1.018774493509553821e-03
2.006398610625508439e-03
3.332178655312694176e-03
1.050245347516795503e-03
4.016067155913576980e-04
1.644236677299476144e-03
6.124414099716942068e-03
1.667691893654112958e-03
2.954289192211389083e-04
3.092585162063739507e-04
3.646252589568316042e-04
5.623116436976040257e-04
2.711738613354987889e-04
1.925086934723587058e-03
7.328282951599371549e-03
7.562250383275857628e-03
3.702753656750391951e-03
1.205132615639943573e-03
6.781305524489580948e-04
1.100531418424474835e-03
1.831862455527671213e-03
1.063780003664308938e-03
5.835245052647437597e-04
1.193799342458884329e-03
4.035042242534868893e-03
3.530151373526782890e-03
1.278199705736369780e-03
8.762423131637069387e-04
5.430764927183461335e-04
5.795817508848803354e-04
4.248210148033513926e-04
2.289803755953983416e-03
5.401760052743224093e-03
5.244812791249103302e-03
3.414303856276402257e-03
1.624588703668734119e-03
1.361728376497342184e-03
2.126047738516294392e-03
1.846640892359776003e-03
9.025222324377413664e-04
6.789676748530809082e-04
9.343499025613658231e-04
2.903018494339793757e-03
6.598812629111530138e-03
3.090220675164481040e-03
1.095776258325582625e-03
3.953097484504223993e-04
6.992886667909065102e-04
7.431100884170659376e-04
4.200245565597769161e-03
4.417332968147315297e-03
2.777061945125647822e-03
1.756890229361881802e-03
1.183118492121298720e-03
1.429772925395673662e-03
2.148271525482424709e-03
1.776417267817202847e-03
9.829291835851436225e-04
6.925819406351907794e-04
5.153228641038329989e-04
1.244976820757954508e-03
4.978051866360271548e-03
2.573641853757542737e-03
6.566087460481559099e-04
1.787242646893797402e-04
4.739963663361638981e-04
1.328232049793005810e-03
2.199480991323439494e-02
1.081617732370894307e-02
5.477159699905816137e-03
4.052312077630622171e-03
1.656429742730275347e-03
8.189813969079322862e-04
7.783165168844084639e-04
1.324204708470299837e-03
1.580828202136465386e-03
1.000014231452924776e-03
4.958383651821945612e-04
1.040581962350469337e-03
5.388247131793021463e-03
3.345838257393627529e-03
8.338963163425431842e-04
2.285667344311385245e-04
3.741585141556850731e-04
2.993349577148021832e-03
8.989321817501198797e-02
1.764801625977866981e-02
1.104520150867558878e-02
1.147672162849964865e-02
2.077396110246360235e-03
7.166833003023729979e-04
1.030324638342308479e-03
3.108772556137501166e-03
4.553956730207990057e-03
1.911276732776484620e-03
7.034094017180704842e-04
1.676347178175307531e-03
1.174950935848522414e-02
6.891513312896356547e-03
1.054036674963474600e-03
5.214506309835497148e-04
4.928838529627066001e-04
2.343404497453006625e-03
3.812256801806974960e-02
7.741849023860392261e-03
6.788995205535567658e-03
3.318432841942958560e-03
2.708383813290350509e-04
3.321679447313172846e-04
1.670401563004045038e-03
3.308220716663316970e-03
3.512872853838956786e-03
1.565613438430034018e-03
4.519542086927589458e-04
9.905017664272482408e-04
1.086324860023131327e-02
6.404465874025503692e-03
3.846844390908509643e-04
4.415266651188939082e-04
4.466760227642268817e-04
6.223448744459744416e-04
6.636214099391448719e-03
4.782542271263602596e-03
4.996706980467533615e-03
8.556987738317160504e-04
7.581136571552700442e-05
4.042984346059083742e-04
2.057684202977434502e-03
8.218082842088097421e-04
7.728642111224243985e-04
9.390800401148030954e-04
3.231896307957249381e-04
5.546724872263036595e-04
6.465753902450016057e-03
3.910198560107254126e-03
1.586487168089097035e-04
4.158928851470339652e-04
2.565583473826761108e-04
2.409001005745136975e-04
2.161881463291353243e-03
3.227046477655059510e-03
4.308460558211965434e-03
1.382690495909345710e-03
4.109898828139563285e-04
2.886557771789939348e-03
5.422804474979438412e-03
8.343272213954894484e-04
8.031691693610687422e-04
1.258188249728517958e-03
5.933310244505790414e-04
1.390814724481126982e-03
7.938634058823612616e-03
2.667300624580132892e-03
1.864607928001479594e-04
7.370553360816117826e-04
2.784592875535037929e-04
4.347199713947073169e-04
1.757621650843489789e-03
1.737204931480730661e-03
3.614323336954443529e-03
4.220002173785289586e-03
1.856710163149240559e-03
3.846791836825970510e-03
5.608377886764049670e-03
2.803127517603627369e-03
2.487168701900901654e-03
1.035972942538382867e-03
6.433102696847276935e-04
3.961975247925636143e-03
7.479276538241270977e-03
1.124590872332581135e-03
2.021368453475632754e-04
3.766764864204121379e-04
3.528146136096529028e-04
1.000319068951316176e-03
1.861743689012102269e-03
1.597037669601485523e-03
3.977704377208458354e-03
5.343471079582089861e-03
1.478406142371730542e-03
9.440552008098492855e-04
1.754676733484489661e-03
3.571344479513865414e-03
2.879143047712385065e-03
5.002785755109387606e-04
5.927900155668439780e-04
6.287719208376093064e-03
3.896745819699586055e-03
4.814848598856796011e-04
2.445651826880438653e-04
1.942204698832072885e-04
2.659842262193833204e-04
5.166913682978761411e-04
8.155823911857361733e-04
1.845319889047236433e-03
4.899843720719808567e-03
4.408850724536087992e-03
1.905053875295870374e-03
1.506400429599286453e-03
1.692701165362925841e-03
1.641677647001817814e-03
1.265898256170939823e-03
7.841728126811313470e-04
2.499406491577425057e-03
1.198736115712378120e-02
2.624541799071559555e-03
3.767353296650123064e-04
4.032110149519775350e-04
5.747589019434240021e-04
3.251636809611688586e-04
3.482463214757699132e-04
4.848950025913895037e-04
2.440139650071905617e-03
6.222882488139539967e-03
4.723128652633856728e-03
4.368348367559732846e-03
5.466316133611314430e-03
2.480918974215823823e-03
5.431246350094695672e-04
5.364644781464632381e-04
2.338837592549103395e-03
8.905637731841989022e-03
8.138198955569471774e-03
1.378799611592692502e-03
3.034984747920296128e-04
3.165469000647396056e-04
1.029817196164543088e-03
4.837055216470016543e-04
9.596176128489170790e-04
1.131186918607312349e-03
3.536764770634097301e-03
4.725541267223448867e-03
2.986379545507647244e-03
2.372820422754242948e-03
1.989469979882835683e-03
9.962383668734352618e-04
3.876441544210231459e-04
7.970704825896523594e-04
5.153689948248771531e-03
6.648388854657678697e-03
1.929821827839455590e-03
7.893360103773320972e-04
4.222159914495949846e-04
2.667541337000140737e-04
4.270344356352582995e-04
2.916147683527546748e-04
9.348326442933846186e-04
1.389180371845439915e-03
2.296201044846491856e-03
1.395431470564487695e-03
7.461645002507016552e-04
4.645841432500212565e-04
3.411793419591266450e-04
6.611869265914082239e-04
1.763386729091785243e-03
4.056967854971877882e-03
6.177243469180367964e-03
2.570769373427333419e-03
7.683276800978476855e-04
6.974674907919907159e-04
6.712964121263490435e-04
4.098272774043851393e-04
2.903246007484609130e-04
2.038734567345478106e-04
3.101545352823205696e-04
6.714968686756765800e-04
9.398167434430428069e-04
3.473383884181975492e-04
1.974330051552523424e-04
2.316740854797318995e-04
3.723320655326957645e-04
1.747624233481621546e-03
6.600806012847285596e-03
4.282602392551461759e-03
1.301287173440189007e-03
6.007013600696502371e-04
4.715949045244334200e-04
4.795048984669235360e-04
3.882029960217408680e-04
3.421449635863153490e-04
3.358820592744083734e-04
4.860103245626326194e-04
5.001886182811454001e-04
1.312026138283247474e-03
1.122470007453516298e-03
2.757796827358717203e-04
2.104574103728487340e-04
4.765751593353408978e-04
7.994346017440380784e-04
1.349152045937474474e-03
1.406660267713295658e-03
4.273904263399712876e-04
1.511344605008886491e-04
1.898725934858157499e-04
3.624893629748962521e-04
3.996310807952058760e-04
2.840580045778249457e-04
2.663788253579410666e-04
2.502219478290593950e-04
3.259522406373334771e-04
5.468826545189840955e-04
2.082257040767942092e-03
1.391584697961378760e-03
4.588654693545112895e-04
5.213703646099634818e-04
7.313820659564182090e-04
3.821933551388243455e-04
2.140131109528819857e-04
2.168836123547890175e-04
2.330775625893606411e-04
2.729822345760612220e-04
3.388655183244032977e-04
3.200673001373021071e-04
2.391427112686426927e-04
2.223637846275038641e-04
3.324727336065016071e-04
2.987508768521461469e-04
