1.117734705794875020e-03
1.615690343142281871e-03
9.440920209253692930e-04
1.097931773760312674e-03
1.441395793901224538e-03
1.183914244408287332e-03
1.453328364289992311e-03
1.385537841029426060e-03
1.029975996571843959e-03
1.808152762766313806e-03
2.645385529954963691e-03
1.645178886348673888e-03
1.305000002180933556e-03
9.302048781462293574e-04
5.740323547761694159e-04
1.062444826334825281e-03
2.003448062024024492e-03
1.116498720417317654e-03
1.248654454565646058e-03
8.234662834278726629e-04
1.120671571120052242e-03
1.448461072195206473e-03
1.440305425746842959e-03
9.748914036318147942e-04
1.241290420742773449e-03
2.435965870511237752e-03
2.587355528818982477e-03
2.507756556652050717e-03
2.135255026832807643e-03
1.005317157683189785e-03
8.827040409354181385e-04
1.120658007053262559e-03
7.915541239164845810e-04
1.110925931822087176e-03
1.742296381388765136e-03
1.649022629503601577e-03
8.246191251782026155e-04
1.185224605531048176e-03
1.979175321057050421e-03
1.539961036246911786e-03
1.064060667599831455e-03
7.506322324044926693e-04
9.815742403136622305e-04
1.750272077181341378e-03
1.046509148561963667e-03
8.056139344018522792e-04
1.638307785617670615e-03
1.158332450880565287e-03
7.833382173282109426e-04
1.496305357267621811e-03
1.732920888541362439e-03
1.635428086719742900e-03
1.144705212496314800e-03
1.096937886576921555e-03
1.131180946946107541e-03
2.172112201237000068e-03
1.627505972663550191e-03
1.245740705711548615e-03
1.470597679548209073e-03
1.188226522292491934e-03
1.119031293920239424e-03
1.802624201952647163e-03
1.083155803213800734e-03
8.565697655073588410e-04
2.497015106209110082e-03
1.919664862695522837e-03
7.145265944585202193e-04
7.598679460989825850e-04
1.008806221202843047e-03
1.416758959319535651e-03
1.190707833499696612e-03
1.261490148794486375e-03
1.127589957174057701e-03
1.907111878877918972e-03
8.679544457291128983e-04
7.882825140535262669e-04
1.068751156616607433e-03
7.923846157693311765e-04
6.283622169813991420e-04
1.313494172692901765e-03
1.829296688117190185e-03
1.411880613680565905e-03
1.505665684098670505e-03
1.150782220276518313e-03
8.543290757479041772e-04
6.496884205096023360e-04
5.452778955197034672e-04
1.044560619757395293e-03
1.264164472128262180e-03
9.753995244843830653e-04
1.104545220737003942e-03
1.646623494558563643e-03
9.584186000451200890e-04
9.253961676368891668e-04
6.234708969802091761e-04
4.630401237070942222e-04
5.002948462002303068e-04
6.019049426195112028e-04
8.727263319805033011e-04
1.100129646066964504e-03
8.214274499728660504e-04
7.898376754929721522e-04
1.858684889040551451e-03
1.771231352103894933e-03
8.399303323452338155e-04
1.350316392769293061e-03
1.810599130419266291e-03
7.730967848426376294e-04
1.239054062284312106e-03
1.185861298844460105e-03
9.299353164730221654e-04
1.618058847834508672e-03
7.970170356927766585e-04
5.756700201751389261e-04
1.024546389519695238e-03
7.052580724291415172e-04
6.093765544544353955e-04
1.565752406862712257e-03
1.893412946930116700e-03
1.144166292789746287e-03
2.045231592244357941e-03
2.967904440043805155e-03
1.522189302368000176e-03
1.639199356482621888e-03
2.476707113897160233e-03
1.028542899837238704e-03
1.375233284909633874e-03
1.096578450141606461e-03
7.293280360616839200e-04
2.078911937207420738e-03
1.228385108165421522e-03
5.281327238380406717e-04
8.831867613932257001e-04
9.868728848981339011e-04
9.446302256352844505e-04
2.257346040765088272e-03
3.474009531574367982e-03
1.306898482875549572e-03
9.914587408455734392e-04
2.451053968201906148e-03
1.974728969272841490e-03
9.091528670233966396e-04
1.417702631457662919e-03
1.185750207406780074e-03
1.491871075499702493e-03
1.381935997416315490e-03
1.078795088573594437e-03
2.734735595497501427e-03
1.817117294109817484e-03
5.812351622587075967e-04
5.282932002729532695e-04
7.580144890325571762e-04
8.750480474122774611e-04
1.019471638381222109e-03
1.576935887659287232e-03
9.708850640567552332e-04
6.436795758307326800e-04
2.789666391764451716e-03
4.495179159103242922e-03
1.043514115589195710e-03
1.255437098106693431e-03
1.724330420452370016e-03
1.223199940116355107e-03
7.664620377421703726e-04
2.567179312872012748e-03
5.206226819489189611e-03
2.100289083720294561e-03
9.057128044725260615e-04
6.887270506586149789e-04
5.286296819137065693e-04
4.725831536845798175e-04
4.497095179913755550e-04
7.466777777207564545e-04
7.658852906443717459e-04
5.109009336889179607e-04
1.906616277658233945e-03
5.454283074607595150e-03
1.974756861858033112e-03
2.235835411303832825e-03
2.509133445384221454e-03
1.223803276508479178e-03
5.352031910990335617e-04
1.129196097796669913e-02
1.151362818865188375e-02
1.272474737696617335e-03
6.735093194857884975e-04
8.735009066626456048e-04
4.807178408155537638e-04
3.896686491319329630e-04
5.630414260220561930e-04
9.143102520505623802e-04
1.109964386358712344e-03
7.704757048888196888e-04
9.456963348928099826e-04
1.661207464085166395e-03
1.275433164555915631e-03
1.533065992366990354e-03
1.283374864309081223e-03
1.470317988031470723e-03
1.303071336656047704e-03
5.113149159882605238e-02
1.881899353312328771e-02
1.289894052820670777e-03
8.194448100298833484e-04
1.213812528340121964e-03
5.768939127376354527e-04
4.462226795490851052e-04
6.847613946881505285e-04
7.641648689802956092e-04
1.150045626010011120e-03
1.396395074111197792e-03
9.127634052061958832e-04
1.166255018998449237e-03
1.748921245082648039e-03
1.356076358693624395e-03
9.110667024193726477e-04
1.466712953892138462e-03
5.272704555079141091e-03
1.249392214064078688e-01
2.628778585273695845e-02
2.989402462118808876e-03
2.044759163435345712e-03
1.872376630036055260e-03
6.104844080373961939e-04
3.161327679889298849e-04
3.555352643675122330e-04
3.310656793977440255e-04
5.636880689786095142e-04
1.074022377337907879e-03
9.851732359783202126e-04
1.897247003660670851e-03
4.387775466230991323e-03
2.289248354459840623e-03
1.297399410214513044e-03
1.232944951049459162e-03
6.762601450096752433e-03
9.373400457263705854e-02
2.886750046612574991e-02
3.544797576548533880e-03
1.367710085730426076e-03
1.159991935251509024e-03
5.691657165442009841e-04
2.835996592312149114e-04
3.311502037583071551e-04
5.497219497017722788e-04
8.671998762459270840e-04
1.010202049533584457e-03
1.045609653616954259e-03
1.418015928449461527e-03
1.623336530598871227e-03
1.292453246185185783e-03
8.406595543806877346e-04
1.175135200978970123e-03
1.727572306083111466e-03
1.670545778489950992e-02
2.636168147794892488e-02
5.439787289317651181e-03
9.894682165779741627e-04
6.620668841203329342e-04
6.241877360864065685e-04
4.252851679443702348e-04
4.863811021483266665e-04
1.232813401495655870e-03
1.368785009629338960e-03
6.677423026946252560e-04
9.708698528707268051e-04
1.293492127925155314e-03
5.646859632576730530e-04
7.749908333547428840e-04
6.166532360322682675e-04
1.482832482025772279e-03
7.731223815601103323e-04
2.797181593037741023e-03
1.363026409096803129e-02
1.037144881884272292e-02
1.799277879835360985e-03
5.768390180140374164e-04
5.444493445662644277e-04
4.569657813534508395e-04
3.832236033615381136e-04
7.626966680228086095e-04
6.411197791246355752e-04
2.663989277383843179e-04
9.734699571924085868e-04
3.396668467430806557e-03
9.569642322128289703e-04
9.324920037252784838e-04
9.056195341388937909e-04
1.127735912531262295e-03
1.495048971097575740e-03
1.359777621210054048e-03
2.420715347887085391e-03
2.576309131114223796e-03
8.972326769084154737e-04
3.519538893344047940e-04
3.774404204938644372e-04
4.558940273959654699e-04
4.446922810052733079e-04
6.989798103913500175e-04
6.662945422610331691e-04
4.421683953610111811e-04
1.680519806618933866e-03
5.578876395033930020e-03
1.330230820491774954e-03
8.261937055280367320e-04
1.131586797301914991e-03
5.495721313435417447e-04
2.046541241770062983e-03
1.347252459072474868e-03
9.973306743186246409e-04
7.208656691197623144e-04
4.671969727571944741e-04
3.794624807156199865e-04
3.806814224376481857e-04
4.749585151057630992e-04
5.821226151407440279e-04
6.343806079691761230e-04
6.963608592708359427e-04
8.657239749415054485e-04
1.604202160384892968e-03
2.196760921328527651e-03
8.990788821307848545e-04
7.987795121554652853e-04
1.267694581328682440e-03
5.584324057881892740e-04
9.344577695618466219e-04
1.037687015795508375e-03
1.501218526665302859e-03
1.295514733764487102e-03
8.758644358519564839e-04
7.104762215196949813e-04
6.572137817524577146e-04
1.070287117725341255e-03
1.168900748169182484e-03
5.223908936517398117e-04
4.724899712531127486e-04
9.537159483531378263e-04
1.220537985627275597e-03
1.014825650323792662e-03
7.700983113809713393e-04
8.555249114221876979e-04
1.019959278115135926e-03
1.031031202933246340e-03
6.597572974093547041e-04
7.564688626659065319e-04
1.086290116902471599e-03
1.051168378496783072e-03
7.308151767034876730e-04
6.210974230927971589e-04
1.179603499997517986e-03
3.601826035910703043e-03
2.878342119257612346e-03
9.645889674436106294e-04
1.183924088780332956e-03
2.389463180630671535e-03
1.967807017554606876e-03
1.245846491960573730e-03
9.393084598434171687e-04
8.444130184592768800e-04
7.797724755729269330e-04
9.743380809092692420e-04
1.079145848603148142e-03
1.219106432966681570e-03
7.139768742801341382e-04
5.718773575363288175e-04
6.252942117390751465e-04
7.764166079282040214e-04
1.473026226934736520e-03
1.863721867630163285e-03
9.274265149125461615e-04
9.146134430075821085e-04
2.595886873724917009e-03
2.877519342679249817e-03
1.410263129190826581e-03
1.058839526910869107e-03
8.905304815249211192e-04
9.145274704181565167e-04
8.757862302443947646e-04
7.014602274455263844e-04
1.153543398206969498e-03
1.841673359142269794e-03
1.083150802869630976e-03
9.571873717827879009e-04
1.278105005638651087e-03
1.427971101896148304e-03
1.166767403024740728e-03
6.529877706580759300e-04
6.280951459305158906e-04
1.642682056320373838e-03
2.424461510408087907e-03
9.516973500355046427e-04
6.058030510166320269e-04
8.268963463899636204e-04
7.901005199138223497e-04
9.151574454523785356e-04
8.525625760647933746e-04
9.261868522294693529e-04
7.237377259492864829e-04
1.315129766962845398e-03
1.383389043595669018e-03
1.128075643219769849e-03
1.024127853628290126e-03
9.889502982800462208e-04
9.618166312347208469e-04
1.381804521737768588e-03
4.222059325354536943e-03
7.525815549842126626e-03
2.473557489744049060e-03
6.918559472718760744e-04
8.380601008139730102e-04
1.144564197835269475e-03
8.557816667767081855e-04
9.070673120884237967e-04
8.427595535925546093e-04
9.139212332791405184e-04
7.131627464636196897e-04
2.046715068814471215e-03
3.008359748525671947e-03
1.325147115899411639e-03
7.380839969818842571e-04
9.274920230279230229e-04
1.775709080553032658e-03
2.930790586840438181e-03
3.297117137392623337e-03
2.022875783856253711e-03
8.538404692240907047e-04
6.573109418993099921e-04
9.712440025923815097e-04
9.024218889656331326e-04
7.671098707850445252e-04
9.047345156378271700e-04
8.709754054212937198e-04
8.621435136052546825e-04
8.806308656273100421e-04
2.487772435128527467e-03
3.272631389349696385e-03
1.368354586947171866e-03
6.789314055434444431e-04
6.899965257961683356e-04
1.661543402439432174e-03
2.558967446052694446e-03
1.256511578385116580e-03
7.017081589702139433e-04
8.527521584819912261e-04
1.017971843338088492e-03
8.356444262819537165e-04
7.749368924831342119e-04
9.522066128631012346e-04
8.478191380542467268e-04
8.534230133763220406e-04
