6.294151581952196501e-04
2.414980387066402098e-03
1.621942607760132934e-03
1.896128220899567698e-03
2.076736441988385161e-03
1.216878187187831655e-03
8.536028778484968738e-04
5.686148958375117574e-04
5.854343865232075573e-04
9.092469708062628003e-04
7.502206752539911875e-04
8.742517960495298310e-04
7.653281541015284281e-04
3.226044507575129565e-04
5.990968275687991043e-04
1.118623538622316249e-03
6.434447216907428256e-04
8.295783768925362551e-04
2.185466531729421294e-04
3.574581740559761370e-03
5.273531874583251879e-03
3.587564489218731615e-03
7.629731315073060363e-04
2.830002812660791607e-04
8.656703453525018289e-04
2.416426645884085529e-03
3.252623226866255442e-03
2.057873984480815439e-03
3.997619426656852533e-04
4.316032668442471324e-04
1.606829793455253263e-03
9.058015357630702169e-04
2.966480083188194794e-04
2.427488234804864244e-04
6.192741824714370017e-04
5.041466053786245296e-04
5.801043730152418646e-04
1.307582936200692766e-03
2.508513604215082890e-03
3.296603083554281929e-03
7.513186290119039292e-04
3.548128158778812908e-04
1.050835586802462487e-03
1.428877182211046220e-03
1.715744684292585436e-03
3.553133971741214824e-03
2.302243977143425459e-03
1.806587278411387817e-03
1.755110091342964489e-03
6.233984665634821273e-04
3.647551837479922720e-04
4.687656418996433583e-04
1.551883163940011735e-03
9.066182992492581713e-04
1.655000704414805787e-03
8.590833641411577256e-04
2.845723891743724525e-03
6.446887283137008734e-03
2.422312921769820878e-03
1.652568708198198745e-03
2.327509234220417108e-03
1.140454891103439249e-03
9.072452622883854468e-04
2.628848387403676014e-03
6.294017348171372650e-03
9.149198780398888620e-03
2.646013579825845334e-03
4.191110181340796932e-04
5.053829535505275673e-04
7.933204692535383981e-04
1.130362279178658913e-03
9.058546490806694117e-04
1.995920096788084477e-03
1.497563273427297663e-03
7.300516590037375679e-03
1.148083834117074632e-02
4.949708563082744206e-03
4.670263112055744910e-03
5.061821459432913790e-03
2.897342544390476941e-03
1.773832392784682093e-03
1.056667027768601937e-03
1.385611160066412733e-03
6.412770882653367858e-03
5.041163189463601473e-03
7.286852074935033568e-04
4.551388665512020562e-04
4.503436029908017345e-04
5.563348417799867697e-04
6.375032989394432796e-04
1.202171400975773343e-03
1.270429875879899645e-03
3.670211777639877451e-03
4.631833779215530772e-03
4.042808953647600290e-03
6.691055454551814163e-03
7.229908785964136823e-03
5.811077596160338539e-03
4.421387388452103530e-03
1.079168736956281731e-03
4.115417128306922282e-04
1.601558083490211160e-03
5.062869330388584770e-03
2.328414977895377526e-03
6.540835003171535569e-04
3.304509465618775811e-04
8.314839137859396509e-04
8.325350151451708404e-04
6.087221946782107439e-04
1.142804785507858280e-03
1.866169862435877692e-03
2.549690925237749553e-03
3.271561629428966066e-03
4.828984119042174263e-03
4.147171512313024312e-03
3.711346524613872658e-03
6.218872731232693608e-03
4.574590426665870076e-03
1.608906746669202170e-03
1.736216820966012464e-03
4.871780865574862687e-03
7.024489531017948443e-03
1.754509786196950223e-03
3.842687537106090627e-04
1.001347205235402979e-03
7.878784239141398962e-04
4.333943320771331304e-04
1.323264258643501359e-03
2.548946313988257988e-03
4.435446806607767564e-03
4.402265083578412244e-03
3.228590321384072932e-03
2.039421127728730833e-03
1.902552431001289625e-03
4.523898486513221358e-03
6.362311659160842063e-03
2.852516133343592497e-03
1.632954128230702795e-03
2.377324435497516625e-03
5.202667133278127479e-03
2.685888986430600821e-03
4.645929872594851007e-04
4.925932484119166250e-04
3.954645253432275179e-04
6.716261250333652091e-04
5.824901842780388613e-04
1.202535620095431836e-03
2.563127036372486300e-03
2.922003167162644677e-03
2.007478961746383093e-03
1.118928037828089339e-03
1.069922854848309821e-03
2.214562477188672905e-03
1.721576093822697710e-03
6.097735887420515071e-04
5.301564147541568519e-04
8.618957884847700977e-04
2.442171010049673258e-03
3.863068637473973232e-03
1.066321284957792237e-03
4.742514132824663243e-04
5.956133021124435057e-04
1.334508245482478620e-03
3.907209728897402859e-04
7.729532543567583635e-04
1.120382415704287028e-03
1.464707746400363162e-03
1.113429809825081324e-03
5.649309215232146703e-04
8.024294947348086871e-04
2.601286582701756601e-03
1.848861911817105798e-03
6.079453623063316723e-04
6.516639213165598523e-04
9.436514252307369021e-04
2.294939275641051397e-03
5.524266812654231133e-03
2.028601937800485807e-03
7.139057206999435473e-04
1.614819985930295281e-03
1.143013180804539975e-03
9.958109937444645059e-04
3.316555748113190864e-03
2.356616847557253727e-03
2.316401270487263280e-03
1.104349140327879220e-03
3.565276262734059479e-04
5.387951642640977741e-04
1.936730428373600920e-03
2.097985404890168395e-03
1.190448433341511529e-03
9.888201957516063942e-04
6.615918190369650962e-04
1.083620910409350754e-03
3.007646189147739676e-03
1.690302445497246595e-03
8.041173366404013451e-04
1.250248038120103239e-03
6.255128227712636064e-04
2.434604067295727953e-03
1.991726887278529382e-02
7.304161192986506970e-03
4.157063107791282748e-03
1.472721785125371370e-03
3.736314272703431037e-04
2.895816461223865148e-04
3.882107975381685343e-04
4.775116840550958411e-04
6.782944147274820330e-04
7.868562033666996226e-04
5.155127761880425302e-04
9.301003603408561143e-04
3.078257659073561393e-03
2.506081961237256305e-03
1.307678490336978538e-03
6.829240752119824847e-04
4.850583889932679523e-04
2.718014718245576663e-03
7.105741563841841413e-02
1.849053837375417425e-02
4.174484903746867280e-03
1.705105639591775538e-03
7.472402251745342188e-04
4.773715447693774837e-04
3.868081953577004353e-04
4.154392043242531325e-04
6.922202700425570104e-04
1.270488492523612345e-03
1.402960027623931759e-03
2.504879705792009692e-03
5.988921278609960971e-03
3.836095270339212257e-03
1.400497853908985084e-03
5.777443099433888151e-04
4.949044248007542553e-04
1.304645020213280595e-03
5.664549600823356318e-02
1.795036870543768870e-02
2.353590968290339425e-03
1.219623259665858885e-03
7.739773866165106358e-04
5.448292870726642893e-04
6.123896953039030706e-04
5.043471426725304073e-04
5.102252130094697647e-04
1.187379113137191798e-03
1.176897747505680934e-03
1.030480143883498066e-03
2.423733398144030295e-03
2.067920144919241105e-03
6.360796493284374877e-04
4.108687617329068371e-04
6.856000980183249785e-04
5.332160105594540124e-04
7.622468909846191742e-03
3.035832383663501603e-03
8.281773263367458570e-04
1.061037209186959122e-03
6.031582598316499169e-04
2.370325047636997269e-04
2.900653508628540109e-04
2.291165529039558481e-04
2.951060362410397406e-04
1.364948745281496182e-03
8.267569756844605220e-04
3.302067831467637364e-04
1.305930184840328225e-03
1.817764052323599588e-03
4.869152398526068338e-04
3.838355435331276995e-04
5.300106339499823828e-04
3.470973924909782904e-04
1.868224407262007898e-03
7.378597088600390239e-04
4.912520914857949244e-04
1.917339327808337875e-03
1.182514695098747185e-03
2.924828869071538343e-04
4.665163327783642625e-04
6.300600688219076947e-04
9.977897145867422202e-04
3.637332301439060844e-03
1.419806751786121656e-03
7.044781278605467215e-04
3.659779214268506740e-03
2.515512186452345880e-03
4.667367166399444202e-04
4.932243454483114554e-04
2.389484074522070956e-04
3.369998206605331718e-04
2.504433471652557641e-03
9.870976793724898363e-04
5.461454442587699047e-04
2.115464726389644674e-03
1.550666619147449913e-03
4.709716053949943764e-04
1.356638064913406319e-03
3.716429546711972395e-03
2.914092802828556743e-03
1.976662930705841946e-03
7.450471197455306406e-04
1.315321292834194114e-03
6.097340638979009166e-03
1.502197520354912625e-03
2.972222014283681067e-04
3.783306742376776432e-04
4.428370509329592549e-04
6.283059369760511182e-04
4.987938245374341426e-03
2.186460305123135404e-03
8.867456884432821807e-04
2.070394669614747472e-03
1.964310793481083717e-03
8.226170239677486722e-04
1.812737069245324347e-03
4.805658545731977815e-03
2.483270388906056326e-03
8.215497518178956765e-04
6.879135837850350278e-04
2.817662783482773308e-03
5.170145871948132743e-03
8.214823482784068803e-04
3.065537165860791479e-04
2.371345035624834697e-04
6.463763699514845328e-04
7.009729762959388509e-04
4.189853225782671532e-03
3.317959847275174599e-03
2.055177782585699414e-03
3.053385042804781895e-03
3.578461245712037751e-03
2.800950729504239102e-03
3.231474156400330425e-03
3.380737813495803250e-03
1.847630630757497727e-03
1.314230442388780121e-03
2.630316227006044769e-03
6.826934786365339812e-03
2.877143979928737088e-03
4.487849229015047079e-04
3.725795829213615152e-04
2.247972868781500291e-04
1.758469617111534317e-04
5.298932859109129227e-04
3.747659699425632401e-03
5.677050139401048322e-03
5.332134685217812704e-03
3.722330502058016077e-03
3.273775200733526625e-03
5.540179150653722247e-03
4.914256730673154452e-03
1.680785924842851569e-03
1.122943519065136087e-03
2.346484420926415494e-03
4.992132320061966333e-03
4.482633586138234927e-03
9.498721121115830807e-04
2.230603462745875854e-04
3.204877793068645875e-04
2.950657146167226302e-04
1.995914895816009479e-04
1.869765685218531016e-03
8.865388665047900518e-03
9.652329649490892782e-03
9.115693344945399734e-03
5.028520611420938917e-03
3.491117977325462057e-03
5.353834816847201014e-03
2.520316905337919525e-03
5.561463515813202477e-04
9.400709227452059722e-04
4.536277731732536560e-03
4.803487859650273223e-03
1.892476642249222045e-03
5.638712149796873407e-04
2.194653587122508890e-04
2.931806832513159122e-04
3.518788507140953271e-04
7.645646474348466405e-04
3.135367118299961422e-03
6.077355053576014715e-03
4.502328712352413921e-03
3.855713659406595061e-03
2.759779454692237819e-03
2.181177718006353013e-03
2.181839010139185152e-03
9.814459082605516815e-04
6.684169099422579549e-04
2.813563644308729895e-03
5.486076665015075446e-03
1.291593922949840420e-03
4.769684919245970631e-04
3.758193474819984171e-04
2.120431883398804778e-04
2.063549369725931103e-04
2.602872492625784022e-04
5.463478011303634155e-04
4.095194705001432476e-04
8.458782780431334334e-04
1.113710345051754057e-03
8.041256730367124517e-04
4.901914678779287389e-04
4.573042715649472986e-04
6.647524420098897434e-04
1.127339003047894608e-03
3.772416763341590682e-03
8.784656678710520139e-03
1.315018001286810548e-03
7.766083237457056744e-05
6.391505043298257899e-05
1.669767132580051707e-04
1.457596229270574010e-04
1.312213011926286681e-04
1.509132306292446210e-04
1.212654761969760286e-04
8.918495663385605263e-05
2.819707655791047081e-04
3.929235410347426609e-04
2.659103671492453664e-04
2.516024231779220876e-04
4.380412415550185169e-04
1.063280751823729355e-03
2.480173466236463946e-03
4.456379646329407425e-03
2.042678864434203934e-03
1.193985891589132765e-04
1.259322077635224538e-05
2.233414203942755586e-05
7.429152989760323786e-05
8.225674190871112195e-05
8.334881021770916977e-05
6.828079668858068351e-05
3.497751993509413173e-05
1.889491714878898570e-04
4.191900551568679542e-04
1.230124794613623302e-04
6.950385568535716720e-05
1.848141838989546270e-04
5.346725046178033057e-04
8.892820877279299834e-04
5.567268962725600845e-04
1.235170295230030100e-04
2.649285511157982155e-05
1.109416212902411139e-05
9.994552027332040018e-06
1.294025725394361276e-05
1.163765591985035952e-05
1.085131509713646442e-05
1.778326556693469353e-05
1.751118485347045751e-05
