1.267542971912115866e-03
2.093652007040743088e-03
2.196701529393528269e-03
1.575861234646957695e-03
1.361894140978011378e-03
1.660583857783558574e-03
2.397559967907676379e-03
1.584798017353387283e-03
6.963508791408811729e-04
6.684069895026886320e-04
7.182025463525801810e-04
6.604423182023553239e-04
8.758423150131572094e-04
7.167889222385648079e-04
5.105894480022723104e-04
1.128927382974178250e-03
1.565449385167834049e-03
9.100972443766568339e-04
7.833914682339667172e-04
1.754849857454820637e-03
1.266635523258551619e-03
6.998373308710254849e-04
9.165261096198975502e-04
2.239729238173822010e-03
2.689235737659335414e-03
1.144451551161519741e-03
1.056867495641441480e-03
1.939501425599729012e-03
1.272421650413784605e-03
7.445315308639814536e-04
9.154982400177785968e-04
8.314699462266346344e-04
7.734242334138881391e-04
1.426797821439466409e-03
1.196291658021030610e-03
9.702883099160990003e-04
1.521816808376960260e-03
1.506066917739683859e-03
1.088100988065103091e-03
9.346354371094508064e-04
7.992480186061977614e-04
8.600473128901670776e-04
9.265340609248567559e-04
7.258729066169609945e-04
1.092596581182694350e-03
1.403856118803542075e-03
5.983317201152025091e-04
4.267781207547028939e-04
8.216310262306927154e-04
1.442169862669090983e-03
1.369375382119556632e-03
9.351591737236265986e-04
7.868133879395761100e-04
2.307565397883306734e-03
8.780304790967920995e-04
6.505477337371424595e-04
7.491768058607086193e-04
1.199905070649339052e-03
1.068255970658708734e-03
1.091767345814310779e-03
1.569793640434093878e-03
1.186420197224822073e-03
9.623249647587090892e-04
1.071339611997162294e-03
1.006024639993308026e-03
9.784465673777305219e-04
1.052667490618482875e-03
1.747920714259029121e-03
1.978878918842926979e-03
9.208056734097472534e-04
7.024883117502029369e-04
1.099825478440432476e-03
1.154058761109749568e-03
4.989206881491708122e-04
5.295500134713268612e-04
9.187925895180991398e-04
8.579462151208478403e-04
1.020204066065713046e-03
1.619516867760209273e-03
9.119408592826334101e-04
4.442823027384532834e-04
5.823744857841491041e-04
1.390603161788899140e-03
2.240982131697813982e-03
1.648899812035506006e-03
1.617599446975189663e-03
1.531638657722755696e-03
9.929624433637428658e-04
1.206099644759601585e-03
8.203303491120791718e-04
2.418039807057968931e-03
8.061071411031048121e-04
6.490323651780202175e-04
1.107453722775564222e-03
9.836792941053250534e-04
9.518741509826025198e-04
1.197800239652407677e-03
8.470374463629388269e-04
6.263663282057132034e-04
6.891697343376645708e-04
9.567514409853539615e-04
1.492066936867173475e-03
1.997916542847844121e-03
2.576430744500896042e-03
1.720791418532550791e-03
9.953286121311703729e-04
1.487805528084121818e-03
1.064323504943040771e-03
1.007153256014063679e-03
1.139412874199150372e-03
9.456299290120586017e-04
1.360346111714715294e-03
1.138824171542825387e-03
1.155071053344182289e-03
1.507118063231652769e-03
1.484068534475059542e-03
1.405450508687842645e-03
8.738027750152528410e-04
5.335209908147673643e-04
6.304679244447371298e-04
1.333252603079624699e-03
3.446747105701309256e-03
2.767890157658485072e-03
1.239201067922730912e-03
1.314538435097042024e-03
1.094169013209524925e-03
5.532718266453250360e-04
1.812390372239820443e-03
1.428134448962395863e-03
1.435462000849297391e-03
9.011477437182961866e-04
7.446184523694335299e-04
8.908433513139888543e-04
1.040002940712488099e-03
9.807179422201175566e-04
5.390438914188886918e-04
5.147324443947067472e-04
7.304845807764489543e-04
9.561355983077855780e-04
2.473656134524899325e-03
2.861276703268131934e-03
1.192451423119747543e-03
9.300468331439508754e-04
9.303847277669803888e-04
8.931835074239397564e-04
1.178269316161874476e-03
9.373544784541175227e-04
1.380150459658234779e-03
1.411511855520889433e-03
1.080132704568874088e-03
7.851590172718666714e-04
8.897783538431501245e-04
1.145228511603853770e-03
8.139892985608840120e-04
9.291582408437588057e-04
8.673841108043443392e-04
5.734550390479472258e-04
1.645492112213535040e-03
2.814039223576761221e-03
9.681964242176059740e-04
5.945861254486037913e-04
8.724211240158399839e-04
1.595414667377532004e-03
7.120339506789639819e-04
8.177118167351451637e-04
8.770354572739924017e-04
1.358427346142662218e-03
2.511844887485121039e-03
1.897939165656501066e-03
1.386275792652622322e-03
1.546772259108784202e-03
1.220715537110259735e-03
9.961393800419851303e-04
5.573311424570619827e-04
3.907649520253171833e-04
1.402677159568884975e-03
2.509432376223996643e-03
8.514537553750900142e-04
5.992562890882927431e-04
1.537206758923849274e-03
1.989298597462062050e-03
1.498691620682818422e-03
5.703471696399833521e-03
1.156436305003123504e-03
4.758623494943614758e-04
1.157554173821994433e-03
1.266559305031730561e-03
7.436327705724724057e-04
5.513959887288604920e-04
5.792533183169611740e-04
8.346721530626858513e-04
7.584853236161673241e-04
6.400466628024233150e-04
1.048916329970427282e-03
1.258427310711395094e-03
7.359376439760533482e-04
5.680574317205124880e-04
1.270967697476039181e-03
1.184801331394034042e-03
1.334909802259181839e-03
4.048966014855115425e-02
8.913985502372710409e-03
1.608020361332441550e-03
1.287525399550546379e-03
6.653985195640012935e-04
4.300484639953195288e-04
2.920020026563561739e-04
3.023952623294395912e-04
6.422330460260359305e-04
8.147847665784197033e-04
6.802588616217225288e-04
8.079671479271734787e-04
1.776953840864532903e-03
2.681096836352164173e-03
1.042847860453077020e-03
5.008547873086213048e-04
9.289336481340641641e-04
6.673933708291691956e-04
7.066619384627190192e-02
6.248024899983727759e-02
2.348957569259788047e-02
8.576821182665558124e-03
1.265237207649276031e-03
6.249487162234164655e-04
3.519289156971790481e-04
2.120613730829937129e-04
3.362860028951598457e-04
4.039719670936080882e-04
4.284056803142427408e-04
1.002110716626931040e-03
5.072917689933930871e-03
1.166027279796438137e-02
3.824781208815486357e-03
7.150266685522788665e-04
1.216151379010429112e-03
1.112352525190182838e-03
6.507444646965862556e-02
4.038583231462336554e-02
1.408873076558115993e-02
6.395501601760912418e-03
1.095398917056229814e-03
5.581360508223686496e-04
3.662584198931543200e-04
2.238162348196022120e-04
3.459771659079237632e-04
4.077444805964080253e-04
4.238472891970804907e-04
1.127217611209493627e-03
3.207851587253493942e-03
3.284046939042495339e-03
2.457922032706390952e-03
1.016864279564854258e-03
9.704724571287162834e-04
1.037563955140528328e-03
1.607173138108634533e-02
8.897527760653821741e-03
2.492559722165563554e-03
1.474557260519604408e-03
6.131502623417938195e-04
4.564417781368296321e-04
4.348719411536151967e-04
3.846591805040704354e-04
6.145342928808992427e-04
5.859927583152542549e-04
5.003886869188422766e-04
1.850808434019503941e-03
3.569458063848156542e-03
9.930540790330914282e-04
8.048927155867774191e-04
5.734136577972319881e-04
7.702424794810188834e-04
3.597465316478097412e-04
1.657727322147357300e-03
5.862465246807994912e-03
4.619213159653374340e-03
1.837523714933803325e-03
7.482033452540577841e-04
4.853894801755843772e-04
4.007841730134197294e-04
4.287969208341599055e-04
8.155468440461954589e-04
6.806297902646999028e-04
4.948313244089818210e-04
3.348079519761449057e-03
1.004590308124077985e-02
1.418982593997894981e-03
6.823924271360321458e-04
5.162789380747022329e-04
9.556022721730751505e-04
4.361948350846563105e-04
6.082359618517003312e-04
4.123097047705711823e-03
5.207899251897601944e-03
1.296271836704006308e-03
4.561650599203431224e-04
3.250781243646098852e-04
3.496788741203101739e-04
5.565646816466025045e-04
1.057235779731663470e-03
6.212522242943765635e-04
3.168759676014837909e-04
1.933173933999984828e-03
7.526687315600865541e-03
1.311805700882456545e-03
5.489913123101267372e-04
6.547130748467783158e-04
7.576521116172871793e-04
8.544742075658896385e-04
6.119296786792153544e-04
1.360254843966333428e-03
1.341380112820146544e-03
5.781408203128126765e-04
3.369903200829572746e-04
3.634269269165169838e-04
8.387530826135425506e-04
1.671013050886578860e-03
1.238268342284600887e-03
4.482333722204685615e-04
3.657623432793485766e-04
2.221611968333933509e-03
8.289403028531063672e-03
2.164130730706567956e-03
5.981365180697765117e-04
6.948916778882870604e-04
4.658157711344226046e-04
6.477897927899849877e-04
6.547232339732648749e-04
1.012267224920791265e-03
9.934235341516554213e-04
7.744361262752801458e-04
5.876429610655051552e-04
6.118592478810085502e-04
1.581334966940651241e-03
2.286702611414160018e-03
8.817164861773971142e-04
6.215864904198873525e-04
1.831250515684356307e-03
6.580898512083674032e-03
8.000994914150929421e-03
2.329198425738640728e-03
6.039343731201007696e-04
6.285469810266198663e-04
6.218484921663671632e-04
6.421254481320698730e-04
7.672732391482686362e-04
1.301255094807991395e-03
9.565516406598125647e-04
5.734455408389076310e-04
5.578664660787807823e-04
7.131549089822951642e-04
1.126234106836601027e-03
1.036455778442209926e-03
7.132947160473137324e-04
1.912616753742992295e-03
8.376168714042840288e-03
6.013793280424589716e-03
1.393251498397342358e-03
5.641136159772177847e-04
4.119105810169061688e-04
6.199998100337976176e-04
9.137676830288437788e-04
9.341337604104360840e-04
5.477898301080683530e-04
8.060979270545891046e-04
7.118703834805798370e-04
5.310410696780760260e-04
8.956572576291388409e-04
1.234044246506164769e-03
9.158160147417407750e-04
8.992171081896091879e-04
1.889359719372955696e-03
6.581038072702848074e-03
1.113724586979543234e-02
3.159521731854580615e-03
6.083230013720207930e-04
4.384342399882652330e-04
5.541071919487314040e-04
6.027595046659878393e-04
5.600851466755478892e-04
6.902625161317823589e-04
3.521205699849834026e-04
6.634785226162339322e-04
1.028168159952260949e-03
1.071681429907326427e-03
1.597973357515281414e-03
1.202454724327771960e-03
6.516432531148006390e-04
1.601146134485918185e-03
8.141614290544467100e-03
1.187007866985752280e-02
5.140998566076441720e-03
1.494162348373422175e-03
6.224076758379870882e-04
5.898586803023469702e-04
5.436844853499963118e-04
3.079871215101726554e-04
2.635783953982125333e-04
4.642126397233030106e-04
7.921401432039247266e-04
1.497422448313256733e-03
8.984729918457206666e-04
4.417855256129976107e-04
6.134847038168131763e-04
9.158320959421139499e-04
1.240935933346323274e-03
3.631146090635339538e-03
7.630639343944789141e-03
3.599069969434139614e-03
1.012991251105559935e-03
3.967834957201008179e-04
2.485384734398252376e-04
2.755497846012577032e-04
2.751938604738443238e-04
1.768475073250721391e-04
1.547901874093348773e-04
6.084600706323336529e-04
4.409475561546977694e-03
4.948499675822028848e-03
8.731521419387385180e-04
2.961639943855562678e-04
7.317586687233217221e-04
4.410735479893700128e-03
1.128189031318123370e-02
4.922940071461059074e-03
6.527671260949385879e-04
1.646316328816133437e-04
1.539824046070489188e-04
1.516360503813692659e-04
1.173086603397505406e-04
1.473255395061293766e-04
1.956227696729714123e-04
1.698280255715559008e-04
9.649386943910693128e-05
8.669057263197421518e-04
1.010564025110122569e-02
1.144794743908501139e-02
5.781876637041221019e-03
4.517348456981336476e-03
3.345363459094741459e-03
2.940312739330438498e-03
1.859966243272791675e-03
1.944953712767690814e-04
1.128500017555629212e-05
7.737719383198080511e-06
4.392274147800564668e-05
1.040758111465495958e-04
7.045011925204388637e-05
5.871555585775831658e-05
6.326992926098344962e-05
5.894857622877193817e-05
