9.167819008644915958e-04
1.529089215456139444e-03
4.724963282473520695e-03
8.448056818000626231e-03
2.843790812389375942e-03
1.077939427174859919e-03
1.388448310486684783e-03
2.387343100630531789e-03
1.415355464543213227e-03
8.117877331936232312e-04
1.257765944213493515e-03
1.207574231006104540e-03
7.789618031467107021e-04
9.678140103807691616e-04
1.101607518089539042e-03
9.422302035595679203e-04
8.824445679262787282e-04
5.962431881349278739e-04
9.043284522029455862e-04
6.566896315539505133e-03
2.018791214720559724e-02
1.627631914590796369e-02
4.445435090433282575e-03
2.185668065192538419e-03
1.704530977158626691e-03
1.715099313303640721e-03
2.193125940040265877e-03
2.282603736920094193e-03
1.423632376240583372e-03
9.006070037782297824e-04
1.361972517884255367e-03
1.625305083066802851e-03
6.390963560049998070e-04
4.982948065453396674e-04
1.059689708375892393e-03
6.439321689071292234e-04
1.170665317241697742e-03
9.878919879603548747e-04
1.516091879998941131e-03
1.456310398051516384e-03
1.069089942435518361e-03
2.157237174551228289e-03
2.560823291902580064e-03
1.779909418320856996e-03
2.751231016468578053e-03
4.031035887724084867e-03
2.043071154089420079e-03
9.014210634621019078e-04
1.016895959368392536e-03
1.333316888310090171e-03
7.603526363808516073e-04
5.005685431140543358e-04
9.831373536918306278e-04
1.763765924817057825e-03
1.374252807867184676e-03
4.935832274179295610e-04
7.607839282025421817e-04
1.130485164173606867e-03
1.360535392228688937e-03
2.723742869496558437e-03
2.013437639776030630e-03
9.088184620182658069e-04
8.820699820063037213e-04
1.200231073980162228e-03
2.232191284667321956e-03
3.505957739989260490e-03
2.448999442472810876e-03
1.815387974759935649e-03
1.616880607473963503e-03
9.210634409780669562e-04
6.747207711010511392e-04
9.939432225062913399e-04
8.722161870908383581e-04
1.093796626670546362e-03
1.348436354208909331e-03
1.176733463460788746e-03
1.123990225288193758e-03
1.397877035200964600e-03
8.975566258039950878e-04
6.076862086176248795e-04
5.102727927186477596e-04
4.898828748999468387e-04
1.824233745891348443e-03
7.074108375456343925e-03
4.071496922734454786e-03
1.324184431732159956e-03
8.507690379471817728e-04
8.604264400900924793e-04
9.395620774874072385e-04
6.859718401065414712e-04
6.964643166335529731e-04
1.715201378224942867e-03
1.977097761714262554e-03
1.207606253000714086e-03
8.033745862081287338e-04
9.582799573252286703e-04
1.096361177859447996e-03
1.346521370838337081e-03
1.348465676729049831e-03
1.014821177405266211e-03
1.451112613684855382e-03
2.603586245706553809e-03
2.970726423916468257e-03
2.011870001306563602e-03
7.836972154283811630e-04
7.047092182018786354e-04
1.608837243541107751e-03
1.185696237562481161e-03
5.406691131054295598e-04
7.324644307336090985e-04
1.637090243118869554e-03
1.492150010820992570e-03
7.226344690151199207e-04
8.347335203221098801e-04
1.099370661677978806e-03
1.257279734921340833e-03
1.925505737563085575e-03
2.437022590373756452e-03
1.779122203558687653e-03
1.300429084734229263e-03
2.900167521857846369e-03
7.423090473370607713e-03
2.814610661165707628e-03
8.372595178236144197e-04
1.249901111289063345e-03
1.483159359583282157e-03
7.758575265877312331e-04
5.893221655711368585e-04
1.168146291604647011e-03
1.167920676123353945e-03
9.260535715563379894e-04
1.464754731749059753e-03
8.147934868208076952e-04
4.012855968352826161e-04
7.922292182231164236e-04
1.452349075906502569e-03
1.348611144449131253e-03
1.215091002480984993e-03
1.972292145026900700e-03
5.568857577992711826e-03
4.801245509606415218e-03
1.372547481338320767e-03
1.180904893773942858e-03
1.172702200713586669e-03
1.558000331033077392e-03
1.246391652723864013e-03
8.968567500861367777e-04
7.496082522569307537e-04
1.755792988686205982e-03
4.182916535449806954e-03
8.035795412563544182e-04
2.258920993563792419e-04
5.233031746034211588e-04
6.410372475789115907e-04
7.220718178979941429e-04
1.436380758177942425e-03
1.172529191658308644e-03
1.401328924934112886e-03
2.589236814959258899e-03
1.500861245863141513e-03
1.219946038217394708e-03
6.338000157066078994e-04
8.591631665774276602e-04
9.169519446303708290e-04
8.257493473774896999e-04
8.971803303844467148e-04
1.655721252912020726e-03
2.483714968358422676e-03
5.489981429343612643e-04
3.249638536409472076e-04
9.805005745963611945e-04
7.139156484150909051e-04
7.019277571340748131e-04
2.011564533017687686e-03
1.290037914495835783e-03
1.048326006909450908e-03
2.295743185194827618e-03
1.214558600757208217e-03
8.720221807941863374e-04
6.095713565473662252e-04
7.726162015946367667e-04
8.683082972765350212e-04
4.004166336003824565e-03
4.985742736858208603e-03
1.426818537509986010e-03
8.827468063382446634e-04
5.544870726141221725e-04
5.821312834757908557e-04
1.037293988554127558e-03
6.691026533674759857e-04
7.069141464473205263e-04
1.628069611326277144e-03
1.127127458633372069e-03
1.338520821901478678e-03
4.267457886392835541e-03
1.856250684026052641e-03
7.266029750397249784e-04
1.358880139414579951e-03
1.717091373294112001e-03
2.076593863815864166e-03
3.665972452234405460e-02
2.707319411499915437e-02
1.752668624996700855e-03
9.751573051884927920e-04
1.104293726735340207e-03
5.221992471284712164e-04
3.229363081032570046e-04
3.811160789928603500e-04
7.634966411011875551e-04
1.461690033574323307e-03
1.121650630196395796e-03
1.357129998965422857e-03
5.681514256474602328e-03
4.035150837566852181e-03
6.493567495040240790e-04
1.614991709924096588e-03
1.116963050288874307e-03
2.594117466547407429e-03
6.834659552464487919e-02
3.300427193614005605e-02
2.148868493768332170e-03
1.692336618012184627e-03
1.577260714935323650e-03
3.643408523946783310e-04
1.836827123281629883e-04
3.863922637854447098e-04
8.215686722495751850e-04
1.364734239268508478e-03
1.809371117340912100e-03
2.051566058374181684e-03
6.752952373093891285e-03
8.783230313013756785e-03
8.430224595089229030e-04
1.236884637647716473e-03
8.209801614280928068e-04
2.426089144527891588e-03
2.791507480370981550e-02
1.560496278418636341e-02
2.453723111203020852e-03
1.744432863103016111e-03
1.023633633115909446e-03
3.771256021856975930e-04
3.729967205158478362e-04
5.815476125488042896e-04
4.985669297752664186e-04
6.355469977541636489e-04
1.642855708633596387e-03
2.621625643909460297e-03
5.666660594085932805e-03
7.344730502805389173e-03
8.783817321631991193e-04
8.940687817744671353e-04
1.451822533839523983e-03
1.701479955464417536e-03
4.246182559100752062e-03
4.339150726393210290e-03
1.988877686900921999e-03
1.013236100642075444e-03
4.460608076365335734e-04
3.756502427611928718e-04
6.138575204306284845e-04
5.561685886019585197e-04
4.196874339357834871e-04
7.203130729825904435e-04
1.528471036735819244e-03
1.982948081886914352e-03
2.904484375720491757e-03
2.832749354068024757e-03
7.429847831581786344e-04
7.569896894030241552e-04
1.450744174923033212e-03
9.179228664614448542e-04
1.164296645095605834e-03
2.428709296152342916e-03
2.460397447410962463e-03
1.112017089485470766e-03
4.202530047478106410e-04
4.271166719174434591e-04
5.835173772352024706e-04
3.871253500348275029e-04
5.629050000873875000e-04
1.682025060837579302e-03
2.077194253828722453e-03
2.059310670557957645e-03
2.839025720463024538e-03
2.489508305132152269e-03
1.483986632609861703e-03
1.208599206179394392e-03
1.121726871332834200e-03
9.177763127875206324e-04
1.055717491772954243e-03
1.756218684743706977e-03
1.952876858936209358e-03
1.189382060854764483e-03
5.137871600435282675e-04
4.585138698585960884e-04
6.184678546831487303e-04
5.245372910840885236e-04
6.864697040806797077e-04
1.034058551308627682e-03
1.240520128755195038e-03
2.806982841584485227e-03
3.449906992035395650e-03
1.588402668810035175e-03
1.451154889496912397e-03
1.000428349046429168e-03
1.031524561156678226e-03
1.155010009401894562e-03
1.216797740173851177e-03
8.479330770797076757e-04
6.890951936526962295e-04
6.870415918965639855e-04
4.026088067814196031e-04
3.154962455447028595e-04
7.174534781598776358e-04
1.670277590646594311e-03
1.375059443034261277e-03
5.437927099619268949e-04
9.303667801350293471e-04
5.967958417068290264e-03
3.995502442044071220e-03
6.710937832561705276e-04
7.058515092586637374e-04
5.889019589655976501e-04
8.005618475800071370e-04
9.936890595102680981e-04
1.388431009275558270e-03
8.957407360502633951e-04
7.395646911030462735e-04
1.006873138608884062e-03
7.017847410554298041e-04
3.966328682117337958e-04
7.862661907489026589e-04
2.470085784506673935e-03
2.007291453742548765e-03
9.845821256267287599e-04
3.124813688819032785e-03
1.406772547453029321e-02
4.199311195276791107e-03
7.109523863863631641e-04
8.168843103436062084e-04
7.730319705047759143e-04
6.226614046091994911e-04
6.721853179058595714e-04
9.469453472392993067e-04
7.452718311499302800e-04
6.606946928073912902e-04
1.090851604413000438e-03
1.312931290361137298e-03
8.407489498525586892e-04
7.797522044476692818e-04
8.657643569509063195e-04
7.553883287336267578e-04
1.868295688030714718e-03
9.575982682140302821e-03
7.656680138725280305e-03
1.327063920724455516e-03
6.930787132681314822e-04
7.953381208314745264e-04
8.206974676582013415e-04
5.620967676676987164e-04
6.859653839139834720e-04
8.945559825427252436e-04
6.202900546313507794e-04
3.765537389120781286e-04
5.945220810433805543e-04
1.293940883104389246e-03
1.322399120221074992e-03
1.043860155626721332e-03
7.551454356908779419e-04
7.963105401260725004e-04
3.925118005503931522e-03
1.080580036328735415e-02
1.971383384012574073e-03
4.748279139630872726e-04
7.484607005766958851e-04
5.880774140386642486e-04
6.533426603496655808e-04
4.503830309159430377e-04
7.675469310106191028e-04
1.693251872940593943e-03
1.662513752628828846e-03
8.798301240453179194e-04
1.017428172974372581e-03
1.657322098671721753e-03
1.477793141272799914e-03
1.784122840461408767e-03
3.402803831666748307e-03
5.737019239333833454e-03
1.050013151308570175e-02
5.973055215658525444e-03
8.588785482604570929e-04
5.665734456817198396e-04
1.177102510288915906e-03
4.958954515958825370e-04
5.637524911125984433e-04
3.961210316068763883e-04
5.505756310455734142e-04
1.416870839753133762e-03
2.179381550969426533e-03
1.712660829480321415e-03
1.783441775208248047e-03
2.158904770224823275e-03
2.292080612090944061e-03
4.093362544163476995e-03
9.112020351750892491e-03
9.851967678855339666e-03
4.972731631810646535e-03
1.197901448543993311e-03
3.277848599052061410e-04
4.189274189566421472e-04
5.965196074083989677e-04
2.087766578624314492e-04
3.150948195215408820e-04
3.507760815443894766e-04
8.531584963242204575e-04
2.174165920164768204e-03
2.608460122015630617e-03
2.067345696989460885e-03
2.070189404556966109e-03
3.263254012931507148e-03
8.122774156625977085e-03
1.248402871912293079e-02
4.536344304179299250e-03
9.297345737238098739e-04
3.548627284859220900e-04
1.873675650792124231e-04
1.251015453865310964e-04
1.583305580101994998e-04
1.433497953011819248e-04
6.325900955494621544e-05
1.190686689684704682e-04
6.006313152768429656e-05
1.453355266519194009e-03
1.282780468440277745e-02
1.251906557997958976e-02
5.332677040878958281e-03
2.351884295897848590e-03
1.170333056582534411e-03
9.959129695086370564e-04
5.573588718734169816e-04
8.181174045602749971e-05
1.881184621163507233e-05
2.817303392374740303e-05
6.435974300943789596e-05
6.935269206756618753e-05
5.940616982737080098e-05
4.358772872038911366e-05
2.620389663401946590e-05
4.376696000844024979e-05
