1.516555839947115927e-03
1.747996736472878484e-03
2.117533701384415393e-03
1.735723896621573859e-03
1.078200420182515813e-03
1.281870425400338277e-03
1.926601074156218500e-03
1.821529940279446218e-03
1.224176066573473944e-03
1.383161279660290090e-03
1.872618867620787870e-03
1.407135227532515078e-03
1.256760540150340900e-03
1.679891717876681474e-03
1.883008871169817959e-03
1.471242712965263860e-03
1.371831079875945490e-03
1.379472750575158092e-03
1.690883298907286955e-03
1.305762314349922419e-03
1.740050047952532283e-03
2.552647506399199386e-03
1.720168650223887321e-03
1.412323180321837807e-03
1.538289875868925974e-03
1.508514608872165222e-03
1.624286259214775038e-03
2.199487154991823599e-03
1.794738788994961745e-03
1.102412862526138716e-03
1.407398633741846353e-03
1.979331075590412374e-03
1.818015417484269459e-03
1.498216396991358104e-03
1.740036524006748509e-03
1.591989743894627355e-03
1.006238705913343632e-03
1.189634911645167737e-03
1.652383223502329381e-03
1.677598321376574855e-03
1.337536451439922183e-03
1.675400502486891355e-03
1.941336797695694758e-03
1.517690446083621355e-03
1.269263951610850741e-03
1.539090986254754200e-03
1.245828519083871846e-03
8.543829066203667728e-04
1.167581634321413321e-03
1.528723453652957925e-03
1.684959475128796746e-03
1.951786674333902578e-03
2.275383218810898400e-03
1.825387127819404296e-03
1.386849704940890278e-03
1.640628600004182935e-03
1.783061499165195787e-03
1.348788426605261387e-03
1.570320253072580953e-03
2.173987190509842765e-03
2.115471986749609384e-03
2.021919619976549759e-03
1.423789377060223280e-03
1.138548586428210756e-03
1.469184228978433334e-03
2.006134292951472237e-03
2.012439910722936716e-03
1.341921234645013748e-03
1.312331222126208183e-03
1.573750413907764678e-03
1.690945319583362933e-03
1.476065804955437955e-03
1.102592600716557339e-03
1.112849159812748278e-03
1.838629880262347650e-03
2.284255624488501502e-03
2.749917701463556238e-03
2.083849189234089801e-03
1.511791966897959878e-03
2.675386063709852581e-03
2.802570359826787611e-03
1.283544038926802064e-03
1.108233501562022084e-03
1.730292497452908971e-03
2.021781887442307846e-03
1.966060683968529326e-03
2.284420972522339249e-03
1.578537029798677063e-03
1.471726628737178230e-03
1.798665058263931946e-03
1.091263871266495667e-03
1.458295576532201831e-03
2.028079068627963895e-03
2.032005784376963910e-03
1.985827654539653285e-03
1.673873702009726809e-03
1.306745792341340107e-03
2.017850401200847136e-03
3.037336303057300031e-03
1.748675970304064842e-03
8.227581578306013841e-04
8.305434568159264421e-04
1.604256583179847814e-03
3.021496900347356816e-03
2.819609031846498359e-03
1.127738035524216472e-03
1.294975074224414668e-03
1.880825431334477715e-03
1.161087518341006718e-03
2.019232469822197350e-03
1.416572974586523953e-03
9.828298679050945317e-04
1.068248450526208511e-03
1.478209348822943697e-03
1.300506434698146720e-03
1.109052628130467906e-03
2.075332885216112262e-03
3.147414666783246093e-03
1.603815617923889329e-03
1.074934805515698893e-03
2.072962019449580643e-03
3.196721935022454452e-03
2.000556641367398549e-03
1.025736143675604365e-03
1.450161895574382173e-03
1.161984115745706659e-03
1.190898499458366505e-03
1.621488630403479124e-03
1.097243221970704103e-03
1.246084007754364809e-03
1.343541853066309178e-03
1.307690359509971079e-03
1.140817529226674336e-03
8.318400111616169098e-04
1.296584195139076053e-03
2.515158694718122416e-03
1.691427869994181201e-03
1.143800386405655675e-03
1.557426179677396001e-03
1.559599281274087193e-03
1.335889738963958861e-03
1.505444022127823108e-03
1.855287750021744533e-03
9.556651920602663103e-04
1.470545395584239596e-03
1.436202437722022612e-03
1.246117748582262945e-03
2.275124923139868697e-03
1.693363181835004115e-03
9.538504022881110368e-04
1.052296012403622274e-03
8.353218109666632691e-04
7.502099326816188398e-04
1.011024780661005148e-03
9.384257076731371055e-04
1.034771686169251061e-03
1.432451918394646306e-03
1.323970647287555421e-03
1.684569708853653420e-03
2.237471660415274108e-03
1.620319578191217833e-03
1.249132139379109836e-03
1.582401144820945590e-03
1.327360346496087983e-03
1.199869930504864676e-03
2.091481660957157564e-03
1.393596375364619146e-03
8.908338322229056609e-04
1.335268361662446867e-03
1.042062959480300833e-03
7.412370954149803378e-04
9.050845682200109842e-04
8.299021576677652204e-04
8.725460502017387933e-04
1.382121290317971747e-03
1.627395247818637153e-03
2.131291655720210770e-03
2.268906416549674749e-03
1.342741833751435456e-03
1.811154699455750413e-03
1.664334844737955970e-03
1.236857695678717168e-03
1.594762279014158134e-03
1.742221558824909051e-03
1.157382928851398126e-03
9.075909099506785033e-04
9.819076266422890192e-04
7.329070466866934464e-04
7.197039857373748947e-04
9.252064270339283242e-04
7.429565304512474001e-04
6.654608838752313488e-04
1.035398098990033058e-03
1.186637841223172870e-03
1.155350598774656243e-03
1.334032300063840715e-03
1.309329416554342804e-03
1.621104737472792200e-03
1.921196521548421002e-03
3.510467555073051946e-03
1.945319122211446039e-02
6.439437942696731552e-03
1.724410865390145833e-03
1.226779047386879901e-03
7.004559864599292597e-04
4.683362920032355255e-04
5.415000519779827794e-04
5.022390203888858111e-04
6.308950039072806640e-04
1.506988208511736210e-03
2.513139219019143271e-03
1.741674479804008070e-03
1.158776845526893759e-03
1.298340974930800194e-03
1.308239953307109137e-03
8.673945695427072227e-04
1.531105824131990352e-03
9.014246272962409684e-03
2.545695780474815928e-01
3.893519768568991235e-02
3.778750163231517703e-03
2.179779044413637876e-03
8.962557687379263871e-04
5.159223344686352268e-04
5.610826506976155465e-04
3.650496661688625260e-04
5.371262927546891636e-04
2.214770112327026606e-03
3.785855081873600644e-03
2.651504019328329142e-03
2.396788860126675136e-03
2.470518100611568228e-03
1.374943306495943858e-03
8.129546187400682510e-04
1.011903142511348403e-03
2.086512571946128915e-03
3.135679106627932422e-02
1.106752683731695303e-02
2.339538087382794958e-03
1.332799219745425595e-03
5.734971238310526860e-04
3.736709723830713525e-04
5.370708012304733050e-04
5.451707396120049820e-04
5.745303622467119731e-04
9.844714332024331275e-04
1.307273730334769729e-03
1.351902195817010488e-03
1.929975542317841249e-03
2.360320016985655456e-03
1.250292424904732779e-03
1.329193774537245102e-03
1.414894448791341637e-03
7.065396190561801845e-04
1.394482151263172183e-03
1.568623371533486160e-03
1.572906949870155405e-03
9.574192130026674139e-04
5.377188320920184067e-04
4.667818220672673287e-04
5.557253294032764345e-04
6.806137136794738595e-04
7.203413114926462317e-04
7.264210003689864064e-04
7.751532191972393491e-04
8.267070144347060190e-04
1.131158556140234722e-03
1.551242519439745325e-03
1.199039400514480139e-03
1.610126790660438732e-03
1.845378470413183182e-03
1.542992717011841802e-03
1.325529088713026495e-03
1.747664150304183064e-03
2.309372550752504874e-03
1.110025171592461104e-03
7.979761636247048682e-04
8.427796870508877424e-04
4.900991605621186388e-04
4.315395627473797178e-04
7.819782057735780948e-04
9.873504593718336608e-04
8.942521401235027558e-04
1.055733492011378793e-03
1.436544201762879943e-03
1.449527589961351190e-03
1.160089656734564949e-03
1.251497196258104022e-03
1.056512701084550343e-03
1.417235457792259809e-03
1.315866443358384248e-03
1.434163853165853521e-03
1.412576619039193409e-03
7.133458836531220235e-04
7.266920841862994527e-04
7.931024366429242477e-04
3.735584910204559745e-04
5.033531354252390603e-04
1.521131865533138219e-03
1.359919093897866060e-03
8.571417737286469735e-04
1.469804799678147604e-03
2.374615655597743687e-03
1.590495865719033066e-03
1.096902218045085753e-03
1.078411539249848590e-03
1.131686121440433250e-03
1.006522107747698279e-03
9.964808092283086033e-04
1.234494648247970536e-03
1.230690700614128774e-03
8.831231489519374622e-04
1.091046807054107601e-03
9.996152424683968449e-04
7.082508324568697168e-04
1.806084017049646752e-03
3.361951674312053853e-03
1.369397880884439889e-03
8.879940265754672187e-04
1.759379112948717371e-03
2.510145644854607731e-03
1.624371217830985559e-03
1.219057021909485681e-03
1.252520416033111412e-03
1.599412500462625477e-03
1.346153494339537076e-03
1.369159025189708393e-03
1.795669866471661952e-03
1.772240160004194152e-03
1.302738222736494079e-03
1.133192231843202285e-03
9.141554293648368077e-04
1.229223793894575938e-03
2.698750278276810209e-03
1.826158435818850661e-03
9.512359032639623605e-04
1.406311251204266088e-03
1.860166004251806058e-03
1.567696528498079217e-03
1.281028144279096077e-03
1.222560537794585263e-03
1.343833696069914822e-03
1.187767008251085958e-03
1.276779760657312333e-03
1.173891855942226208e-03
1.381760630163759171e-03
1.603253521698715057e-03
1.267571281144007052e-03
8.694766624339435226e-04
7.779441337313962139e-04
1.256668933210773262e-03
1.509428672266868417e-03
7.761357453398508820e-04
9.798094814155542277e-04
2.249482909611205932e-03
1.608831310264961963e-03
1.042842872646484358e-03
1.168385505973006415e-03
1.235626956227269327e-03
1.277887681967195726e-03
1.200279410181127621e-03
1.245204628528041001e-03
1.026776081792490176e-03
1.218674037645103500e-03
1.845857504654441076e-03
1.707180094067222527e-03
1.423931802853458436e-03
1.400356788027812011e-03
1.290999006372891503e-03
1.053088366895804737e-03
8.607451075214973477e-04
1.347231650604095070e-03
2.155072018473973717e-03
1.384480225120463936e-03
1.064969843077576096e-03
1.329871780410600774e-03
1.273378714271514688e-03
1.166046403045865572e-03
1.393357610086331079e-03
1.361665224264852750e-03
1.221531680508903444e-03
1.393261348995737930e-03
1.858181883603131617e-03
1.343056133335265379e-03
1.196507531444317672e-03
1.390434547403911116e-03
1.066504459153561979e-03
1.076546539457791428e-03
1.336791670452148811e-03
1.453210880951295988e-03
1.680878441233336559e-03
1.434717635152975854e-03
1.173577099698813525e-03
1.299731744007520022e-03
1.181059588457979322e-03
1.180790713237628168e-03
1.130827866457451191e-03
1.100327817133847684e-03
1.142770273935939888e-03
1.104335256476253338e-03
1.465023884012770080e-03
1.246789727178251525e-03
1.030159244088691426e-03
1.183265263756773551e-03
1.211084786859171862e-03
1.559413237309929898e-03
1.768419952533372081e-03
1.336919220339639978e-03
1.330491941899864363e-03
1.332145281678128162e-03
1.161748459501020774e-03
1.291742405832423243e-03
1.193595817173411172e-03
1.277115557550506956e-03
1.284343257012622629e-03
1.160209910330502105e-03
1.521006151614082277e-03
1.098869018864974834e-03
1.328425218199762777e-03
1.947109026196552342e-03
1.539241601121117513e-03
1.141369523519782797e-03
1.133484918128155024e-03
1.249571385260928079e-03
1.323836582792054526e-03
1.247240356642112264e-03
1.214879650116388547e-03
1.191952769915557986e-03
1.161126329704019683e-03
1.302933943255236548e-03
1.298433861839428044e-03
1.242650695354359036e-03
1.180940280892360701e-03
1.417527436158680810e-03
4.554530145157382852e-03
2.908778997888046385e-03
1.211274865781989101e-03
1.249840158466800121e-03
1.239562024525217836e-03
1.136213291406416642e-03
1.288034333162457442e-03
1.194599607266143585e-03
1.179298353976988194e-03
1.247949311354276712e-03
1.216617906476864840e-03
1.300919854060961049e-03
1.244216573738437864e-03
1.179815689218567058e-03
1.310938471366293861e-03
1.277416995350049095e-03
