9.456636013484988985e-04
9.591044323838060709e-04
5.749096149487931346e-04
4.416453474015757182e-04
6.338303520091246972e-04
9.209003094694982001e-04
5.884626786372565161e-04
3.166145814895571903e-04
5.470487200456423168e-04
8.593493887582375444e-04
4.668533417053601716e-04
3.554313718433737656e-04
6.900381949369395517e-04
1.056854915226785501e-03
7.423937954639872605e-04
6.274979395142206255e-04
5.144723273859485137e-04
3.680993708941965813e-04
6.200340655467625637e-04
6.957959395343686279e-04
4.867491462640800284e-04
4.479473555061106328e-04
5.426409785612519359e-04
6.187979765112564369e-04
6.500368504044348001e-04
8.210620712092264566e-04
1.206160137828576635e-03
7.159785785714572722e-04
3.056425149791086853e-04
3.287996013126938725e-04
5.359717995318697423e-04
5.265635210987709789e-04
3.267183717102386370e-04
2.924386054900476482e-04
3.022146014658447168e-04
6.714972622748675802e-04
5.251148327986963514e-04
6.469858764353244749e-04
5.705461041563394866e-04
3.169266205812280965e-04
3.131335746307344330e-04
4.123756948965378081e-04
3.541904414986910628e-04
3.775354689207200396e-04
6.020121554804151861e-04
5.233590941865176767e-04
3.644754058997265456e-04
3.118634162102089900e-04
3.163321756951005103e-04
4.380654989452912392e-04
4.588375533067073344e-04
4.080648796514655210e-04
3.739389694846825666e-04
8.041861676074369639e-04
2.788628939541466572e-04
3.295246780429850241e-04
6.364993378104453125e-04
2.793826123018880144e-04
1.907363066772754508e-04
3.658389704157813719e-04
4.156907847838539226e-04
3.254806935791633481e-04
3.389179531360476212e-04
4.230750261268018098e-04
6.106809746723500460e-04
4.887590476342917618e-04
4.018712059668520689e-04
7.256902525522341977e-04
7.077489684305580909e-04
5.037410265517949836e-04
5.039421561193979616e-04
4.205943209908934166e-04
5.998496061130263691e-04
2.934700434220631395e-04
6.540050112455905425e-04
5.180089764249061306e-04
3.085932536503581142e-04
4.742650061960151909e-04
5.973464711226174903e-04
4.430519103618463152e-04
3.655230005602212251e-04
4.180475911145692435e-04
5.678685558996363460e-04
4.449324737614142019e-04
4.360963692946062545e-04
7.664338999573739892e-04
4.934156213804952130e-04
3.012039885452052709e-04
4.278054554064680847e-04
2.287059220849712573e-04
1.303919764832540788e-03
4.159734333521993769e-04
4.305070798860860309e-04
6.902746834929951100e-04
6.267848453803810628e-04
8.604500218569056252e-04
7.580146094218582434e-04
3.412339736270938550e-04
3.240235041265740338e-04
4.829611992708855587e-04
5.200808669632028553e-04
3.645429282285044567e-04
2.831115075853215461e-04
3.506756491616598646e-04
3.090535872765061225e-04
2.844883662332743971e-04
5.357908876801734718e-04
5.813711010337789054e-04
6.291985098055526745e-04
7.127868381222437827e-04
4.308762623367905957e-04
5.966276975851011934e-04
4.707117771926484675e-04
7.717761399679698908e-04
8.557450656432968828e-04
2.962844676358438508e-04
2.782093559624764737e-04
4.546381078668932534e-04
5.122434527123665175e-04
4.956599554082103017e-04
2.976264867696925870e-04
2.688007359498660728e-04
5.103640066643442283e-04
6.847339289147812277e-04
8.579988245807830018e-04
1.656177409918030939e-03
3.281959755774906833e-04
1.450404020970886242e-03
7.838212708651672933e-04
6.805536152963093197e-04
2.930699760927886499e-04
3.500440718107770358e-04
5.443706438267764723e-04
3.386374621282739928e-04
3.768204932824093726e-04
3.755067032169111946e-04
3.220721328294370270e-04
5.565250328351464826e-04
5.497569924814518262e-04
4.890104940803712431e-04
9.220797417079029060e-04
9.633406770587253035e-04
7.041400404445398789e-04
1.133215881164058953e-03
2.873412422885196905e-04
9.150527744602846058e-04
4.454673574597019302e-04
4.739653168679021085e-04
4.202109605741913864e-04
5.481482144590657784e-04
5.260906721260463336e-04
3.601123575015240954e-04
5.573336070944789888e-04
4.810802431864171793e-04
2.816772574237218587e-04
4.371386792596257073e-04
5.509110399577248031e-04
4.484259219884075129e-04
4.996266730228299344e-04
4.655699689146377456e-04
4.170792405451661925e-04
4.490128296138436496e-04
4.502603512481409944e-04
5.188544247544814953e-04
4.680397725684553993e-04
4.087165643646555892e-04
5.161320158300884177e-04
1.148932708170788365e-03
7.891605187925576463e-04
3.245974803949486839e-04
4.042408515279114346e-04
4.331299762235401901e-04
3.619647869551497464e-04
4.710859212397588958e-04
3.957334891116785140e-04
2.511534755076877488e-04
2.701037038826105624e-04
3.843075624655319599e-04
4.768641105323227899e-04
2.876582097343355739e-04
9.435079102848112917e-04
1.005248203029994762e-03
9.129428035082671339e-03
2.651044906973829777e-03
3.878773502313375972e-04
4.699308083086735431e-04
4.544201282273783440e-04
2.389717848254868117e-04
2.150025347808252809e-04
1.945743025302762864e-04
2.797172511776206054e-04
6.112734166700976900e-04
5.346738436945282441e-04
3.131490441058125147e-04
3.740044262222950262e-04
6.757664494126191601e-04
8.673443784139433371e-04
3.454890649402767196e-04
7.299766273327101037e-04
1.082275256639641126e-03
1.530254785935380168e-01
3.769959032746657279e-02
1.006586012023992114e-03
3.798515767357676562e-04
2.654218922918305437e-04
1.747362366368080918e-04
1.928812208733321281e-04
1.573695261039802630e-04
1.722495491887122445e-04
3.907539717542550029e-04
5.051222219833345932e-04
3.734465216093038067e-04
3.890911578165837407e-04
5.682967928459850809e-04
8.351018464742761835e-04
4.522747031261860860e-04
4.506675143671435776e-04
7.993541813427308207e-04
2.473924896720626487e-01
1.093758463876509240e-01
4.067245241658671087e-03
1.030835291063689771e-03
3.256866328493995106e-04
1.279077042144323667e-04
1.786145112429741240e-04
2.241918901353064965e-04
1.602219431483012889e-04
1.956024950430830934e-04
2.753186867455094541e-04
3.115828971320604526e-04
3.753427512386285137e-04
4.022436398477896515e-04
5.350915760131186218e-04
4.809602423971798052e-04
4.829838524837145675e-04
1.557158003059807942e-03
1.482553455148435118e-01
5.733419858305398298e-02
2.655342762321506039e-03
7.933394921074341227e-04
3.969018937765293091e-04
1.446976947927215934e-04
1.511343283113124965e-04
2.250770436129961491e-04
1.842744158963775629e-04
2.204996706112371998e-04
2.865697551047204235e-04
3.553569379232514661e-04
6.213078220045668235e-04
6.044241589162662126e-04
4.951582598970031071e-04
5.356189641337460051e-04
4.631577940893591124e-04
1.423930640461406900e-03
2.480911200415502477e-02
1.145229958941774116e-02
8.192423593352196479e-04
4.071477600833932082e-04
5.068466303728214658e-04
2.230324470338385101e-04
1.527462745081300036e-04
1.713798296871481817e-04
1.690746682526110306e-04
3.230686126979759364e-04
3.916479435678330923e-04
3.188174936621485339e-04
6.029914341659633678e-04
6.998581807580727147e-04
4.360432336284149530e-04
5.018403476212748978e-04
5.124334023015835035e-04
4.207171046535776644e-04
1.525797984492113660e-03
1.668019330187642171e-03
4.539361917020862786e-04
3.840126935196125964e-04
3.979685009929356224e-04
1.557311501241969451e-04
1.399358204026691064e-04
1.626970569115025874e-04
1.541648697221846618e-04
3.281993229760107292e-04
3.705057567078944014e-04
2.353674311956857905e-04
3.813372616796426745e-04
4.818049683150724496e-04
3.060199441080671545e-04
3.892193688315937405e-04
6.129361124155109425e-04
3.563210853704690414e-04
5.575549867194649597e-04
6.798094315458991363e-04
3.426836382520710256e-04
2.939493445524029398e-04
1.908024111340701550e-04
9.790891488104066143e-05
1.545145846985967683e-04
1.869497191111148412e-04
1.615969323530802549e-04
2.658544174041487266e-04
2.789258914905872605e-04
2.409492788873318885e-04
3.586206925014206060e-04
3.715784673491243648e-04
2.656936070953627022e-04
3.899942031031887338e-04
3.786619794373268411e-04
6.004621415890880679e-04
8.759387897484621982e-04
7.201676427013476182e-04
3.683286125219436082e-04
3.027688341633930622e-04
2.108800695543401116e-04
1.685204146768112463e-04
2.330133719347381757e-04
1.852176967271996415e-04
1.551469451714160633e-04
2.027462740350297076e-04
2.145426272674174717e-04
3.001042818461316505e-04
4.341259677337038218e-04
3.793011126641366118e-04
3.361523687205665470e-04
4.459199284982911355e-04
2.953666076135988980e-04
5.105947055925170964e-04
5.758813596543506646e-04
5.067911863877295033e-04
4.464933542451485779e-04
4.913572080470475717e-04
3.779939311022989653e-04
2.825209701953819582e-04
2.625944815284265077e-04
1.962728121295820565e-04
1.921747542499204484e-04
2.172529892723441640e-04
2.462915947751770167e-04
4.100944693135086358e-04
4.955930014470529910e-04
4.398041365907873115e-04
4.723323551925025297e-04
3.859898167351805652e-04
5.245074309251097347e-04
4.345167278870474821e-04
3.122311093589938110e-04
3.310372455352909469e-04
4.329120111437735445e-04
5.282408212387266783e-04
4.006403533439705780e-04
2.632872458510118188e-04
2.571843834900103460e-04
3.089647660125353088e-04
3.468434474107196918e-04
3.107654084275556210e-04
3.214895471910136893e-04
4.213632827819189857e-04
3.982418251516052173e-04
4.037014580690967218e-04
4.777572946770423023e-04
2.975163565865046838e-04
4.781848093762350749e-04
4.363470875388891302e-04
3.444003414822591051e-04
3.779267177095623539e-04
4.061472088160907610e-04
3.916901278156705219e-04
3.434465688449741812e-04
2.910706856237364314e-04
3.389537535076938136e-04
4.604142902501247975e-04
4.453081382056399656e-04
3.433295086617899538e-04
3.242427880141757527e-04
3.348364036570913990e-04
3.163575020557673687e-04
3.654870505589232106e-04
4.108636742146971194e-04
3.393934980042069452e-04
2.428948156361503445e-04
3.792498977530188572e-04
3.754519433713771710e-04
4.487606239801836911e-04
4.585213160281264482e-04
3.644594081338184367e-04
3.265946833832810998e-04
3.300134846200816806e-04
3.629420036795915120e-04
3.726315894993780268e-04
3.105831491429886671e-04
2.926984263281467036e-04
3.460652520631980061e-04
3.951304570964047193e-04
4.353912891542315706e-04
4.400153476383635519e-04
3.683600452545202682e-04
4.705602212956645400e-04
3.335014186848856343e-04
4.900820226411744997e-04
3.683772808662781791e-04
4.400169101204458007e-04
5.726847256196875534e-04
4.654588475766417667e-04
3.360206464672694441e-04
2.735005133136163107e-04
2.464684424078835605e-04
2.262125091007334077e-04
2.169725182292212636e-04
2.762268964611756588e-04
4.167793741792910015e-04
5.642915902973548014e-04
6.053645934814374423e-04
3.963293815595778850e-04
2.255506652146027830e-04
3.726896311115560773e-04
4.517213038741964564e-04
5.337252575892394114e-04
3.151699967594987959e-04
2.912515125907802808e-04
3.717943012466642222e-04
3.939548651345481638e-04
3.475274735829986987e-04
2.600396790189906607e-04
1.914739631392820885e-04
1.709623066503994707e-04
1.802215297613919210e-04
2.059557793057216956e-04
2.485253025227625746e-04
3.195141994983838676e-04
3.233611205433859653e-04
1.680357974396840014e-04
8.535895884498786979e-05
1.567130909248645363e-04
1.290239073532072186e-04
1.970337817200552464e-04
1.554662030757200230e-04
9.626429358822701085e-05
7.912511488493346090e-05
1.225333739524182939e-04
2.404749503446397226e-04
2.655635963413267072e-04
1.688109732579079459e-04
1.099556891134409388e-04
7.702556489578690139e-05
4.443612389018290884e-05
2.793090774778226790e-05
3.175337788431435400e-05
4.479371697546169023e-05
3.741284956558560599e-05
2.872019794606075330e-05
5.896145351235392539e-05
