1.136034795907758278e-03
1.158422432998652222e-03
9.604603829328021156e-04
1.101636622712201053e-03
1.773243900072806736e-03
1.404792565296355275e-03
1.375926188380863615e-03
1.312706558723791264e-03
9.907467475360292024e-04
9.113235985648425637e-04
1.051945071038720573e-03
1.161904691977600499e-03
9.691912881591208031e-04
1.045216393083376900e-03
1.155494079425758470e-03
1.020480883514774621e-03
2.201765014692601795e-03
1.788131141069889589e-03
1.907466814268989931e-03
2.798914186691718511e-03
1.485162377439582567e-03
1.104352137919614382e-03
1.243905938776405798e-03
1.019911650400715138e-03
1.509074947640846659e-03
1.912289821501583081e-03
1.794670132007879400e-03
2.593464763381039123e-03
2.897818605790916484e-03
1.808218937420282132e-03
1.554594562851226852e-03
1.946808009234630380e-03
1.269993044438506771e-03
7.507711812098880359e-04
1.444189056280045531e-03
1.170468252797992855e-03
7.124919027513053425e-04
1.890765373720261532e-03
2.434518886082338244e-03
2.909095426935235859e-03
1.976184857816976059e-03
9.510333885163722856e-04
1.347700412739039413e-03
1.904662518680796555e-03
1.388747694949257717e-03
1.820319109596666741e-03
2.878249360060850751e-03
1.786467556521727489e-03
1.173955502122649196e-03
1.511595250330016391e-03
1.320972376142188261e-03
1.062045155554818768e-03
1.826848450167693544e-03
1.484643324677047517e-03
9.528419394023911150e-04
1.236684558377277188e-03
1.620785559786734999e-03
2.655624972312965477e-03
1.912063302582676667e-03
1.215651885309135998e-03
1.631295781287254347e-03
1.609328618734470707e-03
9.628298059984358604e-04
1.303564273361148282e-03
3.482329972180181997e-03
2.995005571097174562e-03
1.118761685068838914e-03
9.132155420693682238e-04
1.030590148737674152e-03
9.672098290136270761e-04
1.301965436058815555e-03
1.253511831842497350e-03
1.305215537731183126e-03
1.614832590049683015e-03
1.803611924262156930e-03
2.183682271943025114e-03
1.512084487958477571e-03
1.831434041506854651e-03
2.741085464297997494e-03
2.064310102011147983e-03
1.526369604670562178e-03
1.366838907782541405e-03
1.743473774218794918e-03
2.346373356865696404e-03
1.715753074058997416e-03
1.263300423797676609e-03
1.111685354428796919e-03
8.509727006702821808e-04
1.019023494689103894e-03
1.189321269288348909e-03
8.965922466497239576e-04
2.265455537542561230e-03
2.453260471058848688e-03
1.761361818046007803e-03
9.999383097430176049e-04
1.463475465510322236e-03
1.724615382947763216e-03
1.037135068472054859e-03
1.335305330775451473e-03
1.198853396577289829e-03
6.330028966602513872e-04
1.103856507722548530e-03
2.172429021740921590e-03
1.595093483547371533e-03
1.098628507954321765e-03
1.093196936241201374e-03
1.437592710870586044e-03
1.147875768680057564e-03
7.584044014141743187e-04
2.211270416013666213e-03
2.098890182585670498e-03
1.658034158954081305e-03
1.181303433699807054e-03
1.404352741158710130e-03
1.251322977711293027e-03
7.603259321433921596e-04
1.329026165113422362e-03
1.953165264882044880e-03
1.015999053021845230e-03
1.329429967905715673e-03
2.457752648587534488e-03
1.531247057037808191e-03
1.188857179304160039e-03
1.940266653527460833e-03
1.957131027452790450e-03
8.093303368753094725e-04
7.455876338933174231e-04
1.273931225558121941e-03
1.174678597845964538e-03
1.999934922862421117e-03
2.068071558305675014e-03
1.423722918167715998e-03
1.380289842507558115e-03
1.518571538941132417e-03
2.316636919651049713e-03
3.121747149616332147e-03
1.920495517254258884e-03
1.813502769142527485e-03
2.531117231159488948e-03
1.695218022829049270e-03
1.361200663940159705e-03
1.949299335199670795e-03
1.386549134820700985e-03
8.925949964941009120e-04
9.828754003076676810e-04
9.337358630282325276e-04
9.884705292955112566e-04
2.788035913886057881e-03
2.590345373814265540e-03
8.323617592596382290e-04
7.432473945959975270e-04
1.233981196416845992e-03
1.610256211825528702e-03
1.847255985121562787e-03
1.419276408054112332e-03
1.207522258701062678e-03
1.582840808478873113e-03
1.696376443905420759e-03
1.568381092194183696e-03
1.420291849071968074e-03
1.019934694869336451e-03
1.669365253157313383e-03
1.642826248129964934e-03
1.026568959322461585e-03
1.670096704495244730e-03
4.194059637932271226e-03
3.833797854693951797e-03
1.476574517307261076e-03
1.086533435723353001e-03
1.046338296871694717e-03
9.279668155495518402e-04
1.268151062562176707e-03
1.714508294578547757e-03
1.449212764524723980e-03
1.117672199442041551e-03
1.448516386838329768e-03
2.009967029785253347e-03
1.532902081057753007e-03
1.201912928614746589e-03
1.063037977350093834e-03
1.696723628563533062e-03
7.342058144141005386e-04
3.836304010882953409e-03
7.182436409833243239e-03
6.617948673461416208e-03
4.074373107210141863e-03
1.928531120446711237e-03
9.041582692243142413e-04
5.373170287950685894e-04
5.541328815630434165e-04
1.314926695556893231e-03
2.189142673666631851e-03
9.482751613581429356e-04
8.884010836796938509e-04
1.885658785877271587e-03
1.563758876694022011e-03
1.612281320107947658e-03
5.676018127407052912e-04
1.423027656330578747e-03
8.165842354614082652e-04
2.106056878897601820e-02
2.220396506314973803e-02
8.018956854635548789e-03
2.752725060309457218e-03
6.783702464577268110e-04
4.648376904662050529e-04
4.820501526418159428e-04
2.419411638358343779e-04
6.040120914961493240e-04
2.884077327401735145e-03
9.695497708081378006e-04
6.918930362201953111e-04
2.710545134582420697e-03
1.705143323248105259e-03
1.425668554375777216e-03
7.965552159991433822e-04
1.445187382372304730e-03
2.342853899479903530e-03
9.920875703896307740e-02
4.397942507790240929e-02
5.634025284564483926e-03
1.300835768121422122e-03
3.834064555691942206e-04
7.746344043279430446e-04
1.993591706169090937e-03
5.765797471471503788e-04
9.495935907269062882e-04
6.067650626997146864e-03
1.511227896371910911e-03
1.192929149868949623e-03
1.007718943950958526e-02
3.042800742328695927e-03
7.755122164597071576e-04
7.523804428210687434e-04
1.183000343445620925e-03
3.359660525045089861e-03
4.745110956882774705e-02
2.015772009749895038e-02
3.975706372566226859e-03
1.482673522262497896e-03
5.965387979840064284e-04
1.090805689106428633e-03
2.503865798964785040e-03
7.239729178318063526e-04
1.078469163902428390e-03
5.238952937046082933e-03
1.064057967031758686e-03
1.111320410405748724e-03
1.542672547438055271e-02
4.053892464458392665e-03
6.979964063951307534e-04
6.947467789947545450e-04
9.278761042964645900e-04
1.374187997493818252e-03
4.105558056626310015e-03
4.315380787989192730e-03
3.657048609192117307e-03
2.353585122290948687e-03
7.251216395606994427e-04
5.696844084623085619e-04
7.586092144963998496e-04
2.986241607703051014e-04
5.438112696040088784e-04
2.097140186955029524e-03
5.388501503475168859e-04
7.519544993999255919e-04
7.855007456740299016e-03
2.449500996012571319e-03
1.015911840206229662e-03
1.122296057278333609e-03
1.080729585869413855e-03
8.544356883968428533e-04
9.313272122304487328e-04
1.228335466382004084e-03
1.755844258830707195e-03
1.234099139667043992e-03
5.120354294639987459e-04
7.752778727521224137e-04
1.524354347683449856e-03
7.367329802692995774e-04
9.858321192871470715e-04
2.333711742970302934e-03
1.296428483319535079e-03
3.772821850879945482e-03
1.344273196999506807e-02
1.562867058014543158e-03
9.033702701120635949e-04
1.046087239665013978e-03
1.264524766212472969e-03
1.402738089343964030e-03
1.335465227359479857e-03
1.332368893891489698e-03
1.279755930036040844e-03
5.379552096939555677e-04
3.111334791566421564e-04
1.168529754308991970e-03
3.455929556133855926e-03
2.196931217808873859e-03
1.880436702197863094e-03
1.880397577490204326e-03
2.301242934868010480e-03
1.704306860086045317e-02
2.370233220823037001e-02
1.185584842713385129e-03
7.587255729987247730e-04
9.009276643017731382e-04
8.939901872295406794e-04
1.106367084083932986e-03
1.193629532836435218e-03
1.859351826590249345e-03
2.342441582239479080e-03
8.004902553802533500e-04
4.128556824948236806e-04
9.318347984927659224e-04
1.349444508494128956e-03
1.141250211640258173e-03
1.037849401476240250e-03
5.817861650277452020e-04
8.915146359484453151e-04
6.467898578618814891e-03
5.742771232189708246e-03
6.705063714688259350e-04
9.219555536868713269e-04
1.147221760525436816e-03
7.450458068393008351e-04
6.432618240441546420e-04
6.274655832597480186e-04
1.299054743731713809e-03
1.950327776229334245e-03
1.022119171162077719e-03
9.886578891178372883e-04
1.689157541671870277e-03
1.264178580753909506e-03
1.038040352241517911e-03
9.127917054168029152e-04
4.973006669528300941e-04
8.208964078436033944e-04
2.716396580560968051e-03
1.663028289025380657e-03
5.982827233388965946e-04
1.052902034497661113e-03
9.566560780192074785e-04
1.007707620257134330e-03
1.039453892366442320e-03
1.261032458408856919e-03
1.838375768866790713e-03
1.286913466194686577e-03
7.657658667800066677e-04
1.715702159642844889e-03
4.224539214456118040e-03
2.951993698393298900e-03
1.838657203028814515e-03
1.220386602029958391e-03
8.905057212211189453e-04
1.673203447398219660e-03
2.670511185533187750e-03
1.373552634242130926e-03
8.262639997037552570e-04
9.954156148272638987e-04
7.353998306621586023e-04
1.168535948316724036e-03
1.828822017370149502e-03
3.045759651582569897e-03
3.299657663677980305e-03
1.564822616069366746e-03
8.453457945160440523e-04
1.576987236826423886e-03
2.877227653563621187e-03
1.876548720103403791e-03
1.323127074589887115e-03
1.291103453266481465e-03
1.358819322631919487e-03
1.613590153974208416e-03
1.318154112295476287e-03
9.134600961097525881e-04
8.358384198017486909e-04
8.611047669738600878e-04
8.638728315046140900e-04
1.261346786652849626e-03
1.471759916861812168e-03
1.800230005263946933e-03
1.849630510893424899e-03
1.658750214870755371e-03
1.154678462039984525e-03
1.027153959472238472e-03
9.661981580572165471e-04
7.288562620663469787e-04
9.357174050421635187e-04
1.871389688657708978e-03
2.209621896980420216e-03
1.260733868904508233e-03
6.935361698734520243e-04
7.263266594920393324e-04
8.831169423959536790e-04
8.352227977316892390e-04
9.371502641991002981e-04
1.099240910570111309e-03
8.632323420465645930e-04
8.096846382397648260e-04
9.146826049702068461e-04
1.445042233267723394e-03
1.295938092432739148e-03
8.564983649961120269e-04
8.379232443260688917e-04
1.021289713404141411e-03
1.364636699773495460e-03
1.880669670063852888e-03
1.557002553710336952e-03
9.227731390556002554e-04
7.729504524147460783e-04
9.084188131139488143e-04
9.645399570931904431e-04
8.370283181846684692e-04
8.456810426011923589e-04
7.465274463991643543e-04
7.937826591868727679e-04
9.547715967015853698e-04
9.046672943743175148e-04
9.317498016412523480e-04
7.656248653732312037e-04
6.940178377391928010e-04
1.309765418056773288e-03
2.465011407661415500e-03
2.015910148657458403e-03
1.197551181928939836e-03
7.551609683316817118e-04
7.115658820583210722e-04
9.422269953923294349e-04
9.167589228838465398e-04
8.346514760376134642e-04
8.503436098366290441e-04
8.821075402419163367e-04
9.245008538690618026e-04
8.575568877751839738e-04
8.825195643004866671e-04
7.885452846975428637e-04
8.848758187554200440e-04
9.728120545580119533e-04
7.708510284764395456e-04
8.340763489034064932e-04
1.024055125409941173e-03
8.546148599460227707e-04
8.230075379457430212e-04
8.910502326240777714e-04
8.987900686438759622e-04
8.904662784525882663e-04
8.119555424661009570e-04
8.633953907033123506e-04
8.899516033406212152e-04
8.610338551145095640e-04
