2.638873623206671945e-03
6.526503481929544570e-04
7.504734358455513637e-04
1.041167391269640563e-03
1.358113864295376356e-03
6.376691843611127439e-04
5.479646291366924637e-04
1.185933795225762102e-03
9.543169187990025674e-04
8.014844812029816353e-04
9.327822385547712616e-04
7.814092067884371214e-04
9.571190928665898340e-04
6.952923371816015653e-04
3.949172408356475404e-04
5.321100530015914236e-04
6.174044854672884391e-04
7.322251356008765326e-04
7.096229703039213339e-04
6.604764540919907988e-04
9.883460268682905513e-04
8.819756704783683664e-04
9.769887443397691062e-04
7.993866593160699674e-04
6.933956964678100439e-04
8.676950609401621294e-04
8.958801963243647999e-04
1.032668471905105311e-03
7.836182003579020674e-04
3.866544582640079057e-04
3.141558694840616167e-04
4.015680239819843008e-04
1.059323849194021561e-03
1.581646115711357516e-03
7.791484144599795892e-04
2.349506936835620702e-03
7.901627144269623201e-04
6.833791849282288893e-04
1.208593329893206279e-03
6.998316728019403962e-04
5.199019165222699924e-04
9.456800877042673093e-04
1.192416798909380019e-03
8.939684046035403179e-04
1.020359092441063898e-03
1.066054986167253851e-03
5.900201229057215353e-04
6.562970736731495256e-04
9.407961143757093527e-04
6.550587625411607778e-04
9.261679856573220215e-04
1.006686619010366095e-03
5.709352245264763580e-04
1.933406264272452806e-03
1.011461934870920435e-03
6.563855026640462356e-04
1.325046902901829988e-03
9.963058330929360634e-04
7.230591237101620860e-04
1.475140960035109354e-03
1.658155004309955303e-03
7.565192601106712680e-04
8.661358909896153943e-04
1.224523184018726403e-03
6.459263134122585027e-04
6.097313587878238532e-04
9.244118504154710987e-04
7.528023115452524934e-04
9.160809826683744038e-04
9.461223357790870224e-04
6.565829635175486883e-04
5.050226267758204171e-04
1.342968822581670036e-03
8.858010783912137389e-04
1.028673986080569759e-03
1.076080903043941800e-03
9.191547820519524285e-04
7.112655696707747329e-04
4.476049677847910462e-04
3.554756060993680220e-04
6.347861378676401866e-04
9.619277969259295517e-04
4.854839665261816671e-04
2.978491014595785187e-04
5.019148288681827543e-04
9.711992244011529970e-04
1.284896041524988958e-03
1.052144103125083642e-03
1.156636550169705749e-03
7.871361892392839859e-04
2.083434369013360127e-03
1.046332396533216280e-03
8.012840582043858446e-04
9.187349813594547889e-04
1.122745023824717452e-03
6.723696941191487954e-04
3.564490035620420478e-04
5.146248972095642232e-04
8.748792814962911852e-04
5.982548776732141572e-04
3.087896167373263708e-04
3.014174460339274619e-04
6.363277948371662534e-04
1.331782274257801687e-03
1.148568761327395426e-03
6.791863930251027231e-04
1.106282044784463996e-03
2.061931684689966970e-03
1.376110010221824739e-03
9.918179450672506749e-04
1.478683119902946029e-03
9.386786308425367105e-04
7.221902199534885238e-04
8.225712499636412796e-04
7.283096520831583128e-04
1.190306316925293650e-03
1.963210939983384053e-03
9.803301273877916815e-04
6.311940080312445755e-04
8.210527660672515844e-04
9.353578850568786390e-04
1.110137782883516668e-03
1.094732208540756015e-03
9.702482240231161906e-04
1.479687330723504068e-03
1.753896168199974579e-03
5.330210307585333662e-04
1.040933694384530090e-03
2.685098297879545161e-03
1.538716781962071352e-03
6.051973087943867888e-04
4.907177517588374701e-04
3.980217986162895571e-04
6.933100761529469459e-04
2.146544313115240563e-03
1.678249428273182690e-03
1.187736120582188548e-03
1.334245316044970972e-03
8.350700217766368486e-04
8.755789093171998912e-04
1.329994500389300232e-03
1.365922133224143405e-03
1.801982569643284949e-03
1.153523582624835795e-03
4.495590768836636437e-04
5.659442484445590619e-04
8.617312730599189889e-04
2.762003534179865993e-03
2.474193097539469522e-03
9.589994561632806357e-04
4.882221879943209725e-04
5.093223149880490852e-04
1.074624416183845785e-03
9.154072771162850234e-04
7.117958696103631952e-04
8.784662672394513271e-04
5.553874770098763281e-04
7.495665417214995938e-04
1.456679920602674174e-03
8.777016069457805724e-04
9.603188303048861962e-04
1.106800681181293678e-03
7.750245914310369827e-04
3.090384022365486798e-04
5.073853719825809766e-04
4.230064318902050993e-03
3.612962214511036916e-03
1.298318296616177495e-03
1.331127835062722621e-03
7.851951662651111960e-04
5.826023763999116627e-04
6.188972799726980001e-04
7.154757586864121189e-04
9.298798982594301543e-04
5.404121923851493581e-04
7.627232203564230859e-04
2.131678660488481748e-03
1.103789518420742084e-03
7.865491171695783955e-04
8.898232248707480885e-04
1.049003963800348082e-03
4.493262902248787438e-04
4.639597799372452425e-03
1.087199436921654216e-02
1.666831494744825315e-03
6.768937927879767856e-04
1.135783799929425452e-03
5.489525461373338279e-04
4.170690354598483290e-04
6.372190735076423140e-04
5.924480521492529912e-04
6.142532703641437677e-04
4.398145468921110931e-04
5.853639805384378654e-04
1.421040887938139182e-03
1.030115799891302567e-03
9.930830994087560398e-04
5.920274556123337377e-04
1.130556050278915588e-03
8.800929678119867637e-04
5.531625174005833090e-02
4.279134663598035265e-02
6.554100583008624220e-03
3.838113574773980782e-03
1.743191701958952391e-03
5.581387015185136505e-04
7.705225036754753979e-04
8.225387166846743255e-04
3.113926929524237028e-04
2.773516141506626254e-04
3.916084592146324068e-04
5.405270928188221375e-04
5.301357407187634986e-04
3.887153217461072224e-04
8.361269467036747333e-04
4.342088899656640442e-04
1.255248501043853583e-03
1.525898096580953012e-03
1.298913522776973528e-01
9.068259525871243121e-02
5.361415829318351423e-02
3.357280720787074457e-02
2.854558549833538170e-03
7.501690389380413423e-04
1.443875182538501088e-03
1.187955358798337916e-03
4.555625959436279009e-04
3.759415549892247948e-04
5.856590712651466545e-04
9.157529707964582330e-04
5.995962308629832274e-04
3.942632857817775314e-04
7.566452972934649282e-04
3.222197264891331196e-04
1.260521129630467725e-03
1.637596525789212576e-03
6.425578610074880737e-02
4.534114566288104803e-02
4.220620194675013537e-02
1.673631228079933489e-02
9.339693906171237046e-04
3.454065943466486446e-04
4.990060778074915417e-04
4.264941687462108248e-04
4.502110804289019314e-04
4.465279220888157324e-04
5.191347824416083379e-04
8.838674676448399388e-04
7.450952973494909303e-04
6.691783358006543007e-04
8.907943162349933608e-04
3.809473001786336014e-04
1.275134517306543555e-03
7.651368090296349796e-04
1.272276680367251216e-02
8.215519958028508207e-03
6.497022167973463130e-03
2.982402685310773290e-03
4.353447803325204949e-04
3.217981081983652906e-04
2.663028714054269824e-04
1.376945991657887612e-04
2.321356543525549823e-04
3.788879270157808222e-04
5.114752695347033178e-04
7.758675141584757406e-04
5.823276059608540819e-04
6.033908433265256725e-04
8.292350609809224582e-04
6.175420675734868492e-04
1.093551846983214799e-03
3.780447081920306407e-04
6.280731842190484353e-03
3.205869038722946804e-03
1.323661450241575424e-03
9.345768480987323061e-04
3.753537909139530735e-04
5.129165464860547391e-04
6.224468237423725139e-04
3.246744879006426324e-04
3.970581493450459250e-04
5.208257603018791142e-04
6.441279421678437235e-04
9.773798050924716475e-04
7.601981664056672557e-04
6.351925079455761434e-04
6.293129408757236129e-04
5.230461240708924415e-04
8.691235932433376667e-04
5.054548952296991984e-04
9.494658962904948055e-03
3.311486425199340784e-03
7.789254531858610985e-04
7.862793233296331121e-04
3.393975476941611452e-04
3.004425846129572678e-04
7.388328925504238998e-04
1.121814186305506236e-03
1.226061538586191131e-03
6.358618340939701510e-04
3.758901742952625025e-04
6.707066439716257789e-04
9.249305412648321312e-04
7.512469195336649334e-04
5.417739189943159266e-04
3.886639105194005742e-04
7.819968410837716119e-04
7.922364402985105237e-04
4.826185952558680568e-03
1.438952200271188375e-03
5.744949764377395209e-04
1.256022209519026345e-03
6.010388003361469928e-04
2.416105882692935335e-04
4.710324672321978905e-04
1.143235401837207430e-03
1.587116540777159125e-03
7.169758355568520191e-04
3.078994609854904902e-04
4.814546583139739464e-04
7.237270495858610974e-04
6.337666312471317313e-04
6.159829671385677434e-04
5.788039134174824060e-04
7.085825048966303908e-04
6.721958866577376797e-04
1.022269859398030733e-03
5.199548179777951874e-04
3.785932757570305849e-04
8.085733340459059929e-04
6.346740356438932210e-04
3.688736331366182508e-04
4.854112900222595632e-04
6.672508196739663795e-04
9.404996398818684343e-04
8.791964688018165429e-04
6.290798262733924250e-04
7.412082370581710893e-04
7.098098067063511813e-04
6.164894165507082188e-04
8.473478942282046443e-04
9.501370749418555509e-04
6.855616361007506364e-04
5.401348707318506109e-04
6.846548363086855330e-04
1.023526118308490688e-03
6.571264409620230368e-04
4.414029709077974374e-04
4.253748568932600263e-04
5.592078106403765899e-04
6.855890508123846936e-04
5.130005260457041767e-04
5.064993665707201659e-04
6.518088027541186352e-04
7.572916778454935995e-04
8.605411653103897662e-04
6.857318678282774181e-04
6.181236670306145984e-04
8.832766140021066498e-04
9.685303475308067568e-04
5.800097576414101497e-04
4.361728947943038347e-04
7.688900259682922332e-04
1.913725319532044288e-03
1.018196289122611127e-03
4.504341176094118376e-04
5.322704665926073766e-04
7.933263676496237577e-04
7.971457606073570172e-04
5.295624345676765718e-04
4.148141924254075338e-04
4.446111344433540486e-04
5.615869078606691147e-04
7.086184505930458915e-04
6.202663000977795939e-04
5.407846181980053646e-04
6.312237199060488201e-04
7.160074600036042767e-04
5.011942702260127353e-04
4.697616399098927245e-04
9.491888772427804852e-04
1.440343032742583563e-03
6.149435488886020613e-04
4.155333036509615738e-04
6.479089637439872746e-04
7.078752106651250552e-04
5.874042294876849609e-04
4.998140102924650231e-04
4.641307677451155184e-04
5.131203149635143014e-04
6.511359737028919216e-04
7.757021533476048721e-04
6.722509593975568376e-04
5.275246113046546011e-04
4.781463890120453810e-04
5.337835919112165692e-04
5.536592561631808020e-04
7.348888865819304308e-04
1.773244578946401445e-03
1.600615232484404451e-03
5.413470916790451802e-04
4.464925590545075961e-04
6.826049260994007922e-04
6.001481070657775771e-04
4.781995205989145702e-04
4.457950292001004776e-04
4.395767421289454354e-04
5.412514838835990683e-04
7.066494396921389840e-04
7.227363186226364944e-04
5.891560989776769338e-04
5.065722808063621591e-04
4.715143882831664959e-04
5.293178885722637974e-04
4.862481092045361987e-04
5.226024265184172051e-04
1.063146483590992177e-03
9.955903025401281227e-04
4.860061065540973411e-04
4.533161657447851872e-04
6.073846348906199871e-04
5.740940414724595093e-04
5.273661198164142014e-04
4.682196709259790236e-04
3.661392627993876919e-04
3.533664953387005898e-04
4.256376410760994095e-04
4.584008388688014918e-04
3.988474802713515765e-04
3.616205297988626011e-04
3.453397843880837907e-04
4.107696707230270423e-04
3.831394581860930759e-04
2.794990137209756921e-04
3.665782468887416549e-04
4.581552599581231906e-04
3.689970268517789157e-04
2.726786326004838716e-04
2.428099970244010808e-04
2.655918237687339162e-04
3.326848443206395826e-04
3.391598709523028013e-04
2.380326273895578409e-04
1.541035083810931346e-04
1.450092917668045712e-04
1.993395498042594490e-04
2.352865126596338709e-04
2.002609460763469943e-04
1.594094089237296807e-04
2.076875260284739995e-04
