6.677760522536180156e-04
1.275188278132133876e-03
1.233982293057471480e-02
1.821583625692936581e-02
5.149629482506089088e-03
1.331841149549267342e-03
1.171824863093125094e-03
1.231279865551216908e-03
7.351559160813987042e-04
7.798167936244821200e-04
1.163757411655154698e-03
1.463386982841500573e-03
1.089601916541154758e-03
5.538649362962154129e-04
7.006805842056839035e-04
1.095729661110179769e-03
8.320923296853164697e-04
1.423524522732572085e-03
1.718203708784233523e-03
7.804914173449400928e-04
1.940908737114923656e-03
2.462594887504187570e-03
2.079661009577800368e-03
8.424805556492572347e-04
6.108812118446965917e-04
1.602389999570383349e-03
2.819338327335346554e-03
1.643776520549056772e-03
7.809801920276916200e-04
9.140060264586712764e-04
1.205414232634342917e-03
7.682596084349878080e-04
7.824155522548898855e-04
1.035889955363627742e-03
7.206294414214119842e-04
5.663607111856029403e-04
1.584440428615521224e-03
1.138587819168190678e-03
1.424400452456023531e-03
7.432579411969621533e-04
1.161165133017088690e-03
1.096495700555605345e-03
6.520819968659111003e-04
1.348618186115556989e-03
3.372766108281511060e-03
3.160237842251677025e-03
2.332809786083591807e-03
2.836277108976951056e-03
2.128468426655529162e-03
8.455316031756604121e-04
7.411603617323172079e-04
1.017932151702383983e-03
1.101755365095520925e-03
1.215402602390103920e-03
1.100701899999444915e-03
1.181258613133506340e-03
1.695615890255387347e-03
6.880977612361638754e-04
1.044608360348359263e-03
1.589430878601325774e-03
1.111762390414530646e-03
1.091617866749160530e-03
1.213857217885156358e-03
1.329439316349014227e-03
2.105406596306580707e-03
3.082223264050730320e-03
1.689523514525114204e-03
8.775717912291488816e-04
1.110031682332273621e-03
9.294228667605131415e-04
6.453749566589345697e-04
1.139143378216976197e-03
1.332096950931135112e-03
1.037670836280820503e-03
2.131181180762106026e-03
1.143994628247766484e-03
1.020915785600404017e-03
1.037401722232063729e-03
8.846374660735278287e-04
1.132706848994147805e-03
1.174527690644077815e-03
8.168811674379772075e-04
8.350116173635387410e-04
1.282063017956790521e-03
1.178024189985540059e-03
1.046803665333859851e-03
1.546365807110633818e-03
1.188118998966575636e-03
7.968806745004286280e-04
1.163560683641408355e-03
1.044687379454362769e-03
6.994868608560302634e-04
1.232478488925909483e-03
7.766244495123896148e-04
8.883479339093269854e-04
8.587583257237113967e-04
5.254235713814259115e-04
8.053700528893248866e-04
1.503954428078532529e-03
1.110143162361911526e-03
7.757408975195230266e-04
1.056416001214779054e-03
1.335227527796952439e-03
1.215380931036743857e-03
1.161048684931011892e-03
1.076420045302769806e-03
1.520001642152313736e-03
1.523310679486472238e-03
6.980297691443139614e-04
7.333627107616109064e-04
1.144243499906577588e-03
6.047093535896180209e-04
7.837953945317787741e-04
9.479544033972760707e-04
4.319913690247332476e-04
4.258009319673310492e-04
8.548876898193361225e-04
1.001905662320176985e-03
9.086631684634701540e-04
9.297042706501882975e-04
1.120143818734268626e-03
1.757238703255327612e-03
1.868220708853662480e-03
9.568395430017643394e-04
1.040643049855227101e-03
1.053777759205311347e-03
6.677644792841444348e-04
7.605011324732625184e-04
1.946516565803758144e-03
1.306497458414003152e-03
8.262037478518325078e-04
7.138084706655495239e-04
4.342811969578213205e-04
3.498401715488249210e-04
4.647117438485821525e-04
6.432014306055633965e-04
7.583772312179746372e-04
5.871540503506939880e-04
6.075470524574442610e-04
2.382549095778196003e-03
6.881054401789103020e-03
1.975810435776944630e-03
7.790430778790569241e-04
8.775431613474287415e-04
6.948082089516291037e-04
5.494393644447820605e-04
1.579625069544064384e-03
1.780736529353394880e-03
8.264605119377458828e-04
5.769348399878912849e-04
6.342164575255232733e-04
5.435770062091895786e-04
3.979665828105475754e-04
4.473318255996826167e-04
7.105037169844400508e-04
7.813535776440842968e-04
6.180452143847041174e-04
1.635848199084384471e-03
6.911185744809623943e-03
2.257819017305796004e-03
7.129906108185564764e-04
9.589538420170057266e-04
8.120893948980102304e-04
7.231340491218611524e-04
1.029919431969039765e-03
1.070103170591443081e-03
7.307369497690076408e-04
5.542371578991908600e-04
6.821447468480510475e-04
6.236399994121703686e-04
3.792831664379611853e-04
3.541304867132694318e-04
6.245844731412386131e-04
1.201089114108321552e-03
8.935737020583465074e-04
9.146268423772454127e-04
3.294421624963731008e-03
1.742681503439147189e-03
7.673180322689725566e-04
1.029618924536066567e-03
1.308410073735157605e-03
1.124987140072514821e-03
9.376430467428243948e-04
6.285134126982059363e-04
7.123431283904090288e-04
6.550673644100376896e-04
5.743098614677082103e-04
4.806258749313753291e-04
3.460711124711797091e-04
3.615762659707226685e-04
4.900330407623397543e-04
7.613362226193524668e-04
5.894106843350307642e-04
4.967060288218459220e-04
2.203690648941945655e-03
2.231418592175293814e-03
1.319729966129463711e-03
1.347148153122997840e-03
1.482784478666577090e-03
1.238010472456195369e-03
2.653619950287169557e-03
1.150376967582890809e-03
8.223861338058534786e-04
7.400762506076444388e-04
5.470074105032256663e-04
4.013418092653745395e-04
3.007696092814130754e-04
4.027008815064478365e-04
4.772401465749772308e-04
4.454960327625499209e-04
3.587325219205295883e-04
4.366789152104905321e-04
2.430461812587006009e-03
2.657938598552878583e-03
1.246447888513642355e-03
1.101979444706204696e-03
8.178904422014488971e-04
1.558141621862141292e-03
2.730642312408642150e-02
8.307283919677239253e-03
1.258222069593697805e-03
6.114852286170706320e-04
4.136716929326097331e-04
3.282728758896650547e-04
2.744233351298569013e-04
3.635665412386327507e-04
4.412855342696558880e-04
4.679238584572323551e-04
4.788492489612828458e-04
9.146012132898036998e-04
5.526306326036684556e-03
3.548196246952384746e-03
8.958472463329722121e-04
7.220338118892918704e-04
6.349504793923077626e-04
1.090150594746487536e-03
2.519081764530384931e-02
6.832966456512359378e-03
8.748556893380815287e-04
5.426187207455921433e-04
3.505398537475143341e-04
2.672503881308205785e-04
3.117185523127083174e-04
3.763435907801058913e-04
4.207914247794588983e-04
6.085275365951781047e-04
5.460198776073227692e-04
8.353996470566539328e-04
3.768978241904298761e-03
1.986138704093746120e-03
7.921912808158873944e-04
7.930089342421195323e-04
1.049132598575361081e-03
6.344207161150659151e-04
2.153813387289497429e-03
6.667195054627047569e-04
3.891836319999141306e-04
7.272354018260294940e-04
4.799185940892609350e-04
2.792516177018522332e-04
3.848179376870242445e-04
4.455302309438160711e-04
4.828203739873392682e-04
7.890185485644674512e-04
5.290861345549874957e-04
6.508896107802538290e-04
2.125979274887038976e-03
1.015248165323096854e-03
8.599949620132789265e-04
9.955814569845328373e-04
1.441611318057786032e-03
1.117492241089339125e-03
1.152950944408967721e-03
4.946065941430628473e-04
4.876800051488250983e-04
7.110976350089822989e-04
4.902889432755910652e-04
3.587434624456433199e-04
4.101640374728109583e-04
3.711541100570631851e-04
4.512362383086274305e-04
7.565061250176766550e-04
5.388102288379388594e-04
1.209260493670402063e-03
5.301237614933652052e-03
1.815558004779962552e-03
9.836426929503989513e-04
8.725265914354793546e-04
8.750159084416100604e-04
1.268229889609807969e-03
1.357969691508216893e-03
1.017771708167678575e-03
7.360567033946070065e-04
4.362702857076216191e-04
4.323919090831206450e-04
5.341550206645861694e-04
3.917165065994225831e-04
3.290711308037358516e-04
4.456916863311155964e-04
4.797107044795883798e-04
4.138737400272296941e-04
1.545317036329750017e-03
5.007094030980386787e-03
1.317168412796373977e-03
6.546179739057792889e-04
7.229124611149931193e-04
6.008768196049444309e-04
6.406141949521232002e-04
7.337003313279617019e-04
8.959236281060682086e-04
8.714503813403880455e-04
5.362586529727271728e-04
6.097527603768941248e-04
5.262424500777075327e-04
2.834352892732955971e-04
4.407404435586420306e-04
5.112023534319388692e-04
2.869652216380313612e-04
8.156041539413064721e-04
6.332036971347283077e-03
4.260128951712518867e-03
5.873339293180404857e-04
6.675623759344910188e-04
9.432124879137195397e-04
9.446793197131945303e-04
7.622489671730611326e-04
8.710226070817320490e-04
1.003045020769227202e-03
1.141493860095901336e-03
8.868880661944165489e-04
7.159669816655143482e-04
3.939188482429820852e-04
3.416840197307181208e-04
8.986064475269200718e-04
5.793113394131185930e-04
2.896737411672034601e-04
4.000856953524997359e-03
5.859804742859092697e-02
1.051100323748074654e-02
7.627042033454713285e-04
1.077948947402238922e-03
9.350930174655829215e-04
9.221447753441909360e-04
8.517827951421367422e-04
1.225947690383823695e-03
1.172430035611638117e-03
9.727690245228117968e-04
7.175081189809103584e-04
5.669437407869324297e-04
5.306449759125692186e-04
7.873414858858095557e-04
1.034672332050635187e-03
6.023179043913810121e-04
9.909340063570272732e-04
1.016878218633764965e-02
2.655612840303754607e-02
4.294871545038615387e-03
8.327932673017156675e-04
9.498206770636701945e-04
7.055583899080931269e-04
6.525089820120851414e-04
8.184161889627832248e-04
1.360936726814555896e-03
1.229208412881764665e-03
9.123250854393646393e-04
8.124409560872911454e-04
7.119489627962461657e-04
7.147088758342638260e-04
7.065789730918718616e-04
4.581993223502580943e-04
1.005721109556881581e-03
1.114578170020304182e-02
1.906855659670656997e-02
2.173716077247724292e-03
5.737380386763187273e-04
7.166046084798504074e-04
7.201695860060215899e-04
8.160256485541608502e-04
8.022418745515248186e-04
1.026175740570123502e-03
1.394193499209982114e-03
1.153982718456333717e-03
8.903826797010716857e-04
1.148832386946318108e-03
1.104863283960301435e-03
6.804295335463279686e-04
5.200846670984631426e-04
6.339901902389067333e-04
3.374243479178919494e-03
3.022473117656418809e-02
1.392694574265556338e-02
8.085221540066850040e-04
4.465504982840145663e-04
1.048321471523058507e-03
7.552934127291393651e-04
8.285750746068281086e-04
8.072201927930139614e-04
5.168775620606434751e-04
9.513488220780469927e-04
1.190547528587550166e-03
7.524909791878652042e-04
7.142359417019384553e-04
7.582477076298981249e-04
7.010276024250100589e-04
1.352969036925789339e-03
3.912312448736691289e-03
6.156343286618455417e-03
4.035931525183822192e-03
1.477585591420143988e-03
6.829666611423009740e-04
7.834424084396296364e-04
9.970465732032313209e-04
7.170656531142743798e-04
7.514000743597442147e-04
8.746686896293555695e-04
5.716752321907368024e-04
4.012094554061961145e-03
1.002055687744217785e-02
5.382892941898202895e-03
2.360783451803309587e-03
1.118221535269041302e-03
1.199734912494751461e-03
4.385673088288382336e-03
9.516095945044817164e-03
3.996641283482180000e-03
8.727942483988475851e-04
5.257569645511688070e-04
8.964854244559869933e-04
9.711794375245316529e-04
6.882246588447540111e-04
7.611439194941782126e-04
8.933224003089188219e-04
6.898119776672285595e-04
2.707574686827648493e-03
4.358907706923967340e-02
6.025986241304592816e-02
5.021430655257088510e-02
4.907727075602077993e-02
8.504593352908117188e-03
1.723879960889136698e-03
1.534711085614458683e-03
9.763982420620222940e-04
6.389975971005417343e-04
8.245106809095784821e-04
8.639481404871468886e-04
7.871516950521607230e-04
7.534056770069185848e-04
7.508081553950653577e-04
9.078982456422358006e-04
7.241321469835498414e-04
