1.057977805900761365e-03
1.855536653042973074e-03
2.035264966264578070e-03
1.242855226164083730e-03
1.498000593880823624e-03
2.291948863555830392e-03
1.804706294679614366e-03
1.311244339306362559e-03
1.352049628227930530e-03
1.362249211437247757e-03
1.259596831873134159e-03
9.478351779472044512e-04
8.937397403573301867e-04
1.324693297936856010e-03
1.118856729162514977e-03
8.958602320829443929e-04
1.748712895147599630e-03
1.698867790194525003e-03
1.314838556706946415e-03
1.371139511192637217e-03
7.990074521865421324e-04
8.069906680586375405e-04
1.496069085333484247e-03
1.325780716657875766e-03
6.621291099258218250e-04
7.161529906838599900e-04
1.419126939013680986e-03
1.396309884036224091e-03
8.238750478110574765e-04
7.459861297177130483e-04
1.186281906364651919e-03
1.577111088809621080e-03
1.187987958696398900e-03
1.242350333292572282e-03
1.546991811336075311e-03
1.235373770053523014e-03
1.909870336799844451e-03
1.533118993522696602e-03
1.097695311072275888e-03
1.126034288212215528e-03
1.568055523871170675e-03
1.224163152278030364e-03
8.347776122921358099e-04
1.144120686087614011e-03
2.064022030831614597e-03
1.832149307607965506e-03
9.630217652966707557e-04
8.485695956887702018e-04
1.300622786150603576e-03
1.220226246955001407e-03
7.609383375116427232e-04
9.257721091314145704e-04
9.974105415108034355e-04
9.731069584103375870e-04
1.112597433923831654e-03
1.411234225572372773e-03
2.125419353183416894e-03
1.253080978321722194e-03
1.199136481744887423e-03
1.306953242103691716e-03
1.329929758877934978e-03
1.329149576763998062e-03
1.215784299440980610e-03
1.358580451819358260e-03
1.333785914895556542e-03
1.281717890963282244e-03
1.674288975956445555e-03
1.419243486743378612e-03
8.325654142356567981e-04
9.672422322467380019e-04
1.041422385553548253e-03
1.008724436916797135e-03
1.552798196699249535e-03
2.730585832338866450e-03
4.131367962519117733e-03
1.439051268757323690e-03
1.465424662891831598e-03
1.576740816906118574e-03
1.299099067174764189e-03
1.130074987405266284e-03
7.740919197593482994e-04
8.810191220526622773e-04
1.226209402951481450e-03
1.352020803914377560e-03
1.815403416772490156e-03
1.704118953833071897e-03
1.113706704290629837e-03
1.329711253612099985e-03
1.386124644329208341e-03
1.109703217762521201e-03
1.328529213901020979e-03
2.295760026910963029e-03
2.509123796453599075e-03
1.333206998127174419e-03
2.197948320787700138e-03
1.843910606467061937e-03
1.173800315358140660e-03
1.155936856384277714e-03
7.766870790313221487e-04
6.583478511537638883e-04
8.112864636312820590e-04
9.831239756273449978e-04
1.505062910070497197e-03
1.405652317796616136e-03
9.028884852713436361e-04
1.269052259078397521e-03
1.557507623085624187e-03
1.363207973985036897e-03
9.598266938416619631e-04
1.566878598646613465e-03
1.631051112128518825e-03
1.484225189028082941e-03
2.100989162950772822e-03
1.562777761048215986e-03
1.365804580522632112e-03
1.515631464601688641e-03
1.199846858367208981e-03
1.013051916453749967e-03
8.312133688684826592e-04
6.827039068349325572e-04
1.051198558033311550e-03
1.193024563886012097e-03
8.416844221864254547e-04
1.315305360874295627e-03
1.730280740430280512e-03
1.330554873718500395e-03
1.209282651908811981e-03
1.282032438580336334e-03
1.654825411302593722e-03
2.155706943237213451e-03
1.709928645089369174e-03
1.201545620092644810e-03
1.131706728022056820e-03
8.886817055658104191e-04
1.048177620364496498e-03
1.362247278893813666e-03
9.132485540530145898e-04
6.023715731532697281e-04
8.953049142304972743e-04
1.170180773809874949e-03
9.063872818136569720e-04
1.261318945620026498e-03
1.584090521557825161e-03
1.134750515294649740e-03
1.025852340502959436e-03
1.024033964646483283e-03
1.773977672661530792e-03
2.810954285094487571e-03
1.564934499221535885e-03
1.223466797328973555e-03
1.007377958669378962e-03
5.403096888535246708e-04
8.249209846711505348e-04
1.133130215536568832e-03
8.109610312867400342e-04
8.047826423485657027e-04
9.616495009294860098e-04
8.700976945020853044e-04
7.529270288574764361e-04
1.043119433628968574e-03
1.393070122961183061e-03
1.357907595368414069e-03
1.008501644454115262e-03
1.579281944167204143e-03
1.931503802372948027e-03
2.146127753834051449e-03
1.248334266385637756e-03
1.096861989522477602e-03
9.193044317819951605e-04
6.325850352424924796e-04
9.846862872275317143e-04
8.987091101320497785e-04
7.578806502243958659e-04
1.002890907373743404e-03
7.475896679458827413e-04
6.187825956065304712e-04
9.190062000825624869e-04
1.263092408093680324e-03
1.265706167370073002e-03
1.004800864533158958e-03
1.221482900306822663e-03
1.033461650398703269e-03
1.154636065524521690e-03
1.724864559763397307e-03
2.345753172029865080e-03
1.651963773848230937e-03
8.276072469290458476e-04
6.690091371536398225e-04
7.248185399398674594e-04
4.809189554690523395e-04
5.884892650960644404e-04
7.410409778203266547e-04
4.533395500081865959e-04
6.628117754484858263e-04
1.404396867449997279e-03
1.361445183316946231e-03
1.164101875895201706e-03
6.378449356735230776e-04
1.115146421568959231e-03
6.860198387421529397e-04
5.079658494398196777e-03
1.425568482436279788e-02
2.488581091584812777e-02
9.903247450844566979e-03
1.976419080631588304e-03
1.021893336119315604e-03
6.802665797486572930e-04
4.772554437616390315e-04
7.006029098888509350e-04
6.353402790919352979e-04
4.353059803362625607e-04
8.220711279801091054e-04
1.070109953679829629e-03
7.529248175560328315e-04
1.039520580259943551e-03
9.630671289944360775e-04
1.037377890161143498e-03
2.293022570176959062e-03
1.078839276418554483e-01
1.048343008389965025e-01
5.420960077637840963e-02
2.072531181359301908e-02
3.565132934839477033e-03
1.163825344756468008e-03
7.698514446916858173e-04
8.787904081371622576e-04
1.065214047534730150e-03
6.146553821570414477e-04
5.153399003649451098e-04
8.759223658117153448e-04
7.904141385771542259e-04
6.417109642302132322e-04
9.773277564808669372e-04
1.692949848021118838e-03
8.473217745454730615e-04
2.644771347151807922e-03
7.245856429328711990e-02
2.195749361779546563e-02
6.623146895793968411e-03
5.683408419561136737e-03
2.333922759837773423e-03
8.884345604183608181e-04
6.124620277660592325e-04
7.180734639958295589e-04
6.331871985361264572e-04
3.447487697807128325e-04
3.851888217186242550e-04
6.744100645735057924e-04
8.507114273351679915e-04
1.030444108078376044e-03
8.981599986338359345e-04
1.499079739341379301e-03
7.499514662141505130e-04
7.730790349733515556e-04
7.069082656301444584e-03
5.156118232289427609e-03
2.237765863531128614e-03
1.741369322211653182e-03
1.417864153085218780e-03
1.080315932680529474e-03
6.224972784712447206e-04
4.651805963775732899e-04
4.525363695884293785e-04
4.105893074345641296e-04
5.306848259670777362e-04
6.641527142232198392e-04
8.471848256325615169e-04
1.229334543488453790e-03
8.025675930496872822e-04
1.208342073057155864e-03
1.078238631609447929e-03
6.947171809642815063e-04
4.477398357564646783e-03
9.111515822808191958e-03
3.183633596481493921e-03
9.046878026017993049e-04
8.529157427629156145e-04
1.173490443848326705e-03
5.911505076146522739e-04
3.678325436484200213e-04
4.773806039200740648e-04
5.849987739963571172e-04
8.538797044722108058e-04
9.097627165567983209e-04
8.258389421576184863e-04
1.082986809880732331e-03
9.003643229272118411e-04
1.416922216093203157e-03
1.511120258108045048e-03
1.291210390617248066e-03
4.497898232041947462e-03
5.784092910338211289e-03
1.879604487852434662e-03
6.359241372933138216e-04
8.048820436179173659e-04
1.301665089236787257e-03
5.826675229678325964e-04
3.710823027487811861e-04
4.560175653950215673e-04
3.394587369249173030e-04
5.062122741414186835e-04
9.740272323920630892e-04
9.289144255333068104e-04
1.075197647861891913e-03
1.162893500816305440e-03
1.204871158467631749e-03
1.065033260948658250e-03
9.102529908739494724e-04
2.079167443825695634e-03
1.398425441802786428e-03
9.068830061807031228e-04
7.705986182422954085e-04
8.775078911442310255e-04
1.147258098040731958e-03
5.657546711520241656e-04
5.174444288323041272e-04
9.210111058953513070e-04
5.225896389492772293e-04
5.387572236096732636e-04
1.117435333181267688e-03
9.532170432030421820e-04
9.519594160946556359e-04
1.152921920371519776e-03
7.777521877554062100e-04
7.822293084561594400e-04
7.734480992516068638e-04
3.690457390194669396e-03
1.936780129689306745e-03
1.764737542233228099e-03
1.819070190703576733e-03
8.954725070226224760e-04
9.187508791564183170e-04
6.541644411672788628e-04
6.145616027504342133e-04
1.309710183864653925e-03
1.012397929434398968e-03
7.981248789499100242e-04
1.043787403562320944e-03
7.876002267554542110e-04
8.085006273632819578e-04
1.001314322547707837e-03
8.698666967214591268e-04
8.479863292837804814e-04
1.633948662994269595e-03
1.717603744446801958e-02
5.103463194348643005e-03
3.229432781311018449e-03
3.218901803761334973e-03
1.086472981482559290e-03
1.258273907023381606e-03
1.328961743330283858e-03
7.074942116020807191e-04
7.705087421549445311e-04
7.244748798347926035e-04
6.499612566390650407e-04
7.984277847219185126e-04
8.289926522792598687e-04
9.968882475571596950e-04
9.582376512572114832e-04
9.916403619677702230e-04
7.775880753247654776e-04
1.473704451836621446e-03
1.019857553735815762e-02
2.243108093879851543e-03
1.297437946440881855e-03
1.629441246800027382e-03
7.795849041254799367e-04
9.732298429325871632e-04
1.167424924778086596e-03
6.447660419495622724e-04
6.711926342052381648e-04
7.765892641465372724e-04
7.550450958010276794e-04
8.718640433493738675e-04
8.885263271562762960e-04
9.470461063728663519e-04
8.515617075706090116e-04
8.129351840952146399e-04
8.695714502626688104e-04
6.711983773728862155e-04
1.697846822780443420e-03
8.582199762286700766e-04
8.817524293813019682e-04
1.079777418691950548e-03
6.484715427567315591e-04
6.737210669306167117e-04
7.282027849431016789e-04
6.141925069446181780e-04
8.145410267976738953e-04
9.221094061245730484e-04
8.649082458092068179e-04
9.654754274415986446e-04
8.641538361419754191e-04
8.252322053948934382e-04
9.387031625405047519e-04
9.063817588473463372e-04
1.067565440736951195e-03
6.886387066981249213e-04
9.278390621350595399e-04
1.016737893780487101e-03
1.454793335962876241e-03
1.464583940799664506e-03
9.906853466308651168e-04
9.292617781584276877e-04
1.001690835416736399e-03
1.011307450367888300e-03
9.920723906009728827e-04
8.241646609375166905e-04
8.064369659616266606e-04
9.199727933881593359e-04
9.175517436141168541e-04
9.735773241311809810e-04
9.855893695478212032e-04
9.191997223409162409e-04
8.382689788089975899e-04
1.004221006621996157e-03
9.655688885486191043e-04
7.944803129812579587e-04
8.275729240735838713e-04
9.861273622961492982e-04
1.043274372450590402e-03
9.087225506574392883e-04
8.441562389121452618e-04
9.086232786586249336e-04
8.770805066347992429e-04
8.552476288004902524e-04
1.001722479781363105e-03
9.447233620258690956e-04
8.419203658930353960e-04
9.107492778170801903e-04
8.326308283294812885e-04
9.169614935404857064e-04
9.033061340011368885e-04
9.232194006392218559e-04
8.485025677881225100e-04
9.498579555921492701e-04
9.730496762471985660e-04
8.808796278891437752e-04
8.947600482862326293e-04
8.998122802641192550e-04
9.026843243090195866e-04
9.545081699952213125e-04
9.304317835052935319e-04
8.986552838085373751e-04
9.379043561103604220e-04
8.935637738230506636e-04
8.935152523529533118e-04
9.369945249508535327e-04
8.955016322370945364e-04
9.161215200020251560e-04
