1.652502972522150405e-03
1.089839056153020166e-03
1.727138721292692698e-03
1.446253562323767403e-03
8.209685439905662881e-04
9.602195159966576228e-04
1.817282966904844961e-03
1.150547206736806738e-03
1.081262944378882322e-03
1.915864866224065762e-03
1.153404562896815115e-03
9.471004325880469626e-04
1.147657054573766574e-03
1.322825500829242574e-03
1.790392808723990795e-03
1.139190006895582840e-03
1.004546954418410664e-03
1.350544032284829721e-03
7.812818076825052849e-04
5.971478412501509412e-04
9.362128814669545092e-04
1.153471512978373852e-03
1.570551102719715871e-03
1.216051341715225021e-03
1.495190282374811441e-03
1.300601593352602049e-03
1.028129762472341797e-03
1.837294007842354320e-03
1.737210568597940966e-03
1.521644659759363843e-03
1.544958750583655914e-03
1.204905458908182977e-03
1.158514387622464536e-03
8.766696417063707175e-04
7.925203715912698069e-04
9.139880880826830927e-04
1.318403040523369275e-03
2.042875392333061858e-03
2.058252536918447201e-03
8.675366023937186978e-04
1.054442737446065204e-03
9.917169384543247923e-04
1.790579160568230629e-03
2.261448953485206692e-03
1.008714736346906374e-03
1.018740629829434450e-03
1.072649668436403839e-03
8.470449881844334004e-04
9.258517040898621474e-04
1.326817395151776852e-03
1.960948408112266322e-03
1.389375309584653037e-03
8.988966965383321604e-04
1.857268425288994369e-03
1.532959220540754033e-03
3.594496669209639936e-03
4.847911489716704575e-03
1.628326726043521563e-03
1.596918283371696673e-03
1.550401732140984637e-03
2.053883362244983413e-03
1.690518626212636445e-03
7.913541049701380229e-04
1.033994274009604388e-03
1.311413755415726488e-03
1.048768299826100849e-03
1.020597260287811961e-03
1.087269178685297977e-03
1.393393045010492227e-03
1.607675397735381121e-03
1.575802313961806918e-03
2.989913761126931739e-03
1.325515876252841320e-03
1.915083453681249836e-03
3.606919352703897002e-03
1.939677668095501992e-03
1.921049566597332180e-03
1.956401612633236649e-03
1.927432722211505634e-03
1.433253888231651643e-03
1.303653924141633981e-03
1.677285940740950347e-03
1.085006005435861301e-03
9.251633701058987330e-04
1.355172221437161983e-03
9.696806230688079188e-04
6.668090127805788737e-04
1.084988310079468884e-03
1.820281255283996832e-03
2.003196300375480188e-03
1.459557119327971764e-03
2.195208881301636845e-03
4.223365276589252128e-03
2.998976033404511347e-03
2.804728374267768942e-03
2.114037271666342668e-03
1.600188299603177988e-03
1.761465026617744936e-03
2.505171226736521532e-03
2.106317360084523742e-03
9.727777361491184160e-04
9.780155412275402631e-04
1.760880619244473014e-03
1.543770572620892841e-03
1.018176383688474849e-03
1.341930398093901019e-03
1.563320129245707440e-03
8.461381013278035379e-04
7.394604840885014331e-04
1.940394999961494700e-03
2.337204464390206689e-03
1.827521733854564926e-03
2.497886281796703970e-03
1.756872726362736052e-03
9.841402611161470353e-04
1.199405609619516502e-03
1.466330954573382859e-03
1.260613392978177181e-03
1.597752219180553507e-03
1.741645855172310351e-03
1.299943092683179292e-03
1.421298153619967534e-03
1.567643583882065601e-03
1.763050064825612056e-03
1.521856974970797489e-03
6.874407632973887194e-04
6.245063752907026354e-04
1.416293985329188793e-03
9.203186132100847541e-04
8.601426662653866581e-04
1.681855251860449709e-03
1.381618278850958855e-03
6.880490242123219651e-04
7.875023233408323360e-04
9.049901406055163187e-04
1.162797022546013369e-03
3.939460962250215803e-03
4.329559640957087938e-03
1.645595635890842066e-03
1.580848682323339688e-03
1.378156108163691284e-03
1.300787326048373710e-03
1.625225595955751218e-03
1.271781476812023932e-03
1.629478532952067203e-03
1.666169322874901841e-03
1.346818694718031860e-03
2.128694352442797155e-03
2.761602666111846825e-03
1.799228155244558683e-03
8.007597423975280643e-04
7.245730583338143987e-04
9.081246436788307846e-04
1.370558318560951292e-03
4.256920843163334266e-03
4.629401527197486189e-03
2.091544466715373248e-03
1.546452794355771291e-03
9.091339552586628729e-04
1.120966208548998750e-03
1.700986128561817693e-03
1.565792672423804016e-03
1.342990129620763627e-03
8.106331876837207266e-04
2.220155436379491701e-03
4.807963770106224617e-03
2.403192089379005674e-03
1.496128716453440843e-03
9.030262117339427942e-04
6.624067950775529897e-04
7.510435893159238176e-04
9.330649544172213037e-04
1.761315956456221575e-03
1.930204102481707833e-03
1.063842772706267200e-03
6.795553345767916002e-04
6.756573105244622355e-04
1.694968213236812361e-03
1.588167594581672230e-03
1.132500238690241443e-03
1.169122978310180132e-03
6.213828462330815141e-04
5.650817864580914493e-03
6.894406421557537634e-03
1.492233877290303698e-03
1.017046172041481938e-03
7.106792470468347887e-04
5.908179015822713964e-04
6.919494485519620377e-04
6.200638038494599939e-04
1.040303241393353674e-03
1.883145111031409025e-03
1.400526118147512418e-03
7.980591217337783825e-04
8.616738619153577455e-04
1.460043689867120088e-03
7.721370193394562487e-04
8.535832202632652986e-04
2.298451412950020933e-03
1.808227579759509205e-03
3.256346427584308478e-02
1.957845724156376255e-02
4.234451277519422560e-03
1.739949306141545891e-03
4.495593170444256892e-04
5.055061913708069725e-04
8.143012469525004633e-04
5.031283386465862893e-04
9.956127085201202809e-04
3.578380577935175340e-03
3.750385536147818159e-03
1.890848749036034464e-03
1.158529249410652009e-03
8.377969671364675092e-04
5.529125606101254007e-04
8.583705276783852632e-04
1.560485021431970909e-03
4.200242736209476059e-03
1.163049543974411654e-01
5.700924762990882549e-02
1.822233015090863120e-02
3.350375781746854371e-03
3.312493431299600864e-04
5.117961644212129903e-04
9.123261328898008135e-04
5.042245415897130207e-04
1.243741794309825843e-03
3.921878067399547918e-03
2.913473349457434969e-03
1.482869075302690890e-03
1.032382395523784606e-03
8.340671773138800182e-04
1.071820181243355414e-03
9.026730921757776397e-04
1.003605209858484618e-03
4.046747170487357582e-03
7.549799443294658019e-02
3.090704516434658600e-02
1.052027020449640589e-02
1.861365903430045859e-03
2.717719205291927722e-04
3.941391553454403978e-04
4.820441913306103667e-04
4.775867567179057889e-04
1.834521601588394099e-03
3.035945214291229689e-03
1.121471294925246304e-03
6.336242509712434112e-04
9.004348870564557201e-04
1.078150685781817993e-03
1.572895556030482010e-03
1.090237326228921024e-03
1.185844346207089823e-03
1.533324816978870594e-03
1.058898006037391204e-02
4.234340020964055644e-03
1.794548322217965610e-03
9.279290835239534588e-04
4.305115990897360567e-04
3.750275723415719760e-04
2.980645911464103169e-04
4.978431573579259351e-04
1.866227620805003574e-03
2.498281518408721098e-03
1.029990957709204201e-03
6.458578434914828302e-04
1.289814688166040883e-03
1.473670093157418903e-03
1.465310813567591167e-03
2.029330653910613354e-03
9.805678766914437301e-04
8.475136295154238808e-04
4.336248651075828679e-03
2.740275775444628997e-03
1.543120145577246260e-03
1.562273059056463369e-03
1.182037290832470451e-03
7.029270858956329464e-04
5.678639997226446684e-04
7.247764607548545183e-04
1.008804592509287808e-03
1.688141023900422647e-03
1.874485826873895263e-03
1.183343913759278424e-03
1.508945080425795181e-03
1.315336999600849209e-03
1.133089995117717279e-03
2.415132760474514046e-03
8.732373431845809201e-04
1.180818441660417585e-03
3.982848930069080549e-03
3.251889455455572557e-03
1.828662950150827804e-03
1.291043828204676896e-03
7.797533516787282393e-04
5.101434849778132370e-04
6.659237958822593079e-04
8.683158327951084107e-04
7.080328042222715007e-04
1.179174763072134841e-03
1.863483579812121472e-03
9.654478072203477763e-04
7.969778639422436285e-04
7.932508715444247472e-04
9.225757587971971903e-04
1.339383858205467825e-03
9.334807425251880238e-04
9.113550295415075641e-04
1.040063733221903040e-03
9.188555492032911319e-04
6.578161100014941112e-04
4.358513738230543918e-04
3.623127406490968456e-04
3.914754448851352027e-04
6.759407219221615732e-04
1.381965370243505532e-03
1.473079611006904979e-03
1.292729895418323529e-03
1.024926250434501050e-03
5.661902378142818831e-04
6.046831200284901418e-04
8.250056973587584870e-04
1.053386941664824798e-03
7.985120796981663889e-04
9.352272767039392304e-04
6.894745164187867812e-04
8.354649815284275003e-04
1.228985943341672936e-03
9.361015916896119667e-04
6.306560569101736773e-04
9.505365650840821553e-04
1.572856971148912670e-03
1.703532540301655202e-03
1.976461267076461744e-03
1.712641886850673400e-03
1.007685077592426542e-03
7.520092323261122220e-04
7.266761984206514301e-04
8.691247293719419481e-04
8.941272411693954210e-04
9.457795427412251169e-04
7.369706463854540455e-04
7.685581616681050332e-04
1.258741286022357995e-03
4.495835454484967998e-03
6.788320407692698642e-03
2.565824522875388789e-03
1.177189898188892980e-03
1.972406669421850316e-03
3.807132582665176488e-03
2.518437189345952218e-03
9.971423379453363354e-04
5.913897491677510545e-04
6.505395181923297578e-04
9.915590478494964305e-04
1.091619158585821177e-03
8.886895324620179603e-04
7.332397867292733120e-04
8.189167075752737000e-04
9.036313478384394842e-04
8.413953668443884069e-04
3.400672438000620131e-03
1.006158586105743678e-02
5.079517573906558968e-03
1.442848659663219495e-03
9.510788276332622204e-04
1.500266401755540827e-03
2.619537285864663011e-03
2.008408584744769253e-03
7.371499048562400519e-04
4.794064038100942331e-04
7.692414336421216038e-04
1.137511219304393126e-03
9.136970656877910256e-04
7.629843158352321792e-04
8.603619917280796742e-04
9.695747572727000160e-04
9.936166680181877583e-04
1.163001817027873403e-03
4.060759017452577301e-03
3.756018207263838761e-03
1.126058057426063781e-03
7.548446707472653049e-04
1.136145687755376601e-03
1.298311267163676942e-03
1.272236585215255535e-03
1.245041541011307701e-03
9.955642243382799381e-04
9.389708875167595377e-04
9.730070573642414121e-04
8.274197645138863617e-04
7.706497646078747229e-04
9.521599323107964377e-04
1.047824903976953556e-03
9.026272087419305633e-04
9.404555910120339975e-04
8.212699220515555639e-04
1.136181588559370507e-03
8.897473287795470758e-04
6.776046589680957471e-04
8.912157365165286442e-04
1.189630321225057302e-03
9.464132984374940168e-04
6.956048950374436315e-04
6.877574526524259536e-04
8.096693050131386097e-04
9.418568159454824337e-04
8.685807849034491834e-04
7.703370476294186999e-04
9.035122172472278895e-04
1.003674919131554910e-03
8.517349462486660527e-04
7.935064496765930828e-04
9.494674470576133221e-04
9.879570135085662553e-04
8.197451334689899623e-04
8.366570776832314661e-04
1.028221604418232214e-03
9.531365918436357759e-04
7.529437319312746535e-04
8.289989835372005289e-04
1.018114262659794173e-03
1.001912335764299595e-03
9.050643511113537704e-04
8.445089571356206512e-04
8.897394073365125699e-04
9.819860199477765169e-04
9.277596964418446295e-04
7.916418772596697925e-04
8.336994436367224388e-04
1.037063098159839158e-03
8.678774279805139555e-04
9.236629803781787112e-04
9.510560895258034740e-04
8.383462052542709495e-04
8.302015541231037681e-04
9.106696677835942819e-04
8.976964121280508893e-04
9.471459266414336553e-04
8.960561318975857363e-04
7.903454793974061272e-04
8.881663175586225391e-04
8.881273126301332099e-04
8.104097872589825042e-04
8.580932910525660394e-04
8.714708866995620308e-04
9.328130774714729232e-04
9.361615582386759041e-04
7.957617734247717910e-04
9.052813031168109158e-04
