1.179923138246344099e-03
1.055773093040289099e-03
1.270065204023866938e-03
2.140968708274775673e-03
2.050357523290136097e-03
8.646826812558982374e-04
6.054709909173655114e-04
1.831769916675749649e-03
2.627792296259855512e-03
1.003494682226382115e-03
1.132461398582388203e-03
1.391738197302585731e-03
8.651524411747682670e-04
1.476059731585582097e-03
2.202651852121337815e-03
1.445418402376642819e-03
2.281213877798427946e-03
1.202962799541901781e-03
7.212775692389552205e-04
1.915115400241315354e-03
2.684104788723957764e-03
3.938431844030690875e-03
1.635755675805661670e-03
7.276942940546410723e-04
6.409147042668806226e-04
1.476250965918809478e-03
4.517736438941049801e-03
3.088311761013076608e-03
1.240202186477966026e-03
1.095937433379681920e-03
1.769692877946950176e-03
2.312129647368707693e-03
1.227714059504501128e-03
6.639618527218108272e-04
1.113095727440150361e-03
1.135720280874237932e-03
1.309616175785295600e-03
1.623878065805501496e-03
1.522919443334652375e-03
2.595327473031146942e-03
1.315665751027747738e-03
1.159635283508654710e-03
9.483345004849075364e-04
5.820925612125394224e-04
1.461876713873201629e-03
4.434238280967810718e-03
3.787297352322165599e-03
1.521335876094533903e-03
9.479999826730754406e-04
9.713243335613553752e-04
9.490969980986039504e-04
8.882472885212726234e-04
9.758838423697079306e-04
8.749577181631751875e-04
1.087703460739911261e-03
1.220238066678323244e-03
1.248226257956066947e-03
2.252590024154998809e-03
1.408832106363807788e-03
1.524187284791257398e-03
1.387093543315271078e-03
6.630283310037060748e-04
7.328050518971866364e-04
1.859771998072211330e-03
4.450317164444414324e-03
3.837230826628607212e-03
1.629224640150749980e-03
7.855209928041074260e-04
7.719821594496974193e-04
1.231422146319556543e-03
1.109274540934967763e-03
8.212056748360293786e-04
8.336747633241447381e-04
1.230918861543416802e-03
9.973088252422542248e-04
1.209784645381406943e-03
1.054420285623988143e-03
1.690298225754189882e-03
2.161402714796924977e-03
1.625143371488766081e-03
1.222088175341963685e-03
7.647395476998034361e-04
7.504746297353149988e-04
1.920205194329837077e-03
5.396519277835563379e-03
2.856882214177117272e-03
7.815744633900607473e-04
9.053578284904189276e-04
1.134614994974691982e-03
7.696017092803023171e-04
1.159659283501558984e-03
1.417043332407370935e-03
7.256465048352851591e-04
6.338754259497173362e-04
6.592915667081019953e-04
1.491320191052809612e-03
1.941022244743706134e-03
1.259907947471192646e-03
1.641600328484598250e-03
1.471039898744489795e-03
5.099076269605735002e-04
8.030446140319684369e-04
7.306501088265733232e-03
7.776929670221954458e-03
9.165691698587395946e-04
5.564836750526658705e-04
1.284839028874181768e-03
1.048773002278401015e-03
9.846333316146382592e-04
1.062937365673079617e-03
7.691580331594570974e-04
9.345230618175907975e-04
6.635175716841170074e-04
9.656117552761387312e-04
1.323260741501409467e-03
6.946265970081004536e-04
1.009988796127861410e-03
2.935898172231929393e-03
2.112768104633973906e-03
1.148801745620509854e-03
2.612544343731277013e-03
5.274828014193884418e-03
1.971482454063148721e-03
7.949178428639508539e-04
1.565692586551928811e-03
1.245538332744431645e-03
7.949000225920919028e-04
1.255904199817754535e-03
1.226569866956438116e-03
1.483968258036510134e-03
7.823812910816178639e-04
6.435153054686268415e-04
8.647089439026079327e-04
5.996155722877129441e-04
5.520680943483176383e-04
1.451345894671081079e-03
3.491647187963496830e-03
1.832161619077397321e-03
7.422317516540138677e-04
2.231398838255177399e-03
4.217423758313243454e-03
1.094787565548008875e-03
1.166956946286006394e-03
7.386104149582806318e-04
1.298976231190011226e-03
1.624085630085116182e-03
1.136297689973094806e-03
8.618404320510772085e-04
8.800369384207740869e-04
1.003594850088298162e-03
5.979794598697469937e-04
4.018274047162838153e-04
5.317400858773571473e-04
6.945650115544279484e-04
1.273791107879668769e-03
1.145057181123072592e-03
4.692362409235237438e-04
1.779330484153707334e-03
4.674328567737274891e-03
7.898758082586591076e-04
8.439262894478346752e-04
6.227868721184305970e-04
1.463042419623351810e-03
8.366226907946476945e-04
1.395138861391277078e-03
1.039424588626868332e-03
1.188629951540707413e-03
2.330020461375495889e-03
7.558857753696660194e-04
2.857599119898523022e-04
6.466952401544231229e-04
6.427099416556567588e-04
4.982736864385867766e-04
7.053543239720036799e-04
6.270702297365399842e-04
2.009758985353549132e-03
4.243144235551616315e-03
9.285072538458710462e-04
1.001450964281605819e-03
7.122058546320545131e-04
1.139413086909618535e-03
6.905397209585223709e-04
9.258976199083463615e-03
4.846260849301191678e-03
7.025853694314868492e-04
1.067905204338652188e-03
7.614489281294056517e-04
2.074648200021796335e-04
3.939363649910336573e-04
6.981401567805501111e-04
6.253821829015359952e-04
7.910572675025539201e-04
5.493215973316019005e-04
8.809219773109576435e-04
2.378246122203698642e-03
1.537485336295833739e-03
1.268278601574836023e-03
7.844488124163278772e-04
1.074000857633171813e-03
1.119671639240626612e-03
4.889523669092263325e-02
1.384605181693661195e-02
4.911396173586955521e-04
7.834440736692079976e-04
1.486411969727302780e-03
3.092457036641032609e-04
3.930718819082845098e-04
1.471550535369903863e-03
1.452181815237241300e-03
8.831411120661083938e-04
4.864362546476553683e-04
7.341722514051081611e-04
2.385080071855988533e-03
1.899712545406541560e-03
9.926192527165800077e-04
1.014735461152855601e-03
1.013402471361047035e-03
1.579260827858801125e-03
9.762367029428131726e-02
2.838087528048258493e-02
1.519160463865205663e-03
2.619861533856671348e-03
3.860012938046654581e-03
7.220415804305497414e-04
8.717549108213669797e-04
2.788275898033626410e-03
1.521266643700584439e-03
7.943428500126231868e-04
1.052870864827675423e-03
3.182517007576866376e-03
8.330415697985194684e-03
2.436845924800118846e-03
6.332741133472536430e-04
8.290714318647931852e-04
1.024838185133227679e-03
1.674581926792645739e-03
1.090403622023045360e-01
3.381116325196351080e-02
1.950734776993010488e-03
1.276075288260472996e-03
8.507206380988220585e-04
3.340844553507455622e-04
4.913830235626670843e-04
7.617543034120770502e-04
4.689193984013499293e-04
6.026249553079336251e-04
1.215602651984422702e-03
3.156963361959357062e-03
7.238675619434307637e-03
1.988712445031724698e-03
6.432744781311456727e-04
6.255278703703356620e-04
7.621650831395215039e-04
7.282998027538218179e-04
1.792808023755761496e-02
7.512746566698780618e-03
1.421547887433939053e-03
9.699556729714952545e-04
4.362374959985234127e-04
3.151490856526615865e-04
4.377223628314937261e-04
3.425973866946939385e-04
3.015696469361707705e-04
5.801541608709264320e-04
5.835657020136626695e-04
7.300504424251394843e-04
1.774033659903199523e-03
1.006031570295164938e-03
8.368591435668113442e-04
9.262264789306280579e-04
7.458262624468561287e-04
4.885781032081184128e-04
1.802603476305371290e-03
1.191149829044472900e-03
2.353961377020271674e-03
4.080830300825645345e-03
1.031876574645780543e-03
6.848111227005141506e-04
1.843276628865095010e-03
2.303171727223930938e-03
1.243049767707697087e-03
6.698837139089921676e-04
3.021368159784146605e-04
4.620160182949350548e-04
1.375584671213296540e-03
7.763510306110825649e-04
8.125211934231053000e-04
1.185797507042983274e-03
9.395304645927785806e-04
9.601175430357963662e-04
1.036986814828997402e-03
5.568767521482185850e-04
1.461872829586692655e-03
1.769977112545190667e-03
3.005997658342976974e-04
2.294788716686126161e-04
2.148349320600437609e-03
1.142223153898887927e-02
4.048994374985620016e-03
5.614696832885716525e-04
2.713665268642330582e-04
9.526407752061566859e-04
2.573338849744301066e-03
8.747166030303488464e-04
7.268765239752892618e-04
8.432265664808497301e-04
7.983585691542408698e-04
1.003848741885712045e-03
1.416599186468166151e-03
7.407490414550196118e-04
5.972506245193085709e-04
4.571674846594544106e-04
2.282047607457752657e-04
2.218510826738643779e-04
1.171735090458346897e-03
7.586743349761547808e-03
3.294683623593573120e-03
5.894041538493257184e-04
9.427644897291524283e-04
4.816321465220046658e-03
4.104559871396087044e-03
7.756730355232255812e-04
7.042433474206529148e-04
5.842441711427093102e-04
7.903405569736310062e-04
5.897344000813898538e-04
1.348055508391559233e-03
1.113051295610345331e-03
4.922583093123990196e-04
4.699808116694373871e-04
1.009169185250386510e-03
1.016607268250945863e-03
1.246647154051514633e-03
4.419458422748848321e-03
2.863261597789766230e-03
1.096743503046262265e-03
4.836585763546491674e-03
1.882766000364554868e-02
3.919125051674407674e-03
6.144994804176891505e-04
8.045840050387711648e-04
5.696627391723292156e-04
9.213282705565183908e-04
7.013880292232356484e-04
1.233772824397874786e-03
1.320579161687737745e-03
6.338484097818471337e-04
5.041456713850154051e-04
1.085292061768649511e-03
1.018658320574913814e-03
8.125594048284388079e-04
2.189538162985244212e-03
2.022414785450785731e-03
1.283501844818936205e-03
5.028137222333737590e-03
8.842998174660681235e-03
1.414976166909151728e-03
5.266032353354585310e-04
9.476373198103290240e-04
7.061241865882250451e-04
7.149174884015863443e-04
9.157289175672774601e-04
1.058922633931270877e-03
1.505426228259774393e-03
1.266048289120224593e-03
7.471710945045267416e-04
7.220026110985433131e-04
5.926216473363922705e-04
4.270204921930334150e-04
6.123467646223996249e-04
7.562530502796113371e-04
1.076188614137081742e-03
2.209780211809411320e-03
1.548908650102437260e-03
5.548442648822901222e-04
6.122861736825402183e-04
8.332054560057232558e-04
7.093941685408654187e-04
5.711069548174625525e-04
7.203904338737796833e-04
6.642888033087155199e-04
1.097757682252063858e-03
1.358350836846172142e-03
8.484159357219091778e-04
5.909559693385621048e-04
5.846298625511473987e-04
6.952296807882121614e-04
1.146438550718533334e-03
1.964118585439447728e-03
2.596681552766980615e-03
1.662691092501233665e-03
7.591139672007719006e-04
6.781221387747242120e-04
8.337073830723770338e-04
6.349107804330375625e-04
6.389561990496976087e-04
7.561529662142737985e-04
7.129263125816462333e-04
6.046395448364126624e-04
7.398411793147624538e-04
7.705248116545154865e-04
6.519659519993286625e-04
6.109723691452301078e-04
6.908639665763026145e-04
1.407964251008027344e-03
4.992217211069544837e-03
8.102199179975616908e-03
3.279459089904661166e-03
9.227879380777162001e-04
6.394622894037757218e-04
8.021226219896805199e-04
6.137327716414961139e-04
5.493247308064296008e-04
7.130667017275176120e-04
7.028962175323804013e-04
6.806204686880795024e-04
7.324709653950736005e-04
7.622958292815598365e-04
5.983061939626744272e-04
6.622840972299975622e-04
1.068372058135501129e-03
9.093151003505522533e-04
7.193254242503932137e-04
1.179139710485981518e-03
1.153593208783401441e-03
5.304380348222804140e-04
4.679433107936837731e-04
7.849595578140959162e-04
8.616916537654659581e-04
5.708614547766924143e-04
6.968239452525696372e-04
7.399556789105181213e-04
1.787424050844288546e-03
1.682747221423354757e-03
2.439610174873819894e-03
2.898961298545351013e-03
1.190960699746301940e-03
5.371703373986462483e-04
7.770408138963582961e-04
8.935358815570800363e-04
6.296011618967195869e-04
6.767958363297987097e-04
6.683977401325855812e-04
6.526614249339173900e-04
8.292605168650912665e-04
7.044813793213771172e-04
6.542195749388576365e-04
7.626793291593243025e-04
6.761580539505451489e-04
6.420622767100514581e-04
