6.383678328829975237e-04
1.497516771819239895e-02
4.683288062220499447e-03
2.120034849638513432e-03
2.800504991032020871e-03
1.129008031650106502e-03
7.541690276527889761e-04
1.094098220907251204e-03
9.582360510280388960e-04
8.276840989121479752e-04
9.834636841573169124e-04
1.133117764277088556e-03
8.780388803675749946e-04
7.105627258572109030e-04
9.616735587044766918e-04
1.127419378360134186e-03
9.392227567616465937e-04
9.020384985145401668e-04
1.272072489160646193e-03
3.937094139613982191e-03
3.792713891092586078e-03
2.443713115826050709e-03
1.864008668102230338e-03
1.056506438903723937e-03
6.050577477765859769e-04
7.347290577493786759e-04
4.075514528788674005e-03
1.069150781589225246e-02
2.459263288341082508e-03
5.947820151112230081e-04
5.641399833712746692e-04
1.200997760878925709e-03
1.888627930278428003e-03
1.190021205640440964e-03
1.044910990757484974e-03
7.516264376242678003e-04
1.849463170329329609e-03
1.082347766355989298e-03
1.155156601179358746e-03
1.174162102056116458e-03
1.349350854138870771e-03
1.346543615504048512e-03
8.336747890721078530e-04
6.911424455602926042e-04
4.613790118855841393e-03
2.998000695894013912e-02
1.895748417255770785e-02
4.754264892897975409e-03
1.097459265559693224e-03
7.620542314073745641e-04
1.291616554244247057e-03
8.906070264923034337e-04
6.291189426540546572e-04
5.937133112236718871e-04
1.130619297545499115e-03
5.981350527158370853e-04
6.909278712441753630e-04
1.027834282799456852e-03
1.478058133462452871e-03
1.287764625461636312e-03
1.159679573364110145e-03
9.441039385093922274e-04
1.036155463215942575e-03
1.390845659819742392e-03
2.676958515515079524e-03
6.907358593922398836e-03
2.859271717715118708e-03
7.647547138130069430e-04
1.015656033651797041e-03
1.030008066234734936e-03
6.027078699459263462e-04
8.296679063324537183e-04
1.106531172153163911e-03
1.522878694419762657e-03
1.164011401795704082e-03
1.164799089998404345e-03
1.554354150245933945e-03
1.155809734259815105e-03
1.351202456210932662e-03
1.733355694104950608e-03
1.194878992348331675e-03
5.592351605505955451e-04
8.869075901080619544e-04
7.514323521801508955e-03
1.047089540275055949e-02
1.612895986848532403e-03
6.331983256821475557e-04
6.701427437572355771e-04
7.404181619194353907e-04
1.228122109984470427e-03
1.131384926634263714e-03
2.076111923256655431e-03
1.293199352509667808e-03
1.380385384778428769e-03
2.054024615705161982e-03
1.279147320680033752e-03
7.536209782858033701e-04
6.824258852931308628e-04
9.754016013762334056e-04
7.933852904846123511e-04
5.470476907757239977e-04
2.361002883051050317e-03
1.128868524923311127e-02
5.752160993573812720e-03
1.280714515230615188e-03
7.437871451424918692e-04
1.167886721171537776e-03
1.290520031491977290e-03
7.580361949560568500e-04
8.026065111043896930e-04
8.160338762293387321e-04
1.464459494127429932e-03
1.738277167751173290e-03
1.083476184976212399e-03
7.085813556811057816e-04
4.762146563526519481e-04
5.602202378482982938e-04
6.810277178355677447e-04
4.284396232193297353e-04
6.031612236157780828e-04
3.280956931246109109e-03
1.097528858353301849e-02
5.602211479463396239e-03
1.349548482898421014e-03
1.125971007937260574e-03
7.666636538631713994e-04
8.000672807353023100e-04
8.068434706946281442e-04
8.970623862727852534e-04
1.157068448376322427e-03
6.845788486569063906e-04
3.891711105830424565e-04
5.508250846953778937e-04
7.030636882194922195e-04
4.806463483017093521e-04
5.281116368709043744e-04
8.606982950950159330e-04
7.760958654932148320e-04
1.116820557018929601e-03
6.209614721583826998e-03
1.064796699282632986e-02
2.058299964300296277e-03
1.116561605786705377e-03
9.088553526503410831e-04
1.113534655786548337e-03
1.488361617197611056e-03
1.015544368997947384e-03
1.056669496991891315e-03
9.934472375062416202e-04
5.288649145481433625e-04
4.106879307110928505e-04
6.002365884256758918e-04
4.499615652011353757e-04
3.453918674212587501e-04
7.268977650981459744e-04
8.010560979209963668e-04
5.039754104769824132e-04
1.886334964602451010e-03
6.395881301875039684e-03
1.604750000633816407e-03
8.975843350450965832e-04
1.329778979732329329e-03
1.333731363316302283e-03
1.312350980637386720e-03
7.577292813750035466e-04
7.608151728425592477e-04
1.522875340515979052e-03
1.707348784961284149e-03
8.276229452448919874e-04
6.580441986808548529e-04
6.255169477365968896e-04
4.168584108013654037e-04
5.697874100449077349e-04
9.319151919931754381e-04
5.743605845534554416e-04
9.735341874176569894e-04
3.631271702422216464e-03
1.292270095379685797e-03
6.251374653198780084e-04
1.447356067346719033e-03
1.235732431088481121e-03
1.231877621830007553e-03
1.914365014473248458e-03
9.629364899909905557e-04
5.774503136126461289e-04
9.318327028664223502e-04
9.377749506710258932e-04
5.553350297954422719e-04
5.053873538541982669e-04
4.348127764353230690e-04
5.141839266318717992e-04
9.934396402047915645e-04
7.368355675094314045e-04
9.429473697618641088e-04
4.963646621114660082e-03
3.139591040559539838e-03
9.235680649972925326e-04
1.361804496696363172e-03
9.215631348172825810e-04
1.580653165656735514e-03
1.632279707944156097e-02
8.885816458679009211e-03
1.091897454609663158e-03
5.804559279164722956e-04
5.339712555418756924e-04
3.162642899328186046e-04
3.178587393533921675e-04
3.148699992000065996e-04
2.833155451022884149e-04
4.323929566070114621e-04
4.641695324308066990e-04
1.110844267538313055e-03
1.072680996014182576e-02
1.105897078976615655e-02
1.607283986752005775e-03
7.456426986921921296e-04
9.746998400908506036e-04
1.670841307129489759e-03
4.752919232903678876e-02
3.438235715438689444e-02
3.223947313348090107e-03
8.994312374687762120e-04
4.252229571660169128e-04
2.497514695149722448e-04
3.395155448869921120e-04
3.784140528626860024e-04
3.405142914915648125e-04
4.337080471100873040e-04
3.597181303423991738e-04
8.065550366683107812e-04
9.044923468030690444e-03
1.353482421210778705e-02
1.634548520156629348e-03
6.070979677268651320e-04
1.193941312368212689e-03
2.107511288732153050e-03
4.662944051625184105e-02
1.047033047473490061e-02
1.300428445151543622e-03
1.073877260251023631e-03
6.221484320601852573e-04
3.289687252099206109e-04
3.651092684753102515e-04
3.884087901949716021e-04
5.743554066890066076e-04
8.512039634422007223e-04
3.717918300692113964e-04
4.567065002133054836e-04
4.650125954660132808e-03
8.606911234836913879e-03
1.443770351757086819e-03
9.202602408463124049e-04
8.494869842284924260e-04
1.710975346148717324e-03
2.068907975140246366e-02
2.190304282955808212e-03
6.068389701384166012e-04
1.301429851035758355e-03
8.263555474193282633e-04
4.613441147817490262e-04
4.181462514984236401e-04
3.293199411069940474e-04
5.629713861653757190e-04
9.592224809907355480e-04
4.734899123253794202e-04
8.088901543593163875e-04
6.829013319081573760e-03
6.312987404310046319e-03
1.187765930798706255e-03
8.728077482746599740e-04
6.616606920639289549e-04
8.201241355718833469e-04
3.769484718570186455e-03
1.026744628085355217e-03
8.119121623641015759e-04
9.536947041077225868e-04
4.031591894665813606e-04
4.201809364461981246e-04
4.706868462964782082e-04
2.994532986450370118e-04
5.022796539016712069e-04
7.850803888341252286e-04
5.590252448629454531e-04
2.224580453426807693e-03
1.167818539174989186e-02
2.831620175294845450e-03
7.969649525826668756e-04
8.343689715922761882e-04
8.099128471700916534e-04
7.701976794491199310e-04
1.275826283353321145e-03
1.104860908458358713e-03
1.200837912215529848e-03
5.976692081213101160e-04
3.709185768523986138e-04
7.054371335289638754e-04
5.334127466682136217e-04
2.911189929251321840e-04
6.100840156035125094e-04
6.712368978210251757e-04
4.524676746569661605e-04
3.580184322314921425e-03
1.326429587249445576e-02
1.282493813202479314e-03
6.819185687408933555e-04
1.035271111248483884e-03
7.834787404585337846e-04
7.566026469787815205e-04
6.826814977876431148e-04
9.293320758908591881e-04
1.020170799537535068e-03
5.819121283054638771e-04
7.109140278558409966e-04
1.015470803266554055e-03
5.139237012128067923e-04
4.377570647673708184e-04
8.687271667562535731e-04
5.644331071761326960e-04
5.219916638573787607e-04
6.086530507715528192e-03
1.413721228627381685e-02
1.165081006198851864e-03
7.798673862036709916e-04
8.894128865753602332e-04
8.011066303491051581e-04
6.641056824405190380e-04
6.107553756909609149e-04
8.186667391953716998e-04
9.454341240198613173e-04
7.314322189487569787e-04
6.529161314241409058e-04
5.166387651278539061e-04
5.325780346235916684e-04
8.257860477242664988e-04
6.999077047173015960e-04
5.915145549945101085e-04
2.313453618558819654e-03
1.140782736046603262e-02
4.943859025288853577e-03
7.885798012265833167e-04
7.983911433031362507e-04
6.864187609716832904e-04
8.454066618706939295e-04
8.092111213717334117e-04
1.244051149627686034e-03
1.157313106120435447e-03
9.150098612992875816e-04
7.318385678431515778e-04
5.373734428752956335e-04
4.773769657921884697e-04
8.804697437357804704e-04
9.235901935948559243e-04
3.539518311516120261e-04
1.066183402127960115e-03
1.776036812544011870e-02
1.407786613164389161e-02
1.034813001060958708e-03
5.511321215950029141e-04
8.794502697851662573e-04
8.073807073535410953e-04
7.184946054313993188e-04
8.270326836813094882e-04
1.468261726255203114e-03
9.437955610915959139e-04
5.952163637225138873e-04
6.878160399674019491e-04
8.991238999992508425e-04
8.642859169909486786e-04
8.619799877797827952e-04
8.251637038556015836e-04
6.838853217125451288e-04
2.736378171514706331e-03
1.998421228324170212e-02
5.832050341134389915e-03
6.004521099720448339e-04
7.778155349968593740e-04
8.758303261631527692e-04
8.926645043747244304e-04
8.358073475836190480e-04
8.566450970273749126e-04
1.273695128231066426e-03
9.040770288525557452e-04
7.187167092008911505e-04
9.223319285956930449e-04
1.277885549995248652e-03
8.814552417789580296e-04
5.346914865562897318e-04
1.550055893793078881e-03
5.709059393205670116e-03
4.604781743685783593e-03
2.374489448015702688e-03
1.002008816387580997e-03
6.164616943022188048e-04
9.642288155860357984e-04
6.683797513826967088e-04
7.219537354287826553e-04
7.861027410735193935e-04
6.337048586193566200e-04
1.085170122607158035e-03
1.154520401068385342e-03
9.727968745671390334e-04
6.769310668073476051e-04
7.087523577307170038e-04
1.060502042258246657e-03
1.287875151507865889e-03
4.099663168797741328e-03
1.199947744473436710e-02
2.817447135064203578e-03
5.556087433283170545e-04
5.930362062666171951e-04
8.014350539015300222e-04
8.552345956332552471e-04
7.412787516137275823e-04
9.006873913291037290e-04
7.012657636467387956e-04
9.685763942001391832e-04
1.395924358377529902e-03
1.187992566992170356e-03
1.079500223037688526e-03
6.896741415080112928e-04
6.989761706223824580e-04
2.694052532731858792e-03
5.834585863026785224e-03
3.779845011381449595e-03
2.082458098256373662e-03
7.606362977295240586e-04
5.457936664606987320e-04
9.894028812262492100e-04
9.158011055285609830e-04
6.747434877603848170e-04
7.584606199064716130e-04
8.082728000255527115e-04
8.712253913848497624e-04
6.962312505643827171e-03
2.906734799758102852e-03
8.222031177753005545e-04
1.295445221567377613e-03
1.709655114761325255e-03
7.447245848171663669e-04
6.918391056720970232e-04
1.056413116931344568e-03
7.531388050776898282e-04
6.732678989165952026e-04
8.350560989029757976e-04
8.576534254531070940e-04
8.268489188129618398e-04
7.280423378554104572e-04
7.627547752071864567e-04
8.788172407051477071e-04
7.696959868040740378e-04
