1.763569857627793639e-03
1.117562052634841260e-03
8.392005751340391936e-03
1.420082353852505919e-02
4.684615958722937457e-03
8.993128519280405757e-04
8.321433428709242843e-04
1.101113813934972291e-03
9.732587484127876469e-04
1.390157533964106375e-03
1.269390576144884637e-03
1.168867326322205451e-03
8.949177942128524500e-04
7.397152404593703530e-04
1.411172454614706374e-03
7.745952554064918470e-04
5.749904394111863062e-04
8.288278100341550658e-04
1.768764864940491118e-03
2.328584882321385954e-03
1.293887514943386011e-02
1.391958687821066333e-02
7.002794313979087207e-03
1.925120763334677585e-03
9.932561510809974088e-04
8.136492396304035755e-04
2.291453652235956370e-03
7.838882350353197984e-03
1.785704547525649756e-03
5.396995464416362272e-04
8.251947728049300896e-04
1.087202034850514188e-03
1.434278695998437688e-03
1.101672601698747622e-03
1.772561126868859574e-03
1.104603811474599113e-03
8.845652752975494311e-04
1.030343613480823187e-03
2.368020860229548812e-03
1.729574484922786169e-03
1.188321162265179153e-03
7.470223098694383406e-04
9.499680941583533511e-04
8.794332906394992239e-04
1.609790736423093995e-03
6.561140235869318896e-03
3.854726134433175688e-03
1.462615536270933051e-03
9.873274894697146257e-04
1.121192183921156105e-03
2.344550480957339859e-03
1.345857464807927823e-03
1.266554871613701167e-03
1.457760177910227568e-03
1.546085492291594636e-03
1.070902655923135346e-03
1.102384379332022263e-03
9.840332057703556588e-04
9.150897310052336737e-04
7.008009562730284402e-04
1.203441074125480683e-03
1.031849117536630433e-03
6.552919033499728530e-04
1.435133842717635803e-03
4.925312283782806548e-03
9.906646520739215492e-03
2.494235423071063888e-03
8.288714863332941789e-04
1.865394905053546033e-03
1.006944072193980246e-03
5.670251254068365806e-04
9.148086643489480602e-04
1.360225604992970497e-03
1.128188846277681850e-03
1.106711955108803918e-03
1.352532985841373636e-03
1.330152087962644140e-03
9.338700552809478441e-04
1.092319246785772172e-03
9.021072262812728816e-04
6.937085744465958884e-04
7.225166367188844098e-04
1.775431284344870190e-03
1.024210997022045704e-02
4.774325391073522794e-03
8.235219493888879449e-04
1.070569048152368325e-03
9.994766829258712459e-04
9.368943104206630974e-04
9.429708950420507890e-04
6.356116068148663775e-04
9.420011447665591281e-04
1.173616533612649015e-03
1.215468995370843621e-03
9.804996067848206504e-04
9.503647885898526895e-04
9.599255092999140187e-04
6.905009882930541977e-04
1.135844506592451151e-03
1.100048934156382194e-03
6.827926417526342063e-04
2.825368914904772578e-03
4.489288063426490755e-03
1.353874475958721573e-03
9.425520677682481911e-04
7.659540276826852512e-04
1.117116234464442248e-03
1.132967862215905142e-03
6.547983992638564069e-04
1.183878947928534682e-03
1.226023532508485354e-03
9.144790826392845727e-04
8.582382176091356719e-04
1.248072561231696343e-03
1.139110422426406824e-03
5.345645083090166906e-04
8.673151205703430022e-04
1.236905443986038638e-03
5.701467406130216473e-04
1.003289406787498308e-03
2.065815922565568136e-03
2.071309651627429010e-03
2.320389688473457456e-03
1.086267723485002945e-03
9.059559878850079098e-04
1.065223052688365514e-03
9.755512460332184952e-04
1.766567842546660615e-03
1.674571931833335886e-03
1.258080664547495770e-03
1.471988393532342159e-03
1.422905180918398668e-03
8.938602071483356046e-04
4.211923868480348630e-04
4.498741020974740394e-04
7.027358696176691207e-04
5.735025958146840880e-04
6.657815002469697711e-04
7.778139417671642818e-04
1.268347571218085817e-03
3.374453512433343936e-03
1.946604991348544270e-03
1.041610035787317659e-03
1.189142150346906169e-03
1.089375031053454145e-03
1.144719824134328261e-03
1.118210878297942312e-03
1.032244551196802697e-03
1.444101153880260899e-03
9.920217930693973115e-04
7.476896157325234023e-04
6.890184923828458763e-04
5.248793161555313476e-04
5.222162997726543339e-04
6.281434115931482966e-04
9.234049191336122760e-04
8.227040278604967356e-04
7.898096515329454739e-04
1.617019824594937392e-03
1.342155890687495587e-03
8.737752692851948663e-04
1.550630141016285778e-03
1.321221454157642510e-03
7.196061749912243321e-04
7.692149494428779941e-04
6.800243314595793946e-04
1.190145604153584240e-03
1.105284661021564739e-03
1.032959498510075628e-03
1.088940031590502396e-03
6.667826976601757107e-04
4.883044239271803122e-04
5.122656360526799558e-04
8.269760666206455151e-04
1.092984925803131393e-03
9.763024012389194409e-04
1.131234688142241165e-03
9.163235977099060126e-04
6.610770153621149409e-04
1.322166196887339818e-03
1.234990470827274133e-03
1.227861077057888512e-03
3.945451721091896256e-03
1.677745600036511164e-03
1.356972120891534973e-03
1.380717545228204871e-03
9.144357746886352988e-04
5.812341718164204920e-04
3.931734600909363490e-04
3.712448520888009511e-04
3.432196505746902245e-04
4.255217388949663108e-04
7.081442428807179943e-04
9.214091508336971900e-04
9.647423175958726562e-04
8.312799352281135742e-04
8.498141542598559254e-04
9.517855936175532473e-04
5.997702768372293681e-04
1.380179838198553575e-03
3.268960959076616657e-02
6.083335485816469129e-03
9.194016202712221092e-04
8.128903371994120877e-04
5.838437988283008305e-04
4.359953252465091980e-04
4.554094083520745834e-04
4.493899921100729311e-04
4.202243231647169040e-04
4.895821022240687444e-04
6.145866764565375683e-04
9.059999240908381355e-04
1.141573959054385931e-03
8.925060578690609389e-04
1.214256444000698983e-03
9.875911296500915638e-04
7.535552660241805938e-04
1.083153724796072663e-03
8.180230270894169042e-02
1.322260100388218500e-02
7.710761402476500699e-04
6.310311238799220504e-04
4.880058248759484851e-04
4.948716281827829442e-04
7.656445737797903939e-04
6.422880597511606985e-04
7.159405536263272699e-04
9.955056761069027132e-04
7.677051312200356336e-04
1.436463210803498591e-03
3.897909630167483916e-03
1.835318419187452607e-03
1.009337813261259893e-03
1.025760341273557284e-03
1.794023180938305413e-03
1.260894798215290123e-03
4.538736558651445402e-02
8.762025549875918778e-03
9.827233984766232423e-04
1.055201622666007916e-03
5.358822731858648835e-04
3.733651283830159294e-04
5.223057765673421501e-04
4.116288060052489088e-04
6.424586468699373292e-04
1.140099505787692214e-03
5.752560197093453849e-04
9.878760713677877097e-04
5.161861276909104380e-03
2.790004464595673573e-03
9.073363046181792202e-04
1.276037945075073803e-03
1.378746385009537194e-03
1.220798336470155059e-03
6.911265131655894289e-03
1.565485639531067784e-03
7.490239400101112279e-04
1.205603361387409551e-03
5.775001398524025505e-04
4.014431364931585981e-04
4.407255200152441284e-04
2.766183935230046693e-04
4.084710934020165758e-04
8.705779503564620202e-04
5.233380419755100186e-04
5.780874958359023081e-04
1.938901402769880851e-03
1.885192957011857726e-03
1.399026499993319579e-03
1.681461297606282046e-03
9.088649839776651940e-04
1.228250130111127559e-03
1.626780663448251611e-03
6.684861009210105176e-04
8.188522365968497639e-04
8.350144670280711893e-04
4.129074608571799013e-04
4.532986618396197664e-04
5.487644597791199209e-04
3.863203802949640863e-04
4.325460295631010604e-04
6.973865687981015355e-04
7.275392294515996760e-04
1.101162484839320098e-03
1.991605925615104120e-03
1.441213168022379863e-03
1.371109507179028939e-03
1.014996869791546727e-03
8.993381872988343885e-04
9.796195053435978461e-04
7.481662638604245907e-04
7.986933673269820417e-04
1.301528281465052150e-03
7.199808238230057458e-04
3.777574591442064826e-04
3.783427126405609193e-04
4.402070878023729250e-04
6.218893875962767243e-04
7.119419269233221749e-04
5.355092012136988995e-04
6.222066099643295189e-04
2.017742781067399880e-03
3.314142313405324218e-03
1.187682790590726149e-03
7.830044003371542825e-04
7.613903925749204065e-04
9.476761588986949269e-04
8.135679571247583135e-04
6.915488875964985243e-04
1.019897160299539345e-03
1.106849763594033517e-03
6.375777914942551850e-04
5.295481379522372183e-04
3.694688607114243544e-04
3.945298561043603797e-04
9.184016012096060839e-04
8.829224265509618298e-04
4.263163384609808563e-04
7.295338233556309445e-04
3.848187170478242942e-03
4.208053929469542792e-03
1.003427077015638103e-03
7.301370108936872712e-04
1.131760839194841974e-03
1.087688451182918133e-03
1.052252415767588808e-03
1.287187075520468968e-03
1.491208549076877225e-03
9.233051079408513767e-04
6.401743555150077054e-04
6.559386866794754412e-04
4.514569958810880261e-04
5.784916120461546310e-04
8.287052739756957560e-04
4.296689415743199978e-04
3.739521480306081031e-04
1.811471966260565529e-03
9.640543400150056869e-03
4.489900425842363769e-03
8.497461032393159325e-04
8.631425592739961575e-04
1.041723350382475028e-03
8.567102406348467945e-04
8.875391003759562593e-04
1.024112591173138636e-03
1.037104675278866526e-03
7.736191069089472109e-04
6.788443146780380293e-04
7.181188072706365258e-04
7.265489296109586695e-04
8.211354536826269120e-04
4.548322830874227643e-04
3.351699932247898103e-04
9.960155271247674979e-04
3.302253393895408697e-03
5.463985592708146648e-03
2.167110302879852145e-03
6.405774481222846440e-04
8.618454014071446918e-04
7.830571021299319876e-04
6.934108904959515986e-04
9.019258289078522237e-04
7.382855242034449574e-04
6.365674705700618587e-04
6.266481237911607476e-04
6.453762826725367675e-04
7.849437294328256336e-04
9.645860041961542989e-04
7.412079940580606043e-04
5.250445697696479218e-04
2.280579889655586640e-03
1.150068599097791612e-02
3.542031990101234245e-03
8.710815143452109574e-04
7.992450371895954472e-04
7.096032136315488141e-04
9.437191657380354735e-04
8.519083323490608860e-04
9.495044175247316885e-04
1.452686088081625885e-03
1.250844638650164091e-03
9.889053623878462859e-04
8.596250231117561445e-04
8.737159754294315144e-04
9.087641005492832569e-04
7.521517459888657888e-04
6.818764073717014642e-04
1.585432550003879580e-03
1.349597627898931063e-02
3.217348188798602876e-02
2.908391175160630546e-03
4.164350692586403740e-04
7.099306466088978283e-04
9.712977876436859311e-04
8.722007914625932220e-04
8.698278547448546390e-04
9.352941936341242855e-04
8.183969086755443030e-04
1.002939712463850070e-03
1.193084375364568493e-03
1.000260038914990149e-03
9.864632986261439185e-04
9.901548275286005830e-04
1.035444992197955471e-03
2.147087514047145776e-03
4.603878704533058246e-03
5.193479085947911959e-03
4.139041890757621731e-03
1.705670637519043258e-03
8.159759937031229671e-04
1.041180542427979977e-03
9.380925480224762110e-04
7.255589781620925107e-04
7.990491653068028865e-04
7.461484011475040751e-04
9.738270194653703138e-04
1.900374471594014954e-03
2.934887587911497002e-03
1.773920085109712691e-03
1.100874489421609309e-03
1.547511412358686155e-03
5.095980706619403569e-03
1.571117715959943414e-02
8.451815639836062280e-03
1.297344068189886868e-03
6.083285300395020832e-04
8.506728055145077599e-04
9.355775408696489180e-04
8.699058364815011714e-04
7.380393311809587548e-04
8.551040653135388424e-04
9.207267443282788830e-04
8.515447809311022052e-04
1.291942173845689150e-02
3.990702203658694214e-02
4.668859166587677884e-02
1.857398951156856090e-02
4.930368804856268515e-03
3.512981638762349961e-03
5.169937446704755968e-03
2.683673529452567860e-03
7.629468052300778435e-04
7.116954324167749490e-04
1.098395234031724612e-03
8.809279315610393443e-04
7.588573163560876364e-04
9.045001984682508704e-04
8.179377946970781349e-04
9.458257772337441260e-04
7.747810249537266875e-04
