1.070172174738716862e-03
7.046431799474502794e-03
1.856072865613747278e-02
8.864642148049314829e-03
1.176600077743894524e-03
1.314777731660122292e-03
2.107456835399767331e-03
7.538955002346579273e-04
7.451328562211721089e-04
1.256119628383684265e-03
1.067184759715411341e-03
9.610172573331364531e-04
9.257281824456317469e-04
9.865161718262693575e-04
1.198955860565197474e-03
1.171248381816879279e-03
9.562803122443980881e-04
1.052287141877121437e-03
8.133637058072365478e-04
1.419161032702823035e-03
5.172099309474172298e-03
6.558502915135457773e-03
1.463051648137949062e-03
1.961192898171029795e-03
3.604646417879745542e-03
1.215169802605001442e-03
1.325098707448758677e-03
3.078083929743259933e-03
1.594944664450559510e-03
6.187566004631812758e-04
9.129311370845954836e-04
2.025092797537746386e-03
1.625910302666456943e-03
9.115200830382850974e-04
1.107264220410966336e-03
2.785199598472102960e-03
6.349758731322375973e-04
1.184127469753728850e-03
2.139495798583294483e-03
2.158840411394346084e-03
1.162312923888250606e-03
1.866366754435060810e-03
2.379762864561154549e-03
1.183701450327379230e-03
1.737083669321917928e-03
4.096349992070336468e-03
3.530430411157853623e-03
1.167612777058548313e-03
5.203102511858830308e-04
8.681649006330553753e-04
1.331931693777988574e-03
8.384309052197035919e-04
7.972659896162654714e-04
1.384904003059655997e-03
9.198655958653267689e-04
1.490631757237043976e-03
1.899219015382150365e-03
1.561745173087305790e-03
1.748296248587753992e-03
3.164021979920465452e-03
2.771261376857097301e-03
1.970407215986632200e-03
2.052676400876620334e-03
1.598036897251276043e-03
3.829165937472761572e-03
1.039909709160885022e-02
3.192568444946171282e-03
1.213552113029263370e-03
1.384472741088772904e-03
9.224987588443223432e-04
7.293133203429144010e-04
6.643430818620294897e-04
9.371969203835794123e-04
1.220809297969017515e-03
2.266914056104594576e-03
1.946323926630596926e-03
1.917123960503633621e-03
2.111759547466127932e-03
1.443092239087859522e-03
2.607303205897694345e-03
5.609556690748098394e-03
1.574984962558473225e-03
1.735657255465890671e-03
1.270251631935718183e-02
7.287856009164338233e-03
1.556899656767296190e-03
1.215582547372486954e-03
9.305116502123585327e-04
9.152727820670802190e-04
7.125126975964520644e-04
6.713654984855787090e-04
1.643046564609087351e-03
3.107127738748283359e-03
2.017533398079315778e-03
1.499269127315300786e-03
1.436142753192794870e-03
8.036857310515143011e-04
1.510726772780189445e-03
8.417918373933304388e-03
4.978042955675234492e-03
2.012175206788618942e-03
3.828623240270189344e-03
2.933119790350889860e-03
1.664640164355742124e-03
1.497664565902269386e-03
8.738936426752388084e-04
1.008358000952101893e-03
9.986210654085480361e-04
5.477618104346819450e-04
1.963007824960401760e-03
1.951493410904760629e-03
1.012662203116315544e-03
8.859838921101861973e-04
1.869845339873675832e-03
1.598810478370338121e-03
8.072888573725214758e-04
1.785855671286864458e-03
5.005823841312517439e-03
6.169771293525414153e-03
3.624451807343464973e-03
1.670966981396354231e-03
2.213301171556606578e-03
2.257247371389701530e-03
9.004715607218935231e-04
1.197197969153243006e-03
1.561138837672854584e-03
6.033100531484534342e-04
1.487051111423040367e-03
1.239689711567957099e-03
9.442304229051472122e-04
6.336289179018377753e-04
1.274722599544631657e-03
2.405934054346314539e-03
8.397185274283412758e-04
4.161510260365748268e-04
1.282084924814418797e-03
5.426599788333103490e-03
3.724632168376220374e-03
1.256804828136148236e-03
1.681075120521503341e-03
1.847937322878789044e-03
9.789337967349327763e-04
1.434467183372319533e-03
1.800276365476321475e-03
7.448288559401477571e-04
1.453007150395463744e-03
1.727911744280826367e-03
2.078893458162923459e-03
8.996850784693387771e-04
6.363523631420117633e-04
1.152145952082576441e-03
8.706378149729373942e-04
3.761119771277076761e-04
4.098865263997486996e-04
1.184112037407442780e-03
1.727598554800676648e-03
1.194670605816291770e-03
1.734097159539536945e-03
2.517738989061391649e-03
1.815228194053363116e-03
1.457059495918198349e-03
1.330376545385472111e-03
8.830986054522080297e-04
1.446503424307758658e-03
1.589370937096223858e-03
1.633914781099725681e-03
1.085867251026319865e-03
7.876141673718238230e-04
9.328069713939409792e-04
1.017907052890735815e-03
7.312864531666260146e-04
4.229979028557950523e-04
5.549627572203012088e-04
1.136084613045724523e-03
1.188426637728710357e-03
1.706815496773696379e-03
3.786622610597019031e-03
2.913302264546075142e-03
1.202100812344942182e-03
1.074919159983120853e-03
1.250379556982344391e-03
1.497889225579760028e-03
2.238519529742891059e-03
1.571661431510568401e-03
1.201164264680542682e-03
1.342714812443231674e-03
1.370736305165918146e-03
1.317882569411134817e-03
9.643328174595009513e-04
4.894676956258439769e-04
7.825312194075212781e-04
2.430157674306380328e-03
1.591084241077947306e-03
9.851719944394181448e-04
2.112353466251899042e-03
2.053954929336752281e-03
1.110153154669240964e-03
8.607576798570564739e-04
1.270160083817387054e-03
1.518417386539505035e-03
1.038384243988107331e-02
6.360352733281234884e-03
1.988305323672508607e-03
1.492973912561454007e-03
1.072777529410395749e-03
8.153740647504763598e-04
5.505075720686684708e-04
2.988357773951409984e-04
1.017193952871183870e-03
8.254359601862161847e-03
5.997634964179254617e-03
2.287057091371648421e-03
2.590654487894339039e-03
1.913157965255958028e-03
1.896474770272001771e-03
7.104457077712141196e-04
9.635067577841171810e-04
1.533513798129766724e-03
3.911471962160573135e-02
1.705507670211478186e-02
2.904027803726382754e-03
2.653898850787655625e-03
1.507950801441370172e-03
8.396865394970586503e-04
8.508580761393063577e-04
5.935278835808357198e-04
1.345417062508237095e-03
5.632472490698316528e-03
4.510007941817576957e-03
4.634485634994210679e-03
4.865330863317612019e-03
1.433887538751652240e-03
1.948525710244703325e-03
7.260205054182299099e-04
1.087713422888042210e-03
1.776646752575500180e-03
4.191897736458144452e-02
1.033918323871240753e-02
1.934830097023407117e-03
4.110681164827210618e-03
2.448511457880517793e-03
9.464867756205240425e-04
1.440063981987833386e-03
1.447233353525159260e-03
1.492747114437174361e-03
1.113079757675419041e-03
4.237983969751520476e-04
1.320787200311142806e-03
2.888215204466735176e-03
5.527798897080224124e-04
8.207776848964164554e-04
8.299044882514286688e-04
9.688031555235589436e-04
9.676149153078306099e-04
8.642750330876990128e-03
2.526157973133189277e-03
7.952494936269694208e-04
1.691097752707912622e-03
8.045124011357301669e-04
2.970984307579409615e-04
4.763485704635441061e-04
6.316059894231211601e-04
1.314602100591058054e-03
1.408645071356974402e-03
4.001686412438006340e-04
9.823031442692769892e-04
2.473388955235093258e-03
5.839424374994385330e-04
7.314590292115724559e-04
1.111374202263001095e-03
7.618888360694012728e-04
5.189011083542748775e-04
1.623853657883979036e-03
9.730128102011963761e-04
7.493112340207569921e-04
1.349617700394701659e-03
7.539786210430424965e-04
4.226888969625546889e-04
4.427172654389739388e-04
4.668881726274813127e-04
2.129417704113584480e-03
4.701581560772429176e-03
1.153658304196358321e-03
1.441689925199441920e-03
3.118026859867661319e-03
1.106481449198759223e-03
1.002662669555170723e-03
1.032957752943457728e-03
9.929742843708521532e-04
7.003160929796082602e-04
1.213034245443427939e-03
9.289673634400250892e-04
1.005260678697433982e-03
1.958378483670355271e-03
2.238763604018458031e-03
1.590884014868248651e-03
7.873119539212627927e-04
8.585600584881704356e-04
4.216786948148465268e-03
3.578859121992776331e-03
6.151412773665679030e-04
1.308648163440617089e-03
4.418398565893397710e-03
1.681911943342711147e-03
9.260104298156840268e-04
7.855224723980160821e-04
1.304583758354462561e-03
8.480162678203725891e-04
1.473291885954548276e-03
1.216039442009473432e-03
8.181880471707174939e-04
8.164546389283154062e-04
1.107208152438368069e-03
8.819105596492321942e-04
4.277549339920979883e-04
1.148660969511481429e-03
6.453466372979803009e-03
2.658610600369891441e-03
9.778113701671728268e-04
4.842397461996262448e-03
9.146948002899734503e-03
1.875560044585503332e-03
7.607148489018301322e-04
8.758480301155412802e-04
1.075581496381531731e-03
6.420956482815641433e-04
1.078798025571810681e-03
1.077002722452819220e-03
7.289312548077759440e-04
4.237318426583925528e-04
4.969697543902712716e-04
8.246662414232564355e-04
9.804041362475369482e-04
2.732109560012497673e-03
5.879422007540259683e-03
2.988240578163773881e-03
4.844415974822107937e-03
1.139711119320905783e-02
3.049249450044569289e-03
7.830354675016181062e-04
6.582763493567678637e-04
8.674113885748286788e-04
6.137600848829040693e-04
8.912954015585455945e-04
1.234554139751796844e-03
8.533086407378081845e-04
8.816604266320345355e-04
8.150426929615711344e-04
1.016927532060102292e-03
2.742362552480879980e-03
4.838435015850285799e-03
4.516359227575791717e-03
2.693179375863599765e-03
2.918811636895992864e-03
1.016573189593620273e-02
4.487903430685273587e-03
4.254583726664936706e-04
4.888325510259335658e-04
8.708978839320358906e-04
6.874945921005186540e-04
5.981637824541283710e-04
2.790653784326142372e-03
4.605355179070335161e-03
1.771746848399477665e-03
1.530780597676218010e-03
1.871407806291691461e-03
1.848841421638975843e-03
2.485414386625455635e-03
2.415445475707706305e-03
1.730456970711141034e-03
1.768491968577565231e-03
4.305626744434468828e-03
9.564404062597750208e-03
2.039992707830646113e-03
3.993460774773496444e-04
9.134094591408132690e-04
9.166152777848273316e-04
6.003399949567981295e-04
8.800649646459635404e-04
2.988041262376337111e-03
7.068241198665361352e-03
3.032862970623123426e-03
1.829722748375629251e-03
1.495938438866711677e-03
1.103747894454786905e-03
1.174072624429545793e-03
1.244576902558111424e-03
1.897001359207955854e-03
3.944265398016602066e-03
4.419076852476419397e-03
2.419214433775624621e-03
8.788822706444487931e-04
6.582628296905516756e-04
1.014712930854617858e-03
5.903232731766343278e-04
7.093106388600911279e-04
6.678162267559812921e-04
9.835965311997658077e-04
3.619381746769191697e-03
2.802796562301040125e-03
1.520243099900640609e-03
6.545409094588866767e-04
4.398205552067080827e-04
1.216317853531069569e-03
3.788271867959904209e-03
7.274204091786353951e-03
7.146725152677884697e-03
2.024061940913596345e-03
5.959532890538277259e-04
5.364448514925360557e-04
7.038107830017742298e-04
7.086545940962594601e-04
6.286783550603379294e-04
8.579609589326825598e-04
5.921771380789779852e-04
1.278292454118609136e-03
6.438574058704565374e-03
6.146430396468818315e-03
3.460489801815173037e-03
1.164624953915910409e-03
6.086078334725443951e-04
1.741668530612614646e-03
4.754564079159980840e-03
4.069099421781002986e-03
2.014894415703543783e-03
8.000191309771761657e-04
5.921430150364349323e-04
8.587469540875978472e-04
8.286819512975304985e-04
6.761617546836603924e-04
8.039533455222752254e-04
6.468632566760623660e-04
8.032136455742821786e-04
2.678864100710261296e-03
6.342881448514576907e-03
4.352857199169921781e-03
5.650731544969016945e-03
6.347881021145976126e-03
3.152679228235764734e-03
1.751328326972286398e-03
9.700273071043323493e-04
5.963095244880345456e-04
6.456426907806806859e-04
7.317635404064543611e-04
7.410928359969512968e-04
7.359292412409218455e-04
6.611273888152623904e-04
7.246728770029585258e-04
7.620804164988190981e-04
7.414361426569325390e-04
