1.163022231304328222e-03
3.051379172821618458e-03
2.463947642596796272e-02
6.737778586517403911e-03
2.076995678148512055e-03
3.080475100426098480e-03
1.073522804945349456e-03
4.652895357240871858e-04
8.497032881926889440e-04
8.399477557608178192e-04
5.820919774124162695e-04
5.408960154056897647e-04
4.685395982687992687e-04
4.854963350581889591e-04
8.018927838213977741e-04
1.038124805763575732e-03
5.344252885981217935e-04
6.210516709227245635e-04
1.044357484422036653e-03
3.171691796284409424e-03
3.815871803381813004e-02
1.353153468244845323e-02
7.881511208828106615e-03
1.363831568027429504e-02
3.321206975674012660e-03
1.987901743995787104e-03
6.044463286100944938e-03
4.379097557164446722e-03
1.404704160285384683e-03
6.906382351584951446e-04
5.848254955732433294e-04
7.736909492377768696e-04
7.613038390610159375e-04
6.339229066463631084e-04
5.784909080721190987e-04
5.735645749432752120e-04
5.053532359801273096e-04
1.039870722153731159e-03
5.347497794986254445e-03
9.495006789907395415e-04
5.412021303563756096e-04
9.155896178624015058e-04
3.459859917025968207e-04
9.051617805942373902e-04
1.181537183680512679e-02
1.604349915679700866e-02
6.688816445354046382e-03
3.101940620358869822e-03
1.697454624567487722e-03
1.850508969098166789e-03
1.399300508046207123e-03
6.853187724562830475e-04
6.372596934169339443e-04
5.488391314725269516e-04
1.025540360438537872e-03
1.116449899121015098e-03
2.572273525107069293e-03
6.078911665385110068e-04
5.573655254593754341e-04
1.003896768725366130e-03
4.450181494963887253e-04
5.760525637547732987e-04
1.316560250546667220e-03
7.589095860220650700e-04
1.160789073523622265e-03
3.656856345545099907e-03
1.938953724913258531e-03
7.535617254093124025e-04
6.750193426626230038e-04
6.306240414778587844e-04
8.838835731256257551e-04
1.347038232830511653e-03
1.327115735994632015e-03
8.004311922619293529e-04
1.385968506675952071e-03
1.057708990436767192e-03
1.591876672664708755e-03
2.113626258830839100e-03
1.055371791310006063e-03
7.643036875162460050e-04
6.979376403396237013e-04
3.495045757909288182e-04
8.319015283769699062e-04
8.025972705978420829e-03
5.824642791143233057e-03
7.742521106856631221e-04
5.638710494161570073e-04
8.741228324082084061e-04
9.319505317979016878e-04
1.232921254889946493e-03
8.020192912332465640e-04
5.992665902790440596e-04
1.296175207045977039e-03
1.622606703123751458e-03
1.971298488322940478e-03
2.053554913895977527e-03
1.304571750744446673e-03
7.842663903171889859e-04
1.281410159347735715e-03
1.353596983614393373e-03
7.129002144174917182e-04
2.031624339438953177e-03
4.485753441563117977e-03
1.298164307429036744e-03
6.592708192889794273e-04
8.508804408408803324e-04
7.573996884801620583e-04
5.836256439846662083e-04
7.655314805790144764e-04
7.959470835398580564e-04
1.852046279370594571e-03
1.330128559165288807e-03
1.012374905593066378e-03
1.578481770429914378e-03
1.476449964329552963e-03
4.452539308018734041e-04
5.962504644886644284e-04
1.235956410194705320e-03
2.987944495693893782e-04
2.603374812755481394e-04
1.859972697755031806e-03
2.620416836186731380e-03
8.007148910943565111e-04
5.661592939542854988e-04
1.053836483920917496e-03
8.552692158087723011e-04
8.488217018029865302e-04
9.352497562413148802e-04
1.731914024580393473e-03
9.729238490986430628e-04
7.425505549234902129e-04
1.182266663173348227e-03
1.141189305180848393e-03
3.193758025716555613e-04
3.194342346334968271e-04
1.065336775421755729e-03
6.567913522207298981e-04
4.233057716445928005e-04
1.774087368597631513e-03
3.552371916221089797e-03
9.348903922959066583e-04
4.626117383938916370e-04
1.378509602678474168e-03
1.247497483855630881e-03
9.243010547903649388e-04
1.265074091455666320e-03
1.335746512774769329e-03
1.150802704248991186e-03
1.459296678986684269e-03
1.158740645762094523e-03
8.376627677894367147e-04
6.683019415237561461e-04
7.631265539230589357e-04
1.246487743626156211e-03
1.015275364644565356e-03
5.290295748646791675e-04
6.277214963397275945e-04
1.055881214317014056e-03
7.120370525700992067e-04
5.894080774476763429e-04
1.261675222069524090e-03
9.383799116989389273e-04
1.138067276926290478e-03
1.703004657013202239e-03
8.039722107064574018e-04
7.575348981172354496e-04
1.468113878058565584e-03
7.410481926047318701e-04
4.763440276030267624e-04
1.065471382448276950e-03
1.303088820130651098e-03
6.672299996620817148e-04
4.563247144981087667e-04
3.857982019851364294e-04
4.035203415067352569e-04
6.622579193696566564e-04
8.200989649807099297e-04
9.376874001986475323e-04
1.249210122163156708e-03
1.065925419640679096e-03
8.092821136157343689e-04
1.403646043978352357e-03
9.294002533982311486e-04
5.442537021580523722e-04
9.451846905429332280e-04
6.348928203816241438e-04
3.723205681304810684e-04
7.749989226083858979e-04
9.012532620371218987e-04
3.948966899067942317e-04
3.888887202736745195e-04
6.419133294995356528e-04
9.199675463414531398e-04
1.540083445400269651e-03
1.560272064806959846e-03
1.043340118505626992e-03
8.102393217486534693e-04
8.414748281335239282e-04
4.286767143621506644e-04
1.453152364160477904e-03
6.899827584893289054e-03
1.578464510950123049e-03
8.029209273631852028e-04
8.170305646717546154e-04
5.070701694070219208e-04
6.608908309036926618e-04
8.694821061017121407e-04
4.686257773218650987e-04
3.924730164994990949e-04
4.812099485660113491e-04
5.830095441687160570e-04
1.254671386915068299e-03
1.918648701684304205e-03
1.305870776489358263e-03
7.045065924672754692e-04
4.644531546956909155e-04
5.620985630574520334e-04
2.447420612709916288e-03
7.795060294867516004e-02
9.463899197255654094e-03
9.393637387136412808e-04
7.501087426299664004e-04
4.545019047745966654e-04
5.152744110129286884e-04
1.156178801025173602e-03
8.134008246840187042e-04
4.487796024516728659e-04
4.310793692751779382e-04
4.393920952897508456e-04
7.385380222585278751e-04
1.529516540842996552e-03
1.998662510671080951e-03
1.362980009247981251e-03
7.006999162430039337e-04
1.043605925387001369e-03
1.554534603360303554e-03
5.197440895561067364e-02
1.237227215872711318e-02
1.570969893778613588e-03
1.249765422012042403e-03
5.611806717865574709e-04
3.970293708591257674e-04
9.841400705970497920e-04
9.410343926692133236e-04
5.587168688891578977e-04
7.447601704523143908e-04
8.568354545052123475e-04
8.897992394244572936e-04
1.423352993526061025e-03
1.766067618935646079e-03
1.172724152766912173e-03
1.063716188762115454e-03
9.486694758252616454e-04
4.489769005721289336e-04
3.239342665147866129e-03
1.960462779702664467e-03
1.118917514419208925e-03
1.479395867905224787e-03
7.220694485606608251e-04
3.657515236906982710e-04
4.924225889764152287e-04
4.315877848727541237e-04
3.492428095957248119e-04
5.121840608962735389e-04
5.513277692676238871e-04
8.688214134907136553e-04
2.408719964626737566e-03
1.614211051718520903e-03
4.751797198500894203e-04
6.756022621092621109e-04
7.916796578869486883e-04
4.613506487904486851e-04
1.022579397391914320e-03
8.770834315799655228e-04
8.846802546710150639e-04
7.465206481865307910e-04
3.895225444754307808e-04
3.055943661841478524e-04
2.603265752112025226e-04
2.031965307073070636e-04
3.753603962764639926e-04
6.303335179115488905e-04
4.160117022375256555e-04
1.019230737130270110e-03
5.120855197531466556e-03
1.877962015448530206e-03
3.709570892684123703e-04
5.185766994684618599e-04
7.979535977869324850e-04
1.028748305813557973e-03
1.385856247164581750e-03
1.377310568215882628e-03
1.754780760866588756e-03
7.584971191777993690e-04
3.226074642812502011e-04
3.962178220042604265e-04
2.627104573837545521e-04
1.730231164929523966e-04
5.785513837609990639e-04
1.250142583683424820e-03
7.738827021066092219e-04
2.003064588300233328e-03
5.989746487717380156e-03
1.393137219290638837e-03
5.854257740964040422e-04
6.197864055484045287e-04
7.038253654252364482e-04
1.321192024573150702e-03
9.285926152837430114e-04
7.103931034967653300e-04
1.178951211115661975e-03
6.178744224058814591e-04
3.634083897715288149e-04
7.359664021387799654e-04
6.242401978106085778e-04
3.002949842094519424e-04
4.115685035570119119e-04
6.683014425671268775e-04
1.184730336174281062e-03
4.582381801577472755e-03
4.286441522506755954e-03
7.724919012509767757e-04
9.873668987454202548e-04
6.032316769190202658e-04
6.726751236809314560e-04
1.322148238656902820e-03
8.619121851045431814e-04
6.433743159383798925e-04
7.058073029974621087e-04
3.171672597874130250e-04
2.700009852724629582e-04
8.794464882659516324e-04
1.496777327772332630e-03
7.284680111697176223e-04
2.999168904823843428e-04
4.331162030062496058e-04
3.272835671165867655e-03
1.284963197277544725e-02
2.732892625614599409e-03
4.031628442820421056e-04
1.003514343111630742e-03
5.060688280019797316e-04
6.242141677328628610e-04
1.035994700747676399e-03
1.205873883903954254e-03
1.900326462628886947e-03
1.711361626324133184e-03
6.997891993297273433e-04
6.607873937496353553e-04
1.194742924483013303e-03
1.289783864831695699e-03
6.474937767789967725e-04
3.190655165602424384e-04
9.846300455247300465e-04
1.009127869994045842e-02
1.240690103577503714e-02
1.155002357475467221e-03
2.494519629773659600e-04
6.858813047118452215e-04
5.012466393111488384e-04
5.053809164348369151e-04
8.610779048495293114e-04
1.076066011516947640e-03
1.969209377464050878e-03
2.223231205712984399e-03
1.812899991114524413e-03
2.100311362419440483e-03
1.381846969144126438e-03
6.110019275573107039e-04
4.704659991754690232e-04
9.278941262069074093e-04
5.105716093884931674e-03
1.027031301756881065e-02
2.128708381377573608e-03
3.686891719613710392e-04
2.820603379460163247e-04
5.891402777919229694e-04
5.010142320717565984e-04
4.713422026768670169e-04
1.103927091853803416e-03
1.248972798004838961e-03
1.368317342369449602e-03
1.189853586534629073e-03
7.803468053985756440e-04
5.474170497598739764e-04
4.134756519766415194e-04
5.450469472228185045e-04
1.485136122225954800e-03
6.532186566933407927e-03
1.827588338404784879e-02
4.825334617491387583e-03
4.203286626538257236e-04
2.453086003985287624e-04
5.327741436858389077e-04
8.089158921401141738e-04
5.549558901429611736e-04
4.140898915520243987e-04
8.191346422440310771e-04
1.458264292368494129e-03
2.095082503071169638e-03
1.833606999396822238e-03
5.426741110540708214e-04
1.731414884184538216e-04
3.959468326245196173e-04
3.124736797701583527e-03
9.052467864449839641e-03
9.626905787497867101e-03
5.669986550217275510e-03
9.796490868457894286e-04
2.426217762752510502e-04
3.743488132500911178e-04
8.192710262647090458e-04
9.911356106096925588e-04
5.854385285906483312e-04
2.653155404629167877e-04
5.828221769182092334e-04
2.044314873604913003e-03
4.335567296436175326e-03
6.409424502823701450e-03
3.091921235952819862e-03
1.196676650106804143e-03
3.656649569194667191e-03
1.877768665202949813e-02
9.390629107200145625e-03
1.599506188978192358e-03
4.716871743674341593e-04
1.876723338666986662e-04
1.808382227485544433e-04
3.296203267185168566e-04
3.672594643332303282e-04
3.649061997079116855e-04
2.349360478962978101e-04
2.394217624477679499e-04
4.929125846367002003e-03
3.737044884491703967e-02
2.717306165409240012e-02
1.987055914390353437e-02
1.622844069981447049e-02
5.430096920795312969e-03
2.439397294621410868e-03
1.251440978382588635e-03
2.875762700498356826e-04
1.311882926748608464e-04
1.600373044417459280e-04
1.465299851212297139e-04
1.321857788757046777e-04
1.157692300473666498e-04
7.515542709000582529e-05
7.833755033100245444e-05
7.212362322484195971e-05
