1.002656476120797509e-03
7.763604066455917930e-04
5.509360413929218631e-03
9.075908617450466342e-03
1.969304779942968996e-03
1.723835970004346761e-03
2.501130115234711810e-03
1.193599692635803795e-03
8.938471635946760229e-04
8.014230297582425290e-04
4.618644875990918892e-04
6.791942941635831840e-04
1.701671861738211691e-03
1.167462889422950841e-03
7.174480278660965620e-04
1.152465191411823761e-03
6.886907771812899670e-04
3.904568490203683497e-04
1.010336130638487141e-03
6.064629923391210266e-04
2.404888574686906994e-03
3.369601729037914085e-03
9.615538514855648646e-04
8.460060075931119614e-04
1.733243737084346663e-03
2.430985748322142623e-03
2.500559370555942122e-03
1.352418756240781348e-03
6.362590333566548080e-04
5.923786783224711762e-04
7.665661221339470453e-04
6.425402690901347615e-04
6.412817003653646089e-04
9.209651395384125519e-04
5.755577355342511060e-04
5.395624485020644213e-04
6.104937899714296722e-04
9.402415549076296921e-04
3.198644256541182881e-03
2.941741203812515797e-03
1.062865245657778268e-03
7.490591217632563232e-04
8.654659558313427268e-04
1.102342269094415449e-03
1.270326647954450735e-03
2.553836592104631684e-03
8.478583336305510823e-03
4.770873291529050160e-03
6.897275999429732353e-04
3.432408416309067046e-04
8.391863606500832686e-04
1.458512283102846637e-03
6.917245961592800429e-04
6.877474021968198485e-04
5.561938031489014082e-04
9.070284139092860132e-04
3.484960390299341078e-03
3.972641986889338325e-03
1.595354980879820509e-03
6.519906211957663452e-04
5.303154877859043949e-04
7.774977639999799657e-04
6.072936901448667798e-04
1.027981151270622624e-03
7.733671465178688226e-03
1.182377414383200404e-02
2.848582273787312810e-03
8.698002127215477336e-04
7.594466146533358167e-04
9.205060559678657304e-04
5.837616684186517236e-04
6.567078206837394716e-04
6.281048426010356995e-04
4.807781988513014837e-04
1.462496761726277735e-03
2.361242052815807659e-03
1.303392239101955688e-03
8.030608959832463353e-04
1.232380216687814761e-03
2.349419502577970720e-03
1.212283574970791011e-03
7.740403684829970810e-04
2.182041659185795374e-03
7.039564995953703948e-03
1.513345947867599656e-02
7.393486228706513258e-03
1.700927094744585739e-03
1.344376805594426879e-03
1.165725939794567739e-03
9.082231628626585753e-04
5.724084411335867437e-04
5.009224442079874499e-04
1.195556294995236751e-03
1.973925236507261764e-03
1.095042417035723076e-03
8.365916642522246496e-04
1.257059841208799491e-03
1.539427962486725632e-03
1.113614169269458226e-03
1.218223832599792545e-03
1.580089211909551337e-03
2.238098924959299688e-03
1.076891078290207436e-02
1.562016622652653668e-02
2.508216233034260469e-03
9.776354115142366682e-04
9.226509090243089619e-04
8.413331564117301287e-04
9.154612693535995466e-04
1.431133013509057602e-03
1.895309163801124543e-03
2.449726120427322355e-03
1.315007334048978998e-03
8.051787373282659694e-04
8.723741801820272639e-04
9.550498676682742756e-04
1.197301181425089803e-03
2.611466663122146391e-03
2.971379985826991341e-03
1.020151627612576450e-03
1.574109223867646394e-03
5.767802055412040232e-03
2.333325089400320723e-03
5.896662993250229674e-04
5.726213460503571436e-04
8.375458101171203915e-04
8.651509872295752926e-04
1.726427952076952646e-03
1.279492274660155209e-03
1.548313251230494037e-03
1.200119144947142972e-03
7.978089665282952266e-04
9.933039592976088648e-04
1.475664063233914428e-03
1.586093862697024069e-03
2.373607812969755551e-03
4.464514485972313762e-03
1.404662639120400798e-03
4.558812882509369487e-04
1.771859860549953323e-03
3.878248439895400860e-03
1.465198748785694061e-03
7.439650329378055555e-04
6.823351042180538428e-04
5.859223736089767690e-04
1.089816215270391535e-03
1.197433573396161849e-03
2.241197124504778343e-03
1.806280351403532309e-03
7.308148293491416488e-04
4.969943810618198538e-04
5.774285600084773633e-04
6.427091284157362581e-04
7.716721513602446984e-04
2.441078568063649677e-03
2.546375037361947764e-03
5.122252753869208910e-04
8.022148806193250608e-04
4.746679722196019309e-03
3.914314854451991267e-03
6.832961700723750318e-04
3.564403470357519377e-04
9.773049379018638322e-04
9.411910018863545386e-04
2.318903606948725417e-03
8.722939395357454107e-03
6.538381206357699385e-03
1.331811742674034486e-03
3.319103256568367685e-04
2.246023268450357253e-04
4.074107941115985587e-04
3.966051575517175101e-04
4.856682515151510720e-04
1.321943843879038166e-03
8.471607254255709724e-04
6.152950197296192750e-04
3.536133128542624359e-03
7.214537857964679370e-03
7.875737508607542859e-04
4.478277208053902357e-04
8.481889052384022952e-04
7.311252483004143047e-04
3.588992635908682532e-03
1.233338406033387784e-02
1.067981918458439650e-02
3.657981105548704578e-03
9.412273854854017298e-04
3.433273131318517074e-04
4.398255858286953665e-04
2.857114044694853187e-04
1.111993913133955768e-04
4.122561180315880347e-04
1.123999208233276200e-03
6.280814464033075001e-04
2.251850911948245337e-03
9.168597090827056498e-03
1.053389754171272152e-03
7.895592874635197923e-04
5.570586917844707773e-04
2.051956730823645703e-03
2.351212321830865870e-02
1.492951753246521754e-02
4.816841048857705733e-03
3.031318816594989404e-03
1.662407988647141227e-03
4.905601417422598759e-04
3.658157211371084361e-04
4.447865132644645333e-04
2.723213611659378790e-04
5.403500529175073869e-04
9.468275796106873738e-04
4.234890638623764708e-04
1.492619838386956580e-03
8.549774818844965360e-03
1.023576468369768967e-03
9.704546872463523178e-04
5.434386153702047001e-04
4.212409128900893723e-03
1.124544592081285904e-01
2.429619338641410622e-02
2.433595807882783010e-03
1.126573736099590640e-03
1.020782276662832427e-03
5.536627132557122091e-04
3.859938443544294758e-04
8.900021829594034675e-04
1.572931071828314849e-03
1.613590065668340156e-03
7.910391102364472491e-04
3.803360912366669832e-04
2.307351429850913998e-03
1.174224003781448346e-02
1.225898241290710724e-03
1.414263462319614905e-03
4.348156087571162934e-04
7.594968452898949582e-04
1.826154676129907936e-02
1.327314747961036261e-02
3.006318275941568651e-03
1.176886740925400061e-03
9.884227368597738039e-04
8.099605568078952324e-04
3.511688778682954277e-04
3.111389529307904034e-04
7.612704269993136007e-04
1.567060602166970261e-03
7.794438715767528251e-04
4.784172964095582178e-04
3.244664467419008849e-03
8.569109856382060852e-03
8.141654581307174393e-04
1.105132931597881292e-03
7.157892787322625181e-04
3.262298131155633618e-04
2.031059895478955300e-03
4.639930392790470731e-03
4.133455279522052495e-03
2.267510473924157222e-03
1.330606124103192586e-03
9.189067357625991085e-04
3.758667766491665101e-04
1.523539215863072504e-04
2.566407965859959328e-04
9.147556679845106472e-04
5.550416220153016117e-04
3.529947966557590768e-04
2.634606993358867659e-03
4.932437246212155284e-03
4.599622072772632363e-04
4.698177132369489172e-04
7.562915465258176302e-04
4.932485917527671803e-04
1.030161397203801892e-03
2.118735367058969653e-03
2.293941718676418152e-03
2.005394486484689091e-03
1.313795683592294079e-03
8.073560350614488205e-04
7.655018509332914148e-04
6.196165955187965188e-04
6.995264695088788346e-04
1.208923791935436051e-03
4.663955457924201932e-04
3.893057690263604419e-04
4.935107304837982323e-03
8.535731235475916071e-03
7.384916759465470814e-04
4.973632483972607833e-04
3.478795552243837703e-04
3.823319638131349022e-04
7.771396270266382267e-04
1.208444747825594559e-03
7.572384763743952559e-04
9.271445670462768757e-04
1.161224412678033002e-03
6.686678314246332017e-04
8.922476721500471929e-04
1.639754474217704596e-03
1.549106098535335888e-03
1.134171621553099578e-03
4.956981585740643983e-04
9.507220318351530938e-04
9.357436773678586700e-03
6.202977535666165214e-03
7.118032869378147645e-04
8.240107863705814105e-04
4.146811753121539229e-04
3.628307871645042814e-04
8.308968888729879312e-04
1.004366382691278649e-03
4.073823529733594409e-04
5.097613090410031429e-04
8.463958954712734158e-04
4.208055348112117082e-04
5.579815609719820111e-04
1.693782587160302380e-03
1.285512793226892313e-03
5.381228437592891446e-04
5.785629523703600050e-04
2.814571371971814548e-03
7.755347744973291498e-03
1.229158871752212894e-03
2.932244349303076672e-04
6.531014913664885202e-04
5.789527882621593041e-04
6.148591023613169488e-04
1.274751167955733054e-03
1.044480781081856720e-03
4.809575041071887280e-04
5.863714786918430280e-04
8.492406215911899991e-04
5.584356810542060075e-04
1.012484987636303162e-03
2.827200163085579528e-03
1.217112125033693480e-03
4.787069814144451750e-04
1.499316298552596377e-03
9.176459964951581838e-03
6.658398232346912811e-03
7.114565362378433679e-04
3.812701935453527186e-04
4.748384958513359529e-04
3.626923793352985950e-04
1.122688846668371855e-03
2.307821699351993248e-03
1.195004944661456642e-03
6.845833714511312482e-04
8.635808906843117552e-04
1.555631450149839957e-03
2.283877576021076019e-03
3.122926606719804432e-03
2.131407949324508420e-03
5.595860272702991292e-04
6.355978530937098298e-04
4.729610624916946726e-03
1.104723693184284268e-02
2.705685934282039094e-03
6.824935017879130324e-04
8.106668590337531280e-04
4.014107204343423849e-04
2.595559445596515953e-04
1.443526191365096826e-03
3.047919087958597499e-03
1.342624079854597922e-03
8.137765171439134086e-04
8.786834411253552140e-04
1.851678494776499550e-03
3.585781648511599147e-03
2.008305862382011014e-03
6.031495905086158363e-04
4.251148023159673347e-04
1.872937367453442106e-03
9.457357340728977588e-03
3.836811399574981910e-03
4.880832974245354625e-04
3.615193009948860039e-04
6.844474540303477437e-04
2.735795087099411192e-04
3.939858773225054047e-04
1.462113542929161609e-03
3.013751762464383140e-03
1.749236881214479141e-03
1.119233875143981448e-03
7.259860612812551062e-04
7.987770398347913622e-04
8.698901342806210270e-04
4.301200736729221281e-04
5.619268792881302894e-04
2.828927108219306090e-03
9.608482076140742803e-03
7.057611179773578061e-03
1.046069842358170144e-03
2.172033806657090922e-04
3.005345403262763221e-04
4.651953998163945174e-04
2.218835903229901194e-04
3.924196984652416156e-04
1.087243466106211460e-03
2.798100630394848715e-03
2.694329705397860864e-03
1.828686723514512998e-03
7.474272129536288500e-04
4.871693749184060783e-04
4.583230561808381487e-04
4.313459586976460341e-04
1.798041544037544620e-03
8.496982082568629163e-03
3.734954487351610855e-03
6.186764523312880638e-04
2.382831083836174787e-04
2.231951277259534101e-04
3.303910769716352576e-04
2.694912801398406449e-04
1.408289130400099045e-04
1.303002342761445953e-04
4.248040946722985724e-04
1.510301722861444665e-03
2.831714681160609620e-03
2.785888983852947282e-03
1.375565979748333712e-03
1.297634252299828149e-03
2.042965284653123874e-03
2.217883244893132169e-03
3.102758390262782325e-03
1.804549098941632575e-03
1.796307519552400042e-04
4.368993569500017482e-05
8.204098074143498416e-05
1.786982653068178585e-04
1.826569826216937640e-04
1.069593554481357587e-04
6.174033122555467614e-05
2.422053979248447704e-04
9.348915413237186833e-04
2.376088836471873262e-03
4.648224628113602208e-03
4.909009877302266192e-03
2.453995104293881738e-03
1.879676023748890054e-03
1.678570253466896232e-03
8.540188752270810304e-04
5.091114670929559188e-04
2.777968929070328392e-04
1.047043638998641595e-04
9.481345654688580168e-05
1.575703089306125613e-04
1.266132013380459555e-04
8.754412183539416403e-05
9.640657135231730341e-05
9.272532376387576647e-05
