1.589636506646224931e-03
1.024941162741247044e-03
1.247865010777201526e-03
7.642615248470648092e-04
5.965528128895729049e-04
1.081867968627142065e-03
1.436276639357993851e-03
1.165542431745423581e-03
8.529683650747054476e-04
6.079896572271617679e-04
6.033224217136581293e-04
1.043030907909338117e-03
1.382280066723092600e-03
1.134560213864066599e-03
1.019307722095539291e-03
7.129838927146480137e-04
7.698372900611008931e-04
9.753493419085891439e-04
1.817992155248652954e-03
1.006480814817695005e-03
1.012484522007974733e-03
9.331246190901058054e-04
1.123384675562535875e-03
1.131393958481453129e-03
1.091542316614835511e-03
1.061308425499287019e-03
9.952362258472781994e-04
1.044874800380074823e-03
7.388121991639213983e-04
8.125757968903216935e-04
1.109674512800574520e-03
8.337773035667164247e-04
9.185921918280331435e-04
9.558029817353153913e-04
8.259411486274450534e-04
7.263500955336046373e-04
8.664487609608165176e-04
1.321885030067728763e-03
1.252472605244200595e-03
8.306782993391208236e-04
1.053381773326858431e-03
1.069310280427993509e-03
1.113970635697524069e-03
8.212326002357848770e-04
6.289486217013947342e-04
9.929786928106320437e-04
7.562682469589744735e-04
6.063538778877136009e-04
7.298891807900333931e-04
5.374061304074881232e-04
7.728257161168928776e-04
1.366828124723089549e-03
1.023226141864678551e-03
6.106130957057502671e-04
1.277610907707340485e-03
1.472036283047965409e-03
8.907542253475337138e-04
6.795715881847201297e-04
9.591780122079065444e-04
7.290172341975351611e-04
9.015581839357701558e-04
1.200123645311952083e-03
1.320227936599643317e-03
2.021879313733957514e-03
1.323968537119211324e-03
8.640097836308732997e-04
1.069562491583067685e-03
9.848839236155087096e-04
1.137270687688746130e-03
1.424641042052043633e-03
8.677697028752519304e-04
6.130086480772065473e-04
1.406338554139198536e-03
8.459884001838197760e-04
5.651258383321251626e-04
9.140542887099463313e-04
1.960017571116965882e-03
1.111443014889904784e-03
9.296296987923124934e-04
1.474047549070284496e-03
1.951952633017181712e-03
2.124750149312085168e-03
1.299132500583285695e-03
9.539678487805055250e-04
1.158079491846232588e-03
1.362832183900726914e-03
1.622269339312789422e-03
1.266597389837513131e-03
6.046675694734902039e-04
7.697376865152714357e-04
9.997790364646031575e-04
7.526124666319037411e-04
7.523031004391876305e-04
1.109545303918055845e-03
1.950263846592760345e-03
1.199310204819554852e-03
7.397655082453306712e-04
7.329029134690910694e-04
8.302209003126294644e-04
9.013180125741628674e-04
8.024891786084226283e-04
9.688726797021029406e-04
1.058554821907460673e-03
9.055708275454156216e-04
1.238925586797553135e-03
1.196516965722520514e-03
5.726682022091630691e-04
9.868232059532914841e-04
8.135195912785075619e-04
8.802982395423427286e-04
1.247368734869139933e-03
1.466713388363573419e-03
1.647928030218724334e-03
1.269285840551672741e-03
1.038483551191351226e-03
6.487417975557491874e-04
4.059933669843977864e-04
4.541877491985272662e-04
5.916731237235683082e-04
9.848081060207201920e-04
1.164784531110665084e-03
6.863184343046628685e-04
7.546778346941412094e-04
1.134494965910890331e-03
8.177798369929563122e-04
1.578871029897082993e-03
9.088982999867966858e-04
6.965752296413114508e-04
9.888207176861551432e-04
1.595676399607519249e-03
1.613433071479290640e-03
1.208146239360669092e-03
1.435374749755764529e-03
9.092958109700093137e-04
4.351371891041814154e-04
5.800099358521537294e-04
8.160405224911636973e-04
8.436116372398038635e-04
1.050220854134886229e-03
9.199725832942205620e-04
8.820676823182447071e-04
1.335753032654787582e-03
1.115373859812278249e-03
1.631182660549533592e-03
8.605818611040601468e-04
8.917288660713439249e-04
1.181784821667463195e-03
1.955868984758124367e-03
1.571697078161985502e-03
9.007236090262002145e-04
9.244047092546536868e-04
6.157358186356301629e-04
4.443085674886063747e-04
8.687820587979973048e-04
1.070688863565046273e-03
5.670630015880762705e-04
6.726024183676066262e-04
1.093761737568599030e-03
1.101380013527558091e-03
1.538247447935286050e-03
1.226418860316029306e-03
8.821971139114727399e-04
6.354821723035424582e-04
1.817640090906147768e-03
3.065150960443882404e-03
3.526141351911117865e-03
2.147019785552113820e-03
1.362278967374256407e-03
1.050952028704840550e-03
5.046547971921593956e-04
4.001790679379202821e-04
6.187852146956303659e-04
6.235574027719561476e-04
4.458042728718499556e-04
7.488037585519784255e-04
1.213025888485463541e-03
8.787201823130980386e-04
1.282222803146603873e-03
1.445075690168153189e-03
1.021684943639330871e-03
7.513942091528560139e-04
1.235316475699038945e-03
2.499891213858837502e-03
2.115705808334015885e-03
1.070572219602140178e-03
8.862702723914707989e-04
7.548852678572807963e-04
4.638736325559515293e-04
4.673742424862356820e-04
4.744277977125017703e-04
3.903731359264232858e-04
5.222696613920832552e-04
1.255216169636593805e-03
1.573121672444135555e-03
9.602438522102018769e-04
1.290501403787411381e-03
1.439611739769344669e-03
1.293970762993332116e-03
1.399610276523153901e-03
1.546620230750574967e-03
9.634550836408722202e-03
6.463065365086140615e-03
1.389084229652634214e-03
6.118339820979122124e-04
3.701358720492940019e-04
3.094866721678723445e-04
4.708847883677709403e-04
5.275729731958863147e-04
4.545086872042935306e-04
5.943042646508357859e-04
1.002833039492712986e-03
1.176100886080270157e-03
1.161360583432004701e-03
1.399495712782430684e-03
1.071926883593397623e-03
7.530652845957728657e-04
1.260047425341954182e-03
6.587929634229253498e-03
2.516048148772085935e-01
1.290327607333292270e-01
1.125225418089760739e-02
2.146543537276815808e-03
4.941384154372120609e-04
2.328287610926575669e-04
3.414239381647730682e-04
5.777689228155272151e-04
6.975503285273169105e-04
6.586337304311686144e-04
5.779465835715434912e-04
6.028875087359013632e-04
8.293489826920726147e-04
9.731253299929445684e-04
8.989004302487466807e-04
7.313993368600059082e-04
6.226707620334080272e-04
3.536845854946218254e-03
9.899254937567930623e-02
4.870959862931562023e-02
9.370829780004677825e-03
3.489228081947776290e-03
7.487267665339643547e-04
2.601418802721035565e-04
3.374541045315515987e-04
5.758069448031060810e-04
6.239468692288498196e-04
5.067524258912574440e-04
4.469959208637813318e-04
4.762197860740132837e-04
6.340096961328915053e-04
7.172311078038758839e-04
8.188991048012199967e-04
1.088824549996796542e-03
6.016569618883584611e-04
7.681466245173969309e-04
4.320946590721770099e-03
3.547146114078098249e-03
2.338896957422822911e-03
1.740582777772034778e-03
6.990936093374864159e-04
3.845513481135554089e-04
4.039017405698620204e-04
3.601702587270711148e-04
2.633839549672024926e-04
2.855875438972915324e-04
4.504929022662810395e-04
5.995458423663677875e-04
7.681193361347837941e-04
8.194866178237933396e-04
7.777871485159604335e-04
1.198790050474306517e-03
8.932812858187462761e-04
8.752515469928990677e-04
2.819963229265322422e-03
4.366102575795660461e-03
2.854534661418325642e-03
9.617270295711664819e-04
4.439684748648863879e-04
4.375275489258537739e-04
4.045490886194685128e-04
2.791722976343509249e-04
2.623796823750504294e-04
3.712892193426625925e-04
5.304923349938369531e-04
6.367325921892839262e-04
7.906094486717138827e-04
8.567891750836044602e-04
8.838069293292354208e-04
1.038813250524380513e-03
1.233449825571882952e-03
1.174625982526418620e-03
2.055861470524460513e-03
3.272636417708963980e-03
2.379863788750540433e-03
6.272012644418080516e-04
3.229733935018723619e-04
4.205882683892724549e-04
3.628988419513869265e-04
3.022648627564969459e-04
4.892675639458584800e-04
7.019858437795708670e-04
5.978318087938511768e-04
5.821684930137555666e-04
6.578328186260390398e-04
7.005750680086289409e-04
1.116824042203240670e-03
9.134728772515540848e-04
1.527754712743387838e-03
9.230799358049846534e-04
6.341624194253079249e-04
7.265062181944635005e-04
1.194613748959420059e-03
7.147319506840340165e-04
4.053841596457515408e-04
4.880736812075778686e-04
3.923996822723122501e-04
2.954464501667538527e-04
4.743854644140116611e-04
7.170099459935383923e-04
6.644184245108343155e-04
7.390141348812245391e-04
8.136544252331676065e-04
7.520802850844714605e-04
1.217451121533737321e-03
8.132028960251649376e-04
1.293289550628058757e-03
1.043838422921260136e-03
8.865130749440033832e-04
8.939433222644659971e-04
1.616053476321635020e-03
1.060749651309025095e-03
4.142903645076285546e-04
5.205223191085277300e-04
6.740073599190816393e-04
4.599332604958097535e-04
4.356678239651738563e-04
5.555009448259037169e-04
6.020875427386780665e-04
6.825547300495501480e-04
8.161087267655091695e-04
7.991127673565873862e-04
8.946731586225279993e-04
7.222554071413170686e-04
7.936577480363960846e-04
9.301688251154148924e-04
1.569978768198095282e-03
1.565938506926275488e-03
1.876968462391074123e-03
1.184457943338093925e-03
4.350456024816232452e-04
5.504134055437711216e-04
1.023940108333333500e-03
7.223071015760204302e-04
4.745096256917777605e-04
5.644389327383234328e-04
6.794665065155958399e-04
6.228628713848138746e-04
7.030746359495312469e-04
8.209192387140468259e-04
7.275470047938083001e-04
8.364749944882324609e-04
7.558856648825428796e-04
6.741056935863135296e-04
1.032842905201033015e-03
9.278182194516824792e-04
1.167972774074264733e-03
1.526966824569074522e-03
8.694029618962245860e-04
6.469824157673415010e-04
8.154333514922938861e-04
6.535974949421139964e-04
5.121076563384473852e-04
7.576022216413020064e-04
1.046060763792807996e-03
8.575271295603922178e-04
8.092857610469297684e-04
9.156517866362992499e-04
8.141631925822252498e-04
9.100254879525558182e-04
1.018071020092444585e-03
8.686753221215580108e-04
9.633487120959003053e-04
7.908208334945928102e-04
9.069372574983751824e-04
1.426436556684105607e-03
1.050360947477496816e-03
6.304607306787991545e-04
7.294790991741087038e-04
8.194796831379342608e-04
7.127866289370734035e-04
7.816251117450656594e-04
8.467586469970251554e-04
7.926386321086163408e-04
7.863835808418109374e-04
7.939558915975571205e-04
8.534267652844223237e-04
8.231591666470204670e-04
7.070861291902320791e-04
7.728551589727893859e-04
8.612678045489183514e-04
8.485927410863309834e-04
7.625586968443561842e-04
7.962019452040600565e-04
7.210050282218992499e-04
7.011661060389566156e-04
1.097899895007171511e-03
1.448539055529270408e-03
1.055854455013500353e-03
7.782595806725437979e-04
7.316003915684396756e-04
8.017524919748138376e-04
8.668937662572044796e-04
8.287759666649138247e-04
9.272848394430923021e-04
8.550326938782942679e-04
8.704057993613352473e-04
8.743842845989795512e-04
8.244038329372434032e-04
8.889965168487660128e-04
8.693199304567309936e-04
8.923821679867777494e-04
9.447871015293592394e-04
8.627073882662340430e-04
8.469329923650367178e-04
9.059014607949382025e-04
8.031123059116314529e-04
8.123621536553494700e-04
8.943533499781769393e-04
7.856807596889139617e-04
7.560989052956454924e-04
8.445591161815343799e-04
8.443752246631833127e-04
8.270485064508335685e-04
8.012518202448824355e-04
8.064589876570757215e-04
7.686022036037950221e-04
8.386621724386793307e-04
8.004250869930812579e-04
7.309211964354237444e-04
8.306258857871877226e-04
8.379530591287861823e-04
7.413345463741804510e-04
8.420409703787347854e-04
8.889245413745384353e-04
8.530955312315235094e-04
8.538270697777553334e-04
7.355680441284262027e-04
7.751613199794924608e-04
9.516123921516796277e-04
7.405863897556032261e-04
9.060767675584993066e-04
