5.201391099308059693e-04
1.686084569243306809e-03
1.530825583045405253e-02
2.389621603971757088e-02
7.544975878575116077e-03
4.096505091191146933e-03
3.412070072645677788e-03
1.433050033370180699e-03
6.704108723700176681e-04
1.129849343187388925e-03
2.037794775318264775e-03
1.239287016615132605e-03
6.906600528821953177e-04
5.999954408400480369e-04
4.702051892881584593e-04
4.168099156965335457e-04
6.917767961827088041e-04
1.594141607765034571e-03
4.804850224288489849e-04
3.712937499310383326e-03
7.703698901025298786e-03
5.493045748326303920e-03
3.033876290767857295e-03
1.808006360235770707e-03
1.354198125880381673e-03
1.591971543541123319e-03
1.123796431891156558e-03
5.488765040500754493e-04
6.389295983218800995e-04
8.563609479060983612e-04
5.664559305225818362e-04
5.357934962407065243e-04
8.288898780930553786e-04
7.710691482760188365e-04
6.435142739375198902e-04
5.965568073134432407e-04
3.576546394630368314e-04
2.009867827250122821e-03
2.373324250984455448e-03
1.316928360432585449e-03
1.389919247783112698e-03
1.456113503763912511e-03
8.485315571157745450e-04
1.011640347311600551e-03
9.442023227742467805e-04
5.372752721034951533e-04
1.256375023579826356e-03
2.079881603058215348e-03
4.933241459828944554e-04
3.767705893974849325e-04
1.307762700218672398e-03
1.367267447377721375e-03
1.294592297334998861e-03
1.771213144962413381e-03
5.063797599549712918e-04
8.736436570447423007e-04
1.461768648636432768e-03
1.204954650448892498e-03
1.282758417922875505e-03
1.220327352585427868e-03
6.697239913020393677e-04
9.034725996807522119e-04
8.318377640607815338e-04
4.989552316639342747e-04
2.586928911244864779e-03
8.101572112541904208e-03
1.189120229130703667e-03
4.339200249209623945e-04
9.684878837119338972e-04
8.014448458939884331e-04
1.060613372531180130e-03
1.636421813492063308e-03
8.468350079165013226e-04
5.603694523827078061e-04
9.033677670229981480e-04
1.224468296335999183e-03
1.200690239308659394e-03
7.890146507266716487e-04
5.989747229938186240e-04
1.131155494190560443e-03
7.453802978591489350e-04
3.111697854333217092e-04
1.619305097815117904e-03
8.989525161098344680e-03
3.539878142997110455e-03
1.334110190199758400e-03
8.330136448310968998e-04
2.842658972454208816e-04
4.431581464402718296e-04
8.172823966806326904e-04
7.548448925835310247e-04
6.009886100628099477e-04
6.609939098112787431e-04
8.977699619381222318e-04
7.340744056250068147e-04
4.639521650482389707e-04
6.501235230950011892e-04
1.202436162198860115e-03
5.288565565332423082e-04
2.317423848392071914e-04
6.078901768100180517e-04
1.957836278182823256e-03
3.873602440576785853e-03
7.871973123432596600e-03
2.979088197708868770e-03
3.745308532754687623e-04
4.908068045255018722e-04
1.206478974285813679e-03
5.225494679651449068e-04
6.827730098740386697e-04
6.445647821589183934e-04
6.440284375520359929e-04
4.172512216312314272e-04
3.223283593077117654e-04
5.995817938336703116e-04
8.577531640804591248e-04
4.574083468630940424e-04
3.695680806065166561e-04
5.124032199167873969e-04
6.138469507273612352e-04
2.320498022615758490e-03
1.439535758194592299e-02
5.660591243359752028e-03
5.956011305584679727e-04
7.349441308781610267e-04
1.519260042839313835e-03
4.536015987591271686e-04
6.674646470771051056e-04
8.036255952980999630e-04
8.428059622903499078e-04
6.927396734142928034e-04
5.135418676304853150e-04
3.913404217134107237e-04
3.904510639747256289e-04
5.013765917105329935e-04
6.200237551079189379e-04
6.128641478820239744e-04
6.122645198867286698e-04
1.466490269622619568e-03
4.578817958886970477e-03
2.209412375689533744e-03
6.145172844954223087e-04
9.953355941721927537e-04
1.060778860005817279e-03
4.258173889941801213e-04
6.286103772835257512e-04
1.102868201741001846e-03
1.301406689917778249e-03
1.514139190587111264e-03
1.216157197758904566e-03
3.884975764301980793e-04
2.685994997419368594e-04
5.563296808918066338e-04
4.900567123382399337e-04
3.060596904104711624e-04
3.970241847041125179e-04
6.269063032963727083e-04
1.149538323528382332e-03
1.216633934377117946e-03
8.031996976157665781e-04
1.018519458440108640e-03
5.944084790221895818e-04
5.210119057067812099e-04
4.988156441005294232e-04
1.217143038370305805e-03
1.191540267311276026e-03
8.569356217872674741e-04
8.716329166411944862e-04
5.361450430186362037e-04
4.423430106723644033e-04
7.261330100283327734e-04
4.526031995179344443e-04
2.278411582979781626e-04
2.915546102106795871e-04
3.884562234217357789e-04
8.021837192815272841e-04
1.401514794643096088e-03
7.150583280681197321e-04
5.077894364925556684e-04
4.084351154313299831e-04
7.642752614692833145e-04
4.237070870305126801e-04
2.186881521706793979e-03
2.343143387999477821e-03
6.131022658160061685e-04
3.389183000084578651e-04
4.084661437492486855e-04
5.074606228619149822e-04
6.225432643310598946e-04
4.865807384682740728e-04
3.617460163318347854e-04
4.458315450950612051e-04
4.785288640237188198e-04
7.993466988232958209e-04
1.395523511609183913e-03
6.868512983620553725e-04
5.110203576159234699e-04
8.466419159845534797e-04
1.131616782934392450e-03
1.244495554946252990e-03
1.633437277562275330e-02
1.452061855423672151e-02
1.912966095227883623e-03
4.333082782162791494e-04
2.997671513551355559e-04
2.810066282211176364e-04
2.801412711739152185e-04
3.307970099549470476e-04
3.841258736548783400e-04
4.485272419290385398e-04
3.566426755533094782e-04
4.075846373246516099e-04
1.113916238527253673e-03
1.389923488786434444e-03
9.199163374803512880e-04
1.076520689444804713e-03
1.226104554364299687e-03
5.551973173045340187e-03
1.136999100399176676e-01
3.785461930724664387e-02
3.592046449428124705e-03
9.700826116270714044e-04
4.710369591298239921e-04
2.551370192565933430e-04
2.468383982521837644e-04
5.117559796704620719e-04
7.531382334134441563e-04
6.119645243406878366e-04
3.040820491675980054e-04
2.407270657201481966e-04
1.102742727057083464e-03
3.001566318702937955e-03
9.128824380904929786e-04
4.168591725752516164e-04
6.290139080499776479e-04
2.943339815081167168e-03
5.349564203187885669e-02
1.499936921772304643e-02
1.581817775904840280e-03
7.854507395000702658e-04
6.102639912736772861e-04
3.328655553561515336e-04
3.241399240641485856e-04
7.007301613959062911e-04
8.900287809028508031e-04
7.447800368674805391e-04
4.516769284106259691e-04
2.972804107552674997e-04
1.217463023777137169e-03
4.017214779240750773e-03
9.430141177147875102e-04
3.912094254295000063e-04
5.541638891469712058e-04
6.921336768900246579e-04
3.990690206095883277e-03
2.845524698618647191e-03
6.787944845711520094e-04
3.791270715633935479e-04
3.881090053483453903e-04
3.121082411073982212e-04
2.749026370658392009e-04
2.614275750577097325e-04
2.170429508219981214e-04
3.896727762660320642e-04
6.356662954531890498e-04
4.898511335926036912e-04
1.078402316672811678e-03
2.203270062988782821e-03
7.587443885303103534e-04
6.688706685661101456e-04
8.156834822517850447e-04
6.219874786615850384e-04
5.786626021455064947e-04
6.785182747850660367e-04
5.752056384042097785e-04
4.040184883588811868e-04
3.403821100173328850e-04
3.409479458422120884e-04
3.519466798397603412e-04
2.628889732417000343e-04
2.520793110958767578e-04
5.679093684857230680e-04
9.061403748830087991e-04
9.172690676092707914e-04
1.334301999283407517e-03
9.472539677017065328e-04
4.227550061965658574e-04
7.487855378238867385e-04
4.393937080111009184e-04
7.609595174919566926e-04
3.235295005876103976e-04
3.074263726104083149e-04
5.835713398584742220e-04
6.568117202837582937e-04
3.970781121043017890e-04
3.265167010799547805e-04
4.267155610948179432e-04
5.856985442917237274e-04
1.099449529279924532e-03
1.332167594370008493e-03
8.723880941181177961e-04
1.798754302428296880e-03
3.474574315326375926e-03
9.824582641826255010e-04
4.631227703845949861e-04
7.176613687247513328e-04
2.992960022905939862e-04
7.873897790876201478e-04
5.888685683081945448e-04
4.242943290941177613e-04
6.090731222345276358e-04
6.408598630010457591e-04
2.925245237762294807e-04
2.425574362326914243e-04
4.565704648701582108e-04
7.575983851703172508e-04
1.231347450077150719e-03
9.677147641947847620e-04
8.024775181565458899e-04
4.260599891341019553e-03
7.302620095281242216e-03
1.069192639786718021e-03
6.245774764852638633e-04
5.474140996405223690e-04
4.747299222837659204e-04
6.493386460767759097e-04
1.152396052507169812e-03
8.955585466320959993e-04
7.285523165357748457e-04
6.250048293178262935e-04
3.198336382830397565e-04
4.180796507136776770e-04
1.290040642152384762e-03
1.250358901395586236e-03
6.444059595614876892e-04
6.070619209202415345e-04
1.974557480271723481e-03
1.131003242759107651e-02
4.613048774182114918e-03
4.179148287596904016e-04
5.210708150438525012e-04
5.654927352086304253e-04
5.212651554494547720e-04
3.653383290787830945e-04
1.213006557524208421e-03
1.195952234626721606e-03
7.531520576044712029e-04
9.774408129808076669e-04
9.784407449040819025e-04
1.006917697154620242e-03
1.431774236284331968e-03
7.835637288871398053e-04
3.979686442793859812e-04
1.060378021295130648e-03
8.870286844382842956e-03
1.975748774387710988e-02
1.822469571545909297e-03
1.758615241495630019e-04
4.709673928056265458e-04
8.711512082839963002e-04
6.288223080314742607e-04
3.894074291000092485e-04
1.812057394922257170e-03
1.917514888899860773e-03
8.220692512679226259e-04
1.408188618744516882e-03
2.488784877696898629e-03
8.931672140315087115e-04
2.221978086716561824e-04
1.842546917128696691e-04
7.724419904724415991e-04
5.406260927587880176e-03
1.648278106722650058e-02
9.921648619645262110e-03
9.580038781184441925e-04
2.008856043144334404e-04
5.121199029966406850e-04
6.417711940406250039e-04
6.012939892968605007e-04
4.513810855384226928e-04
2.537347314711846120e-03
4.098642672847462205e-03
1.651682378825079399e-03
1.716882296439059801e-03
2.218415533489537326e-03
5.735438072665919327e-04
1.380877120325278359e-04
4.548616641884728647e-04
8.007865100155229024e-03
1.721582569694670578e-02
3.776157096527913305e-03
1.174344638012514040e-03
4.824652032133960444e-04
2.499304790599381904e-04
3.577886399343765912e-04
2.413716106314422918e-04
1.994264361057944326e-04
3.486285447877932975e-04
2.115949583119008156e-03
5.726784748080278667e-03
3.606778654841665856e-03
2.174666591842555011e-03
1.648782307878128269e-03
1.301080483656776553e-03
1.899912047540900381e-03
7.120314289686307911e-03
1.691604295318368048e-02
2.872857798127320238e-03
2.423252831546359636e-04
2.584159803639987608e-04
5.043043052565730723e-04
2.718675603813490893e-04
1.875168883094545705e-04
1.415723962998176615e-04
1.635180500455745659e-04
1.211834165238154497e-03
5.852860397771717134e-03
1.058828582860210990e-02
6.002833480700845402e-03
3.128730421336204780e-03
2.275526612960992665e-03
4.285804913919550978e-03
1.105387530306260746e-02
4.989342759861600633e-03
4.562843513830000595e-04
4.508738499895121427e-05
3.516550702059679855e-05
2.902269686697821725e-04
8.463911749869800329e-04
2.140927470397607898e-04
7.762450235607735094e-05
9.606843687402517179e-05
5.587643909996973602e-04
5.361092581331023711e-03
1.686590719854969694e-02
2.816306482940515027e-02
1.825364111064623970e-02
9.399891564856054788e-03
2.598290872703055716e-03
6.068620256234880366e-04
1.783584914106734268e-04
1.952817092882284006e-05
2.615736010437904785e-06
3.308305887676491352e-06
2.124148009374036898e-05
1.054670613391648791e-04
7.580060396876749465e-05
1.313181262335442732e-05
6.840424059485135478e-06
1.888215308926737761e-05
