3.129225615544734777e-04
3.023238012392464582e-04
3.033627282915677542e-03
1.532282639169064726e-03
6.293268020618291011e-04
1.231387127225857690e-03
9.789285701558812780e-04
4.090470650067755181e-04
5.085495181129961496e-04
7.820171528766956546e-04
4.609915316468701958e-04
2.722916781934615394e-04
3.579555694225650597e-04
7.936409235551622216e-04
1.440021136963473645e-03
1.137475238840368044e-03
1.077174554758313909e-03
4.237116093790036474e-04
3.750436260905149160e-04
3.741539821919988556e-04
1.383255076692332724e-03
9.040544783769757830e-04
5.838391721086775210e-04
6.302824610437472545e-04
5.158312276332188218e-04
3.744093923045409842e-04
2.566217998461744901e-04
2.248967197248146410e-04
3.386419562607213634e-04
7.641067057132990697e-04
9.049140254982747595e-04
5.111716663973230003e-04
3.844880387659217291e-04
2.192361972888007065e-04
2.155189801920161415e-04
6.725659081664609471e-04
7.650791008043613837e-04
8.062900984485560363e-04
1.312430239358876099e-03
1.154440957664763746e-03
1.535586482762683370e-03
1.292935023940760663e-03
9.795085395888141963e-04
1.154726254924393026e-03
8.390399767679340877e-04
5.830833624873425249e-04
5.999681132819737394e-04
7.921070297416112028e-04
6.327873788268324230e-04
3.787415287509031262e-04
7.160903977610892125e-04
8.412403446559065055e-04
4.590840453301342429e-04
8.269256721460957818e-04
1.401619538349232596e-03
3.329439316078939507e-03
6.556063936451574266e-03
3.055338111165237496e-03
1.582392246421280690e-03
5.883208462166342320e-04
3.827518165270178967e-04
7.082475151914895779e-04
9.208891495873613086e-04
8.233329868254633289e-04
5.335443951774508208e-04
4.360941134276370094e-04
4.745942595241129237e-04
4.658965369635485894e-04
1.029335898260136557e-03
1.429992757808563669e-03
8.978315297046836297e-04
5.854392525593796496e-04
1.187923846403507195e-03
4.558720038665715207e-03
1.513012126931545867e-02
5.799833101033304884e-03
2.054165781461673741e-03
6.716570366816683197e-04
4.560920455708177999e-04
7.152499224422047015e-04
5.693059278765283089e-04
4.811933309094353095e-04
5.877616067718742943e-04
7.235942638915318203e-04
8.744853044304693726e-04
7.898926521422970247e-04
7.301718369552371571e-04
6.368548924536034887e-04
1.114343136925553856e-03
8.642484292452236446e-04
1.720896220414963812e-03
5.974325702003782310e-03
1.945973996010022522e-02
7.472547535123068643e-03
3.304233336182893759e-03
1.226951450433765804e-03
9.216776270874175612e-04
1.678547525806584539e-03
7.042717946369798270e-04
3.289022158163039042e-04
7.587237265767388713e-04
1.140421185476133336e-03
7.484174024437787419e-04
6.172029189141230339e-04
4.234015000550887613e-04
2.347074419890552062e-04
5.546839639850486203e-04
6.816977134956528480e-04
1.874692160041513097e-03
4.710501190389760132e-03
2.034351979406428049e-02
8.329141513654060233e-03
3.131568834255772475e-03
8.533702594197713600e-04
5.253241823373721708e-04
1.894261401131709177e-03
1.433740031155431287e-03
4.345181890408557259e-04
6.416845418932607369e-04
7.843788880014030589e-04
4.977812676329533255e-04
6.188685927846212598e-04
6.072894379362961739e-04
3.410179690893472802e-04
4.761006331250845574e-04
4.238723943845140295e-04
6.049187998136154815e-04
9.734725993376479444e-04
1.402863381725025574e-02
1.143639355036705357e-02
3.323233918854420158e-03
6.736432611094113560e-04
2.413950037998647082e-04
8.228981585151411930e-04
1.908615386932614863e-03
9.121221517750367856e-04
4.904129012513996477e-04
3.964469778628224592e-04
5.931386736389484410e-04
1.116285533425775186e-03
1.011958649301931317e-03
8.538630205224090287e-04
1.439437558842745308e-03
1.097620973881783700e-03
2.886722204553074009e-04
3.650140720299666660e-04
7.688018151825790243e-03
8.132723009464359540e-03
1.947888082928209922e-03
5.185932894408425229e-04
2.105562016552914859e-04
3.697400957683083978e-04
1.140397200308170250e-03
1.506014358475564084e-03
6.361988605080589427e-04
3.130826075370369090e-04
6.732523177626436152e-04
1.234026968612462419e-03
7.334505424524737473e-04
5.856545431966838277e-04
1.076307302093758083e-03
1.121091944007666149e-03
6.111394916791620295e-04
7.670726452050016667e-04
4.486784047739241985e-03
3.078066858153615405e-03
1.094114254121943521e-03
6.343819035738405832e-04
6.255644781825037961e-04
6.733343499773461905e-04
6.041927523920760830e-04
8.633566905093107736e-04
9.573563340755804861e-04
6.693646536700953572e-04
9.143567916847165477e-04
1.267312764793307716e-03
9.758293260509441625e-04
5.472205995548276147e-04
3.386336804665818125e-04
2.978912794853890941e-04
1.267827635612494295e-03
2.424016766170916399e-03
1.035041725101784778e-02
6.257052119599793537e-03
3.248275470259052305e-03
1.516564338770131715e-03
1.066697321073863591e-03
9.440748355844027096e-04
3.706181026422821737e-04
3.008519646589134420e-04
8.140644223640196037e-04
1.193983829272162898e-03
7.557943888194089150e-04
6.553517600835778723e-04
1.112192287325148394e-03
1.061776864195755491e-03
4.806892393997979100e-04
3.913090463792483729e-04
8.004388484730478931e-04
2.597207975768088539e-03
6.018007814653236059e-02
3.026045152075579336e-02
8.266429842399341740e-03
1.729688907225593103e-03
3.244821408305485180e-04
3.052846925613326230e-04
4.422738328668349866e-04
5.129118116184936673e-04
1.148347565203960757e-03
1.448905696805255971e-03
4.749190555009505398e-04
2.622853242796785358e-04
5.679673863217802893e-04
1.042663797764744769e-03
9.380670145462021358e-04
8.827695048488344402e-04
7.481790961813734875e-04
1.838429254207658977e-03
1.425834715486818116e-01
4.655679596536596576e-02
6.849025981142588086e-03
2.522603132637324299e-03
3.536407108589027294e-04
1.835191445517641022e-04
6.032169280814295848e-04
1.280671652597596124e-03
1.986841886495310360e-03
1.829791103802176806e-03
6.045921419239062627e-04
3.790980318556515477e-04
6.715133786861014580e-04
1.024028922097331611e-03
1.004761431089383657e-03
7.340002240358974245e-04
1.270782916580514210e-03
1.717062742440507829e-03
6.257272701274642357e-02
2.816384642534722205e-02
4.402189559856173502e-03
2.807871909800575133e-03
7.660952703704565492e-04
2.096698286580766471e-04
2.467220312236834698e-04
4.109423167178787809e-04
9.321081169568973604e-04
1.275150372375419630e-03
5.894125119045816449e-04
5.081446571325405268e-04
7.923665114661355806e-04
8.884311294510842567e-04
7.162533147777375413e-04
5.484913595665886522e-04
9.304361161905129202e-04
8.335279834767163288e-04
4.127746526111709599e-03
9.046745798340265557e-03
2.897341599022584899e-03
6.971395564869199615e-04
3.918540803089265749e-04
3.810425673243750884e-04
2.659673412509989585e-04
1.772280182087772370e-04
4.547925502223793557e-04
8.947392414211996275e-04
4.644858902830537083e-04
4.277291389398161516e-04
7.131626457692422658e-04
7.817369419062948199e-04
4.685947451324829708e-04
4.205778614744947082e-04
6.560002653068291393e-04
3.725498782382214184e-04
3.279631797413615690e-04
3.672475969323881709e-03
4.246932809905575035e-03
4.354770148015923840e-04
2.540012162591422768e-04
9.692759512744282806e-04
9.741707507699089207e-04
3.251462512200867325e-04
5.656281450980237512e-04
1.153120205353611819e-03
5.728067644850136277e-04
4.429782049600379415e-04
8.848727943956778003e-04
1.161680982851670280e-03
5.219600324029403807e-04
4.282663550968421307e-04
6.877217686696912363e-04
6.226387257784599116e-04
4.599879275283246254e-04
3.200995630652968098e-03
4.965534248855501924e-03
8.504050996777865737e-04
2.732004037054571659e-04
5.091692988890987636e-04
7.572663071736224043e-04
4.645462826721286314e-04
7.310282075680239614e-04
1.223096571241596249e-03
6.080057245970145550e-04
3.591990056608651560e-04
5.353681326836965369e-04
6.860747751217778027e-04
4.509314128705557332e-04
5.036423882990874370e-04
3.486706735709260664e-04
1.196743202356765788e-03
2.485661931156213887e-03
2.700859590970651220e-03
1.754658895544130692e-03
9.473550225858826937e-04
3.258194461125391950e-04
2.974821298540654977e-04
9.697080049445156152e-04
1.704152731616417633e-03
1.243441472607063588e-03
6.947895761395799646e-04
4.517397505647615394e-04
4.143905751812712590e-04
3.926633030856854735e-04
3.536572515719197687e-04
4.419506411115572703e-04
5.435931950021065688e-04
3.459638628010927456e-04
1.464836484964273126e-03
5.494165257761229534e-03
2.761468940217922177e-03
1.075568479449720647e-03
8.154519308698608172e-04
4.622772779354945849e-04
6.277994232229762613e-04
3.155104779914850305e-03
5.274249453095201934e-03
1.244925325048522411e-03
3.117751819433155322e-04
3.836637862863469207e-04
7.451911828379256548e-04
5.752804975029371295e-04
4.087574622182115576e-04
7.105848917090949084e-04
5.404411270164593195e-04
8.243825266606698505e-04
2.743436646040974761e-03
9.375436985339442864e-03
5.652797355923617172e-03
2.161913583688587596e-03
1.062997448550728231e-03
6.416049239784312472e-04
7.979017750523774780e-04
1.367327215746006559e-03
9.993069918431251447e-04
3.388471220623484321e-04
2.313053712034484678e-04
4.733907551155236773e-04
6.831035373140903651e-04
3.660951445583421142e-04
2.590912922106338671e-04
4.849865060550265727e-04
3.545813351070165433e-04
4.393614168200839654e-04
4.660728080239213977e-03
1.688590692224386375e-02
8.598314712776713650e-03
3.011254746966118400e-03
1.407212242730794798e-03
1.057720503185119714e-03
9.830637060786817996e-04
5.739770695234847715e-04
2.976739201479503276e-04
2.626288825826245989e-04
4.116177312943562609e-04
5.779931648503633477e-04
4.508858148961839419e-04
2.860865615648102898e-04
2.563069346437186840e-04
3.674719125321773911e-04
3.927782893733634188e-04
2.650896611859439767e-04
5.964584912738133543e-03
1.621047305418164483e-02
5.125958406567160050e-03
1.540925048767953064e-03
7.424055830313221324e-04
6.578337577552850887e-04
8.202564440964656579e-04
6.753932639764270241e-04
5.177103610839503935e-04
5.480178797753055935e-04
6.101172827306787939e-04
5.005141081324637840e-04
4.827457846087208492e-04
6.660945706340657118e-04
6.510276297570027166e-04
5.059664100525427567e-04
5.644384597122114461e-04
6.108356343647110449e-04
3.265307766508663678e-03
3.777474482351592545e-03
1.417715743984201016e-03
6.815717266613186389e-04
3.809370379671236690e-04
2.918523586111479353e-04
3.544345804345007444e-04
4.205997134756641991e-04
4.808773281528838780e-04
5.350792458022583667e-04
5.360995315823279114e-04
4.313137308879892999e-04
4.648401351277485645e-04
6.837681467134349832e-04
5.626510683483279237e-04
3.733786985084651552e-04
4.044140801846474089e-04
5.699281526230181010e-04
5.737131518596202571e-04
5.039166740705420915e-04
4.272440171449903065e-04
4.430508850215430930e-04
4.902484773827089784e-04
6.019592855569232690e-04
5.691187970056832066e-04
4.602259935681212561e-04
4.835208135062476413e-04
4.633307123530855604e-04
4.029995004450906632e-04
3.445705849507050503e-04
3.203259136572548268e-04
3.362949678541385791e-04
3.050775536091195994e-04
3.636797190793122068e-04
5.367236586028709339e-04
4.619800449484712333e-04
3.053215851101205103e-04
5.450991258646253152e-04
9.669846184661371868e-04
6.683259810068662311e-04
3.872982813498091772e-04
4.191505508535042193e-04
4.092398966957109998e-04
4.310783599158879952e-04
5.651744816359087747e-04
4.444814670530161508e-04
3.250381047309972449e-04
3.459494343174509450e-04
3.953230259556999877e-04
4.318937589818187253e-04
4.558657176055891684e-04
5.518757725073744321e-04
4.911734631537184158e-04
