8.152391324600948052e-04
3.173142059044963686e-03
1.128972107362808189e-02
1.085934214022052542e-02
2.086430027383728760e-03
1.217112300671450856e-03
1.372830013971736108e-03
9.242956376567913008e-04
7.320819350639504088e-04
1.109391182921806544e-03
9.259668935458373286e-04
8.018004438130041161e-04
1.009352802709110805e-03
6.578022441280136773e-04
9.675091937372002964e-04
1.576594425863478552e-03
1.097300843365450881e-03
7.211890061582396181e-04
5.440519150815363017e-04
1.834945322394518135e-03
3.165487771680565617e-03
4.923760956349196131e-03
3.157616189517530383e-03
2.851349063918550558e-03
2.915345684568788551e-03
1.796100456448951679e-03
1.428583576247405675e-03
2.648772902384636391e-03
1.794905764445786471e-03
8.284093791232672883e-04
1.372182608053269196e-03
1.380095152905157305e-03
6.568008358514629405e-04
5.081338568590952013e-04
9.336523357926390133e-04
6.268469711273039202e-04
5.979516765170785715e-04
1.020121245053798135e-03
1.315436266753178046e-03
1.468214427205229980e-03
1.320034126054730767e-03
1.294944695271894658e-03
1.697914526629276883e-03
1.910432656603588226e-03
1.632712566470192073e-03
4.387635517096252075e-03
6.218980305137418625e-03
1.681498124033023456e-03
1.108701254956106705e-03
1.389479113595605249e-03
1.070494916330844062e-03
9.311673638042393354e-04
1.439811049553159361e-03
7.738051376551566100e-04
1.095193612030294882e-03
1.347650766397123431e-03
1.641535106621104046e-03
1.038293534784245995e-03
1.055254874652065012e-03
7.732555120054665975e-04
7.800428030043402104e-04
1.367532718520312555e-03
9.390921028209053140e-04
1.424282404062152899e-03
3.962456296183315338e-03
2.732980935418395825e-03
1.390853605213528002e-03
8.092317308357951933e-04
6.499026827115308080e-04
8.951273447075128696e-04
1.046462098268936998e-03
1.035602611084305387e-03
1.030094334753478037e-03
1.173808810847829127e-03
1.390461236757601108e-03
7.863283602346168594e-04
1.259247485094065842e-03
9.602175934533902424e-04
5.931922676144888188e-04
1.057468168497482887e-03
8.688137490371058503e-04
5.544388452186020102e-04
8.099985411126909294e-04
1.543657454651625304e-03
2.547550350915733525e-03
1.327290842479229458e-03
8.258778834853306100e-04
1.426926080027007826e-03
1.194922457587655439e-03
8.477242411823982752e-04
8.648403451607970457e-04
1.047364247773614841e-03
1.515787221020607409e-03
9.336140573830661090e-04
1.196621020531165886e-03
1.051242955105546493e-03
7.103596452238605937e-04
8.939542192239749918e-04
1.005996894574737958e-03
9.002620847476734862e-04
8.316248129024055372e-04
1.450072551741356979e-03
4.296995788428114964e-03
2.463185509734770132e-03
8.051257195149528947e-04
8.483638166911692093e-04
1.068481675525132391e-03
8.345877502443742454e-04
7.278632767149970876e-04
1.135427155685634791e-03
1.964320838609001554e-03
1.180325906098581663e-03
8.680767866230913862e-04
9.272484102968767518e-04
1.131804653783898039e-03
8.823549127631466569e-04
6.266079390805046013e-04
9.116332848259856231e-04
1.053452929369297093e-03
1.150160655703194763e-03
3.426869653086103348e-03
4.026278129477136800e-03
1.340702307445544757e-03
6.050161103597517147e-04
1.096367795480226396e-03
1.847432778099836713e-03
6.076971044105564058e-04
1.401293728502332747e-03
2.616493334970076100e-03
1.470385209029922546e-03
9.300619725184940513e-04
7.232225198790603014e-04
7.740091751783982447e-04
7.251879361787654443e-04
4.710475158242948901e-04
5.905334021523969603e-04
7.177829250091716153e-04
5.219807715532192227e-04
1.189961455598534824e-03
3.912984541001061217e-03
3.738956183946825964e-03
1.187758050229360514e-03
1.126313790961457019e-03
1.678140978821966462e-03
8.077880607467467560e-04
1.773803410925314404e-03
3.676622321196002571e-03
1.992119519756429830e-03
1.618201708366714779e-03
6.874076018100686979e-04
3.140572301350093212e-04
5.276492749618208250e-04
6.572582528015794489e-04
6.605066131598701486e-04
8.185331634562814738e-04
5.636553089983633918e-04
6.134326360642213850e-04
1.784724679492712650e-03
3.538610628494512269e-03
1.441889752093679020e-03
7.645912232222000678e-04
1.019379863861017603e-03
9.070197151049329623e-04
1.207599356027082337e-03
3.761427830176146056e-03
2.180330675339417924e-03
2.627717339963612283e-03
1.432240757900568899e-03
4.650680792661681870e-04
6.231028131153433383e-04
7.642617600877983858e-04
5.616231336325628329e-04
5.419458141997258180e-04
5.106475537059653336e-04
5.021123504405802882e-04
9.967968826979640810e-04
2.751650486073833109e-03
1.536970918940126817e-03
6.108442604753054226e-04
1.202272096308005514e-03
7.636544163854738472e-04
7.432129983727476857e-04
5.735686946555556415e-03
3.407481983345859999e-03
2.298021159193459548e-03
1.457183819927680571e-03
6.444055968518770791e-04
5.087010164509050579e-04
5.093347891568641636e-04
4.125003830377041458e-04
2.668573207605859626e-04
3.152617696611997389e-04
4.578400327771365219e-04
8.495137820172731858e-04
3.265688674778560816e-03
2.140327598506381202e-03
6.512298939222414818e-04
1.187068530757826035e-03
6.829549186011949413e-04
9.273818965226511644e-04
2.100611682896968979e-02
1.954422629688521221e-02
4.724307941166684156e-03
1.198642815677125866e-03
5.450965866443049793e-04
3.511053168147517810e-04
3.519127487566348880e-04
4.262810461957150391e-04
3.242327808888625061e-04
4.373213737527687612e-04
5.096125269405182368e-04
9.084344652218943840e-04
5.749888209162610717e-03
3.423337716440428939e-03
9.140304012613356026e-04
7.569948984779991232e-04
8.509866883001098066e-04
2.606604519686599522e-03
7.167570528671948771e-02
1.020225691506241178e-01
1.623058585358009079e-02
1.676719720575253455e-03
7.637015609292579967e-04
4.832426972539166513e-04
3.004240560673918678e-04
3.367582083838425067e-04
4.430729293405004181e-04
6.299953995649288339e-04
3.629642704800730888e-04
9.396068790787166693e-04
1.240579956624235369e-02
4.008883573615926871e-03
9.647326172553614531e-04
4.545476042426387499e-04
9.479466634777727971e-04
3.549493544403703894e-03
4.158209683269437767e-02
6.471773718378920348e-02
1.217834746110471253e-02
1.255023890923617942e-03
9.018848542841066034e-04
5.986611809730866748e-04
2.230557031246731205e-04
2.303111165574937163e-04
5.039738949188877007e-04
7.120462504650429446e-04
2.786411623968608692e-04
1.112273839444769983e-03
1.522311285983052494e-02
2.119709559617244474e-03
8.261437985257880220e-04
7.367422204704305146e-04
6.637078199893914170e-04
8.557123461434129868e-04
3.277065683419284284e-03
1.009752385681516110e-02
6.580187772033074985e-03
1.377645625529527306e-03
1.083121792498910069e-03
6.945235481343923177e-04
3.010246351104070247e-04
2.990709243623789252e-04
5.721061254722137421e-04
8.793397235558756200e-04
4.398746850613203716e-04
1.484717998076196324e-03
8.398667112493570300e-03
9.013439268278251870e-04
8.865284788697452151e-04
1.574390350221735457e-03
8.571798078861349573e-04
5.099336256664596797e-04
7.483426436151948162e-04
2.092661180784514963e-03
2.777192118230986141e-03
1.027091947700216638e-03
7.163955340622865696e-04
6.238529526901857901e-04
4.634884336819224777e-04
3.355045779314268142e-04
4.104354899098488639e-04
7.783114550834704286e-04
5.199896585976786700e-04
1.103162455436896942e-03
3.926297019535272305e-03
7.645572461893957112e-04
8.906728953767474762e-04
1.202939462633762554e-03
9.715604648750002584e-04
9.098488933420464898e-04
1.250974023679748233e-03
1.378115084766658388e-03
1.008300548938695015e-03
4.425920054354128149e-04
3.710586762186400675e-04
3.852274995851197228e-04
3.140680511293185819e-04
2.575104916416136162e-04
4.057344614113584367e-04
7.351181459111508828e-04
4.590876810811342031e-04
8.696409133721205329e-04
3.184189709177477189e-03
1.083704675547612645e-03
8.061610260326599773e-04
8.906831127886732273e-04
5.890397923014035987e-04
6.473148001953574204e-04
1.070931318126747177e-03
1.105859269859748532e-03
9.385628928003243287e-04
6.756194068079097569e-04
6.271853319736014334e-04
4.406520738992129025e-04
3.287996606597143887e-04
4.361211141226000224e-04
6.609876005452211154e-04
6.679115992862453936e-04
5.957650369204487394e-04
1.487015691033715444e-03
2.640483715158577216e-03
8.981101834885186824e-04
7.669729542889924334e-04
9.303714282518177293e-04
8.863385842434794116e-04
7.030925603834867893e-04
6.710124694159096993e-04
6.910973924802573873e-04
9.542880348719520820e-04
9.429891948540473738e-04
6.705738495168475383e-04
4.779312028515042186e-04
6.717964513212475218e-04
8.408685263678589540e-04
4.930665959306978130e-04
5.627614945487035853e-04
1.924664293035819977e-03
4.052732879926388559e-03
1.663585125940499326e-03
6.074861405308076574e-04
8.794159609334916685e-04
7.952362570434173134e-04
1.093517076108118736e-03
9.986700108480862145e-04
8.201682426464479902e-04
6.458868402377162393e-04
7.610917064657720396e-04
7.267916036056366793e-04
5.001881877040113399e-04
5.139455755980809441e-04
8.903690836000888870e-04
6.143914910522421018e-04
3.825577705531736259e-04
1.888747233937880651e-03
1.043326791746338258e-02
4.822238788012501998e-03
8.743940209043094425e-04
6.574370961247564572e-04
9.182307364966635918e-04
7.395489259779590516e-04
7.381023148476497167e-04
7.846896191621169575e-04
9.779490953049814472e-04
7.762722693987698366e-04
8.356198417316467418e-04
9.938576859206483052e-04
9.371379404609306990e-04
9.127949692406031167e-04
7.911586932725155974e-04
4.210638144429039637e-04
8.206694853774168606e-04
9.146221913359389374e-03
1.336375818939500304e-02
1.442239129970573691e-03
5.016857698347540820e-04
8.749408661571583075e-04
7.536463827830752705e-04
8.612648516111651989e-04
9.098157865883628199e-04
8.958546334306560907e-04
1.321281442527753262e-03
8.997360704598977290e-04
8.777384510782105685e-04
1.056864354235657758e-03
8.911363551892952399e-04
8.510420736658794822e-04
1.118935093938702675e-03
1.156302797702926178e-03
1.894052741276659648e-03
5.110962313008529830e-03
2.586655065458805681e-03
5.645559170587244281e-04
6.439579356852457703e-04
1.066738351507501075e-03
7.085043171651672763e-04
9.392998600752730390e-04
6.747180499284726385e-04
8.032649495359463297e-04
1.910099343993954587e-03
9.399079769339284190e-04
6.178884314353502586e-04
8.264050913537269918e-04
7.158943302828014478e-04
9.078672861368744214e-04
3.102854263174038927e-03
5.295136735634212166e-03
2.612173359171165651e-03
1.287297044206978970e-03
7.724142633687192160e-04
6.812709891024579115e-04
9.923762387079799237e-04
8.975999845694283830e-04
7.386422128973209409e-04
8.061056304962296555e-04
7.755322304719380845e-04
1.133194607752833214e-03
7.592834916137897010e-03
3.299446382092967225e-03
9.812821776272735545e-04
1.469194857628433604e-03
1.652977824727561336e-03
1.456717729162536074e-03
2.101343653829325624e-03
1.695675103397413031e-03
8.069280596992433208e-04
6.526242814142206800e-04
7.898118549613881078e-04
9.134544584018200420e-04
8.808454636739068873e-04
7.426526391114627581e-04
9.094820040824923508e-04
8.823698792071433226e-04
7.826398122455065437e-04
7.833669721104380120e-04
7.679711625394018346e-03
5.376580635429561994e-03
1.265089591378851328e-03
1.141921823034342236e-03
9.674921891572439312e-04
7.988161693802871841e-04
9.109407931970673299e-04
8.020522182128640492e-04
8.069526202161039470e-04
9.468617489312674933e-04
8.636803410185470847e-04
8.413437580035305332e-04
8.308968137933535813e-04
7.796749071479628160e-04
8.681417468525505152e-04
8.485298743859742091e-04
