7.416892298372170953e-04
1.703390294280664446e-03
5.204123016072995968e-03
1.444301230201004357e-03
4.171317153363102615e-04
9.732460721253633927e-04
1.676660788162386007e-03
1.391216549366556827e-03
1.240005172096968590e-03
7.458880022818688109e-04
7.221373363607134534e-04
1.199813490027570265e-03
8.729140936478447122e-04
5.329560420562480354e-04
6.726781546816525906e-04
1.236951194054009429e-03
2.443722553507006023e-03
1.078121242088334432e-03
2.871166999801805014e-04
1.326657495247756183e-03
6.325060077138070641e-03
5.236987264908359377e-03
2.363088121482787539e-03
2.161242779488150526e-03
1.262934988068735182e-03
1.207236298309732805e-03
3.335906243928402678e-03
2.633775126555797184e-03
7.066596862435453857e-04
5.140552182898823963e-04
7.480532727844946880e-04
8.002993095391391963e-04
6.498005998202221025e-04
8.257856422164997021e-04
1.862573147650674419e-03
8.120127922093904041e-04
6.904707502225137725e-04
5.442126291070535334e-04
8.867341993869417693e-04
1.640799523479723404e-03
2.429053877909227981e-03
4.366762084407325474e-03
2.772382566220490084e-03
1.160176480069777076e-03
1.811623699860577530e-03
3.172155376688386933e-03
1.928012806293849177e-03
1.089202933979374795e-03
1.017986983431966525e-03
1.047491227075002035e-03
7.775633911193005707e-04
6.469279729918297334e-04
9.541705864696532844e-04
7.683666371528331341e-04
8.477201153660687436e-04
9.832270817591278259e-04
1.480293600527149639e-03
1.497878345583179491e-03
7.368290527312279558e-04
1.075404769070177407e-03
2.278343224602298947e-03
1.663906715661619745e-03
1.230161010279963744e-03
1.796887835179518909e-03
2.247947962848970398e-03
1.674525716270442322e-03
1.214187836058702339e-03
1.073329711113311068e-03
8.374585292569760447e-04
7.504360006594182082e-04
8.897517238779438465e-04
1.314020037481088490e-03
4.577930217464637463e-04
1.378704363746958029e-03
2.704913526989242804e-03
2.387057883483745084e-03
7.632226154309932004e-04
6.237163388464564981e-04
1.575680038158808671e-03
3.188249080705809861e-03
3.847252148144270946e-03
3.314866752174385357e-03
2.723200911897333092e-03
2.943877646891530486e-03
3.898404745651472270e-03
2.616851585143146943e-03
8.105654504988494494e-04
5.957496697746813728e-04
7.791023051136653941e-04
1.472528258658148577e-03
8.631886805924637645e-04
1.007045054778483214e-03
8.441879010154031701e-04
1.181219693518778492e-03
1.598117998377629728e-03
1.998144842331775820e-03
1.765448385975810315e-03
2.066247185460834412e-03
3.608052608973436395e-03
3.171138331462468578e-03
2.406425022643919089e-03
4.086186083161886563e-03
9.242706973759482608e-03
5.200225522522235709e-03
7.981954224556604303e-04
5.653056719405419404e-04
9.376041604427644109e-04
1.347229788956854192e-03
1.232834300337311371e-03
7.702105888119146039e-04
4.274033725321317980e-04
5.442071441988917619e-04
1.097772004524925904e-03
2.756003391124541100e-03
1.983665154698349958e-03
8.587131588545795450e-04
8.540929522726342085e-04
1.120323934978191332e-03
2.196065316943023558e-03
4.773136680651608732e-03
6.982529676942795561e-03
4.579265043276317323e-03
1.073453885102452956e-03
7.125157272556493018e-04
9.113908139550387730e-04
8.070388383841578268e-04
7.890564330717996693e-04
9.640625036474641339e-04
1.028657006085649875e-03
1.060529756558740945e-03
7.189116550061807253e-04
1.243945786912790561e-03
1.326113653656555390e-03
6.018815453408374490e-04
4.673160051357281154e-04
7.158317935385163618e-04
1.969246653640453412e-03
2.923781604796307082e-03
2.676418919819879838e-03
4.162361499539660344e-03
2.409395252621442367e-03
8.159547359252576106e-04
5.626951413813816374e-04
5.049793039918542767e-04
1.003194587769498224e-03
1.181153151358951521e-03
1.576954068370022303e-03
2.569055868141396221e-03
1.445219007889938677e-03
1.237693283315569135e-03
9.994149374522292434e-04
6.657518005943066858e-04
7.847409479821832292e-04
1.048699062831746909e-03
1.688628353894194292e-03
1.685554421202307539e-03
1.387919345353124398e-03
3.291714529723401266e-03
3.002718852454861181e-03
7.213425668953788719e-04
5.786878741113547341e-04
7.506237379671310472e-04
1.152172298177779044e-03
9.273622440995083361e-04
1.323766296752455383e-03
2.353321143503030437e-03
1.598876973116598529e-03
1.346161184586424069e-03
1.029047234161184314e-03
7.518746419423706032e-04
9.187030899046515296e-04
1.113364836011841068e-03
1.737914243318739848e-03
2.234798785625827927e-03
1.364490800186614772e-03
1.476462760232999600e-03
1.462333494641705756e-03
6.528189796516110227e-04
1.047337758225476510e-03
1.121609167503451188e-03
8.339557371835968746e-04
1.179960371962789425e-03
5.157692427097244903e-03
3.117019911355587737e-03
6.461654161193857793e-04
5.994941928874279301e-04
8.267014306030460568e-04
5.685553734716820677e-04
4.344362100779397572e-04
4.937553588400094831e-04
7.916245275491151732e-04
1.154776034100813472e-03
7.317093655999272689e-04
6.873001062575787544e-04
1.188084622994487220e-03
9.228296950349576576e-04
1.316400043654116902e-03
8.478502290409625558e-04
1.018658306776970557e-03
1.678696054518724091e-03
3.313396107914032968e-02
8.513639078045760755e-03
7.083387411712675687e-04
8.988223688740281866e-04
1.820552780930486747e-03
9.938821467539793800e-04
6.458942098129727069e-04
7.871960917299578205e-04
7.204263520745010944e-04
7.560167305990605048e-04
7.773669255753170573e-04
1.007646636536305065e-03
2.181885936353985395e-03
1.461776497193477929e-03
1.062151675948621405e-03
7.646686300665858508e-04
1.487707743669576445e-03
1.400842798977996843e-03
6.948758424862637451e-02
2.089783028768004217e-02
2.315894919486441612e-03
4.309126206952639850e-03
7.324419009383050308e-03
2.605532265953573647e-03
1.720283804426653729e-03
2.315326750519157602e-03
1.482068499336694186e-03
1.738762695676807860e-03
2.402583875715978267e-03
1.441689328701447259e-03
1.509772725616420402e-03
1.144473597732496330e-03
8.836665553045807125e-04
8.799735215847305243e-04
1.002779738763331626e-03
1.089311661515225118e-03
5.187032772208636372e-02
2.756298809000619007e-02
4.111150561658388249e-03
4.041552035128157666e-03
3.703595513043682255e-03
1.022001014903685086e-03
5.835803694989191931e-04
7.204830231997229112e-04
5.067338562770920801e-04
8.760985389061525181e-04
1.537492612164085377e-03
7.655861935113496969e-04
7.761976300994408943e-04
8.884032685614057104e-04
8.567886992569818906e-04
7.054640897255571100e-04
5.192300766443138076e-04
6.942872197626922311e-04
6.084937818181423118e-03
8.166607513990280232e-03
3.621187009584077559e-03
1.618379307983173554e-03
8.499858836955125323e-04
3.471442264041011642e-04
2.470013414861425339e-04
3.402301112052189837e-04
3.558778490427305392e-04
5.264164626749389796e-04
7.242249867380240631e-04
9.912532112862062952e-04
2.253122147171814863e-03
1.435735372374034651e-03
8.092790298825598477e-04
7.755773020377085963e-04
5.367083831720897589e-04
7.243482580013606027e-04
6.464238532941279838e-04
2.001506719428045467e-03
4.555107347557864512e-03
1.823518107421059995e-03
7.279842145059965035e-04
5.188096782264655076e-04
4.705881243519986702e-04
6.728596265542696655e-04
1.587182019429187775e-03
2.624088412178436462e-03
1.625915485716506424e-03
2.793537275089602156e-03
6.929910566645968058e-03
1.446216600989390583e-03
5.239718331206800030e-04
1.170640827649692406e-03
6.130959655443688752e-04
1.654790893423551887e-03
8.035344319578888997e-04
2.117484962816876346e-03
4.444118239141858599e-03
1.734465935879066873e-03
7.289860921605141814e-04
5.606371380691880331e-04
4.062300258753512782e-04
3.976755858925465044e-04
1.611846104900462560e-03
6.032566743305180050e-03
4.082160181369198781e-03
5.123951661541177593e-03
6.894001465260303670e-03
1.032367576242429821e-03
4.256153099964739761e-04
9.333575763616550188e-04
5.187782436171180277e-04
1.424081485435224571e-03
1.566870190233465854e-03
2.632035571904139080e-03
1.817443779497319089e-03
9.950424647216619956e-04
6.720864267820358343e-04
4.000105920233777636e-04
4.045991775362649929e-04
5.611447294866044435e-04
1.229009916962697053e-03
3.657266223824830794e-03
5.769222596332022023e-03
7.423064728311390414e-03
4.075075017331539033e-03
8.827297385481284271e-04
6.725215531571967316e-04
6.455011979694739695e-04
6.141942105336356452e-04
5.039253681025154937e-04
1.086645344355004379e-03
2.344879352681273742e-03
1.183904788356895986e-03
1.227663495200362635e-03
1.144800488937197875e-03
4.227946108061265344e-04
1.027311165638770214e-03
4.596338981492200174e-03
3.516159011155286802e-03
3.374410392122642946e-03
9.364538909181872525e-03
8.573036177539796257e-03
1.310339386995107609e-03
4.245197943112429657e-04
8.050658805648699262e-04
6.833096452644829046e-04
8.618130959434665067e-04
7.061799309777303749e-04
1.514214095252907830e-03
3.058911034983506638e-03
1.347905260482647541e-03
1.617196967681190601e-03
2.030950597732401885e-03
7.528446711855143027e-04
2.037222064522789446e-03
1.112671228154034180e-02
6.806395991388644595e-03
6.081347591821598640e-03
1.537127327020202869e-02
5.857042826683075097e-03
5.747829786177850340e-04
2.955671635322846083e-04
5.539593640879745314e-04
4.830964139866953722e-04
7.167627390015621127e-04
2.843013959444205645e-03
3.506787859250570794e-03
3.052926272074152781e-03
1.045325357942675660e-03
9.692183829002516422e-04
2.035423978035705121e-03
1.809584902367208014e-03
2.571716885023036560e-03
5.416416346309673065e-03
6.782183113234529180e-03
9.879088172447696159e-03
5.655064506780429698e-03
9.370602674474728900e-04
4.121020326483990320e-04
5.208715705727788104e-04
3.418008035910517339e-04
2.041359366867189753e-04
3.109283824338048680e-04
2.254243029278063006e-03
1.879813534232650882e-03
1.841219126910095989e-03
1.449802834794395754e-03
1.076225392045720855e-03
1.694032785332362338e-03
2.358722058119570950e-03
1.779388120466703256e-03
1.899532224224920532e-03
5.991465107056073713e-03
7.815907706321295265e-03
6.533188353359646334e-04
8.998607953625754636e-05
2.494770337378125757e-04
5.959773459009420340e-04
2.257356007464394576e-04
1.733005064614621081e-04
2.119464806227097013e-04
8.097635257038488530e-04
8.241831509094811256e-04
1.619728099370910338e-03
3.180446326504794523e-03
2.016677462817651530e-03
1.793269118532311249e-03
2.940445692326053122e-03
2.034809871894692132e-03
1.431850909397987173e-03
3.711227450602057505e-03
3.028358522059109142e-03
2.400665773211033192e-04
7.696150196046257263e-05
2.665980442431336770e-04
3.822006976845083851e-04
1.959371780662553760e-04
2.676847672456436665e-04
3.442674034759159152e-04
1.877548121447104043e-03
2.937896602447115368e-03
2.586156071352600956e-03
2.316029969237173858e-03
1.213129583385594247e-03
1.297064945514815647e-03
3.750081761867229621e-03
3.173593751471204000e-03
8.680107953988713387e-04
4.789882645089420547e-04
3.073131822072235151e-04
1.509460942711394256e-04
1.799640759949664641e-04
2.503830780541891070e-04
1.435074592758773322e-04
1.038686599519612051e-04
1.017713276512027446e-04
7.967186376850525194e-05
2.045629039485431181e-03
8.623645459365615953e-03
5.687936260201310358e-03
5.156068285284736569e-03
3.500868597288101219e-03
1.588035491137812722e-03
1.035332827146636259e-03
3.125527393537611150e-04
3.585054258760266612e-05
9.189431703595234586e-06
1.044364173134463666e-05
2.685408470198995322e-05
4.894564667275614223e-05
2.595060401843569188e-05
1.073358189865750955e-05
9.610767860669895744e-06
4.821571858206252428e-06
