8.483899437945847596e-04
2.538805993928008571e-04
5.685315434413519727e-04
7.680687945858376709e-04
4.024216074297762118e-04
7.381982538210923135e-04
1.319162255617131003e-03
1.069531934764186929e-03
1.265913073393303391e-03
9.379950004852558856e-04
5.810220368177023646e-04
6.695566955498364475e-04
7.197009132108980528e-04
1.083342969368549565e-03
1.183693237853472796e-03
5.085003753402909119e-04
4.997028628317505810e-04
5.186107531174128033e-04
1.292082317357470984e-03
6.672171238217925598e-04
1.120814075612519209e-03
1.089415517022746058e-03
5.527571137909067850e-04
8.172226979739445271e-04
1.111634672388229529e-03
1.046702952978696005e-03
1.042680483943200223e-03
5.591283551916310891e-04
5.988299080269866587e-04
1.004197208187356102e-03
6.377417892123033024e-04
7.075639505215256669e-04
1.011464531204037034e-03
4.882615931838709799e-04
4.103024904291908861e-04
1.278798198871277346e-03
1.638763985554213222e-03
8.286159876383308127e-04
1.164265902926097437e-03
1.346467259984123919e-03
9.205672286728758388e-04
1.083768550554518786e-03
1.215373519538984377e-03
1.511419790041340899e-03
9.598023016586266229e-04
2.389234138411319252e-04
4.094400533179635526e-04
1.811921053920025537e-03
1.706525107510282763e-03
1.410758600242672861e-03
9.865127169558680909e-04
3.269701153313109027e-04
2.344235191520267487e-04
7.209997703803090784e-04
1.838779415473505230e-03
7.050400843458239303e-04
7.655762521917284548e-04
9.800630551262460004e-04
6.534524261985597384e-04
3.885652814737649815e-04
2.745648740820695100e-04
7.090754511038867584e-04
1.307845083072679783e-03
4.369683205889598196e-04
4.296792193894254401e-04
8.104679130638742278e-04
4.859283608354553197e-04
3.696147440084508653e-04
3.737951807998515525e-04
3.909384179283380582e-04
5.243796127571343684e-04
4.988763731805304080e-04
9.197101904606749161e-04
7.282123202440631471e-04
1.036308729355323640e-03
1.245705419111733112e-03
7.505993891397001868e-04
4.078456971231234920e-04
2.032828025343629897e-04
3.985420134163720107e-04
1.350385793180440986e-03
8.961152318317130690e-04
5.090674565740840787e-04
5.156418961706075088e-04
4.554812553580328267e-04
5.022997656801821229e-04
5.317942959816181593e-04
7.005361892891434714e-04
1.093478683434648659e-03
6.445175808500585310e-04
8.841083569103889246e-04
7.603156851598322045e-04
9.660490747599927586e-04
9.115701703460921601e-04
6.890821382796442863e-04
9.658695717740363798e-04
6.677325244168199562e-04
4.191105661488327204e-04
6.765267573098412415e-04
7.371152093433104742e-04
5.463592531266388492e-04
7.244478815860553754e-04
1.337834423635327974e-03
1.639356368720569935e-03
8.468006688038863874e-04
4.647874178280573436e-04
6.771971511191300554e-04
1.190794404488648532e-03
8.401652499748942220e-04
4.984015864380560894e-04
9.506985700664964331e-04
1.071885166535899289e-03
6.600103372822250895e-04
1.037581709485048929e-03
1.060884753848489927e-03
4.627747650451800908e-04
3.504375647422503523e-04
4.194725628570006976e-04
5.048247389516305342e-04
6.798131566457837243e-04
9.192826639985918940e-04
1.114879130490086228e-03
8.869204335195517716e-04
5.249916597192750200e-04
6.673050769617736326e-04
1.615068563579405035e-03
3.697236937299394578e-04
4.066970209234891504e-04
2.776262744379983261e-03
3.275399188326322871e-03
7.749372961944630102e-04
4.875387496639917791e-04
4.879969460350934516e-04
3.431568777003312027e-04
2.155882355200976566e-04
1.725760289659404275e-04
2.566611083856063587e-04
3.634418983239518387e-04
3.057831277110503493e-04
4.445472055201576934e-04
9.114309560925231519e-04
7.268560704861451406e-04
5.200140945952534633e-04
5.327109560743727070e-04
5.189698067472174083e-04
6.352282746059787410e-04
6.116952775322751466e-03
4.588641240166325269e-03
9.322972169085012601e-04
5.503712724738380000e-04
4.296933117550859739e-04
3.893564766851380756e-04
3.064766775523998987e-04
1.777012191594488336e-04
2.549377580247283296e-04
4.971566732113412825e-04
4.031441583595688676e-04
4.617696330892405942e-04
6.854439817370036386e-04
3.175851334924585179e-04
1.874461975125632919e-04
2.009294582011498197e-04
1.950519113918688669e-03
6.193972297918853278e-04
4.306549147400125753e-03
3.264225189038712140e-03
1.215446736987659936e-03
7.728524021835213829e-04
4.517349962391718548e-04
6.596090359465184598e-04
8.914536752007421643e-04
4.422516943464143541e-04
5.518610635519929399e-04
1.310740367037280902e-03
1.012545908878757306e-03
8.242153072933118855e-04
8.660763389487731488e-04
3.390033868452332487e-04
2.910532647435043474e-04
4.853112673972431713e-04
2.176889093325053842e-03
5.588270809956666840e-04
6.427256110888276974e-03
4.923547411420615798e-03
1.149317110077812060e-03
2.375798469858577484e-04
1.336602086286035060e-04
6.114133938002742864e-04
1.052881723528208352e-03
3.864380056537025112e-04
5.846864810727331416e-04
1.405401812229433800e-03
7.172947608394080170e-04
5.632203504116818941e-04
1.058774663619869516e-03
7.256395088071814284e-04
6.991634054972662316e-04
8.706436103722019378e-04
8.343675256610718835e-04
2.435786229011883790e-03
6.198056351149047044e-02
2.320911759041664399e-02
3.156476708013332064e-03
3.823800798881954325e-04
2.071651019591606098e-04
9.171272163672653617e-04
7.634571343210273288e-04
2.710636036067063282e-04
6.595793877807320941e-04
1.161899027274053116e-03
3.625595942897955255e-04
2.657055694584435938e-04
6.317728374717168204e-04
6.314316757221532595e-04
5.936404379358498984e-04
5.413780626284791370e-04
8.932803908334838346e-04
1.733650557784855231e-02
2.851275161015278115e-01
5.862167292238108784e-02
1.541330877102887673e-02
3.697317164781074080e-03
1.166453747579717336e-03
1.110109378555025400e-03
5.002312638496722152e-04
4.003416744875965471e-04
1.123254196068528563e-03
1.167553391356870515e-03
4.270475271632479019e-04
3.004641149435469376e-04
4.994651879495728324e-04
7.055663677112002747e-04
7.731018808452921019e-04
4.815486790050187062e-04
1.500430550470394390e-03
1.026277537753774588e-02
7.969735670728629595e-02
2.801589801579117481e-02
9.705456799143117458e-03
2.651662812448952241e-03
7.428354225272100096e-04
3.727854173027236157e-04
2.305541148018211276e-04
3.823165536677029428e-04
7.576510929881603851e-04
7.969396075702157986e-04
6.428119368128024308e-04
4.172493588137861538e-04
5.101441674549504323e-04
1.201661637383820988e-03
1.340546412562491733e-03
4.669830357800542914e-04
5.331709579692892010e-04
7.480297679481101494e-04
1.310887659550726177e-02
1.478315350785518525e-02
2.426917055205652773e-03
6.512877949522163186e-04
6.035758181463458851e-04
4.726211659142506003e-04
2.566159711111869841e-04
2.376134907451876407e-04
2.711000284350489962e-04
5.649073062621889126e-04
1.069506653950733641e-03
6.004710338684621706e-04
5.346148452800570912e-04
1.192915478700770767e-03
1.256171047540197844e-03
6.310319713203025064e-04
2.758202615296049642e-04
2.553070825054802855e-04
1.167174223329216741e-02
1.524291503194793659e-02
1.560220322970090742e-03
8.599892224274586355e-04
1.558856304227679897e-03
8.974699719875605568e-04
4.021566498006373192e-04
3.096212772946155961e-04
2.508116969928798424e-04
5.167629783596923432e-04
1.155019745303064675e-03
7.139366879850900975e-04
4.665520562705884099e-04
5.716158488964392893e-04
7.099082224201346989e-04
1.036492112148286720e-03
5.470091135679016042e-04
3.925639516419492862e-04
1.300804752259770471e-02
1.022343320906001461e-02
1.634606039357269216e-03
1.163774548530150787e-03
5.971737385632568812e-04
1.711708541045234917e-04
2.780370208481118327e-04
9.016455923658022072e-04
6.291711826000795718e-04
3.611402937680737520e-04
4.142306233130426969e-04
3.464595584408288690e-04
2.505118189983457323e-04
2.843594811389784640e-04
4.698773918889485933e-04
7.075363860238874803e-04
3.983378794120108414e-04
2.960740759110647722e-04
7.024825924498559471e-03
5.630738197470027892e-03
1.543661197431495840e-03
7.912553745934502655e-04
1.999338573615336409e-04
9.113648001189607892e-05
3.640902033620485741e-04
1.599634150455098418e-03
7.991051451191884085e-04
2.208022805743136785e-04
2.045470199462432164e-04
2.387753676013207110e-04
2.246722280560055102e-04
3.944506208254254845e-04
7.049705174395439790e-04
4.104660464408914529e-04
2.304180851958249519e-04
3.061702847606806162e-04
4.901003213128533181e-03
2.917203385247234878e-03
7.543694026161159704e-04
5.422652692413048149e-04
5.429682745195455601e-04
6.739793297601726248e-04
8.503754438322227126e-04
7.548708410263035460e-04
3.691425712018107691e-04
2.272146555648726473e-04
3.838195003564081947e-04
5.009007559119096507e-04
3.821177328873044069e-04
5.986480599946767799e-04
7.842353532639750272e-04
3.115559724731870820e-04
4.179365833662308555e-04
6.271799623564703989e-04
3.024691448719916617e-03
1.008976616974100035e-03
3.105042002142420704e-04
4.468596779752811391e-04
1.088916991546981343e-03
1.231095567888460191e-03
4.890586121923341583e-04
2.539873401683100302e-04
2.453543537611693206e-04
3.177896086791981520e-04
6.460267126405045074e-04
7.598037993687907542e-04
4.480480039201104828e-04
4.525033909833286539e-04
4.357703249747487003e-04
2.755000126520347763e-04
6.797536272111125372e-04
9.649333094240790908e-04
1.972952544898276279e-03
8.306912939682654668e-04
4.720947530072903075e-04
5.919556171750276841e-04
5.852468606858626278e-04
3.219415857906845818e-04
1.822270218337552648e-04
2.335806777595661043e-04
3.317341744493705093e-04
3.264170155100603200e-04
4.497289132224602053e-04
5.144544765848362835e-04
3.666191586002509281e-04
3.892358669118415031e-04
4.504319271256744615e-04
4.839586930521352025e-04
6.444580437259511251e-04
1.358061772309188207e-03
2.348608956266786535e-03
1.367313527719262595e-03
8.748423752866905283e-04
6.613025063521876150e-04
3.598309695276821524e-04
2.146718026651871019e-04
2.444536792759164387e-04
4.050208022080816687e-04
4.018350400273886479e-04
3.016014696751563259e-04
3.695644674826045078e-04
3.976188302097594736e-04
2.998327480854565759e-04
3.651134870568036061e-04
5.794468995141969147e-04
7.336438738631221321e-04
3.948019915603413928e-04
7.803738650832832240e-04
8.694563121006983718e-04
4.371572608254626572e-04
2.879553463730746485e-04
3.084249249889167471e-04
3.257633749498094460e-04
3.339581001375473189e-04
3.837704621362924163e-04
3.841178826965970308e-04
2.994788657565215892e-04
3.125988128579475418e-04
4.623047792962079383e-04
4.199070411152909846e-04
2.509913298694330889e-04
2.368222530914993406e-04
3.187858472368051044e-04
3.247525190270044641e-04
1.687952276424466538e-04
1.827561988043864289e-04
1.394548812871544826e-04
8.260573592136236857e-05
8.282662558118721746e-05
1.528528511968972885e-04
2.433271936175372555e-04
2.459845546769168462e-04
2.117872983240056458e-04
1.717344043594737672e-04
1.476804103216505402e-04
1.815165571066274875e-04
2.447978419758599583e-04
2.048515972649369242e-04
1.226834653286102837e-04
8.757596421331102906e-05
8.005396407705786467e-05
7.042723114969420188e-05
1.297498447030214993e-04
1.409492274142663685e-04
1.703234835177310099e-04
1.639175929932417731e-04
1.430287578653323800e-04
1.393448996869594940e-04
1.202651644825363707e-04
9.015823493028610788e-05
7.909119144551256535e-05
6.970544218219522164e-05
5.019563313334483384e-05
3.634907730512168896e-05
2.911438140232325695e-05
2.333182766328812931e-05
1.765179516504386049e-05
1.280251024679809809e-05
1.167544333505367333e-05
1.544970625723950683e-05
