6.978825410326454804e-04
8.665863238199579630e-04
1.096175580454276021e-03
1.306211596907407447e-03
1.218302023963236877e-03
1.342520035937772548e-03
8.986126084770032886e-04
7.981674492104459846e-04
1.007413045355835812e-03
6.003337430649050574e-04
5.805730766960996931e-04
1.141339200446607124e-03
8.982859893208626142e-04
6.998590626048103829e-04
1.086539585994139795e-03
1.081587839251104983e-03
1.114828256948545773e-03
9.354792885976550166e-04
1.308368146036306820e-03
1.203981252652036680e-03
1.657032062975228020e-03
1.807044638465396492e-03
1.222805363435113370e-03
1.280527138852236837e-03
1.023492336672169071e-03
8.179776371318034844e-04
1.165388643228371882e-03
1.299943916481205615e-03
1.047240606789016232e-03
1.107877029621508322e-03
1.316473776512084746e-03
1.256600403327209165e-03
1.063436084813739651e-03
1.241825596303705852e-03
1.750166036795518069e-03
9.487391066682356435e-04
1.384860671011608601e-03
7.709162849612189719e-04
1.119059646188224613e-03
1.626382716849853133e-03
1.145215013697343815e-03
7.008031148285747683e-04
6.801270083154504218e-04
1.056865860722633940e-03
1.451298300598006076e-03
1.703719023986629329e-03
1.323497317719904941e-03
7.429233653222077488e-04
7.023014205393616994e-04
7.928076016459962346e-04
7.084099646109724919e-04
9.663661529744436290e-04
1.469589093156487176e-03
1.134305372369455315e-03
1.081706787575542530e-03
9.753526881530891679e-04
1.230691044136886323e-03
1.420171598329443520e-03
1.373277797943637385e-03
8.852264539199418067e-04
1.052249941197210556e-03
1.823284744813407016e-03
1.196415522680696619e-03
1.028687297974370789e-03
1.146010917784728899e-03
6.842497910959720970e-04
6.932451104878380567e-04
1.284009760510547134e-03
1.491917742731928851e-03
1.047304387752305511e-03
8.419437072057678502e-04
1.196928529344393720e-03
9.149774845634534677e-04
1.293903360006845192e-03
1.422428521774841102e-03
9.930727736210834353e-04
1.117749231086622840e-03
1.032505825908341902e-03
1.231163163525506032e-03
1.955825178899789959e-03
1.154458893771168754e-03
7.946933271211211684e-04
1.027262559813721778e-03
1.059412119167038461e-03
9.915466683637220568e-04
1.066931410395317251e-03
1.193455758413980222e-03
9.489821885076202279e-04
8.055760848853356446e-04
1.197199701585145151e-03
1.558516284194002774e-03
1.192665747560576247e-03
9.161699190678027549e-04
6.666187163448920481e-04
9.406407343692371531e-04
9.576254114299678202e-04
6.817209526632482270e-04
9.478631765966111017e-04
1.470416698987219665e-03
1.277562400110131106e-03
8.834821635054116796e-04
1.051564816053309620e-03
1.033741027059411049e-03
6.357573917198059300e-04
7.728802245044681706e-04
9.722106139675944746e-04
8.794995453525844380e-04
9.508972139475286656e-04
1.345865602795158966e-03
9.357622958606534981e-04
6.288166584318624500e-04
6.988734993719666585e-04
1.473178267946279431e-03
1.809021633999193706e-03
7.565870133197712556e-04
4.941906558781075046e-04
1.176955565860136454e-03
1.911133646394492592e-03
8.183002147656433072e-04
7.365362268831436576e-04
1.168625859452450139e-03
9.529362351254523503e-04
1.248830443708539998e-03
1.368561111370300912e-03
8.128597429527664514e-04
6.607303065312289999e-04
8.892172871924763780e-04
1.048019149557146042e-03
7.745958988823897383e-04
9.425397320573153164e-04
1.696666105299444614e-03
1.954920060880229425e-03
9.482434301424990742e-04
4.689288560879494114e-04
7.293440046891643555e-04
1.477492956978186537e-03
8.098843113792599142e-04
6.825297253121364932e-04
1.315319382638633358e-03
9.881598989309170727e-04
8.648469917868642845e-04
1.093338708414012470e-03
1.002890876090065282e-03
7.531378017206470871e-04
1.383730069411348530e-03
1.026573393858370205e-03
5.940107659146275781e-04
8.034609031272216435e-04
1.173477032208144382e-03
8.703611915404285346e-04
5.964675603246847018e-04
6.852123645279757690e-04
9.276226232665414758e-04
1.028143415626531047e-03
7.123987377591695569e-04
8.457250818403419827e-04
1.585345604398049344e-03
1.120717929032361048e-03
8.608398410702075825e-04
1.142081469844908508e-03
1.318320642974477475e-03
1.051375599435713099e-03
1.282938179752510363e-03
7.283820086036741628e-04
7.735264304667064088e-04
1.116235723123759583e-03
1.211030583442626336e-03
6.548281292573330126e-04
4.071327790733762775e-04
8.057799338335214267e-04
1.193469813117774237e-03
6.096167375896040849e-04
4.272804302490698126e-04
7.097996943597960047e-04
1.144806154005534185e-03
1.146226589298978077e-03
1.315195303915579457e-03
1.328919813679964789e-03
1.061484973256536036e-03
1.287120529812382872e-03
8.731310679916255398e-04
1.110385856405763771e-03
9.055083408308151408e-03
4.906020088301749245e-03
1.324564480346429379e-03
7.783035530819884572e-04
5.033965754720974139e-04
6.694915837967926235e-04
7.977308088534928315e-04
4.534084016316493587e-04
4.970216539502580371e-04
8.144489260751233304e-04
7.965879348174025997e-04
6.648582958077775204e-04
7.178944973985433142e-04
8.779751609929194308e-04
8.838683135628015936e-04
1.441484677757910813e-03
1.434463697354474701e-03
2.024501712311966954e-03
9.768312860839557799e-02
1.841547881830551611e-02
1.228228770671014247e-03
7.398252631888097746e-04
6.542606488397547521e-04
5.840105716751129968e-04
5.089676045883658427e-04
4.753519271728026685e-04
6.914244056759429784e-04
8.759239988053741516e-04
9.629403627431443527e-04
8.473295440813540446e-04
6.139087145562815810e-04
8.960548326627804918e-04
9.025245788009005803e-04
9.321576564397816280e-04
1.154464046265355273e-03
1.512772997947515108e-03
1.666545500311480410e-01
6.364855823031287385e-02
5.458008127243852911e-03
1.604243855250294835e-03
7.773618345525529997e-04
5.592232868303151101e-04
3.841497915811052134e-04
3.088148800260728214e-04
3.235986031027663777e-04
3.631966616837522610e-04
7.534366453995904479e-04
1.138979968935944316e-03
7.437369912040454325e-04
9.667636873821295555e-04
7.247001156118380253e-04
6.316058963910009582e-04
5.454380157516286031e-04
1.529303503374611394e-03
8.511543577477949374e-02
7.878870969237782018e-02
1.876779838043094242e-02
3.540530662730630856e-03
7.850420246985605893e-04
5.263610665521365611e-04
3.920753187266357714e-04
2.599112004472099767e-04
2.738733365570498058e-04
3.452365986382328563e-04
6.166490950206027525e-04
9.051261257691482634e-04
6.771430001217655040e-04
8.651307942507833939e-04
6.753819693764202435e-04
8.328403753970832664e-04
6.418531174580118046e-04
1.515377736554566731e-03
1.226310616144515170e-02
1.098106108801242577e-02
4.615709644635840325e-03
1.718223653470802052e-03
5.291531599338877281e-04
3.870750951861599690e-04
3.730407028299662022e-04
3.159462941577051930e-04
4.544249917976933280e-04
6.264458858618172747e-04
7.333497829822580244e-04
9.171452286742657906e-04
9.158146339060674324e-04
1.123518986158996260e-03
7.719248822145324427e-04
8.627136275995699478e-04
9.148989533192041033e-04
7.906623164116009404e-04
2.306714769613004042e-03
3.211817789732618333e-03
1.557886650730411476e-03
8.120060593437125520e-04
3.824520078670107844e-04
2.907679737227936287e-04
3.389526773368889455e-04
4.563273907481884954e-04
6.345470777178639993e-04
5.780796846254288371e-04
5.684594630571262802e-04
7.838808926645275113e-04
9.425964403753078064e-04
1.095420463408212789e-03
7.898228433905576159e-04
7.837657446850625990e-04
9.581981126498675732e-04
7.655125473129240250e-04
1.422491131374064958e-03
2.707501251565643929e-03
1.647261577933297697e-03
8.240701530040516918e-04
5.213247754621829497e-04
5.122015927815003157e-04
5.669672770792830553e-04
8.907593238531653955e-04
1.143453459365116913e-03
6.831486141783083216e-04
5.339552315301368795e-04
6.876113071273970553e-04
7.833271905413431236e-04
8.469027343178268854e-04
8.368265623093201332e-04
9.839261843345762336e-04
8.360920965149750252e-04
1.055252561836588767e-03
8.243889434234002826e-04
1.038784999582718308e-03
1.150588916044492779e-03
9.770046083999732629e-04
8.551495631195587220e-04
9.522673555430107451e-04
7.487729578283707421e-04
7.276964583534819122e-04
9.638485845557084224e-04
8.860536373450317131e-04
6.822342855094083117e-04
6.884081541511363539e-04
8.402112248820274923e-04
8.649239276892492848e-04
8.366580810655259264e-04
1.045949979254367493e-03
7.838876366639340679e-04
1.029160582035872074e-03
6.329433784234260191e-04
6.409788713428044970e-04
8.200861781037683141e-04
8.666838547336724397e-04
6.935969952057936339e-04
7.142833750769335063e-04
7.368439525653224572e-04
5.820591685992480661e-04
5.833960015358788690e-04
9.280417333576569368e-04
9.463756434940492294e-04
6.783813647907332468e-04
8.021637964345611476e-04
8.516827089771635256e-04
6.933833738485276543e-04
9.080590276876030929e-04
9.092682119108296728e-04
9.304130327017264696e-04
9.033376492820638110e-04
1.001481539922107920e-03
8.230524704409837014e-04
7.508080603954950813e-04
6.248547167668927916e-04
6.007847516659894742e-04
9.213002302264536834e-04
9.184836158531828982e-04
6.087734197362950446e-04
8.857540116254270651e-04
1.282870111435972620e-03
8.576425403450717863e-04
7.772592509656438622e-04
8.796964773382309147e-04
7.590348480137111293e-04
9.108931849373849265e-04
8.958856558689856598e-04
8.550827342651183896e-04
1.161108300339666870e-03
1.260325903624468728e-03
8.389290036426133145e-04
8.828780671528062372e-04
1.071508180623563511e-03
7.959623207467158559e-04
7.395863941748703459e-04
8.878804062325577548e-04
7.755481690543857606e-04
8.226878418973973973e-04
1.091842635776607128e-03
9.141757783832675987e-04
7.881119886981005802e-04
9.004960956242897153e-04
8.830690744220271327e-04
8.726150245392369411e-04
8.191691407034667983e-04
9.412503095438672389e-04
1.247692876975803507e-03
1.102703166976597930e-03
8.353968151583715442e-04
8.626848439034264784e-04
1.116699914235211267e-03
8.882068764902924544e-04
6.379274139979298434e-04
8.654947335079635337e-04
1.153183781308533828e-03
9.648753300065446813e-04
8.973053803496751921e-04
8.677806632300179594e-04
8.314201320313120225e-04
8.592791906924851422e-04
8.464463502434715339e-04
8.748860727977337279e-04
8.093223885661109422e-04
8.487745212350553906e-04
9.741266414438556768e-04
8.069156601860747076e-04
8.837944917083656766e-04
8.030195246523894352e-04
7.256595434235039218e-04
7.868861942671763346e-04
8.440949103099076260e-04
9.963501163368089063e-04
9.845696545634757130e-04
7.691810394269519039e-04
7.830896248634459759e-04
8.202286487923037299e-04
8.458387366967898497e-04
8.943863510996272886e-04
8.322325580178246800e-04
9.278519779573588021e-04
9.436617720518600955e-04
7.298430179396012867e-04
1.027037768928349337e-03
7.179538939720965605e-04
8.479171749065471516e-04
1.036357523833360272e-03
8.259692177085861502e-04
8.576978786108316972e-04
1.111535714778941197e-03
1.217380918761208283e-03
1.045595560912432461e-03
8.590068208379966893e-04
8.838703766879784773e-04
8.626526259220419464e-04
8.469628510286119879e-04
9.062338281113039174e-04
8.364489229612496893e-04
8.624210646012481132e-04
7.811287053320679994e-04
1.186652749213532639e-03
7.081197456447126636e-03
3.055390162190165220e-03
1.057024951906614021e-03
1.045942003188433901e-03
8.865394445903703683e-04
8.496563823171668145e-04
9.426156794739190244e-04
8.676807364581028484e-04
9.047910801178652004e-04
8.873225499499599878e-04
8.504086490165356981e-04
9.253390520624119563e-04
8.560039958113877055e-04
8.041269275890208443e-04
8.679023853208915531e-04
8.664421606027937961e-04
