6.640742426963666505e-04
8.840426011752527957e-03
1.542315881704405152e-02
2.701011583576478931e-03
6.294980120108523104e-04
1.276900212860971121e-03
1.951609556958001836e-03
1.747567983223763909e-03
2.007681058143541506e-03
1.174557343976923452e-03
7.542713772293728903e-04
7.097939707876996978e-04
8.563190926101136137e-04
1.016032420047281292e-03
6.234893243195978362e-04
6.096240910778739919e-04
7.870792561633904033e-04
6.798474871722380141e-04
8.502365414729303860e-04
1.383287653151914470e-03
5.159957516227219564e-03
6.961073502242372604e-03
2.537947981398333726e-03
1.337791057340559668e-03
1.007588073361822710e-03
1.785055378615018696e-03
3.873548613788503191e-03
2.608722890212209020e-03
1.397693982728818443e-03
9.003685284341048740e-04
9.194366226161648260e-04
1.102249012665318037e-03
6.845038281053805350e-04
8.023472147325631321e-04
9.808053193492017718e-04
6.390324414921240989e-04
7.809936622626146565e-04
5.457662825526783494e-04
8.682970777530011654e-04
1.261845880901563220e-03
1.020011048338925015e-03
8.533314931049455808e-04
6.263436048872286473e-04
8.651319285628709032e-04
1.710957870449628104e-03
2.411626871697739212e-03
2.805338869131770562e-03
1.428332039137225184e-03
7.380869355196553348e-04
7.959352432208454840e-04
7.394978057460247899e-04
9.444477077305700637e-04
9.682383310207349743e-04
8.530751919741140282e-04
1.280648668956442006e-03
1.193006744250252500e-03
1.180048578097123938e-03
1.559827395104816661e-03
1.431685880739814228e-03
1.194874775338612173e-03
1.020502765601026107e-03
1.016462734481068074e-03
8.054738743845500258e-04
1.004219361680825469e-03
2.309769550373000357e-03
2.477890352106391306e-03
1.997247789997406639e-03
1.719515278270843887e-03
9.266177840915584135e-04
7.984171335116336567e-04
8.621586490036535749e-04
1.154566631623242957e-03
1.366570255242853223e-03
1.256350707146673077e-03
9.271101173814360382e-04
1.433619325747930492e-03
1.267371985081911217e-03
8.624230930653216907e-04
1.355031267682949838e-03
1.923242737733793029e-03
7.278902083604942485e-04
5.089459181478933397e-04
1.192346858147540168e-03
2.494659734060366511e-03
5.661657473598172459e-03
4.688695038835188206e-03
9.299450720497120636e-04
4.586818743787923064e-04
5.559622878754096140e-04
7.583814716909954281e-04
9.251784989719888603e-04
1.305828138503699375e-03
9.811980013129980704e-04
1.367994643632114166e-03
1.258572507155475721e-03
8.455718036997822212e-04
1.625467310511069562e-03
2.742584804281506580e-03
1.299838898086220183e-03
1.285094427054056260e-03
1.751090141491179301e-03
1.479335625067268586e-03
4.492961598062246605e-03
9.293515167986876602e-03
2.086829001317970587e-03
6.602991283507794826e-04
7.354972324928932053e-04
7.274042720777370392e-04
7.301586042204251696e-04
1.788444687707970576e-03
1.451578865129682762e-03
1.687428119913508958e-03
2.039718819430428719e-03
1.384600066245704822e-03
1.585552018461335163e-03
2.005625229037426207e-03
1.955707323933963092e-03
5.337109755278878105e-03
7.124396189167436777e-03
2.212033890412368805e-03
3.271599006566937567e-03
1.324611368516410460e-02
6.407480234631945069e-03
1.167932191562186901e-03
1.077038602210649617e-03
9.880963621145988796e-04
7.351749275274990390e-04
1.336131200539272855e-03
8.904394074888637546e-04
1.215228717007637996e-03
2.083519021999678377e-03
1.033883555508967366e-03
6.368539666821804255e-04
7.498275529979439883e-04
1.008606364380599044e-03
2.923799400531978607e-03
6.873752507824758273e-03
3.927061974052652692e-03
2.027941293589940238e-03
4.464196445005654858e-03
5.622714078191692715e-03
1.081073474477924718e-03
9.692876617229615735e-04
1.132917409185152770e-03
6.331457492239145682e-04
8.853068300432245666e-04
7.535511175342068501e-04
1.316743168784963863e-03
2.233780894739613443e-03
9.185899549675488693e-04
6.007101137178116022e-04
1.099137735269650534e-03
1.487635255897336913e-03
1.353340087937394097e-03
2.298111920764602835e-03
3.768824320610828730e-03
1.353431144574305210e-03
1.409072482152275933e-03
4.254812321769249443e-03
1.190088352245686132e-03
9.008001455598658048e-04
1.340961793236805557e-03
4.985689047186136254e-04
7.785772820739789981e-04
1.193320840569365299e-03
1.395325494944844435e-03
1.435145880213941749e-03
9.753566004668440302e-04
1.149073996364959960e-03
2.148937399899023687e-03
2.937050343557782561e-03
1.702310236929899375e-03
1.427146606068252456e-03
2.981326161757390323e-03
1.452875847712591269e-03
1.239445244414719193e-03
4.928883825438110447e-03
1.504707439609911934e-03
7.522661035533481037e-04
1.152576902031836369e-03
5.235690829882253287e-04
8.542636870968095325e-04
2.534737147505412846e-03
1.499007031714493779e-03
7.247877934927156101e-04
8.074559482505328911e-04
1.293010468560479732e-03
1.025151946238865878e-03
8.822593621243876973e-04
9.753935242154817501e-04
1.170849219232210359e-03
2.095407685094183726e-03
9.389001691896039494e-04
6.311529098625414877e-04
3.242000675873362141e-03
1.989856129578206154e-03
7.580768198676839402e-04
7.638767411521324262e-04
3.855531211840072868e-04
7.655218646617345914e-04
1.043236436099445434e-02
6.493798036682320654e-03
1.309708605133858093e-03
9.156966782468427182e-04
1.340167940007138498e-03
8.192177069370154508e-04
4.682155003380297038e-04
7.158119917286306488e-04
1.956782212525067649e-03
4.129021341330460504e-03
1.338458736730731161e-03
6.654993244769103530e-04
4.415489185626750822e-03
5.183523351867053500e-03
1.117009102939330641e-03
6.762731995773896840e-04
3.181431338980998625e-04
7.197021170921271338e-04
4.746807434688039146e-02
3.611430880792636938e-02
3.567160275492233402e-03
9.029739209815179938e-04
6.996897243817709047e-04
7.525889428988038468e-04
6.662596554074705834e-04
7.617646304910921217e-04
2.308916781750805416e-03
6.751317230366236238e-03
2.727677573105181767e-03
1.665780405912684710e-03
1.096498950233468564e-02
1.115068469931404169e-02
1.268719441582627202e-03
8.416996273788544944e-04
7.083560948934462288e-04
1.004669107489787388e-03
5.104098860409340965e-02
2.637887161246724524e-02
4.152361228142847742e-03
1.187207123395404374e-03
4.083249478698194206e-04
4.489450332726457795e-04
5.737271409805980767e-04
4.132578601855098886e-04
8.179662560128048631e-04
2.190146717372881170e-03
1.036007755212558753e-03
8.746253834488955424e-04
5.550057099485004170e-03
6.294039540258354951e-03
1.149628559429940067e-03
1.130018185391869386e-03
1.098287613619760347e-03
9.854947972098169941e-04
1.408493644980642404e-02
6.206441346913366131e-03
3.507244201563731491e-03
2.889944729540926995e-03
8.541173367868741539e-04
7.230824880496992870e-04
8.105899909288367218e-04
4.261089510073780653e-04
6.471060401407678197e-04
1.086013291143918475e-03
4.023824845544351613e-04
4.005949840638593643e-04
1.949978867677656501e-03
2.213267124793561001e-03
1.024146037947288191e-03
1.062889154902464574e-03
8.430007021367028367e-04
7.452753024875549649e-04
4.773031397011275913e-03
3.235280089562564930e-03
2.760387491965205550e-03
2.260646093301509150e-03
7.915169086405524773e-04
1.010883634088606672e-03
1.470981595931688439e-03
8.998601515933237708e-04
1.405567041044263402e-03
1.480801784953865701e-03
4.728286561756221457e-04
8.288685912648876023e-04
3.567676668947756223e-03
1.820394013772296156e-03
8.122603327090040974e-04
6.920764609372806594e-04
8.355566550605885573e-04
6.028618675552908446e-04
1.958731503655809780e-03
2.324431890601640245e-03
1.974680823979723786e-03
9.054964676919024505e-04
3.082049026227229489e-04
4.888347356086921803e-04
8.830142509771883585e-04
8.409817800606602485e-04
1.801187793864740972e-03
1.526901551658659721e-03
4.254688407991930456e-04
1.368774336082840496e-03
8.902207151037545840e-03
2.580651167678233056e-03
7.203062329017432316e-04
5.954858117412599114e-04
7.722367679133031876e-04
5.204882513624001271e-04
1.013184350895063529e-03
1.419453816020636470e-03
1.569462610716362448e-03
1.058718133218475689e-03
4.282409139638056585e-04
3.302358657556481733e-04
4.172816706975192563e-04
6.844363650464614472e-04
1.881420206757337347e-03
1.494691328153588969e-03
4.454961679580616077e-04
1.316308391949279647e-03
7.082230607390722042e-03
2.127863439789946017e-03
7.207001367467956443e-04
6.855351730325976107e-04
5.614529291373983582e-04
6.598383344597817494e-04
1.428621806707132229e-03
1.199896279429028953e-03
8.911697492456475446e-04
1.236635361464588981e-03
9.840315409846362230e-04
4.856980530221089581e-04
6.947301981549171279e-04
1.940878489725369679e-03
2.839124835209342820e-03
1.990828443622564073e-03
1.747189774368495228e-03
3.651027552027876801e-03
3.782404461374924438e-03
8.868231836023880840e-04
6.010559639577021506e-04
5.979332858415549977e-04
5.203707990921495807e-04
1.034882442549629310e-03
3.249739105057707512e-03
1.457015186800323563e-03
4.640025172888268250e-04
7.805359896298617352e-04
1.177967102354916243e-03
7.393804935261708705e-04
1.671289971893761715e-03
4.648263443736489961e-03
2.257533214159904156e-03
1.664447031778895376e-03
6.652513005446499678e-03
1.223079477550576173e-02
2.503590072551087082e-03
4.733320177457509687e-04
5.572389824740726309e-04
5.261382786216807364e-04
5.781056399199095783e-04
1.634433611595733282e-03
6.675882950926176514e-03
2.260372666169877583e-03
5.827442244758180906e-04
9.850424117083952328e-04
1.410784372135698338e-03
6.206714916946578023e-04
7.844061086768786646e-04
1.695134958275903991e-03
1.143035306411417217e-03
1.300952927711928730e-03
4.652201997828014565e-03
4.867465385150641921e-03
1.100482985451319354e-03
5.048535430284186581e-04
6.942468462487684684e-04
5.719015168499147397e-04
6.633140056391376204e-04
2.100511720159877697e-03
7.190841179192932094e-03
1.934126118391688151e-03
6.391596651939742682e-04
1.179074885124584311e-03
1.307730365412500609e-03
3.605110224495831992e-04
2.196254637806312616e-04
6.752776647119287890e-04
2.201369505529830566e-03
2.836385533239423398e-03
1.654545165835659111e-03
6.635896166972765978e-04
4.434162213370542870e-04
6.398689114404133025e-04
6.869371275457534587e-04
4.848175012271031879e-04
5.828089083930340598e-04
1.256000858732180371e-03
3.330731277299636781e-03
1.177739321058553137e-03
4.793612119208339427e-04
6.532995737666134114e-04
7.921857581819105295e-04
5.923499629454509604e-04
7.797470104524751623e-04
2.731864348295911724e-03
6.822088023381816906e-03
3.312360682486383684e-03
7.641044664361344415e-04
3.668761853999989849e-04
4.675612153826533540e-04
6.636128306202854991e-04
5.217634542814492214e-04
5.354044417225958504e-04
4.388634110296380083e-04
1.129458282320022029e-03
4.334181821000131912e-03
4.325922725113599647e-03
2.234766497797987302e-03
1.200675069156736116e-03
8.935426593373393825e-04
1.689850352404735504e-03
4.995238924326307270e-03
6.552253572761746088e-03
2.424205428218549618e-03
5.883499925114681409e-04
3.883522693416847091e-04
6.031350444997304839e-04
7.283738053049872326e-04
5.325708246628846430e-04
4.095607720835166428e-04
6.739591181780588266e-04
6.581614358096551714e-04
5.186940048755524918e-03
1.306832286878249760e-02
1.219433201200579610e-02
9.430139492791008229e-03
4.542801291458321844e-03
1.297200363451236210e-03
6.922145117386631873e-04
7.602639586154443570e-04
6.547652714135814662e-04
4.499543845224373510e-04
4.477328128549351647e-04
6.313298362761353899e-04
6.297404483768115346e-04
4.703110317515713738e-04
5.282871242510183340e-04
6.654608936288619776e-04
4.915968585146075634e-04
