9.600492782019288702e-04
5.444325358303923933e-04
8.293088041278706907e-04
5.839104793741050660e-04
6.785005474946827946e-04
9.975274039091240347e-04
6.297641454001600076e-04
5.437307259736820757e-04
1.253895212160124634e-03
1.271558309614715049e-03
4.746050690869491203e-04
5.275086182934679568e-04
1.298053930443127894e-03
9.647019311536845316e-04
4.864910011217247576e-04
7.755159681879599844e-04
1.243959538267235682e-03
8.448250038554434198e-04
1.213435976425888182e-03
1.038892100980622329e-03
9.545893532745976630e-04
6.700140892473180039e-04
6.069724986192075568e-04
1.115340124069949231e-03
1.462363692132603995e-03
1.037118723229774097e-03
1.252360690903012641e-03
1.624614076873736246e-03
9.069293953393403693e-04
6.323674092595938778e-04
1.109840681464236128e-03
1.237440686983647944e-03
6.521959983299716957e-04
6.252771751758617012e-04
8.685611581730169010e-04
7.378165677742503292e-04
1.229496486052621173e-03
1.295691276526131060e-03
1.067342201415830832e-03
1.099743462723077334e-03
6.103045708433692002e-04
8.458830580635410277e-04
1.669428770390227017e-03
9.678886161444389367e-04
7.520502645448882582e-04
1.421689770489552654e-03
1.241446422917114522e-03
5.453426665585819682e-04
5.276509578123167151e-04
8.083363719565433590e-04
8.336612111681532484e-04
7.645653053699778216e-04
7.148368093826282460e-04
7.922277997914265032e-04
1.038939312342635705e-03
8.812521219150587894e-04
1.492500061010732610e-03
4.914081094976457953e-03
2.236565660202868757e-03
1.075177587550323142e-03
1.113400264904042779e-03
7.422092390308481424e-04
6.855719308575708741e-04
1.039377504054957027e-03
1.257797603641807715e-03
9.777601274649184385e-04
6.232663676406564488e-04
5.540803792069578073e-04
8.158592262019342956e-04
1.064185297036417642e-03
9.362915109843189965e-04
1.123819924362566601e-03
1.161083503989972406e-03
1.001378413797620551e-03
3.377096435026569459e-03
2.756990506652025677e-02
1.370826691263499035e-02
2.626087959261681846e-03
1.258849775106035598e-03
1.546850357639209701e-03
2.009246359478842649e-03
7.907393143830535997e-04
5.359883739066451666e-04
1.069534020140948611e-03
9.387396320263549296e-04
6.240447274251539975e-04
8.839314931880474938e-04
1.151847352779775775e-03
1.076916315194002436e-03
8.494229841031262053e-04
1.060858369069965588e-03
1.218244548863201687e-03
1.615558165439566572e-03
7.030856694172030880e-03
5.114564398191480919e-03
1.348948844137304965e-03
5.815374713290398425e-04
1.403238626999152696e-03
5.518699840968861563e-03
2.074028707168629540e-03
7.173745524984966124e-04
1.037995213926914701e-03
9.257949657378002420e-04
7.933601938233972263e-04
1.060023768326713014e-03
1.057826705499973754e-03
1.146579597949949538e-03
6.630768625317789294e-04
7.063314565245417320e-04
1.253142105806618082e-03
5.949166743266918371e-04
1.137833197702092314e-03
1.540334083571566091e-03
9.873207845747797914e-04
3.859227470499328964e-04
4.897797489272515689e-04
2.683424979459363667e-03
3.869420898850714496e-03
2.259968464107191700e-03
1.611381989761563344e-03
9.277499576217140874e-04
9.059703787985582497e-04
1.096088625326771320e-03
9.029262584672154797e-04
1.067999287534102029e-03
7.847253362068761472e-04
7.901339348163836365e-04
1.405553446120423513e-03
1.006234440237354765e-03
1.440019831898163051e-03
1.351367426423642293e-03
9.218469451689098636e-04
5.223675583917785975e-04
3.723377662584185697e-04
6.134556479824150674e-04
1.319360753751129328e-03
3.521229682769435026e-03
4.598436618487468722e-03
1.752303368553622710e-03
9.427686282113009828e-04
8.935879614634714956e-04
7.313495840905049738e-04
9.093290082701759470e-04
1.099881068590098697e-03
6.868472685634945552e-04
7.950103932609417891e-04
1.172449597118332314e-03
1.288339146335268880e-03
7.278197174284135439e-04
4.338570683855767188e-04
4.990541176918927672e-04
6.412743903545414965e-04
4.429477417790845129e-04
4.845814555769014406e-04
3.433419194783406906e-03
1.183352624576838701e-02
2.696176814187993716e-03
6.929632738103965557e-04
8.034469197718429765e-04
7.677862743352421426e-04
8.824117000176536982e-04
1.306130105207647246e-03
5.881528238815923867e-04
5.904039229546634120e-04
8.169387771354400017e-04
6.238992018451109626e-04
7.108284351645142779e-04
6.777949739703640047e-04
5.474420291179477255e-04
7.760087029856432362e-04
7.532719415042526175e-04
6.141612819075632692e-04
2.769251317357594548e-03
8.856135609302087305e-03
1.573745686038918040e-03
3.494696608201261967e-04
7.208812751959708682e-04
9.197261589211711951e-04
7.610282402375876006e-04
8.116330420400468719e-04
7.840335584571766136e-04
7.681441494888142409e-04
1.419700668112967596e-03
8.987382565182768348e-04
9.990953893425681426e-04
9.278874801287709034e-04
4.576809501355589031e-04
4.661348061910806288e-04
8.334662781559336623e-04
8.297659115707175593e-04
1.269541665007766417e-03
3.582276969039356693e-03
1.778758873592114738e-03
3.799996317752649751e-04
5.603466671931921651e-04
1.092965264118889515e-03
7.615690135015731497e-04
4.815259858529559196e-04
6.575080162226221029e-04
1.024209678317707008e-03
1.217346650354140213e-02
8.208132985387564876e-03
1.297347338092636696e-03
6.298213910678558593e-04
6.682437535897884501e-04
4.886607649375861737e-04
5.545603772308255186e-04
6.412173928495505486e-04
6.675016077095855937e-04
3.805903864443262001e-03
1.050245465491543573e-02
1.354990105033547325e-03
4.658719183247351831e-04
1.113855170722525059e-03
8.757760937537015103e-04
5.722649052159904442e-04
5.908047098944312200e-04
2.829670441264223787e-03
1.276459402935046505e-01
4.335530498425353707e-02
9.646561505194095869e-04
5.403472810455784607e-04
1.701677782449133444e-03
5.600557773982494563e-04
3.067344711530882993e-04
7.798347690559987626e-04
1.338468563480804327e-03
7.977832084411875732e-03
2.723765627158488203e-02
2.438000015113628294e-03
4.566482958310376004e-04
1.044098972861015953e-03
7.764210104894299748e-04
8.144395580078916562e-04
6.218033144549653043e-04
3.335480277529092631e-03
6.773084213411501020e-02
1.427732103920400716e-02
4.406029325844548175e-04
4.523685475561554491e-04
1.088763502648288197e-03
2.487080390393005378e-04
2.759731674428413258e-04
1.976738397102765186e-03
4.622965983465116349e-03
1.049863422029881366e-02
1.056909513537755523e-02
1.265237709591318649e-03
5.447748614353467057e-04
1.098342931889561159e-03
6.287125334197694220e-04
6.946052391732813807e-04
5.705889125131173882e-04
7.961106393991693999e-04
3.624274857844293242e-03
2.757877043908609545e-03
9.798131827895763951e-04
9.268173038907201238e-04
4.801950173013172182e-04
1.720105441824181230e-04
4.052131322073609693e-04
1.556229549669146473e-03
3.972335299797720952e-03
1.255893288738834344e-02
7.805618630235026771e-03
1.205075376964897128e-03
7.734859798169072681e-04
9.944672001913439346e-04
5.948164866339389475e-04
5.882140929029872674e-04
7.317802242755591874e-04
5.203420445150229879e-04
7.856356945820332964e-04
1.287585710947440620e-03
1.907072554309317304e-03
1.224013018532136253e-03
3.722971607735169530e-04
2.858089847064463457e-04
3.452135439519512204e-04
3.255156408370129748e-04
2.041527130413750557e-03
2.158287562037183513e-02
9.469507618455410419e-03
1.210059598049012747e-03
8.448885591148537185e-04
8.787733022221336145e-04
7.477208151894438378e-04
8.976685306736633362e-04
6.628925008718474648e-04
1.027585886769892889e-03
1.092553037359528679e-03
8.909838123385351201e-04
7.190407878223073913e-04
4.416950492177836897e-04
3.757668401708634705e-04
4.930924640796401559e-04
2.590599625093720779e-04
3.248285670201656169e-04
7.387382155786883023e-03
3.866164431937266915e-02
3.202404953879998267e-03
4.216387716769942813e-04
6.451650484528732854e-04
7.693269746789737880e-04
7.110765308181957612e-04
9.381781958054166010e-04
5.941187802259030159e-04
1.022511374799148567e-03
1.100011426585734749e-03
1.114107534597883571e-03
9.034722455940403293e-04
6.267829089184396348e-04
6.874396275399034806e-04
5.973925517600927769e-04
3.352280185652708718e-04
1.558416616176145882e-03
3.248699644765631195e-02
2.285008480536563497e-02
8.786163334716867116e-04
3.040719264887745306e-04
7.105654699363841021e-04
5.884007991976176891e-04
5.203231825683197814e-04
6.462484968832115338e-04
1.094446180926010722e-03
7.939362307005805698e-04
5.775076355725865295e-04
1.356138782102354456e-03
2.549362537462112471e-03
1.600020626739950911e-03
7.719899157358307493e-04
4.832064959239278676e-04
7.900763085740063153e-04
4.751430927910240895e-03
1.139079080280777818e-02
2.244817779606174402e-03
3.910590696792396164e-04
4.832640455880820424e-04
7.466180259661128315e-04
4.680751559232409868e-04
6.144778236985941333e-04
7.633840918348098114e-04
8.630614467613010590e-04
8.582734494320069102e-04
5.799073379532938789e-04
1.018892706000669359e-03
1.387349238686159773e-03
8.460280811860639190e-04
4.806427842973459100e-04
5.830797646570053767e-04
2.584980631494490991e-03
6.956340579080278613e-03
1.879995932061496750e-03
3.733357851294135527e-04
3.544241181179685787e-04
5.483795487216541493e-04
4.966299165165044592e-04
4.219064019126944187e-04
6.432406188605464684e-04
6.997678021325349921e-04
3.753974220392275376e-04
9.390872308815983614e-04
1.132765020403997056e-03
1.109845584880263074e-03
6.294206911752259952e-04
6.174491549339575398e-04
1.008523174967918511e-03
1.215995220684498767e-03
2.354721729815552334e-03
2.760002994817780352e-03
7.267103687398584035e-04
4.168410252095514491e-04
7.409519976880332096e-04
6.741964898589983702e-04
4.924633415708901205e-04
5.103655256005339451e-04
4.542771386927290148e-04
4.559423353598804156e-04
6.158782310661925887e-04
8.773542502277057462e-04
1.283842051672566065e-03
1.718788400698161457e-03
9.090332745815110204e-04
1.138598701101532946e-03
2.484616106516898855e-03
1.176221726757260789e-03
4.727092099468536610e-04
4.300881842771674926e-04
3.622961690064810804e-04
4.815270139314295635e-04
7.725650838603094440e-04
6.193381109122561437e-04
5.694427134812215597e-04
6.122447926940574906e-04
4.260347249097631785e-04
5.952256339104227507e-04
9.869968813146195574e-04
4.843333958912437098e-04
6.081617410490537928e-04
1.629115485953360441e-03
1.141464385151069044e-03
8.117163413024723736e-04
1.179714812280862474e-03
6.103409515355633563e-04
2.511637814592112454e-04
2.975444333588797151e-04
4.132321397803273176e-04
4.500051295107063707e-04
4.663399163438022919e-04
4.687021231522150284e-04
5.448357319077820182e-04
5.417693737247221723e-04
4.420245142979762308e-04
7.445353618765499382e-04
4.339558083298197203e-04
2.893829615880845777e-04
3.985441214810176531e-04
1.141538894922101586e-03
8.230476582731493509e-04
3.481536517400228700e-04
4.214613147752909925e-04
5.637271537051025518e-04
5.387633858760204186e-04
6.577667513695914948e-04
7.309916668531093618e-04
5.470714261514772730e-04
4.345428456430998712e-04
4.779987897743833022e-04
4.831733745401930124e-04
3.283592817217733696e-04
2.298800243512384885e-04
2.855054036856519888e-04
4.166627128822850395e-04
6.516619709419635420e-04
6.506352394403313796e-04
7.835279113142840264e-04
5.411895937008261029e-04
2.661820525470323250e-04
2.636695028958276413e-04
3.401867802921488995e-04
2.921723547345367149e-04
2.358402334454674570e-04
2.072102018690945909e-04
1.573031392422477993e-04
1.251509447565314766e-04
1.252614867996450741e-04
9.990051350413807138e-05
5.211524847481095594e-05
3.281826750511042585e-05
4.430388126628384402e-05
