8.716553146204308791e-04
3.120975508639444590e-02
2.369519406369986411e-02
6.128056809417449513e-03
3.293903708721397910e-03
2.646808422883199004e-03
1.950459177969956570e-03
8.720446063869891117e-04
7.025088553044714704e-04
1.331910057291254591e-03
9.829971655631174633e-04
5.378387362124264267e-04
7.504543293659028322e-04
8.980062642365636404e-04
7.797394083060779635e-04
8.548002682684418185e-04
9.139776426532821062e-04
1.429281885844521129e-03
6.633043749873001943e-04
5.398124648380252938e-03
4.418965463328411621e-03
5.371712565754516860e-03
5.016518215893127353e-03
1.773304780177134771e-03
1.918095950775593759e-03
5.107439622824053692e-03
5.403711523144664151e-03
3.329331582938876467e-03
1.787444689176562185e-03
9.366750414059347649e-04
1.061422248870514491e-03
1.462720720682368202e-03
1.007492054150442833e-03
7.889929893334271093e-04
1.050147985718750954e-03
1.256828601457135163e-03
1.217850194766942297e-03
2.254536104397937904e-03
1.540361956104817137e-03
1.033318938522037513e-03
8.166836083290540281e-04
6.127277603416423800e-04
6.852681235442438989e-04
9.607117704704085537e-04
1.171479077987012691e-03
2.884402366431715152e-03
6.836709468146597718e-03
3.250934055207800599e-03
1.556156128030530350e-03
1.768557629893937168e-03
1.095689021351943168e-03
8.467712999235361623e-04
1.327984480462655707e-03
7.364543588404716531e-04
8.232766687458788332e-04
2.062985716470881574e-03
4.024321423946692830e-03
1.841589040911250112e-03
1.009061472654466246e-03
1.457470190018282999e-03
1.633791065212718361e-03
8.092843418461852147e-04
4.741868314269490742e-04
1.634258347870960531e-03
1.044332510105811657e-02
8.444241418704373156e-03
2.915612128606018781e-03
1.719422305772716139e-03
7.608348694718646780e-04
7.213427880059876439e-04
1.271225336192423035e-03
6.061056083697897784e-04
6.550902695483162754e-04
1.396482716115068174e-03
3.165590937057344290e-03
2.989784612068226068e-03
2.542899087827029010e-03
2.093646884867571365e-03
2.072632859095214271e-03
2.227370907582964295e-03
1.219529817332006992e-03
1.013559762472406858e-03
2.073032563745164092e-03
2.392529368039878965e-03
1.915729327326042052e-03
1.295807204818811165e-03
5.710400175888881175e-04
6.023723384730820260e-04
9.412404436609681868e-04
7.490163265307239271e-04
1.350582915816026007e-03
1.117185790997513072e-03
8.866368917811021967e-04
1.468549500671835137e-03
2.927126761575923365e-03
1.290874408221908765e-03
8.341922489468740591e-04
1.951842752758092044e-03
2.171542737107181112e-03
1.282061749516917636e-03
1.066476863984401179e-03
1.319910578503569795e-03
2.748148460116023577e-03
3.322679771820501865e-03
1.542705361374813872e-03
1.103045591331066992e-03
1.088347903701842017e-03
8.695619768034124931e-04
1.377188520390016345e-03
9.876540375521581337e-04
6.703766517535935656e-04
9.833550947750341678e-04
2.324717151819211732e-03
1.516852560797304602e-03
9.905523883298077755e-04
1.109270637405617961e-03
1.023543474372884962e-03
1.188959775277261509e-03
1.233189696121327235e-03
1.350273980338783817e-03
3.144427712279558237e-03
4.951124981393373141e-03
2.367702853284635832e-03
1.137352896358796110e-03
1.244647744020751243e-03
1.210983805721909008e-03
7.143499805749340499e-04
9.189996904072356013e-04
1.555380720082041607e-03
1.909305763348311891e-03
1.863119956640035086e-03
1.315321417042456713e-03
1.454627023631471132e-03
1.124544498801693850e-03
6.784133068209421318e-04
9.367638954707683532e-04
1.105389080106279707e-03
9.533830159477248330e-04
1.421200956470764420e-03
2.746146595381626903e-03
2.434025080934670241e-03
9.853133794745492537e-04
9.522122474930533103e-04
1.233441956418321545e-03
5.740828252623049553e-04
8.248908311254702025e-04
2.304944167983976298e-03
3.707945273207858931e-03
2.226959087417553374e-03
9.871573209009585920e-04
1.400462190595539889e-03
1.866437997602136403e-03
1.243888891628146818e-03
1.183741282094278582e-03
1.237417095406591686e-03
1.045432662087197352e-03
9.352394945740789920e-04
1.941441019838865707e-03
4.700463417328159220e-03
2.462994541975252472e-03
1.178355305970495972e-03
1.057390991436184084e-03
7.465894507019564183e-04
5.917961205783714082e-04
1.181387212504293131e-03
1.782474113250745625e-03
1.784989984985396478e-03
1.180219014393878597e-03
1.678314205964283150e-03
2.391905946035775485e-03
1.491898568136072658e-03
1.081987053613702419e-03
1.051682032733907996e-03
8.207476109843153678e-04
5.162629863480789217e-04
8.300609226140811397e-04
2.580960011416331620e-03
2.323568227361114125e-03
1.234012414620137962e-03
1.011995730378678019e-03
1.159837769754213429e-03
7.804576492046002602e-04
2.356083056026833048e-03
2.066726708143096745e-03
2.259292029105608533e-03
2.310528275356245678e-03
1.949033748116158187e-03
1.170772675900909722e-03
5.837682761443631525e-04
6.438428943032528098e-04
7.514819660062049562e-04
4.462688230349108848e-04
3.215497905033115936e-04
5.592225380681897827e-04
1.115075011069546849e-03
1.168336727476846628e-03
9.349867592527138236e-04
7.301385351253769206e-04
1.061444563162725801e-03
1.001087217997499723e-03
1.369465217538138983e-02
1.390894980012736398e-02
1.220606456056139502e-02
1.210836123941408556e-02
5.639802813931510915e-03
1.442803949374614394e-03
5.039698004435380022e-04
6.411219534858784985e-04
8.002166658338271711e-04
4.601617911878200132e-04
4.768131286830692224e-04
1.013887545511597908e-03
1.572528638789747997e-03
1.689365212776448117e-03
1.175661299181935023e-03
6.313915314820063270e-04
7.687688148842542271e-04
8.494772818590229499e-04
1.877596724638712009e-02
2.110651991491929724e-02
1.471594518099929652e-02
1.917459550789508624e-02
1.410060725759152041e-02
3.980444377093625939e-03
1.049025604112350293e-03
7.180694926913687133e-04
7.955275845513803653e-04
8.200940566078430321e-04
8.624261507301346583e-04
9.756110345276648331e-04
1.338976156452740705e-03
1.579360705571449495e-03
7.711817549291018854e-04
6.345172165279321097e-04
8.549093768086668934e-04
1.262423001916444798e-03
1.310237895228767886e-02
1.026805504951673088e-02
4.318858109902939252e-03
5.469652765994406120e-03
4.624718574212303458e-03
1.458126429986375625e-03
6.243298528707849192e-04
4.600555692911406625e-04
6.089995322334686026e-04
1.296124452806293390e-03
1.130271367173881327e-03
7.258996532705394534e-04
1.388180552852668085e-03
1.685052987110684025e-03
4.855257694851110436e-04
7.603494732290704125e-04
6.846016081470679285e-04
9.446386267373903158e-04
5.452544836867725432e-03
9.126085169678338146e-03
6.653634093895934715e-03
7.527161152906976238e-03
2.624219759693992293e-03
4.971899832923333930e-04
4.860620332636775612e-04
5.751137325388438548e-04
5.933518206135623366e-04
1.121161051693003686e-03
8.671158617588142726e-04
7.481302993036583089e-04
2.452751934865490119e-03
2.839519481651640864e-03
7.256698786165337702e-04
1.038969429134170954e-03
7.161176459991141748e-04
4.741394325913079306e-04
1.530424825624121651e-03
6.121469603556132198e-03
1.083286115489439684e-02
1.394858402444699129e-02
3.580284433116126715e-03
7.254335185166535960e-04
9.563919100508513123e-04
8.455505376026328009e-04
5.038285942549587193e-04
7.124671644017127776e-04
6.975529411917209604e-04
9.459787529216155590e-04
1.987765177192285862e-03
1.332532617501757180e-03
6.094562778166903077e-04
6.813839714827802123e-04
1.233207577151009329e-03
7.617879523573382709e-04
1.491293659073152263e-03
3.702953082253168833e-03
4.489205906675999488e-03
4.293083241122623225e-03
1.652153664553524795e-03
7.227021053719964814e-04
9.650980935460650540e-04
7.320732448042482389e-04
4.983000388944493165e-04
6.072513403267241084e-04
7.610596107355112284e-04
1.771618335397594007e-03
2.412881793600191171e-03
9.742151406446597191e-04
6.186091032944848354e-04
4.583239570717998054e-04
8.001792982403306900e-04
9.684351204227552301e-04
1.960170537484178053e-03
2.830369243605827898e-03
2.846179602283319902e-03
2.470630994295567023e-03
1.113812088977010270e-03
7.256630711354203431e-04
1.398544615944947219e-03
2.199132046653814836e-03
1.595626616190995743e-03
6.582853767924750320e-04
5.166401790070062261e-04
1.614739074373388109e-03
2.548121405228426749e-03
1.326865473959359595e-03
9.800236027117795786e-04
5.933578091869758661e-04
5.621064312808145974e-04
7.831285998602469925e-04
1.369770835200700239e-03
1.458274405616699805e-03
2.141732117341728272e-03
2.713342334702085589e-03
1.179702682641211057e-03
7.138128182322272825e-04
1.904818967544117487e-03
4.903490266997187312e-03
2.623065704412410725e-03
7.641575538126851733e-04
8.565515601030759991e-04
1.746229866069661267e-03
1.024626853686408292e-03
5.272540740044465634e-04
6.075876600510210371e-04
6.364650513557876905e-04
8.740036149510930184e-04
9.330308070065876976e-04
1.450896417915031704e-03
1.099470870555811211e-03
1.295733345989540271e-03
1.719178710371555875e-03
9.315924657672558940e-04
5.509495596813061965e-04
8.889654374396244781e-04
1.174611515833331229e-03
6.690439678560498871e-04
1.008905788799419273e-03
5.684757431433441408e-03
6.248474184720444191e-03
8.861928591378642056e-04
3.598752854271284989e-04
5.299688544860241659e-04
6.063905339588240417e-04
6.638793304270571667e-04
9.591296289203401484e-04
2.575290686964957186e-03
2.146415918174460983e-03
1.574084396985129565e-03
1.585700431686641295e-03
1.173229752877299591e-03
7.000410864919671136e-04
5.130086573639391261e-04
3.795327638306454600e-04
3.831575132169546833e-04
1.441247431217211345e-03
6.345816652181097105e-03
3.143728212568280833e-03
6.094732432287647359e-04
5.776942678015685884e-04
8.378817240746483938e-04
4.772534362830383077e-04
4.091983585159284734e-04
1.284177937718484087e-03
4.107277757507226540e-03
3.094669489966198669e-03
1.617405537201665458e-03
1.311788417454435749e-03
1.145991810368228317e-03
7.289270271412502753e-04
5.411720941389023230e-04
8.067055440576827033e-04
1.770145352906258565e-03
2.709079577504444093e-03
1.402625043574054530e-03
3.517169308717350731e-04
2.205854108224524488e-04
4.395913350636270985e-04
4.720192567663800305e-04
2.102413644535560202e-04
3.424745883237763616e-04
1.923092690386687866e-03
4.258678030758263240e-03
2.501819848221046531e-03
1.084643200328721645e-03
7.282583877090548219e-04
8.189851328338544232e-04
1.043600598937247884e-03
1.690797894292615832e-03
4.108302788610234714e-03
6.331079198424859750e-03
3.009401004640400133e-03
8.045507372387571436e-04
3.557379521210885811e-04
3.195818029059355734e-04
2.953121177791108941e-04
1.806319755708781492e-04
1.281021627118039924e-04
3.028747579125267526e-04
2.031364820871402882e-03
4.375589060229544483e-03
3.649944454783948800e-03
1.904168382014729015e-03
1.001449999106965739e-03
1.119960139817742593e-03
2.798004027092103937e-03
7.009388784910355538e-03
5.980092512086822819e-03
1.331027501838708427e-03
2.997359883069422278e-04
2.579744062587448054e-04
4.060267289174508448e-04
2.684520328842704721e-04
1.017307009235576289e-04
7.219461007039104910e-05
1.082746135478312478e-04
4.049548718333934039e-03
2.064390183228363707e-02
2.087336463486771584e-02
1.206799919242065172e-02
8.201988370499915804e-03
4.555948045766128503e-03
1.977549613188873262e-03
1.310505779971913882e-03
1.073286206272323993e-03
2.578423681562868578e-04
2.223881435308526009e-05
7.870221957496635295e-06
2.401734681468928936e-05
5.551295918520671152e-05
2.129735537106144504e-05
8.318874112714316640e-06
1.470503076401690257e-05
3.971481790275131101e-05
