4.364137060418034429e-04
5.544333903385379771e-04
4.903082297981614657e-03
4.331097888429702968e-03
2.204040971616160350e-03
1.054579727434087075e-03
7.348341624404770497e-04
9.592847521094834433e-04
5.584934443882666032e-04
5.403985101116812878e-04
1.017796996690059543e-03
6.915031405064811206e-04
6.711558098846506564e-04
1.583832859641734177e-03
1.167972505808429623e-03
4.241814826881416096e-04
3.950368997582784391e-04
7.284927066189468038e-04
4.094014400444144193e-04
1.411139116137459949e-03
3.512966313158120274e-03
1.296439376815037648e-03
5.233947632622288617e-04
3.869394518467150356e-04
7.478838101942654861e-04
2.926214028869888583e-03
4.712509748719493664e-03
2.611691563300862304e-03
9.484219456979936210e-04
5.863137750971171135e-04
9.817427207859993205e-04
1.543687477822005454e-03
1.300987492188230470e-03
9.905828350547150971e-04
6.542377296543268718e-04
1.350437315726015983e-03
4.253641614766358976e-04
1.664758440830009555e-03
2.364079651677807037e-03
1.117941942533345542e-03
6.008408846776441305e-04
4.727459812072779184e-04
5.048199332140382647e-04
6.723642592830911474e-04
1.752763403228330998e-03
3.457392359223114900e-03
2.176460642337315569e-03
1.733277845608190539e-03
1.436417922675731337e-03
6.662244703849882132e-04
8.238543290672611279e-04
1.525192146018709578e-03
5.591146082811155682e-04
1.481629447944906577e-03
6.391260201013668121e-04
1.073716026011994375e-03
1.238210843440269888e-03
9.232739646824007556e-04
7.727143525390994501e-04
1.006992801210687379e-03
1.276207636958929083e-03
7.129012728551963876e-04
7.385236200580778433e-04
1.380594403651987448e-03
2.160775313416365539e-03
5.945112551659018606e-03
4.705444191814989706e-03
5.850977370106793998e-04
4.504392726198982425e-04
1.365147743581098102e-03
3.962749004823083558e-04
6.903346406825271262e-04
9.376328908290495080e-04
6.380694170250930664e-04
7.225396293081614782e-04
7.978531589347829297e-04
7.386716156166570329e-04
6.044296804344801051e-04
7.315709108502579201e-04
8.030851664091276203e-04
8.558222962107720627e-04
7.413233627923322038e-04
8.840572393768712399e-04
4.707759985886979422e-03
1.311451236357251415e-02
2.489673418144104818e-03
7.520554459936860557e-04
1.693644592203213126e-03
8.447562516215432636e-04
8.781913380596052202e-04
7.924522850897305990e-04
5.360849974731494733e-04
5.904928023776815195e-04
9.404912834695885191e-04
1.413789022783633635e-03
9.564192908514986121e-04
6.959340033306474389e-04
9.635702522857845674e-04
1.739028277754189325e-03
1.486056457699637444e-03
7.759333250494962432e-04
1.359119596594296313e-03
8.376404769031472672e-03
1.042045875039713035e-02
2.257495611911579120e-03
1.704505776939315006e-03
1.332676852142234249e-03
1.483932155918296593e-03
7.459325430487452266e-04
8.709973656348868245e-04
6.760849182043299254e-04
7.667068629192440093e-04
1.326546921297583207e-03
1.851885816976494214e-03
1.226508075579348621e-03
7.156282811549553825e-04
1.638283972183798669e-03
5.215112092428589134e-03
3.900151666010957894e-03
1.501402006276326235e-03
2.843391867028270160e-03
7.632938239018146123e-03
2.865675252465793750e-03
1.087135727071623101e-03
8.320500796801052644e-04
1.391206745794781050e-03
9.425728350421385456e-04
1.647908309118058419e-03
1.338545894615251466e-03
9.562007411695756234e-04
5.730571630285207765e-04
7.327122437977935318e-04
6.419438641308148263e-04
2.636827242746123449e-04
5.980271340352480685e-04
3.698551806383111335e-03
6.452449810272023814e-03
2.648943931094402925e-03
1.403779373620133060e-03
2.179077047933082167e-03
2.243224839525220001e-03
1.229379435186509287e-03
7.984716611866907177e-04
1.139792519828067893e-03
1.033600279930390903e-03
7.744821471702149820e-04
1.301858109498401370e-03
2.230496721093616456e-03
8.075695827558034175e-04
5.599882478636093903e-04
6.575646142333474746e-04
4.314293488149105959e-04
5.784609732310851734e-04
8.074212561751696257e-04
9.781140140326619482e-04
1.270551155930248503e-03
9.683549136132330731e-04
1.343117561230993328e-03
2.777269954251341752e-03
1.617786624277851816e-03
6.320627180812789757e-04
5.410703795205107705e-04
1.429309100715264605e-03
2.649491863690670978e-04
8.251719556458630934e-04
2.787720721581949182e-03
1.178020852940549245e-03
8.830076282768278047e-04
1.074525728148381437e-03
7.339183591975113235e-04
6.845508175395047593e-04
3.934438760538740772e-04
3.535436249438658621e-04
8.101351858601947694e-04
8.827532008755016807e-04
1.253270089187534433e-03
2.520170491691600158e-03
1.061882088272399043e-03
4.226204934911428229e-04
4.116441607250386566e-04
2.088075826789630683e-03
6.161370765794000476e-04
4.358765139960680754e-03
6.564449636459787629e-03
1.516381092266016247e-03
1.139075545767451441e-03
7.001293881220664594e-04
2.541939241121856968e-04
3.447851968069174018e-04
5.510822184818652426e-04
8.142115101644139836e-04
1.131613057474563366e-03
7.720895008351693440e-04
1.088299761665398107e-03
1.940929613012815514e-03
8.945174822524314031e-04
7.693897260195881873e-04
8.320199479001925058e-04
1.770146875117455283e-03
1.819186933773968935e-03
3.248790045741600102e-02
2.705666827714927822e-02
5.798818972259415193e-03
3.046488254143433702e-03
5.999203901594204937e-04
1.573433830335861053e-04
3.213486120324644769e-04
9.880677450680368061e-04
1.746109828079644164e-03
1.141802972072703285e-03
5.865669213693598845e-04
1.266615414640736691e-03
2.142084951155967185e-03
8.557696578340560391e-04
1.014934512893977611e-03
8.164144021655766722e-04
1.434353426726301403e-03
2.912516598489104172e-03
7.023256764664874419e-02
3.812226336881827105e-02
1.229488003846082936e-02
5.036677159323618355e-03
7.067559601765389639e-04
3.362445822658158322e-04
4.832862974364413424e-04
6.792865799014598336e-04
1.354291519512416681e-03
1.001132392249555383e-03
5.334535915596244496e-04
1.391159941236342875e-03
2.171000512431831096e-03
7.784730801082863361e-04
8.240836952994601283e-04
5.996049822936868213e-04
9.060478253430351205e-04
3.796057946472189935e-03
9.972807680634523941e-02
3.642021943604697304e-02
1.056208035535393525e-02
2.622367247059403765e-03
4.519409408047015721e-04
5.335243310783522978e-04
4.516319325430438974e-04
2.395308844580437018e-04
7.388545550669495948e-04
1.241370242311430573e-03
6.771126311255021247e-04
1.246627311110608347e-03
2.481321548069555759e-03
1.637934985753645555e-03
1.249534459041299825e-03
7.241259185065706573e-04
4.645673595300866773e-04
1.075592945224956463e-03
1.752186866859342315e-02
1.627639143743187314e-02
9.326368599997678088e-03
1.624263815467654479e-03
2.459637732657289307e-04
4.186236400354670828e-04
4.138394893354496490e-04
1.899928263553118620e-04
5.746256481889392038e-04
1.482026423827946917e-03
1.086736670995180247e-03
1.538443149501194642e-03
3.177298592542498849e-03
2.603022276118025554e-03
1.024622634088833729e-03
5.080886637677672771e-04
7.377579159290241582e-04
3.328320224192614623e-04
1.452931020541087031e-03
2.920682055319974262e-03
3.962850204463350297e-03
1.248085075463155813e-03
3.159901374255447821e-04
4.834096684197698572e-04
5.126094847191975303e-04
2.782093115258510874e-04
4.324701981676306456e-04
8.219132150156845812e-04
1.151745580595008294e-03
2.221390187399501469e-03
3.119311433216702574e-03
1.564829755240983254e-03
5.660879306786062871e-04
3.677343171905223689e-04
9.569414046976991786e-04
4.439589642543615724e-04
8.867023010299711957e-04
9.595669274144051674e-04
1.016014565603315899e-03
8.558956725488869877e-04
6.679263901772776414e-04
6.266178284289114020e-04
3.866877080870470920e-04
3.739768103377190574e-04
5.088975595956836103e-04
4.214608120686134918e-04
6.875798029727358401e-04
2.505506986132669239e-03
2.781222021612052720e-03
8.944249238887623694e-04
6.908106152130311615e-04
5.418214893132715978e-04
4.802618698075820274e-04
6.825824770637895595e-04
1.609377391441959302e-03
1.058952325374304263e-03
7.473899877498404662e-04
9.327581002278343900e-04
9.836620706384865444e-04
5.143689755315776838e-04
3.156849233826432917e-04
1.216897643804517280e-03
2.705528971236000058e-03
6.403626267816109937e-04
6.028126928352393627e-04
4.086839710971802361e-03
3.881907681740835638e-03
6.188275982835174166e-04
6.955155542169448634e-04
6.563969341735958552e-04
5.217408341628109033e-04
7.874382669235449042e-04
2.444796263947399909e-03
1.960285306093673824e-03
1.365601500485743485e-03
1.560902537474673788e-03
1.404642700422800055e-03
8.083573487851547284e-04
7.910410601178554952e-04
3.609180927788223879e-03
4.970185423110974436e-03
7.635254524989766893e-04
1.049727408332086108e-03
1.055340155269387029e-02
6.362647008491009899e-03
5.465251536931416175e-04
5.311408426313815948e-04
6.661022709298550616e-04
6.698611046275206255e-04
7.583907477782082318e-04
2.550471917896046398e-03
1.847635814954228265e-03
9.075406835645264628e-04
7.901567569371612540e-04
9.187997539918585149e-04
1.148684374655209927e-03
1.120166136853314402e-03
1.116336264697074480e-03
7.697366172325235869e-04
6.357923631996520355e-04
3.317010579926223373e-03
1.247732821130299874e-02
3.139857580352499802e-03
5.267655849348300669e-04
6.111767754643531629e-04
6.730210892016282812e-04
4.752427191498395198e-04
8.064088924936843117e-04
2.081742489553683323e-03
9.741612633687259971e-04
4.256305947481877402e-04
4.315570971441891790e-04
6.689897052328898147e-04
1.022570205294071445e-03
7.458981201899043002e-04
4.690835072860605648e-04
6.759156663514574335e-04
2.462692001388622556e-03
8.329687684913586465e-03
3.577322955879302761e-03
6.098001177099587194e-04
4.657440995404318104e-04
6.543990126109041358e-04
5.689050677865480510e-04
5.778054554230652824e-04
8.894101850751474653e-04
1.191735462568667154e-03
5.470857613481653909e-04
5.014149085735279850e-04
9.384309070246846067e-04
1.119222608315391344e-03
8.492018642632244126e-04
7.131410093918064868e-04
1.488394989954046127e-03
5.208756163171078361e-03
7.697556914450938079e-03
3.588326469258188486e-03
7.393734740767024657e-04
3.348276857229302590e-04
5.842254742476129257e-04
6.143570767338195479e-04
6.112046601144698792e-04
6.535451550849830007e-04
6.680178815926080763e-04
1.064281540768226677e-03
5.939202765963046225e-04
5.277382215101558477e-04
8.956724738475132282e-04
9.211801641366846715e-04
8.059167564861331214e-04
1.197412008777288270e-03
2.875623049776384298e-03
4.462353963290853834e-03
1.865570039044136836e-03
5.989920999851216501e-04
4.358783514505238516e-04
5.937758113223301189e-04
7.469494883049105109e-04
5.842025291762127518e-04
6.776541545713958038e-04
5.484441350256281933e-04
6.782532767218254393e-04
2.309521685894800301e-03
1.049192017840781593e-03
4.608933944649814922e-04
6.028210574420304283e-04
8.561079006430371945e-04
1.711485570468455029e-03
3.167207179736038127e-03
2.031872980448934385e-03
8.073868669126906114e-04
4.261925083024956226e-04
4.166212304344940717e-04
6.506729617034434773e-04
6.997336533179558497e-04
4.678920461146074384e-04
4.607375305594050207e-04
5.503147290947241459e-04
8.134210789405026164e-04
1.247748861688084947e-03
4.014146434055170833e-03
2.410929624528163583e-03
2.717012471796276512e-03
3.852637204793070425e-03
1.129384316101805308e-03
4.681573768439148756e-04
6.068956542896691928e-04
5.970057279496396481e-04
5.529240515655443628e-04
7.109268072549588049e-04
6.134612536884317393e-04
4.631218792183958827e-04
4.879179057722274424e-04
5.567742012561026094e-04
6.612779181439707278e-04
4.779425897411081875e-04
