6.572862660600667546e-04
8.652295940570306487e-03
1.238344192022116513e-02
3.252024268448978819e-03
8.622027065633863134e-04
5.562794250914475207e-04
7.077242270977524572e-04
9.388646983402056242e-04
1.068039149909226103e-03
7.681200998537054481e-04
4.790794101341598545e-04
4.421459905222084878e-04
4.356063998203851904e-04
5.968134434561310486e-04
8.866232446909477457e-04
7.298765364180889465e-04
6.605893281582716613e-04
3.830346769274970537e-04
5.104131305563118894e-04
1.455099549107770167e-03
2.361162478534727886e-03
2.503865119060593933e-03
2.398827648057983656e-03
1.168135421468324917e-03
4.988123856249783005e-04
6.262885776708424944e-04
1.144594480594590463e-03
6.215377173895646591e-04
4.300681800193537291e-04
1.115659190872755283e-03
1.408292627768344910e-03
1.107422022110019378e-03
1.146817842548405238e-03
5.786520809325712209e-04
5.295689342769167992e-04
9.711990460078329156e-04
7.130897923419533086e-04
1.487297049524395707e-03
1.482663461796596789e-03
8.590828825723797069e-04
1.238757878808947758e-03
1.208926992553434115e-03
5.852143264094747778e-04
7.309287702363747273e-04
1.625491137894727496e-03
1.090573956851777129e-03
7.836078654368316488e-04
1.603763672669740025e-03
1.036026986280534244e-03
4.968148185230427923e-04
8.842060607068223926e-04
9.947065805839985612e-04
9.229163944385296607e-04
1.020994106539938225e-03
4.947328358566864970e-04
1.655799507151145414e-03
1.939077788423842043e-03
6.852958809126910361e-04
1.017881995706192838e-03
1.566949959532404910e-03
1.174064661711474514e-03
1.158732593182676147e-03
1.144953365826813490e-03
7.122747295732636099e-04
6.893388364031265061e-04
1.526251494534320782e-03
1.484079802418161124e-03
8.799749625039892179e-04
1.251902077514869356e-03
1.253087086389975202e-03
9.700194790109715375e-04
1.151201802326125376e-03
3.422002775628842130e-04
2.389921536553471070e-03
4.783571419850451631e-03
1.528838320289091501e-03
1.324258256399068242e-03
1.199310882707272383e-03
1.484180154939072731e-03
2.122251878627474074e-03
9.071223572561255138e-04
4.642365707588610503e-04
7.064000706931646868e-04
1.605419306497718988e-03
2.462724485357570877e-03
2.163116025699771388e-03
1.897075418046973144e-03
1.088947233918419405e-03
5.907262926540734690e-04
8.957103808818506641e-04
8.179861162281845590e-04
7.441503318267097059e-03
1.198790361618251588e-02
3.747450507561880806e-03
2.632968178028846726e-03
1.189605816010839458e-03
1.606537064506855482e-03
4.305110922118155284e-03
1.775738051071997338e-03
8.752634985818891385e-04
1.132872912581487420e-03
1.100310185265383073e-03
1.352535372426007330e-03
2.073771204405561782e-03
2.221787064803561196e-03
1.296660652971934813e-03
7.174035570043359135e-04
8.118713560379628175e-04
1.097980941565802242e-03
4.842915083943001575e-03
6.112702332341251113e-03
3.984130512436893055e-03
6.993255829301671042e-03
3.099080738215862288e-03
1.882804171769049363e-03
2.916477953485333008e-03
1.532905213069455730e-03
1.167759616393259335e-03
1.098802479166030056e-03
4.950840482484630779e-04
6.216194999260092396e-04
1.915832119501489125e-03
2.464747823651655331e-03
1.335861418511058094e-03
1.131452402164585293e-03
1.125525133011073559e-03
6.195804325124415523e-04
1.018098424616530355e-03
2.775104921062721344e-03
3.603288682850720910e-03
6.605255076852342179e-03
2.880635360484857990e-03
1.104850184567220768e-03
7.858456260606038260e-04
5.711347785838447998e-04
1.095175988310247324e-03
1.117857374345188406e-03
3.492437611508536119e-04
4.060842284906496561e-04
1.589643223708771518e-03
2.387435714123497133e-03
1.162080427606457201e-03
1.047722006503443463e-03
8.569986112261481284e-04
8.006959106379192689e-04
6.271253860718505654e-04
4.041039104948943375e-03
5.749232893750362734e-03
4.219820412106085362e-03
1.294207854888546798e-03
8.735961122301600908e-04
8.522786222215889647e-04
7.063037940933427619e-04
1.857288867075837253e-03
2.401261615871723865e-03
7.499558121828843807e-04
4.357403825978530291e-04
7.635791425949483430e-04
1.266727207072006287e-03
8.571352086023112859e-04
7.380853517370366103e-04
5.954182393895187438e-04
1.514375792559747745e-03
5.917123811747682788e-04
2.910286887480224936e-03
4.153663777306455460e-03
4.160300819911537558e-03
1.302636213074033272e-03
1.479088786593886094e-03
2.778118022467918145e-03
1.240046684859297168e-03
1.201121588572951317e-03
2.175769741017527861e-03
1.823044299076572762e-03
8.264013265486916697e-04
5.382054082673670041e-04
7.431753235269441659e-04
6.705928841763350318e-04
7.284805304642898898e-04
1.220033997252228638e-03
1.844276640671562622e-03
8.030474678060307674e-04
4.387062162873670013e-03
3.803888254556874338e-03
4.366075732013675881e-03
1.250226056821733414e-03
1.310928162854776806e-03
4.050804591187402715e-03
1.261131338549666570e-03
4.492750783079544783e-04
9.081484344965274139e-04
1.661828541256333116e-03
9.082665019006212368e-04
5.918144867499288515e-04
1.130690260803424163e-03
1.043846318000792982e-03
7.037548679090774089e-04
1.129294365267790061e-03
1.067641296210397822e-03
1.052423370004796580e-03
4.072573212020656058e-02
1.907739214902919728e-02
6.486463288629479296e-03
1.377941746583300972e-03
1.030246268304150885e-03
3.032324801228140996e-03
1.653636332890081597e-03
8.368512921247158029e-04
1.408020886653529305e-03
1.769065532760972928e-03
8.181438760403354511e-04
6.231688944728474688e-04
1.741765485568393590e-03
1.985307760257984128e-03
7.223311739081319204e-04
4.101086369837038045e-04
5.655328976831063351e-04
6.383890779266124856e-04
8.879835668381741431e-02
4.134729328716001823e-02
1.022940719729607990e-02
4.334120942262607683e-03
2.269767308149618894e-03
2.100848225611937330e-03
1.521967831675832307e-03
1.785966319421185408e-03
2.783177979725156431e-03
2.633654323604691250e-03
1.150723908471648800e-03
5.216010971809587103e-04
8.277761825663657903e-04
1.448668400682808291e-03
1.181917034183790991e-03
7.240286425304763487e-04
6.871968094993204925e-04
7.799943808598757550e-04
3.883427195305286933e-02
2.225444061711068580e-02
1.180834635351843409e-02
9.564734189813465376e-03
2.819591281649171631e-03
8.285680360622649492e-04
4.905514540345154830e-04
6.348944122145121953e-04
9.450344814489875346e-04
1.151414447148884669e-03
6.646275605434190728e-04
2.983583831003533936e-04
3.749302642697937009e-04
5.953523727285162928e-04
8.633530995567848801e-04
1.305977475711266652e-03
5.682380549115680123e-04
9.843398048422966323e-04
1.254021379876928480e-02
9.458741542025949842e-03
7.245766996039373214e-03
4.207278960141106437e-03
9.727224160928332319e-04
3.918763993228461520e-04
2.777628836036868292e-04
2.264006728735665989e-04
3.062806974679795047e-04
4.391578806479034744e-04
2.609760892715919122e-04
3.138940173936936905e-04
1.171878399039587293e-03
9.487692455024826239e-04
3.958657381293002680e-04
5.196067443928297511e-04
3.977972024987935849e-04
6.045393986542233139e-04
3.233626422120461277e-03
2.557247176141348374e-03
2.275277544730613076e-03
1.769935628790037007e-03
9.832171107198382342e-04
1.079642554838390958e-03
9.805197046757129723e-04
5.375945758196023572e-04
6.273016196226670078e-04
6.864105415743718651e-04
2.724887957847779013e-04
5.256756925107189870e-04
3.891223505712949893e-03
2.481083750476831534e-03
4.925193455139146442e-04
3.302091025471654570e-04
4.729165611303245346e-04
8.904904354016274790e-04
2.788537803290567097e-03
1.592608972087084787e-03
1.404895660550473666e-03
1.967572439968853348e-03
2.279443948109506624e-03
2.730574298396073411e-03
2.538345186236354040e-03
2.146422375620190594e-03
2.105317533278066016e-03
1.093640979303948805e-03
4.133897362149064844e-04
6.516480451875856670e-04
1.761838901748807298e-03
1.198136916209909409e-03
6.507162596483287388e-04
4.076435794411247069e-04
3.156435017417989872e-04
2.036040781494990060e-03
6.033721864459726594e-03
3.533760162396290365e-03
2.043727866766508350e-03
1.559289318500305284e-03
1.432408160603119160e-03
1.225626965663475241e-03
1.560150470714620659e-03
3.848251916868042875e-03
2.677906039031073375e-03
5.421327644821786985e-04
4.946226298087668879e-04
1.309765738743772379e-03
8.973211492944232559e-04
3.915080351969130309e-04
4.717048628349256143e-04
3.647826606902844558e-04
6.162433788274746405e-04
3.686303356319636706e-03
6.283063480330875090e-03
5.501185686883907841e-03
2.721118786710356816e-03
1.053868621995944239e-03
1.024438721186083203e-03
1.098517246274193339e-03
1.414280692829419234e-03
3.331319433150772748e-03
1.244302022354806239e-03
1.844146747876681115e-04
4.375132486127949528e-04
2.120120859847337939e-03
9.622501138486371126e-04
3.504131040125695474e-04
3.961262622131706728e-04
3.765181959366337280e-04
4.166645769580183505e-03
5.547687321779189162e-03
4.706450036133173753e-03
4.860996938219746925e-03
2.544165841219049855e-03
1.169923266164208091e-03
2.034050405518413041e-03
2.638234575343125724e-03
1.368954574692884127e-03
9.530026348797856735e-04
4.162152416892547628e-04
2.287015872755594997e-04
7.095833480780370552e-04
1.432218500845187665e-03
6.470222025961171013e-04
4.410577932410229590e-04
4.257032494892284708e-04
5.049219614478069745e-04
2.935156883412722278e-03
4.399731789052626664e-03
9.202351434530750898e-03
7.549902704289696703e-03
1.887595236838743220e-03
8.955074976322820917e-04
2.038191248465615231e-03
2.329555409801367834e-03
6.348630017893478004e-04
2.746180327754602080e-04
3.933840248740431869e-04
1.301114091840708999e-03
2.805549046889474572e-03
1.166004158254096458e-03
4.451779456104305041e-04
4.684445765619011845e-04
3.229921819934693673e-04
3.997339682507028034e-04
3.648896396756289495e-04
1.745117134200515089e-03
1.119942956572692397e-02
6.714700646785783447e-03
8.583458633160581230e-04
3.409850916890808906e-04
6.664294177134489662e-04
8.606475348834017594e-04
4.819396612922615861e-04
4.966448950835939107e-04
1.228155085861743585e-03
2.907924721464076948e-03
2.193113457913301902e-03
5.973815004719537202e-04
3.482147837200144603e-04
3.759482490925711404e-04
1.702875847538585662e-04
1.984633266980378042e-04
1.718743976616350405e-04
4.639799379273550290e-04
1.514329267615398831e-03
1.240463243369228008e-03
4.675599734110212624e-04
2.549265992780672119e-04
3.018142972539590986e-04
4.506834737933323206e-04
7.873125587688790126e-04
2.138507162540207850e-03
2.835807914492833540e-03
8.784680195431600379e-04
2.159256406299627916e-04
1.410185953097887665e-04
2.385761152663218787e-04
2.747720808715627063e-04
1.189810911220990475e-04
1.488134857006422486e-04
5.667797552959313780e-04
6.821018892087375197e-04
1.032934861338718991e-03
1.539131113755242211e-03
1.844497998203331037e-03
1.114491951302978888e-03
7.783831585049883275e-04
8.878552268611373003e-04
1.097651177730528914e-03
1.720859976378645182e-03
1.192384799365740376e-03
1.902579685843887379e-04
4.924163197651988807e-05
6.572818277085932452e-05
1.307227948573976201e-04
1.077780021526904036e-04
5.715847463863941725e-05
9.541730496918568579e-05
2.292924807160445257e-03
5.945206959035781967e-03
1.195075378174700713e-02
7.555565968065796126e-03
2.113838681024965849e-03
6.818394668389283564e-04
8.942653786783586259e-04
1.204199319004432877e-03
2.734701175849241065e-04
6.021160163126097439e-05
4.379886798751899410e-05
3.603581071133156617e-05
2.859060183680641666e-05
2.513737796770117080e-05
1.445328961126025667e-05
6.371215689918197833e-06
5.505143700112207033e-06
1.631879833515124359e-05
