1.093838683294694018e-03
5.157629455502905740e-03
5.430936904782106278e-02
4.874119426711833077e-03
1.602346293288055886e-03
1.065013755760172614e-03
7.193175798201620688e-04
1.355183652770313319e-03
1.157956874612347956e-03
8.893390823991066934e-04
1.283448777994140649e-03
1.039067780107439656e-03
8.638870109577513395e-04
1.044551349603296516e-03
8.576945670136919579e-04
7.478041739904794927e-04
1.328234335039490260e-03
8.908353708125585878e-04
6.154137311139634085e-04
1.334771138254483821e-03
4.686614155399331828e-03
1.006147419841235983e-03
1.791183084146619805e-03
2.253699581271820674e-03
1.016898135136469743e-03
1.517308154171653073e-03
1.629682591296883771e-03
1.041160618113998963e-03
9.620432092699869641e-04
1.076283930670338031e-03
1.272211924551751869e-03
1.322887405485474645e-03
1.390563731650762587e-03
1.500621633870541935e-03
1.379156315325021174e-03
1.027050389493831773e-03
1.567688363697527848e-03
3.800056339840586234e-03
6.395503089276059067e-03
1.562901638358958362e-03
1.321571067553913102e-03
1.337187163769989855e-03
1.007126893078656065e-03
1.123469959261090903e-03
1.170962915976719821e-03
1.363749717210672183e-03
1.252070081222605340e-03
1.013757307188217684e-03
1.036976262382755930e-03
8.474561184533580286e-04
7.790010814692058163e-04
1.075691626199796807e-03
1.036575117144600960e-03
7.562611304066426668e-04
1.702358267131408092e-03
1.807441074821461869e-03
2.323036027442869269e-03
1.528665422199188603e-03
1.003034972051845353e-03
1.190608759766303374e-03
1.705124098294757235e-03
1.082437065748364331e-03
7.126534894734704853e-04
1.315195711296542188e-03
1.586055401797050986e-03
9.508541468628696307e-04
9.437267006699787261e-04
1.016733820392541794e-03
7.621532725406810014e-04
9.892093348960165258e-04
1.727294261218446708e-03
1.330311454820993404e-03
7.920524629591458579e-04
1.016836311139927970e-03
1.592931666586857664e-03
2.205289740933376753e-03
1.210316947123135254e-03
1.392130673281411412e-03
2.317821951411243482e-03
1.295431320619391813e-03
7.716623436662625474e-04
1.081599262575191553e-03
1.224558380992062274e-03
9.661032791787375852e-04
1.443294691193138446e-03
1.984147683642121119e-03
9.169342640016717606e-04
6.884966930516216556e-04
1.397663845962512441e-03
9.346970605217737489e-04
7.347951191690760839e-04
1.375772708644337370e-03
1.762696470344075981e-03
2.646652788633899276e-03
1.265176393004422426e-03
1.206909175990844010e-03
1.729119919565340639e-03
1.133387424464235484e-03
8.564180229888128512e-04
9.005703558611841131e-04
8.545567107174622265e-04
8.935148911427765253e-04
1.727779068524730845e-03
2.410569559508210589e-03
9.536758803574667959e-04
5.783164715454604992e-04
9.554800032620798219e-04
6.596044647886925008e-04
1.321717936140985941e-03
1.435046667653895212e-03
1.194059432321105917e-03
1.904462151796289943e-03
1.270693871283105599e-03
1.101392568335464494e-03
1.139384102032453029e-03
6.968898200272211638e-04
6.031289873374062532e-04
8.008002394459655003e-04
8.442301272515326206e-04
7.364104565877799052e-04
1.129643608185422216e-03
1.745181538233516296e-03
1.161074962377779034e-03
8.718384815078927992e-04
9.010692811259136742e-04
7.838249536535401652e-04
1.410874459371752121e-03
1.065415403566715314e-03
8.986714468402051117e-04
1.304754989017948901e-03
1.133385139004442930e-03
1.028255693214712033e-03
8.830395435080812738e-04
5.048057178876049281e-04
4.339540201480094131e-04
6.853627065855765225e-04
7.919380966507809719e-04
6.274859768394218515e-04
8.617253693827167226e-04
1.280020072017433669e-03
1.267942234306967475e-03
1.311235144890762370e-03
9.750867024587160951e-04
1.208989061282109102e-03
9.588440582137424577e-04
1.053728428969474395e-03
1.010235853508114181e-03
1.182303018034612865e-03
9.876352030990919600e-04
9.670649406821219419e-04
1.013558798025585191e-03
7.529449678973125027e-04
5.991473261656271284e-04
6.937271234463410338e-04
6.550926989894957555e-04
6.141933105026466718e-04
9.968782688068718138e-04
1.113806095133911770e-03
1.103939418791275275e-03
1.475499318168738442e-03
1.051967545092785585e-03
1.911582788275038554e-03
1.148621920407747257e-03
1.096754294816748403e-03
9.976008138622522933e-04
1.392791323567135102e-03
1.191409332136921092e-03
9.105905257218752883e-04
9.604654315112415340e-04
8.860952698946120230e-04
6.879453379599833772e-04
7.094096700966305655e-04
6.799158128918761108e-04
7.241916120929713660e-04
1.311046461304740673e-03
1.429190786462475977e-03
1.356134471574186977e-03
1.548011030268955056e-03
8.931606707812900442e-04
1.749745598852912604e-03
1.389093176457564154e-03
5.912736246633837518e-04
1.310205438278197855e-03
1.675338430285373261e-03
1.347093362825024961e-03
9.802237778675057696e-04
6.339600528444842495e-04
4.572478133577666986e-04
4.289154752529132858e-04
5.590833589306485902e-04
5.681675800504031731e-04
5.330659223095492562e-04
1.006844591104602126e-03
1.484044986555398907e-03
1.391277432413709015e-03
1.509281712898103301e-03
1.023634641776789743e-03
1.488754077537001244e-03
1.343477830912482305e-03
1.171080075860850278e-03
2.380324515600220139e-02
4.325681133093351068e-03
1.045126000031398232e-03
1.269370432847024849e-03
5.582931406137383885e-04
3.165701565478558008e-04
4.295781431356940111e-04
5.048269586309490301e-04
4.138593193667463557e-04
3.743248817420887289e-04
7.215006664392350968e-04
1.257880225358431851e-03
1.093627511460816201e-03
1.395790557016388361e-03
1.490734669490962304e-03
1.382543796407490703e-03
1.087053959012586508e-03
4.022726313474102484e-03
3.016507808084435971e-01
7.050619515986835013e-03
6.558513119640733274e-04
1.583682197166289907e-03
6.937516764335574342e-04
4.011327422079690830e-04
5.624944551928506148e-04
4.220898356915141485e-04
4.366764262264881229e-04
6.045223661383353859e-04
8.571194457290412863e-04
1.286105706112743207e-03
1.132707912348387101e-03
1.142516455532697388e-03
1.254914269197500432e-03
1.299750613466442700e-03
7.623437832664201096e-04
1.998235954459607385e-03
5.759791816762477312e-02
2.656439020957568602e-03
6.020156756237824130e-04
1.592117765975824750e-03
7.030099869291920071e-04
4.463024265635090536e-04
4.898999910225336962e-04
3.214524624878607371e-04
5.872322642608267945e-04
1.042326254211411356e-03
8.267987191917432763e-04
1.056811542447765907e-03
1.166996968942260200e-03
8.602802528786016815e-04
8.740406445954474130e-04
1.446934543857181926e-03
9.457737466449200577e-04
8.805838339472600931e-04
4.499196996284130293e-03
1.487403373278272213e-03
9.346253649297207909e-04
1.266240321578250214e-03
6.038582410329345826e-04
4.680559577936356801e-04
5.284504364188929645e-04
4.491688860832901355e-04
7.280882910438576331e-04
8.724105358768665395e-04
6.382347571253361692e-04
9.379926215297693971e-04
1.168628816854820011e-03
8.997447525405565189e-04
1.020609119721570127e-03
1.314281093689238268e-03
1.140062132163838747e-03
8.089842150709096544e-04
1.473021658983227717e-03
1.631728060669422652e-03
1.322907763862958682e-03
1.078224024357526869e-03
6.874464081039317019e-04
5.659083466691142627e-04
6.293122187805269335e-04
6.564594784442597669e-04
6.573040883295651728e-04
5.324312029727061189e-04
5.970953079043801216e-04
1.070735908821867765e-03
1.190661995878235539e-03
1.082001623924715031e-03
1.325230600025102895e-03
1.008609024421363090e-03
9.469543588017517244e-04
7.744436762946501490e-04
1.265707852573487967e-03
2.220728275432062512e-03
1.560743426029768607e-03
9.289299131720489327e-04
7.185402180909421579e-04
5.569463870553325582e-04
4.768835383655379624e-04
5.180574825876506579e-04
5.845419746534708319e-04
5.640250205025118058e-04
6.916860442606137874e-04
9.719494471752197599e-04
9.843080183315122342e-04
1.024610167915070754e-03
1.212724425983764632e-03
9.256830978028459615e-04
1.119928062543901984e-03
8.664573630646304992e-04
1.652156575646743708e-03
2.573797222823636776e-03
1.320908275237888231e-03
6.965735764846821753e-04
6.058223285989881900e-04
5.110060015645702435e-04
4.247720415910802077e-04
4.387408653272590838e-04
6.103983357264364034e-04
8.324274318562706375e-04
8.728261115890882790e-04
8.525316991792769887e-04
9.279680640003123634e-04
1.028248253879579521e-03
1.051488742837198382e-03
9.401640876613054669e-04
1.049082327439808133e-03
8.477109493426793381e-04
1.463906125148842089e-03
1.631051292479845146e-03
1.088354488791500258e-03
9.540536628760351578e-04
7.927032633249276889e-04
6.033645525806251428e-04
6.550465651575961262e-04
6.777013452563699974e-04
7.034335310349275642e-04
9.017838216261292970e-04
8.893298136401121086e-04
7.936440891315601305e-04
9.246419392344178059e-04
9.865939085536565897e-04
9.538366583083158524e-04
9.563303074114208905e-04
8.668895581158182371e-04
1.591754807623261365e-03
1.778342794565230698e-03
1.202027109557462755e-03
1.162401264723996169e-03
1.534390197462866213e-03
1.165763233316218124e-03
8.280560947730455056e-04
9.776121931301315609e-04
9.727407696485608534e-04
8.123513253263103806e-04
8.319683282828836115e-04
8.175182133800056559e-04
8.559240664195089847e-04
9.545947454698971990e-04
8.900465534722344293e-04
9.124776816696644798e-04
9.930485248786540594e-04
1.102753591755048545e-03
2.982071611065925925e-03
2.053532621699897132e-03
1.202147028005239385e-03
1.079873592515805374e-03
1.079406374002110300e-03
9.679214504867342380e-04
9.299084963451188833e-04
8.872610046151137124e-04
8.561009511100370209e-04
9.735843301268762425e-04
9.021124093027434437e-04
7.914745678643844403e-04
9.953586474373582894e-04
1.085927320053550055e-03
9.595073037810830392e-04
1.020668909605283855e-03
1.001673413701163187e-03
1.055943317568769618e-03
1.470139840223053107e-03
1.117300922764761411e-03
1.213795600500283114e-03
1.138546943292310628e-03
8.242203981519872569e-04
8.069208209210596786e-04
9.223172891139867378e-04
8.064013895271775418e-04
8.684290921001122480e-04
1.306191699024283068e-03
1.170502442101546258e-03
8.709866722507403434e-04
9.506564705028801732e-04
9.500193197650102324e-04
9.278401877444473556e-04
1.003144568219102063e-03
9.537614758196847784e-04
8.189060622676092504e-04
8.787960084108991949e-04
9.528718516129476871e-04
9.896524433894969292e-04
1.001909225874635448e-03
1.036495040936333224e-03
1.013446886542098075e-03
9.738742204109153292e-04
9.467794013040094691e-04
9.666760990879127600e-04
1.204654071298481540e-03
1.287043844966550806e-03
1.087199581978122009e-03
9.614234264605928462e-04
9.296716645596175919e-04
1.001907434013843108e-03
9.663916687785280377e-04
9.810332465512029265e-04
1.199016355753359728e-03
1.848777783262029470e-03
3.057355807686290994e-03
1.356395784558162400e-03
7.382206175319366544e-04
1.009974912096933859e-03
1.056927353338222002e-03
8.695631312624282905e-04
9.681381809238153238e-04
9.369634854383856364e-04
9.425506131084890066e-04
1.109629160316101537e-03
1.024842820430146113e-03
9.322776813831971715e-04
1.007871436433902283e-03
1.022000698174948749e-03
9.271317518184040655e-04
9.828428680821925476e-04
9.536252585577106606e-04
3.651686993200345226e-03
3.415479909530399344e-02
1.797879266461226838e-02
2.163680686828070403e-03
9.579990144103189267e-04
9.719299320156242483e-04
1.014051623715085844e-03
1.047912450032899203e-03
9.588120129291866599e-04
9.714486376781046291e-04
9.835375951291987825e-04
9.232136307706936915e-04
1.015313787132825392e-03
1.029905799485189869e-03
9.290174023917180087e-04
1.038396496957831681e-03
9.777499900905093407e-04
