1.133565220989040225e-03
1.196067710476443396e-03
1.314766010930464024e-02
6.701458503395979829e-03
1.488927558259740651e-03
2.006687144403774582e-03
2.145159457716150353e-03
8.388561916819419319e-04
8.060487687466907263e-04
1.616467154697611396e-03
1.685731167070064372e-03
1.389985315393062193e-03
1.162737264946550435e-03
1.116093663287010028e-03
1.535729285146526183e-03
1.068197929303615077e-03
7.719079491257346652e-04
1.371173661546020708e-03
9.681214714425468489e-04
3.245605735902832092e-03
1.555945655668164972e-02
6.836933178474343710e-03
2.792934897800724778e-03
2.206632420666188119e-03
1.521850991562676524e-03
8.967618023083724502e-04
9.103770214178946675e-04
1.433134417065343169e-03
1.195502876884340293e-03
9.345485377432788312e-04
1.208477638745281612e-03
1.272397360105186753e-03
1.200715282542603448e-03
1.034924772349842502e-03
9.404758418835376796e-04
1.280742260579150566e-03
8.362800308641789521e-04
7.121787378215089104e-04
1.685382975580649494e-03
9.471591365810327684e-04
8.491153609812837144e-04
1.321899931973102935e-03
1.995692410264079952e-03
1.491269037511378697e-03
8.884379140201027194e-04
1.493614231263654807e-03
1.779814816424488784e-03
9.202509314616140641e-04
7.800312601430447329e-04
7.761175867950793200e-04
9.354613174594438854e-04
1.549618320711247058e-03
1.246368027855849006e-03
1.172197526558091656e-03
9.072311675681225601e-04
9.064054480906044362e-04
3.765641788109569052e-03
2.546448027812469542e-03
1.678201724872749757e-03
2.070922307163620708e-03
2.738607749103240049e-03
1.695118733612444029e-03
9.630614490574340063e-04
1.798124783619919724e-03
2.302085697095374636e-03
1.257558199570359570e-03
9.457993802322805458e-04
5.995044025747792290e-04
6.546159534552843358e-04
1.641673231683716009e-03
1.227210862786586162e-03
1.398614522358503521e-03
7.714802476541905100e-04
1.568319430504382236e-03
5.797857150380466770e-03
2.904399539518520354e-03
1.264617143574166443e-03
1.519688792265785036e-03
2.567151430230621683e-03
2.459204399928592837e-03
1.909630141696129707e-03
1.944831321355174189e-03
1.646657813422238575e-03
2.709581930234965848e-03
6.124668910536933825e-03
2.429484072487826923e-03
7.838208727444595601e-04
1.027099071857950647e-03
9.374744588601940801e-04
1.720254833566628319e-03
9.162388855711594724e-04
1.057918221237314849e-03
2.708185648097802094e-03
3.054044675150948719e-03
1.432483356601647103e-03
1.301068487678683086e-03
3.043142515088657039e-03
4.597249065730306915e-03
3.388398668445547976e-03
1.783160876662902425e-03
1.011601433044717049e-03
2.556265404459788417e-03
1.249428193186450861e-02
8.140956811033986038e-03
1.682279963587125738e-03
9.006965189828023549e-04
8.717902867087092911e-04
1.537386817041321713e-03
1.334411915445475692e-03
8.746219759620480622e-04
2.674492167440113526e-03
1.070384525043438506e-02
4.548139316469499566e-03
1.670900708653906292e-03
2.712541218325976392e-03
3.187640396021364838e-03
2.336419056503986121e-03
2.242370020291844200e-03
1.625421606408460713e-03
1.614947068101537254e-03
3.717285005463238663e-03
5.305670196528273867e-03
2.323589278321585433e-03
9.300932756952106934e-04
1.058365777836751519e-03
1.574405526439577770e-03
1.160894226210053715e-03
9.954024841711446320e-04
1.865130127427417576e-03
4.920031254316391787e-03
2.926447744581498443e-03
1.973880319402129650e-03
2.776827873962060215e-03
1.432408333832724300e-03
1.003663779256469589e-03
2.703697702878808673e-03
3.064027076282179341e-03
1.123890352717154314e-03
1.010345161036768288e-03
2.504914746128317129e-03
2.400196886429772306e-03
7.955210751690001362e-04
9.295068739776521588e-04
1.368874611354576080e-03
1.035329679077831924e-03
1.285770986054588340e-03
1.559018817933087702e-03
1.362818348343096571e-03
1.497316519584652918e-03
2.735122920181339099e-03
3.553659431710219901e-03
1.294787946297644345e-03
8.830240564034582329e-04
3.475496826846864642e-03
6.153945141720299633e-03
1.811776900249687699e-03
9.486306102881691786e-04
3.362806690657334577e-03
6.040058414126821436e-03
1.319907366282308458e-03
8.155561522782664354e-04
8.961643906720619416e-04
1.249087631057857299e-03
1.066196788425568479e-03
1.875189534808979416e-03
1.383107129847370659e-03
1.982379988023192600e-03
2.209628186198549574e-03
1.809610489058035079e-03
1.327227754558994548e-03
8.771261875460136491e-04
1.983917619763591982e-03
6.629513008674172564e-03
3.587184031532340313e-03
1.073944442680099896e-03
2.783616445150097381e-03
6.702868712474739643e-03
1.470406025732620085e-03
1.017135208844351059e-03
1.448805568436616412e-03
1.561603178506525916e-03
7.803657841064590020e-04
1.631190893325171459e-03
1.128873900162445090e-03
2.525577645040460052e-03
2.513867188319704373e-03
1.289154333763562399e-03
1.259116061077342197e-03
6.606962994018993280e-04
6.265403407261274085e-04
2.109239717546098226e-03
1.792405062394855945e-03
3.937897578622990874e-04
5.774649327620144093e-04
1.508140625302734116e-03
6.584139544333195409e-04
1.012299245153351970e-03
1.952456952219840287e-03
1.190070877898715199e-03
1.462727857273211658e-03
6.034580802131764982e-03
2.490303704081900122e-03
5.856031454481826562e-03
1.161434150051839261e-02
2.567498813033859077e-03
9.073991024019403655e-04
1.008213959958533445e-03
1.533143005403042863e-03
2.101532644124979622e-03
1.491854663093951415e-03
5.495844798183647162e-04
5.686286883868904097e-04
1.243638096475515112e-03
9.877827605922421660e-04
1.038612287819790092e-03
6.392715747274044062e-04
6.377819170816145583e-04
2.283868720250566749e-03
3.700912988214775240e-02
9.655089206372322388e-03
7.961570416739106176e-03
2.453554281413296984e-02
3.714115521786443084e-03
5.249592210634489858e-04
1.819186009302301531e-03
5.550563482723899593e-03
2.250906462891348516e-03
2.120698560258156128e-03
3.525003158528666834e-03
2.744715845181323801e-03
3.053510798727500971e-03
3.291964624973060805e-03
1.943360309000871644e-03
5.471117480642733680e-04
9.325124902804491928e-04
1.262673775075573565e-03
2.389414023327942824e-02
6.067203501788980338e-03
2.287384285988705319e-03
9.310722606962659395e-03
2.706857064963192824e-03
3.419919765464703013e-04
9.748232540547940080e-04
2.107906319604670089e-03
6.261239185284915706e-04
1.031279950716398799e-03
3.064795415217320528e-03
1.953974202928156732e-03
1.974188648323560186e-03
2.728577821320194406e-03
2.016198978369984716e-03
1.116616358038255256e-03
1.537815772769004054e-03
5.485016539343967167e-04
3.789140840154075519e-03
2.503693506523283797e-03
1.976842496348817438e-03
5.228324270649759020e-03
1.457727035421779683e-03
2.545582621960635781e-04
4.858194516489215144e-04
1.261321109461746234e-03
1.600588768155693578e-03
2.627520090521959662e-03
1.499658061653052089e-03
7.721763828933091416e-04
1.581309823457586116e-03
1.403179939877521572e-03
8.969215418213682218e-04
8.100350654117265646e-04
1.043986310110389627e-03
5.278084734208432710e-04
1.351657209948991167e-03
3.043521868505394759e-03
7.338411829089299364e-03
5.453078750058426918e-03
7.880352921270597109e-04
3.575334182492141731e-04
7.838955136438017016e-04
2.066512678642633792e-03
8.757602239120875626e-03
1.316136999260024594e-02
1.690645656977907791e-03
8.684728297410429249e-04
2.879401352602229281e-03
1.209994041598069434e-03
6.528567522133421229e-04
6.781236332083248435e-04
9.762620066165171064e-04
1.055169338972239282e-03
9.385822575234832035e-04
2.237614281110001345e-03
5.505468405076109281e-03
2.013091827826678573e-03
4.782232858726569321e-04
6.729714911180393212e-04
1.234987035499870295e-03
1.231495587600330358e-03
3.001489815952622289e-03
4.214160715704807700e-03
8.390772338543586511e-04
7.269623731831825406e-04
2.340869573436249636e-03
9.551524630545033976e-04
7.430982209512751588e-04
7.871747721444428622e-04
9.435146642454001181e-04
1.198585128505915602e-03
6.203963236060880534e-04
1.186614048735368286e-03
1.900382627301171884e-03
1.095732136743243117e-03
9.844262518098972035e-04
1.711354576948000659e-03
2.236623140178739359e-03
2.108030647131684497e-03
2.021284284330647930e-03
1.582008670174382767e-03
9.486280520770568308e-04
1.221390652272389462e-03
1.871309902459005131e-03
8.671978953617554388e-04
8.248727881798756812e-04
7.608949346367283864e-04
7.518296930051469483e-04
1.292662794466457443e-03
9.374177755789104075e-04
2.385280907318368480e-03
2.409619666498239842e-03
1.644110647214536798e-03
3.060928319238629108e-03
3.797615171046922998e-03
3.851608266424918440e-03
6.273910758333548464e-03
3.675925753290100895e-03
1.767347898321941632e-03
3.058002216310174402e-03
4.574286954069950104e-03
2.373090195719503113e-03
9.323244890649995441e-04
8.398204347529433008e-04
8.341696853165000026e-04
1.157005648391563977e-03
2.440036984965693236e-03
1.500437096278872760e-03
3.043331916125472606e-03
1.753922287228376490e-03
7.033108591732625510e-04
1.762055733936937268e-03
3.129937090838793255e-03
1.886672426455349811e-03
1.790640170332190436e-03
1.061491455365648961e-03
8.109373007308895908e-04
3.201976738625773866e-03
5.338598991224502606e-03
1.732453360776574098e-03
7.904932481090418519e-04
7.788628067896675826e-04
8.464849846968832726e-04
1.400390749979706431e-03
2.245966919383958569e-03
1.037259677297783624e-03
1.412106411732399472e-03
1.121426714674205252e-03
5.424673590984587955e-04
1.625432657144672667e-03
4.389489882805634909e-03
1.309664957668561303e-03
5.475545768397414555e-04
5.871299631972361991e-04
6.861738594996885350e-04
1.616936123749927864e-03
1.884995273810581616e-03
8.342110580812213232e-04
7.234247536744986421e-04
8.199901236100535498e-04
8.084174320376843505e-04
9.023694375141014246e-04
1.130762890526365756e-03
1.259062367206093686e-03
1.452180070630712180e-03
1.841637961437912058e-03
1.437765821662106763e-03
2.091205882676309708e-03
3.340379837956022370e-03
1.090718840616922277e-03
6.441353705451227955e-04
1.242432811465014669e-03
1.135695839672073342e-03
9.060411191779921356e-04
7.599860332311335950e-04
6.162627822593941046e-04
8.649244654171702861e-04
8.830128124124971608e-04
8.538733975135429175e-04
8.680166862794452647e-04
7.777618765924043187e-04
2.134336500678572952e-03
1.639993286595089637e-03
1.298116023779626038e-03
8.753159342294269908e-04
5.615993991508010357e-04
8.505595586798080088e-04
9.322908608008067264e-04
8.208607756034406013e-04
1.017196994638269476e-03
8.657208063113363281e-04
7.622647452803336682e-04
7.957083472274899304e-04
8.332697796038291728e-04
9.891957402999277012e-04
7.656335488859341469e-04
8.069213126888364609e-04
9.206145431963836442e-04
1.107476167076677830e-03
4.444300254458186279e-03
2.704582074603164438e-03
1.237833956236584088e-03
8.525767055936687424e-04
8.051441802484436000e-04
2.464639880149570653e-03
5.355283330643926046e-03
2.420228691085769303e-03
9.618095926294730489e-04
7.546202301984998107e-04
8.391091467743023394e-04
8.620148776713507750e-04
7.927417030289381434e-04
7.755632048815251037e-04
7.275278985789569589e-04
8.743924695621180156e-04
6.915594904083777628e-04
4.165782196015371287e-03
2.245525247895019394e-02
1.170376137886344932e-02
2.528533493572499187e-03
9.670006235486123527e-04
6.541837675642577258e-04
8.034352121108210079e-04
9.121492141329991038e-04
6.610547321815356736e-04
7.171679456754359626e-04
8.701316202636957733e-04
7.707132216324817002e-04
7.778996734639586188e-04
8.229321597183780236e-04
7.676650978985463149e-04
8.574224934035428944e-04
8.253566124482338007e-04
