3.839611169008936881e-04
1.035027317727661451e-03
1.403959162646311329e-03
2.659448132801848531e-03
1.142431212303825520e-03
3.784402126846796708e-04
6.961290115613130800e-04
7.340182967969480395e-04
3.338907601062941939e-04
4.226851955558098904e-04
5.938037824342101484e-04
6.427251067451939795e-04
7.309339315071592931e-04
5.993362019313247524e-04
5.442128490344747514e-04
8.872163492001100419e-04
2.789166708229232246e-03
1.412392772922768918e-03
2.150879487151235059e-04
5.312105185106780290e-04
1.167295269855059140e-03
1.890934017792865419e-03
1.330826100392186549e-03
7.501907040579299836e-04
1.140083230597950959e-03
8.459348458874937395e-04
3.107165636040119285e-04
5.432260755505747543e-04
1.384625138032486054e-03
1.346293851059365268e-03
9.102165963444748195e-04
5.801435516518272783e-04
4.716785791207753209e-04
6.205280936030338175e-04
1.344566321112685000e-03
6.364314852125704455e-04
1.043507642058090013e-03
6.008489849394386744e-04
1.164711182785687759e-03
9.689449715075455381e-04
8.512229919829113981e-04
7.492841079779361804e-04
1.120718977922007626e-03
1.327266038979883029e-03
5.155125972011239278e-04
3.991219481853036590e-04
7.660943944621027802e-04
9.302196689834238115e-04
6.195229173775791296e-04
3.957238187700761042e-04
4.230182344005663881e-04
5.453870340409539084e-04
6.363635202094667905e-04
5.005760472479766623e-04
1.167611623026671092e-03
2.988160904553189960e-04
1.362798319189157444e-03
1.615967427526489092e-03
1.924989026812598146e-03
1.495916616464011695e-03
1.233228589523779027e-03
1.925657322406452120e-03
1.559112729356774280e-03
1.318499782130026429e-03
1.543171193652741278e-03
8.795461364381265690e-04
3.970749166988565533e-04
3.344385964522842087e-04
6.291861815449126781e-04
9.797751112707849073e-04
6.849916808759200183e-04
1.113643869781739352e-03
8.774976248191016003e-04
2.806670040442754547e-04
1.514850855525006184e-03
2.259327943247865008e-03
3.908988471715110075e-03
2.875584052217145577e-03
1.244768302981693600e-03
1.023304195109962745e-03
8.858614865191023974e-04
1.698033349055660512e-03
2.512868778063350426e-03
7.693631675491091485e-04
3.964547473355191213e-04
5.896741820101891393e-04
9.987134112820481632e-04
1.101248445135530633e-03
4.288610006313784665e-04
7.311384636416597789e-04
8.275318543987157877e-04
6.352109742699065973e-04
1.194613272382880976e-03
1.710925013075919113e-03
5.811366456541857371e-03
5.510360646277316990e-03
2.788188896604763562e-03
2.127720904379511429e-03
1.123086534457732330e-03
1.952861302834549284e-03
2.789944640315954703e-03
5.881590735594484538e-04
3.980656541829123945e-04
6.945761238235920306e-04
5.826454257690058969e-04
6.095672095472641841e-04
3.515579268450355166e-04
5.267074096040396617e-04
2.523690381342852352e-04
6.040398970140511536e-04
5.840394683421567873e-04
1.131106352734906600e-03
4.507104949429050628e-03
1.932544255148463353e-03
8.666111462192847142e-04
1.774863550674740838e-03
1.828989185275812970e-03
3.658570324267090487e-03
5.465939964475185001e-03
9.480628740334460462e-04
5.825460403139006305e-04
7.805341072932734867e-04
3.496810164770989974e-04
4.610151921595746598e-04
5.849930718307231334e-04
8.092474273170714022e-04
1.598795614288495690e-04
5.708846282520764655e-04
6.994562905669533034e-04
1.485947832273391096e-03
2.462831023984961114e-03
4.203076159795182871e-04
1.734239991809539549e-04
5.711993426730752358e-04
1.065936354099792207e-03
3.835932495129107216e-03
9.061551240514303940e-03
1.813292567116910059e-03
1.114562449322908672e-03
1.379117068006192274e-03
4.666465180240867111e-04
4.446016102821787768e-04
3.812332220810336035e-04
3.607122894064336712e-04
4.040198263802353279e-04
7.648321863152057884e-04
2.437018033884815089e-03
3.813486977169478192e-03
1.491734595347752853e-03
2.973222203298875104e-04
3.242398492000019136e-04
6.653534097483576777e-04
4.512052703747518713e-04
1.311662069057161579e-03
4.502087112987643649e-03
1.898308360518829226e-03
1.891542851342353998e-03
2.077879925203050381e-03
7.045492296572274321e-04
5.651112404433696187e-04
2.361300637972926482e-04
2.350123064968415165e-04
6.110722031692902498e-04
5.334102229047103187e-04
5.585699655892581959e-03
8.063080993955711387e-03
1.202224162687577820e-03
2.506715735020677207e-04
4.533666765050008585e-04
5.877542690718562781e-04
1.755601482310585918e-04
3.601706171391017464e-04
1.751504808944182338e-03
2.505883008917724180e-03
4.099433953473693645e-03
2.175982687795489316e-03
8.107125527181964064e-04
1.184012799267381141e-03
4.655684545950030512e-04
7.361221513783593618e-04
6.464619662300798630e-04
5.326611409890452285e-04
8.094793331166312556e-03
1.088170079855309454e-02
2.328284375893232682e-03
3.943737691352721276e-04
3.307991945872589055e-04
4.336266367652320125e-04
1.987380004924945342e-04
3.269388387996265241e-04
1.236143934951846940e-03
2.740231431145537765e-03
3.616628360430220162e-03
8.194877261841809670e-04
4.117585541755949775e-04
1.380486206274676156e-03
7.130912930767364976e-04
9.993820417483266320e-04
6.791318079535568417e-04
1.703027022362829223e-03
2.738363982106886349e-02
2.286392400392533650e-02
8.397044351902317391e-03
1.331766034856618529e-03
3.972248994011644968e-04
5.000168052175030719e-04
4.066633092838093169e-04
5.540699136035280321e-04
1.484035395543011407e-03
3.032881696221966655e-03
2.743812962043351220e-03
5.151819995403930262e-04
3.337429640780579902e-04
1.332627158370998464e-03
1.043872602259592833e-03
1.009667326251608094e-03
4.653981955070228484e-04
5.123789874159065567e-03
1.406182113540298262e-01
8.614827433155360092e-02
2.281544385794403995e-02
3.326279703186288406e-03
5.415496855186302527e-04
3.863096137120768624e-04
3.629245376608421008e-04
6.540060117753742405e-04
2.494849317100247474e-03
7.125129750942111456e-03
7.250966596975284492e-03
1.878332889011147169e-03
1.093952835939813279e-03
2.208633164778184364e-03
2.035131917372001199e-03
1.810633017337904627e-03
4.170051001960419163e-04
4.784178680619164369e-03
8.636322088200269753e-02
6.184744304258188441e-02
1.356344851436816490e-02
3.153236358208045924e-03
7.375074960448986094e-04
3.239373707878277948e-04
2.298155673890204728e-04
3.130234644834196641e-04
8.904739471831500794e-04
3.114974771006738443e-03
4.269602280773439167e-03
1.482438737076473625e-03
9.415156902139605035e-04
1.395925519486000774e-03
1.169918089121393468e-03
9.535428475476953689e-04
5.566725856021760436e-04
1.706469903380572343e-03
6.197960956673492783e-03
9.711601279547352542e-03
3.817390944312304933e-03
1.389998550409057019e-03
6.983583233120393020e-04
3.873973841004825849e-04
1.936805861639464036e-04
1.102721961913784955e-04
1.882354992235977934e-04
1.016682468001060737e-03
1.846894874986019586e-03
5.344721713787663501e-04
3.638472712311543859e-04
7.530299431757263252e-04
6.707665956649948085e-04
4.540416834607117710e-04
5.029716007559240174e-04
6.562218425025987366e-04
9.729657459984570244e-04
5.385285428367497795e-03
3.568575162353767628e-03
6.659731063321780225e-04
3.570735179329564664e-04
3.740820028179286439e-04
2.204203831902410468e-04
1.293827526371538151e-04
3.859302851609551651e-04
2.982246452316648574e-03
3.777712538691768186e-03
7.732573614019736278e-04
4.799472102874705872e-04
9.815159490524241834e-04
8.988567231637176712e-04
6.612299239177875940e-04
3.934155164893476421e-04
5.494819255778570811e-04
7.541324804012997096e-04
5.554164070269618572e-03
3.381801960691679671e-03
3.636369118517294584e-04
1.869267665898779400e-04
3.360633260065977457e-04
3.328198018276787296e-04
3.861305567410426359e-04
1.671971672462478024e-03
3.899702030622673350e-03
1.233907493875554184e-03
3.786580521156377387e-04
4.774275282279834840e-04
7.108047392585845710e-04
5.243115826284856741e-04
5.875339502270429930e-04
4.453098426902364539e-04
6.277758912053226599e-04
7.273406644019739069e-04
1.907712640648889834e-03
1.017764211152317848e-03
2.646610273602644642e-04
2.187351250069336634e-04
4.607046262317887413e-04
7.481510436972259185e-04
1.408562520367236852e-03
4.548139357490305242e-03
2.770749352726011028e-03
3.612921942275020113e-04
2.354410388580703507e-04
5.575815795352045750e-04
4.855056135851812068e-04
2.619687829778112316e-04
3.505417355641654619e-04
5.523868064960966648e-04
4.513901936871213272e-04
5.151818025861732743e-04
5.950551839405452369e-04
4.146907538110184907e-04
4.253134146199962396e-04
4.942964972799979671e-04
7.838400756642654923e-04
1.890143433212607442e-03
4.176626995073174156e-03
8.116110693880278920e-03
4.500519270861749396e-03
1.002681413426579271e-03
8.126225828402638312e-04
1.030899349161301486e-03
4.978980045583679881e-04
3.000421631482489641e-04
3.222468862992707819e-04
5.832564959989619416e-04
2.856163025185132079e-04
5.773029314907339622e-04
7.051442981511683557e-04
5.935236264935238228e-04
1.088485854336147980e-03
1.178816870741014730e-03
1.155232368765853317e-03
2.779148649168657146e-03
4.465911548652132766e-03
3.391018067522793330e-03
1.755759600559926841e-03
9.058904928509433404e-04
8.211346380001379114e-04
6.016315839770974058e-04
3.476262412676628800e-04
4.027696498766390808e-04
3.469214564258715251e-04
4.986477990792061903e-04
2.789220122149838228e-04
1.237765138985374687e-03
1.715575851906698829e-03
1.055689258815702873e-03
1.660750932262107689e-03
1.635490334760122478e-03
1.070988636827457669e-03
1.546580603650268317e-03
1.559218131286291753e-03
7.118418334752937230e-04
3.477001337520759785e-04
2.864266433909927706e-04
3.521978691206977224e-04
3.300094892416992678e-04
3.169350435601641703e-04
4.732345713527213765e-04
3.576215569153719698e-04
4.383927405171073369e-04
3.975756932406153041e-04
2.114668782195581413e-03
1.818588761582523496e-03
7.733356008702914515e-04
1.039595615001469167e-03
9.487232184501143920e-04
5.197064385782739458e-04
5.306760654794771999e-04
5.217837820375030621e-04
3.936411788661097703e-04
3.453543304606739354e-04
3.504855089210295481e-04
4.167326711736215705e-04
4.417391253324242013e-04
4.055424981499348232e-04
3.893443348449597747e-04
3.040361567856012534e-04
4.118456755105673892e-04
5.376947655790271672e-04
1.679859101171949417e-03
7.366979840906545847e-04
3.962976710279869641e-04
6.242359332471815762e-04
4.138493993247574390e-04
2.152976867553507028e-04
2.686434282337171460e-04
3.256781722365088903e-04
3.454208055655656252e-04
4.148941571227655520e-04
3.961017906373848750e-04
3.783688099284989088e-04
3.924038800169836450e-04
3.042129635784745459e-04
2.068588970708637226e-04
2.059791159115364600e-04
1.491214828250151823e-04
3.332342850553746648e-04
7.685517395518441566e-04
2.915560136085527596e-04
2.679721530677387159e-04
4.334967889070518387e-04
1.707088845819190184e-04
8.254983179687310467e-05
1.331239359096281368e-04
1.615842184037858233e-04
1.256354986822488145e-04
1.067562923044005659e-04
8.744653865116469040e-05
9.330476859557012301e-05
1.246325269560063186e-04
1.042690056798831189e-04
6.594620096860758169e-05
7.601357940137525872e-05
2.819585295195467200e-05
2.487331335742682423e-04
1.204037548448877275e-03
6.236015846534572610e-04
4.219301180440872484e-04
2.747648575575165758e-04
5.971056261871410492e-05
2.878340767095310230e-05
5.074186430221843265e-05
6.343271369590922743e-05
4.305385316866967350e-05
2.600345806509926714e-05
1.657567694759459498e-05
1.693419365272045727e-05
2.289842465131068381e-05
1.816339439450358588e-05
1.050406263164885139e-05
1.181272276950722652e-05
