9.302389605978192855e-04
1.590374066227172268e-03
8.332460160854905651e-03
4.336923487055284465e-03
1.306322184126430417e-03
1.016918925076057759e-03
1.794586057216154048e-03
3.040629067379771022e-03
1.878022553546323170e-03
1.235531350524152671e-03
1.076558608767723543e-03
7.660509002200319812e-04
8.864625416548861702e-04
1.020375655970007928e-03
8.910845426868409897e-04
1.143603261589810124e-03
1.535554958571023728e-03
9.734439018559227835e-04
6.189581399024553622e-04
1.071778003802057637e-03
1.618865368776401664e-02
1.009279262984391287e-02
1.345994127052696585e-03
9.229133862280535861e-04
3.044458008242362842e-03
6.461917479256531344e-03
2.760809704823818586e-03
1.624415367797560567e-03
1.605172203358674497e-03
1.018268273382578202e-03
1.177626917182220557e-03
1.445298091140332069e-03
1.086365403635169069e-03
1.126709241047118290e-03
1.329122799788615182e-03
9.923330806134830935e-04
8.850578436370988393e-04
9.125856634482791075e-04
3.638302191932677159e-03
2.343858477965638301e-03
1.072082394466981892e-03
1.552727754100370963e-03
3.080249354762190726e-03
3.276861755514626825e-03
1.835070501467684278e-03
2.395277316729749108e-03
3.103096195633205014e-03
1.312377600357325039e-03
8.089392078305151145e-04
7.956718691734581067e-04
1.042630592755449661e-03
1.339436666360320277e-03
8.530455750787552076e-04
8.323479811325214641e-04
1.863396879683481026e-03
2.813372958851875251e-03
3.246004973689090543e-03
1.747607940371546454e-03
1.907946211465908794e-03
3.062922727623887398e-03
2.703880843289218489e-03
2.095334455636727478e-03
1.961260634537228143e-03
3.183021237746339396e-03
4.759772860794735626e-03
4.205077463437776643e-03
2.471101985731776873e-03
7.829340592464991951e-04
6.468669256443842315e-04
1.035673022131590156e-03
6.484853737120274382e-04
9.455969994145278518e-04
7.997247677920809195e-04
2.364695218526919641e-03
2.751307718597073484e-03
1.775422660561290803e-03
1.704607251142492563e-03
1.445553571947722285e-03
1.003276805453019596e-03
1.391142679469257060e-03
2.210715224584002252e-03
1.944160888329618964e-03
1.904386580141078072e-03
5.380764795334192288e-03
1.011448673697292432e-02
2.865536203809830249e-03
1.200524083994581595e-03
1.620172138095056892e-03
1.413920699356244724e-03
1.404224747038351458e-03
5.306631836583927588e-04
9.252187956186212281e-04
1.164682613721676778e-03
1.494732740780187110e-03
1.618604521714684958e-03
1.072048696185788413e-03
7.969185988300099685e-04
1.113385038449694539e-03
1.513571830536231816e-03
1.159840775155363598e-03
1.038521610943480200e-03
2.511343406225758409e-03
5.996406908645675327e-03
3.913081198618217037e-03
1.479994117030973772e-03
1.094868715341195059e-03
1.562029540726344494e-03
8.989338434372067758e-04
1.149291097904343471e-03
8.719448262635121853e-04
7.685965612058918419e-04
1.309243704706614326e-03
1.762430416519645757e-03
1.369579315266665313e-03
1.230335822254048856e-03
1.309584565115636283e-03
1.337984003542978372e-03
1.959180781652661470e-03
3.208614454888122219e-03
2.372757066907577646e-03
1.675969498739783873e-03
2.769841890528074776e-03
1.791671688018292618e-03
5.773746539882705121e-04
1.255827809612280370e-03
7.777986530032647517e-04
1.603385807714751343e-03
1.716427972223982497e-03
1.178298498801039250e-03
1.172030146751305889e-03
1.289834253800504387e-03
9.691898523920418991e-04
8.552958165470828274e-04
1.189924433576497811e-03
1.545554568133503549e-03
2.591297993692695187e-03
5.146114677105319106e-03
2.204413919712058367e-03
8.697963912654724326e-04
4.429068817306749603e-03
8.040513738388691337e-03
1.125927857285948701e-03
1.661370318838385936e-03
1.322371861028888733e-03
1.691216163728555830e-03
2.198964944292394145e-03
1.546757395742228000e-03
1.021665136854790898e-03
1.070429926949106577e-03
8.458170462023476216e-04
5.677514057421024791e-04
9.463111604737118199e-04
1.531990420493266726e-03
1.496379875819734600e-03
2.543217743366643809e-03
1.967977881036044562e-03
8.137993095097812270e-04
4.240667030458012896e-03
1.395340223694647476e-02
1.422441926554653081e-03
9.700078263818149183e-04
9.008987492049835540e-04
1.619539007467119505e-03
1.051130867206266379e-03
1.446034261862689206e-03
1.359641852227282859e-03
1.410342860432861438e-03
1.278378652895097297e-03
7.176912345567641044e-04
8.259394608817765713e-04
1.079734240424010724e-03
7.764530541787285347e-04
1.554791732774446836e-03
3.120810921228161800e-03
1.083704488999143482e-03
1.590748572839218453e-03
5.919944516657292370e-03
1.295085109737009700e-03
7.357730872758635153e-04
6.519448966949795577e-04
1.756192468962291045e-03
1.302754786273359507e-03
4.769862049012881140e-03
3.723622299375948727e-03
1.729158287069377338e-03
1.339448526067184416e-03
6.745915599306294159e-04
4.290307987722722337e-04
4.858036481557211897e-04
4.666543404475862952e-04
8.520254463786090587e-04
1.848249360848707194e-03
6.516842584046945910e-04
5.323573746905587573e-04
2.438326280629738840e-03
1.398674003029158446e-03
9.475013004444774638e-04
8.561626594994405657e-04
1.602004122652053849e-03
3.490721047197999864e-03
2.078668488351697111e-02
6.658775577292083518e-03
1.735348641153828435e-03
1.808799735923697239e-03
9.276296663358406898e-04
3.527103270018099100e-04
5.053047287749294408e-04
1.075635804038379195e-03
1.352467854221913466e-03
1.208376063460027319e-03
5.521213862680540360e-04
7.197447000943112171e-04
2.623492564354993565e-03
1.206032121596811290e-03
7.787370867754351937e-04
1.020531757103622069e-03
8.368769347691484405e-04
4.204059074476668330e-03
3.459910384549448603e-02
1.051215942099911760e-02
3.578196600909176218e-03
5.377529074436583449e-03
2.665781252272436761e-03
6.351398526485507821e-04
7.834645940305621451e-04
2.784065256306027681e-03
4.098355485350586684e-03
2.343775730851799851e-03
1.381932267566666301e-03
3.069109859333467218e-03
6.450990560513102275e-03
1.534670716794370084e-03
1.031460055279155704e-03
1.282104084360568500e-03
7.826805977513075522e-04
2.651061812880578950e-03
1.744315183081939988e-02
1.184738102832605562e-02
5.217671079591106389e-03
4.682680465771928667e-03
2.170361584029461069e-03
5.367867758491828931e-04
4.019636729910861721e-04
9.611432792523707082e-04
1.626333791787254240e-03
1.030430505711447692e-03
7.140724860705041080e-04
2.709750199465846970e-03
6.393042459359153835e-03
1.393471278915153853e-03
1.260802766739651691e-03
1.080761546872846231e-03
1.083298014024921749e-03
8.413398983617066153e-04
1.927661811241699686e-03
3.602837438954207411e-03
3.024292510451180496e-03
1.982078708298297583e-03
1.113628028333829827e-03
4.821733261218787083e-04
3.848320072106760034e-04
5.890325932336301553e-04
7.126778766678917030e-04
3.440226076993010713e-04
1.855203120432862289e-04
1.260084622669133993e-03
6.436189020633457762e-03
1.321057492226565110e-03
1.063305036170192341e-03
1.117917751507273034e-03
1.285917193416534444e-03
8.609453982255127914e-04
1.397332852511091496e-03
4.519750083406946610e-03
5.391936324349733654e-03
2.675198410031024918e-03
1.400023148090610327e-03
8.779463814019190532e-04
1.075376827123885725e-03
2.216662159073700712e-03
3.328435675061970980e-03
1.224778825147826086e-03
3.453451117049060074e-04
2.146123399702171315e-03
1.295744791346100863e-02
1.790652176235746481e-03
9.707353759671227995e-04
1.537251135475729705e-03
9.494015505826273408e-04
2.060857564664377462e-03
4.730047187861268453e-03
1.012998387704364123e-02
6.594616748008701179e-03
1.663790348522614475e-03
8.617485097018911166e-04
9.714615319936105832e-04
1.651219626726288916e-03
5.246921310431344569e-03
1.335065016477894259e-02
4.405597744145214878e-03
1.012668850327803818e-03
4.460780282526506657e-03
1.104374662181161794e-02
1.119882296237948013e-03
7.425664163138451105e-04
9.480253114370308046e-04
5.861608605495136591e-04
9.915083002617717124e-04
1.459935139234696351e-03
1.775237349219175318e-03
1.400139326132443865e-03
4.860941657818571666e-04
4.093119461158948691e-04
8.287145262417663439e-04
1.490964509620993847e-03
4.948949993575489474e-03
9.824582099893548401e-03
2.068493731940164969e-03
1.017760057329581335e-03
6.951880796611250614e-03
6.194349377807191817e-03
6.223148986661446516e-04
8.211606292133521350e-04
6.569448364274104238e-04
8.199257740387852099e-04
6.340076766636426695e-04
7.315527937754645257e-04
6.281049940306754689e-04
8.908775782154411188e-04
7.509151237089130163e-04
6.871011839130055591e-04
8.846045325291629000e-04
1.218182583441522037e-03
4.024307310914592220e-03
5.204093804369733928e-03
1.014995898114843436e-03
1.348319128316709421e-03
9.992535968707824331e-03
3.799678320230850861e-03
4.992881535398595045e-04
9.308939450495898197e-04
7.689673504011926113e-04
7.750941262989357629e-04
1.025869910483051583e-03
2.996924214775821028e-03
1.345590330745126840e-03
9.554794629695140349e-04
1.147191157184097214e-03
1.245281228063571926e-03
1.291767766291828040e-03
1.813027687024839187e-03
4.475581918271118176e-03
3.813257991742046143e-03
1.515620970822709841e-03
3.565268588155154263e-03
8.113982304189130967e-03
1.656183565809722950e-03
4.999252895983287382e-04
7.970887361963839611e-04
7.814392021527072092e-04
5.357088096294768250e-04
1.096794088333714152e-03
7.144124461060366062e-03
2.132861972276038978e-03
6.335067673825738694e-04
7.806694200316358859e-04
1.312729768377796612e-03
2.064302944876325683e-03
3.439563367353550873e-03
4.156124750023004397e-03
1.782407982952688387e-03
1.114053420930335558e-03
2.772113924167663931e-03
2.289140934013715600e-03
6.306682695910899306e-04
6.975097729418007530e-04
8.453791809031136134e-04
7.572789601546904645e-04
8.831033187824723074e-04
9.913708257792948689e-04
6.825510187176767919e-03
3.187503006692697996e-03
9.974740362625343550e-04
1.005441014632025556e-03
1.309956884463730478e-03
1.611130761956289844e-03
2.118498959197592357e-03
2.235373843603504461e-03
1.051744614353777125e-03
6.237252388044118960e-04
1.010634781132332917e-03
7.489761396187706935e-04
4.488571187427808961e-04
9.062739977660812110e-04
7.456094950088919997e-04
7.550177708726873776e-04
8.479257281771881679e-04
6.736895056864874694e-04
4.744140445149674923e-03
3.823723783476507855e-03
1.261519594503457539e-03
9.131901436404472232e-04
9.348129118319488482e-04
9.045731766868934020e-04
9.543549308393029125e-04
1.459838538553547439e-03
1.527630427506655600e-03
9.461985201983020601e-04
9.345403718127085315e-04
8.414451210613578969e-04
7.148250966986665310e-04
9.832936414177321800e-04
6.089321402829985051e-04
7.803102828923011523e-04
6.694173571711679177e-04
1.196565467068711744e-03
8.930578220923921298e-03
6.878103466598652072e-03
1.675911533245161116e-03
8.812821795195248387e-04
7.651519083270552201e-04
7.506007762653293903e-04
7.308237657426279628e-04
8.374739437140596258e-04
9.860462126842152626e-04
7.664544480145707179e-04
6.485717005253814312e-04
7.067381724391707393e-04
7.304118366789209534e-04
7.904842094171630161e-04
7.074540340486444850e-04
8.011865420163090694e-04
7.614194654530918090e-04
3.556847561386462190e-03
1.103734511115216956e-02
5.826737224289326930e-03
2.293566291342341665e-03
1.583525907282498169e-03
8.471160700346230376e-04
6.580535222208708452e-04
8.042660720331556859e-04
6.976112946631896810e-04
6.974946356429273997e-04
8.119004726433019401e-04
7.407732255584596227e-04
7.913648414534631354e-04
7.932185633520820456e-04
6.533361295311380067e-04
8.640616017046988222e-04
6.929773728704111992e-04
