5.555333708001890377e-04
9.932645128403968810e-04
8.921071157211611169e-04
8.969984656025506344e-04
9.861682234614634664e-04
7.330706658832021475e-04
7.033683890282006095e-04
4.998465179243178789e-04
3.024848526446538826e-04
6.762039776360318118e-04
9.356230858786529405e-04
3.153430389613882533e-04
4.340404489817819406e-04
1.061496114183195115e-03
6.578143973557724726e-04
8.267074578834906562e-04
1.499128038680937105e-03
8.220715693951360318e-04
9.279324091575116016e-04
7.078103435794434479e-04
7.197400465941193679e-04
1.097815721009939068e-03
1.265877566018089057e-03
9.471360256873475464e-04
7.054259519547204310e-04
8.026173674148002340e-04
1.422114361118338504e-03
1.640449084675074014e-03
8.752398201523258143e-04
7.275738326659425114e-04
1.318560794491655712e-03
1.340813929015692877e-03
7.461796412105831371e-04
6.988405820868068665e-04
6.683120550929180824e-04
3.863746938669330782e-04
4.850337965062147196e-04
6.581213820169439128e-04
8.169105436619017490e-04
9.476720145506311969e-04
5.576071120148389220e-04
5.328173036754863326e-04
7.727139913755688358e-04
1.086164560851855983e-03
1.434337034422232147e-03
7.240357936521221466e-04
2.982161404505224338e-04
4.477380857831367127e-04
1.060540234835938246e-03
1.652304457547547432e-03
1.333227165875305875e-03
5.051253765166759504e-04
4.371494292969227294e-04
8.748872155663797159e-04
5.118823643078494745e-04
1.057914204561184257e-03
5.953687570776788505e-04
7.786386401671481407e-04
7.237819099140004302e-04
8.680222549991242244e-04
1.301474684888667428e-03
1.201666992281601176e-03
8.826581379554530827e-04
6.397429109594224804e-04
6.960172917749009531e-04
8.800011119087633362e-04
7.079211706573037459e-04
8.396027478084533468e-04
9.079994764460736119e-04
3.636136771848435634e-04
4.608466623023681663e-04
5.315979213557647668e-04
7.441710796976930666e-04
1.250936452116670726e-03
3.555322493370969054e-04
7.524439433124464850e-04
1.273034930532761450e-03
8.896671402462992930e-04
6.221927292255581207e-04
4.739714620208736054e-04
4.141878570726865278e-04
5.746777292403998372e-04
1.100600167508198690e-03
1.171523236047385900e-03
6.155269887805172365e-04
5.711196906963975691e-04
7.864717833452220886e-04
6.572190501655557479e-04
9.436129960847813121e-04
2.668827661830551761e-04
1.375042737722821781e-03
1.184119834920489486e-03
4.314437211307290201e-04
7.667020614249047327e-04
1.026193157682494996e-03
7.022341748232955282e-04
5.825329105632769859e-04
6.089939073903407642e-04
5.381002689804140204e-04
3.985921497278521546e-04
3.335566504867726171e-04
4.121081793944990444e-04
5.524448212006939510e-04
6.516601501692753217e-04
8.068169182828039852e-04
8.953561767138572356e-04
1.358125237132671746e-03
5.529814030096580043e-04
1.168410366119506391e-03
5.656278157728734848e-04
5.281571950179820337e-04
5.088869803224839493e-04
3.929477400660290657e-04
4.184403555182918469e-04
5.804032997443268590e-04
8.294736290319348893e-04
7.640910091196316447e-04
4.308355540055353668e-04
2.660577621563300628e-04
3.621692890821945647e-04
7.938490085095642641e-04
1.065897399082828528e-03
8.810017568105403063e-04
7.090310409900092876e-04
1.233817555582886888e-03
1.194613714685115961e-03
6.561799477838786221e-04
5.216720802071121536e-04
1.072970336670445992e-03
7.221817089215514700e-04
5.068935653364185345e-04
4.462921025492360186e-04
3.928782604527388455e-04
5.684823080656020364e-04
5.592964788625662785e-04
4.522727341938725639e-04
5.123009131838426010e-04
4.479771094617758086e-04
4.585158851419115860e-04
6.926786118833821353e-04
6.865818533008121892e-04
5.101736232762752593e-04
9.054588196872104039e-04
5.963577763330194046e-04
6.328891570380107195e-04
1.030700224095001732e-03
1.831515661677952803e-03
1.118222545726587280e-03
1.326785562849798483e-03
8.807698623393962842e-04
4.945020469799637185e-04
9.013406405113290202e-04
6.064596670940475926e-04
3.021330779129075732e-04
5.113595472909116674e-04
4.572145103705129994e-04
2.994977413310001904e-04
4.912729756188140978e-04
6.987656757855917203e-04
5.821844222287641266e-04
6.961152814406482104e-04
3.017385505919776808e-04
7.643238893579412619e-04
9.419813558309196805e-04
1.810309174871689575e-03
1.017590097707994114e-03
1.113963581224849215e-03
5.863845628122373683e-04
3.034193413647500825e-04
7.613191372841141913e-04
6.000339329851253883e-04
2.587056617861639794e-04
4.895758912694908420e-04
7.622348944677796636e-04
7.127433241357925909e-04
8.295638304853900514e-04
9.063881086731264292e-04
7.823541735831773163e-04
6.988845022555838964e-04
6.635419616640129839e-04
9.634140620534788939e-04
8.760615426918356161e-04
1.066062401616989404e-02
3.873408479698744761e-03
9.337463869665363434e-04
3.841834492953061643e-04
1.548652699792010118e-04
2.005079516204753690e-04
3.038238954851909309e-04
3.808100878262804089e-04
5.290761690656698444e-04
5.238775403924380040e-04
6.318457529397708810e-04
7.259569763331658303e-04
6.882419487925284024e-04
6.822244056569971892e-04
7.697549398074970050e-04
1.309717671296532640e-03
7.793272215329712354e-04
9.802537990341504172e-04
1.180376192382801559e-01
3.102592645761504189e-02
2.536523597601470208e-03
1.388074549956633827e-03
3.830384436337846434e-04
1.255193937441928379e-04
1.891907977155537655e-04
4.655317513082388604e-04
3.582600402101421299e-04
1.785144720292957830e-04
2.831307100197974404e-04
5.281548826351626291e-04
5.864222197636315180e-04
5.641486565383269525e-04
8.635033625136746263e-04
8.776758426485840089e-04
5.126773861494446794e-04
1.221009654067731296e-03
2.061225278852021614e-01
8.125370193458288093e-02
1.240625329558749448e-02
6.409763957899499917e-03
8.886770716905665040e-04
1.772447709968006226e-04
2.171197043241667986e-04
3.694963446057592665e-04
2.291046287162902865e-04
1.713359202284988963e-04
3.253298503107320515e-04
4.935191173642158825e-04
5.291729757850155685e-04
4.509359041629946020e-04
8.254503893727867594e-04
8.131655210955641847e-04
4.968921347623791790e-04
3.081671223673078559e-03
1.121693546629300431e-01
7.975666157280096591e-02
2.909005458831693050e-02
5.319702312518367025e-03
4.557333467337870768e-04
2.128409158438446117e-04
3.142863001878599678e-04
3.104319827619181327e-04
2.074661664027995618e-04
2.501675019977838148e-04
3.596756027375795747e-04
3.602584866879156821e-04
5.362873197901861771e-04
4.911112522794444267e-04
5.994719211117630021e-04
8.163444683027611419e-04
3.560298341191054402e-04
1.888448468860556752e-03
1.179773638916420050e-02
1.686877982827525782e-02
1.144478096274127027e-02
1.381974717608908500e-03
2.159645854055892327e-04
2.429395766836542391e-04
3.273953307334462911e-04
2.729749681942692159e-04
1.993766812321337155e-04
2.023194827647509849e-04
2.491330352437517255e-04
3.222101669080289763e-04
7.086613539688257912e-04
7.009115574993455416e-04
4.716176671573073936e-04
3.905189329204456655e-04
4.199170389095714315e-04
3.859455135232396162e-04
7.463588644377537173e-04
1.860244729595856650e-03
1.930966770249234726e-03
4.734584520338898719e-04
2.184989046254651071e-04
2.534571868491344816e-04
2.187737031796806761e-04
2.368307677427591450e-04
2.445226981874860169e-04
2.309686437821091803e-04
3.345575762246963511e-04
4.612081212609895915e-04
6.099812962490917725e-04
6.253561278401456765e-04
6.173346864280911074e-04
4.015525522977438956e-04
9.987415908833017445e-04
5.367233394252107206e-04
7.923609180353424980e-04
1.427147366064128150e-03
9.530376818408604683e-04
3.881201489955779104e-04
3.244534778250525203e-04
2.832099864020658003e-04
1.827749399464887207e-04
2.428056492062807923e-04
3.759283649806192777e-04
4.422537473142451364e-04
5.920120733659612515e-04
5.760607509542569867e-04
4.908640284562429314e-04
5.449900280814710387e-04
8.075809560775728136e-04
8.965412992868141296e-04
6.011142763863040663e-04
8.804993163294247589e-04
1.399581541247729146e-03
1.603490589832230100e-03
8.954178522388019047e-04
5.295728051080692608e-04
5.055140173619407547e-04
3.791195774438208140e-04
2.215635994916185440e-04
2.294237417520069322e-04
3.553799802059913124e-04
4.819172205008155239e-04
4.829644924786265160e-04
4.288319751908357589e-04
5.538471946006079784e-04
6.402538081132405200e-04
5.618410459237127390e-04
8.996928999304646801e-04
3.716647954858329781e-04
5.537837219975451581e-04
4.466115321204210467e-04
4.463890834692657854e-04
4.775517721777295765e-04
4.924499480769954380e-04
4.392886037408015739e-04
3.261240166279461006e-04
2.570158705833068655e-04
2.532309803170823526e-04
3.187797998161074329e-04
4.270448023719464583e-04
4.263001936377432718e-04
4.297460163144598759e-04
6.354027131817580878e-04
6.072397470832271819e-04
3.789103101444079203e-04
5.964029690577679491e-04
1.055961766579241500e-03
7.879865895314073750e-04
3.638706718486436919e-04
2.944464861443511403e-04
3.337229873432611869e-04
3.631745088945582912e-04
2.896412723335279487e-04
2.290368604599918128e-04
2.911225134200921892e-04
4.056419734162806739e-04
4.095321005639860072e-04
4.045135491057980028e-04
5.031697411471007563e-04
6.526035446677009959e-04
6.256448288784441413e-04
4.418221800417665695e-04
4.030755217560838934e-04
5.242180166433874208e-04
1.110506952523552474e-03
7.072030949538848140e-04
6.563504877398300668e-04
6.638487363188427890e-04
5.154512348576464550e-04
4.579878055040836047e-04
4.065313411037235151e-04
3.046528282800449569e-04
3.290080738448482507e-04
4.758035280996465439e-04
4.373381815633868358e-04
3.129149318484251031e-04
4.136365179294315426e-04
6.887144057589504121e-04
5.356758707123905313e-04
3.497131478099420516e-04
4.672039692850960533e-04
4.725008328118996217e-04
4.847553560957138592e-04
2.644201594903325815e-04
4.954759258690638124e-04
8.302106648618188742e-04
6.756588945845858670e-04
6.153065917804195154e-04
6.699503387050676764e-04
4.609991901915069345e-04
3.074498635261384565e-04
3.833121527559949925e-04
4.922376256559315467e-04
4.194656103388702604e-04
4.674126143880380610e-04
6.375217528002089396e-04
4.861412686636457396e-04
3.489905066245319086e-04
4.565499357816704641e-04
4.118573103890745338e-04
5.984361168204858352e-04
2.734366912915913556e-04
3.810392843829793594e-04
5.512645756628314084e-04
4.622168126943610204e-04
4.034196375758086306e-04
4.522981433138127064e-04
3.707072301015165217e-04
2.654772402521587363e-04
3.482249432920649611e-04
5.856212482892886881e-04
6.353826571745669173e-04
5.783606316611798357e-04
5.407223045470120571e-04
4.191075440281930432e-04
3.415235356138684054e-04
3.710787346102644921e-04
3.680636392046372080e-04
5.850880676477559876e-04
3.714252318929016795e-04
3.384209916638579929e-04
3.165886248740434851e-04
2.529831795633121633e-04
2.159224123098189472e-04
2.316204676556387232e-04
2.428203512983776314e-04
2.437890528261604990e-04
2.963459714196603652e-04
3.337831661344078655e-04
2.761420961475872333e-04
2.246859631204669184e-04
2.058506777015775438e-04
1.911970203707697607e-04
1.795267995002445475e-04
1.856389340900916664e-04
2.395166477116685358e-04
2.206178762760469957e-04
1.967894129532914919e-04
1.745734120089657599e-04
1.697776166393034458e-04
1.853414645652576818e-04
1.924703986773987710e-04
1.768514145337598891e-04
1.560002067061169826e-04
1.532292537941945423e-04
1.534654242547036425e-04
1.122185028969622074e-04
6.684351049086157499e-05
4.971819714779118234e-05
4.637439876510480579e-05
4.342504084788795032e-05
3.997260612986871831e-05
4.531447268492143717e-05
8.434306699527830493e-05
