1.325495892477954489e-03
1.892119065422437482e-03
3.623445992341806261e-03
2.153993832025240251e-03
1.170466345977391916e-03
1.313047697958732388e-03
1.405584677756466054e-03
1.143762878892660246e-03
1.007969544766608178e-03
1.104576448470714249e-03
1.251436574988368852e-03
1.207353228787602347e-03
1.135784225602990208e-03
1.269623569637626454e-03
1.423230196705829948e-03
1.048796073247137365e-03
1.283554124299688499e-03
2.904006509003794617e-03
1.519092836939384865e-03
1.104220741505443359e-03
2.073159203253935583e-03
2.185073349504480095e-03
1.521135299878389547e-03
1.632220012715729926e-03
3.162568970859145397e-03
5.629375765182222970e-03
2.684813656595102377e-03
9.319250195760069456e-04
8.414419299423655813e-04
1.229517958191101617e-03
1.696384378152676923e-03
1.489999725593339416e-03
1.379370165342822972e-03
1.373000755996653171e-03
1.041531627256419819e-03
1.497866430080483638e-03
1.036492743836869455e-03
8.330411539578314777e-04
1.082410716695474681e-03
1.028003349891684843e-03
1.169782497992678848e-03
1.649075509899229890e-03
2.098229640242020057e-03
3.197804422352751134e-03
3.261077475070144061e-03
3.477987592141480473e-03
3.070183700831774325e-03
1.338816235634088031e-03
1.227820577610013765e-03
1.587292048207822846e-03
1.386284915798216772e-03
1.244137769572592912e-03
9.807791581609170712e-04
1.159496264285356498e-03
1.746250576561740380e-03
1.365560189444984260e-03
1.018521356656428662e-03
9.589590588524201211e-04
1.647538616256352846e-03
2.050229580857785682e-03
1.214374922733974784e-03
1.003319886255180484e-03
1.245277489646584275e-03
3.604062577446801204e-03
8.785442577158786986e-03
4.002044077281098795e-03
1.987575676534120931e-03
1.751360466025276078e-03
1.388811035117131420e-03
1.618275464773963638e-03
1.526723465307753928e-03
1.432660789047140656e-03
2.158259673824389994e-03
2.024163473166111591e-03
1.386064998519034386e-03
1.333769584716509426e-03
1.607249535028210368e-03
1.357335512599437168e-03
1.058635811736249877e-03
1.159059561116757052e-03
7.676598880923752102e-04
9.530393575838531873e-04
4.006282229967857156e-03
5.876548955465316776e-03
3.104327958357393918e-03
1.868389609801444830e-03
1.536860820624174001e-03
2.026396181841319533e-03
1.461636797706602695e-03
2.081630570596106067e-03
1.309186925216866389e-03
1.939252840872983906e-03
1.660542865624502944e-03
1.489542876265833498e-03
1.367888422322990211e-03
1.107219080944943672e-03
1.076639825727234096e-03
1.771067093604077047e-03
1.422597486802470133e-03
7.603818791992483133e-04
1.282565656864991053e-03
2.275641787586649232e-03
2.321196148953592279e-03
2.229431502603259826e-03
1.894958013278085201e-03
1.850415867673568414e-03
1.026333854355560189e-03
2.360566316578143180e-03
1.777075120209903368e-03
1.741880880916174329e-03
1.311488948745294977e-03
1.276272996806451570e-03
1.482089440412408168e-03
1.473316669069961015e-03
7.899579885882641872e-04
7.530937711776405528e-04
1.367971936657777325e-03
1.194455705526594478e-03
8.074604801600746484e-04
9.383597042844113272e-04
1.940897026558682575e-03
2.714267242850296104e-03
1.560777867956449939e-03
1.409783040378742840e-03
1.263899710100647739e-03
1.920294976528168782e-03
1.746630890132128047e-03
1.187062774091656022e-03
1.066766320614804045e-03
1.485080870127097712e-03
1.560157501157649401e-03
1.502588897571866021e-03
7.191804014550475183e-04
4.457445559330192172e-04
8.083372927069163317e-04
1.009924757476612185e-03
6.935219974278465909e-04
7.951775160086698140e-04
1.779457396854904104e-03
2.087447243763524210e-03
9.819363350235289778e-04
1.160984340740005109e-03
2.098658086990633654e-03
1.473314948894513402e-03
1.143317241129489454e-03
1.349704909446681773e-03
1.771775998590619005e-03
2.582831171997279109e-03
1.548451883129671990e-03
1.023439921202230068e-03
6.903674093174148136e-04
5.996151895532860019e-04
7.997670066235209067e-04
9.288764883407177190e-04
1.079986834788986645e-03
1.341934311672363838e-03
1.591550850573235495e-03
1.738756664524040334e-03
1.318943960076395059e-03
1.328163503194034877e-03
2.350213753586185943e-03
1.572673006203657289e-03
1.595625419763379042e-03
1.807772457802506649e-03
2.400311234762439981e-03
3.104483009427700269e-03
1.750060500795953865e-03
9.451431311404739823e-04
5.988105908675612262e-04
6.540563190784260891e-04
7.963712674781638946e-04
7.746476792085400494e-04
9.605045056203264688e-04
9.201631417905430576e-04
6.974644422830775280e-04
1.111069256393172004e-03
1.444996149273283879e-03
8.057266728751446986e-04
9.916354425624389953e-04
1.274377366865721327e-03
2.112437169544562846e-03
1.009614811521799453e-03
2.480841202390996880e-03
3.370470470866173286e-03
1.982126490060047083e-03
1.165206978824717471e-03
7.183491657751330580e-04
6.833539277218842736e-04
6.645494523078551881e-04
6.328994695821250557e-04
7.296753473987753784e-04
4.886398675984704107e-04
3.465220369629022352e-04
7.910315853321699770e-04
1.475545314075750415e-03
8.475945652269877353e-04
8.314509627268984893e-04
9.125653002333702305e-04
1.674606101593959515e-03
7.992370075639207948e-04
1.106706118716480926e-02
9.969104916302063205e-03
2.379897021118947912e-03
1.262473082496884391e-03
8.995827388105496385e-04
6.332498216742489397e-04
4.374725892209705195e-04
5.390463541232320965e-04
9.115396271079989404e-04
6.267536355320818976e-04
4.340296085735540193e-04
9.244022827225752267e-04
1.987317733018876664e-03
1.790181303842503522e-03
1.435499915229980798e-03
7.423990920682903066e-04
1.166306215808998693e-03
1.494556927732462650e-03
1.055497324105577062e-01
4.562220678413211883e-02
4.133517761792921894e-03
1.574335122355244049e-03
7.431273199479399971e-04
3.916124177141197538e-04
3.070964438923702642e-04
3.484161666065035425e-04
6.354003595318712290e-04
7.397975874796281414e-04
5.784729590370217946e-04
9.721873165558179162e-04
1.766225889259660656e-03
1.364472312043443856e-03
1.087990221703767375e-03
6.368621770305010190e-04
1.337452096947162579e-03
2.164620702043234656e-03
1.320565274793279176e-01
3.614114910544190956e-02
4.469574695712881865e-03
2.006499035004458229e-03
5.408016714518876222e-04
3.313092129511317264e-04
5.745013035850846366e-04
4.190778101405570285e-04
4.644452756686671632e-04
8.104672094866406445e-04
6.230936090832714684e-04
1.250714633000659911e-03
3.167202801014511269e-03
1.552672813462305712e-03
1.205055921652441230e-03
9.064132735163581188e-04
1.555550307453175494e-03
1.194350964552949503e-03
1.238580098556207008e-02
3.567699505668209259e-03
1.879967681304687112e-03
1.986507396431018858e-03
6.484899242061517447e-04
6.525418688873731556e-04
1.337583914672797617e-03
4.246119951090864182e-04
3.272455323862218470e-04
7.084894993245508628e-04
4.449110500811644586e-04
1.200870453090802873e-03
5.585967731722703104e-03
2.607631155079310516e-03
2.010058648272259989e-03
1.325732062842634130e-03
1.322791454162338624e-03
8.082658627775652803e-04
2.015108778859981981e-03
1.081866472930455986e-03
1.667988801774010271e-03
1.810976611891453253e-03
7.696578612614484241e-04
1.311087713713781494e-03
1.583473642332520678e-03
2.657155242948684520e-04
2.511693063971241779e-04
7.282908992697274039e-04
4.714999854747446749e-04
8.878894381445742202e-04
2.475007016520979451e-03
1.452802790590829998e-03
1.695206961126895185e-03
1.372925840644192161e-03
1.323400133157058914e-03
1.245412109537488233e-03
1.838736521209838630e-03
1.834952120286383222e-03
2.920293982379634258e-03
1.201484932850866707e-03
4.179006339411102389e-04
9.032824283795415181e-04
1.017796561582737193e-03
3.320229085691919009e-04
4.767359652636026586e-04
9.922372742482846522e-04
8.446800979410255122e-04
1.204851883242728577e-03
1.249753946353230954e-03
9.031339276279438336e-04
1.261258580298020267e-03
1.106053118285697931e-03
1.077157999002233395e-03
1.268945553074995363e-03
1.219189832937947644e-03
1.462201808072369430e-03
2.286621666255742816e-03
9.671659897786829239e-04
4.378685267035381003e-04
6.127435465202961526e-04
6.350170443338559040e-04
6.764509897383733875e-04
1.048579241254422043e-03
8.429604592250874474e-04
9.312191697114575095e-04
1.771684151513026233e-03
1.277261803947664755e-03
1.013787131820370526e-03
1.168239085517023754e-03
9.693390128341173922e-04
1.051524947925049297e-03
1.055141327127613951e-03
7.328736446721355411e-04
8.412181414704714274e-04
1.227864536563585181e-03
1.028096817006900112e-03
1.037382591862577282e-03
1.136603527632415542e-03
1.079506112512497408e-03
1.417376059423494693e-03
1.210910125114160289e-03
7.641974414492259038e-04
1.400581097096783873e-03
2.606712884437731564e-03
1.491664509585075927e-03
1.049067723755036903e-03
1.058225703507083195e-03
1.065533832053994516e-03
1.153747146650086711e-03
1.199931999022271160e-03
1.269067611881391933e-03
1.421528280953045578e-03
1.059063975788671931e-03
7.202064767200496483e-04
9.796646259289725975e-04
1.617499361025387427e-03
2.229938964637953169e-03
1.702609537457099986e-03
8.331514272642523726e-04
1.240364443362398103e-03
3.659014624789480499e-03
3.457671740599246261e-03
1.834099859268678188e-03
1.409843445424396402e-03
1.192066955727445841e-03
1.087891150516561139e-03
1.095321101572302664e-03
1.237402665877004437e-03
2.058029826961848673e-03
1.916414443198155224e-03
1.109382663171397040e-03
8.043697362289833593e-04
9.862509409151261255e-04
1.341013417757752927e-03
1.607247740024597173e-03
1.218008978126714197e-03
1.285041182500160821e-03
4.940658721437504036e-03
8.275761327025935379e-03
2.407751195347744132e-03
1.445790187310594518e-03
1.621597398120198930e-03
1.222977237915789158e-03
1.066800197296459895e-03
1.225798181310707932e-03
9.615866568183640802e-04
1.300702167696807113e-03
9.939249955733672152e-04
1.089190073879909649e-03
1.665501365938132881e-03
1.842448407891387552e-03
1.287375802174975858e-03
1.003514806744082617e-03
1.192966152349330365e-03
2.465014824003941649e-03
7.581670708106088077e-03
5.901069939150836198e-03
1.225113116737485026e-03
9.018558150304068974e-04
1.212036199022878576e-03
9.181081721470511162e-04
1.058509578999697808e-03
1.067896343177725639e-03
9.673243036269715302e-04
1.381532351970270406e-03
9.744563310617224789e-04
1.068096660758852730e-03
1.500970323299789192e-03
1.648062838273406036e-03
1.390138221303171065e-03
1.294412891370690577e-03
1.440648593680995309e-03
1.328623096756543446e-03
1.322953881564704458e-03
1.282687969611052492e-03
9.298867601353578635e-04
1.052038446635344526e-03
1.322018543916863480e-03
1.063183677024168378e-03
1.197501664445660072e-03
9.704535873201031691e-04
1.935495981644975560e-03
2.782317106919870390e-03
1.699877436991070311e-03
1.117457713163475625e-03
1.060862885387822826e-03
1.354453968497779624e-03
1.527994871842358257e-03
1.390685073195702549e-03
1.260000056546643939e-03
1.084101129406617224e-03
9.050092633391425062e-04
9.902063718665577146e-04
1.192850578035670834e-03
1.126699077298219795e-03
1.058502224901287925e-03
1.032477469711324267e-03
1.064071554411880321e-03
1.172323612229482677e-03
2.081597519258922887e-03
1.322651946260930281e-03
1.237396627736993661e-03
1.602913080857549903e-03
1.770429097387491530e-03
1.729957147652384959e-03
1.489671261449283801e-03
1.138297696893247240e-03
9.504214241419431516e-04
1.179778886647797750e-03
1.222959378029314257e-03
1.047390673545276450e-03
1.174083596994787834e-03
1.074036495942015754e-03
1.028341167788589337e-03
1.223701657474079519e-03
1.068980376717254587e-03
