3.651041602210022027e-04
4.048309032453706541e-04
5.424552464458388436e-04
3.876686814248195409e-04
5.149947847654476763e-04
4.688834232254529099e-04
3.376669937261779801e-04
5.659039823133006674e-04
6.710280495940919082e-04
4.525999222563240791e-04
5.842396810820739460e-04
8.140007099670952583e-04
7.008106910814490727e-04
6.525505928923782100e-04
6.516854998357211447e-04
4.586618654507122533e-04
5.467949255275079013e-04
1.429970917836099250e-03
4.538430430110607485e-04
3.380992947137935879e-04
4.844179883994501837e-04
3.620108942998764064e-04
5.381052288671721610e-04
4.592432921507394938e-04
2.752525981037866310e-04
4.857150778718385964e-04
5.618773338321552931e-04
2.746446066026034835e-04
2.877819794266754791e-04
3.180881471399607595e-04
2.149996815199564149e-04
2.432549667775075358e-04
4.799022778598540902e-04
6.254346008038184955e-04
6.757795187444372124e-04
9.704361065407912483e-04
8.610221753157018673e-04
4.296868710010840614e-04
4.246683238143903480e-04
2.238892846313276326e-04
3.782618769566900075e-04
5.304285899491599423e-04
4.049537809706334288e-04
5.795499854761521292e-04
7.154847222430420206e-04
4.843736492754446800e-04
4.023596477969672465e-04
3.983733106789006176e-04
4.846179541010944207e-04
4.751551655743569596e-04
3.470601921288510782e-04
5.128300708491575219e-04
1.050605909725108858e-03
5.250553598046558707e-04
1.303032369053046561e-03
6.024024417557860686e-04
1.084686566834609052e-03
6.565471265040152176e-04
6.750435858309046825e-04
8.066145042659775928e-04
7.472997423037285643e-04
6.047050990903613281e-04
4.036693103092814177e-04
3.752162514118911364e-04
4.254177384672006750e-04
5.182082142441373331e-04
1.127065595046194404e-03
1.166587270518584058e-03
3.318578132119907658e-04
3.148627722998149285e-04
1.116890809431251999e-03
6.328371842868173863e-04
6.781621975745739462e-04
4.317747029191382094e-04
1.334405015723248104e-03
9.449563280992173339e-04
5.810137712308530676e-04
4.797324745035972423e-04
6.632951663201523641e-04
7.029810202340452171e-04
5.217053823412825695e-04
6.968392555348562828e-04
7.230592236432524262e-04
4.352362206930959375e-04
5.718437651516818619e-04
9.466497210603575093e-04
6.262781136727090187e-04
4.941135964335701932e-04
7.676968801304498609e-04
6.718003481167231228e-04
5.272821139699114274e-04
5.136527689257210224e-04
8.085821283922706290e-04
5.061491751359094727e-04
4.271392695608288359e-04
4.138755344703860437e-04
6.365106028641964600e-04
7.482618631191520616e-04
7.401940661540359250e-04
1.074091863927225656e-03
7.773996866077141675e-04
3.572557225069119451e-04
3.144886553860328534e-04
4.017956930226853382e-04
6.435793736301033364e-04
1.006045632379502829e-03
6.744300786787505320e-04
4.204388858446856119e-04
7.558561314236773420e-04
9.250022877350085266e-04
7.624698916754334621e-04
5.873668649162136013e-04
6.262205755077731965e-04
5.132642020431818107e-04
6.160621736913435460e-04
4.513056695171242393e-04
3.145720863645325464e-04
4.122896828845826851e-04
3.223687148837813096e-04
3.194621983677300233e-04
5.943937135698093869e-04
4.679799149005404589e-04
4.347712254381651807e-04
1.011683675203312732e-03
9.507139743444928404e-04
4.871025791159371162e-04
6.442385722990804069e-04
7.362950206237699278e-04
6.791733441659081588e-04
8.164085220365308862e-04
6.097523536345882730e-04
2.379313742897897366e-04
2.944714556981203857e-04
3.342068281853196178e-04
2.514568222550257856e-04
3.136648648202883098e-04
2.351033251286975263e-04
2.310017403567964783e-04
7.336317325507927005e-04
9.593918640753953042e-04
5.441178561247373953e-04
5.610214524998041003e-04
5.841189493665851357e-04
5.104252653982080824e-04
6.990412971849247446e-04
5.785975166145534672e-04
4.418374644302739611e-04
5.976142680715559484e-04
6.313762798388226948e-04
2.277839468955473881e-04
2.000472866476637936e-04
3.877865513174966910e-04
4.394071558190694015e-04
3.580641108297431753e-04
2.483323595422360784e-04
2.071931610935767850e-04
3.874726724166562431e-04
7.568095157597695254e-04
8.408033411492417701e-04
6.104229576299709855e-04
4.982189999338387798e-04
7.726324217580388511e-04
1.272173352130914195e-03
7.388736835291276383e-04
4.324550106898859261e-04
4.246545146156005708e-04
8.715983155273214055e-04
7.172206283981598634e-04
2.903587507392004071e-04
3.182694471351329405e-04
3.912055380371474880e-04
1.997230759192858982e-04
2.057886825340573644e-04
3.692806842136057369e-04
3.194107207575926674e-04
3.339242756077530198e-04
7.345290726741046227e-04
9.249053400104284041e-04
8.403694842150684222e-04
1.380397639004214781e-03
9.811879349054268475e-04
7.040559066370314896e-04
1.473627460696158879e-03
8.288197297133443903e-04
5.912023122035330817e-04
7.604500573625320135e-04
3.335495058723474170e-04
2.017564522340601339e-04
2.689260850139117698e-04
1.512999168617003883e-04
1.638429619812781181e-04
4.161291142673795209e-04
3.569690017436071613e-04
3.288112131963874985e-04
6.666281676717274694e-04
6.503727307797258763e-04
4.557487374652811310e-04
4.491510500819140489e-04
4.630972331608148619e-04
1.079242920812022773e-03
2.842452864424123080e-02
8.820889001687247724e-03
4.998038571042002750e-04
3.395401091836470326e-04
3.106623176790729497e-04
1.753627009305387956e-04
2.500564332053823932e-04
2.187577537175465795e-04
1.551795302487128300e-04
2.401662360849919327e-04
3.136060005561726945e-04
5.301330718310129407e-04
9.473345886320622350e-04
6.139472802774887132e-04
4.263422782809342848e-04
3.649023628285698794e-04
3.392800185609337865e-04
3.458359936014930320e-03
4.382977695967339438e-01
9.344369223246508371e-02
1.080581534916845573e-03
3.055211809879832853e-04
3.640646494626236440e-04
1.936065048587968336e-04
2.285708365848558219e-04
2.864906162937443665e-04
2.060168053566712723e-04
2.424965310187613288e-04
2.974995857192607503e-04
4.639452846117631977e-04
8.985089180253881406e-04
7.999799631661337965e-04
9.319314097307574525e-04
1.420450553962830220e-03
3.099041179950474414e-04
3.340702667223902512e-03
1.559027018970348955e-01
3.400744035776188251e-02
9.801040342231808009e-04
3.516751850783242719e-04
3.402905441859245496e-04
1.502266672359564223e-04
1.400812607429941068e-04
2.001844549714134963e-04
2.264309977738751176e-04
3.296912790920078712e-04
3.125506704793134345e-04
3.197833262471917759e-04
6.568069389430754301e-04
6.610594257731948866e-04
6.752499265017647932e-04
9.880623999146858401e-04
5.076660268728861196e-04
9.667478085415607495e-04
4.050513134312354151e-03
1.346116652666283281e-03
4.558640290662926108e-04
5.351211394473847933e-04
3.143905052830802457e-04
1.107838193378440309e-04
1.106917878166125660e-04
1.395226925905713165e-04
1.784885120194343680e-04
3.031487460297710456e-04
2.825728109135787220e-04
3.100333717085003828e-04
7.551551619346079510e-04
7.586945124703836987e-04
6.206478205297719444e-04
4.392401296084200006e-04
8.740630861676279475e-04
4.013322721498327385e-04
5.387219843250485880e-04
3.426427589701185679e-04
5.654616996989479368e-04
1.168475508335078440e-03
3.945168491872355328e-04
1.483646328662949101e-04
1.988486074308792818e-04
1.763984680558077357e-04
1.696943466745220075e-04
2.792299673652257172e-04
2.636955790845522713e-04
3.079060420648203119e-04
6.898786796930640904e-04
6.986497341388995998e-04
8.032383760677094808e-04
5.400226048108544216e-04
6.302168909666619511e-04
3.156606286747706044e-04
5.708486689942641676e-04
4.641946326195515462e-04
5.226260621114272144e-04
6.948619718604220679e-04
3.192877466092113254e-04
2.227341643331675833e-04
2.888536144553213616e-04
2.060871311945090129e-04
2.105785809673105843e-04
3.337503366557294520e-04
3.156543539266116073e-04
3.445426894757065987e-04
4.781777809841712538e-04
3.684743335236815285e-04
5.572086862381171214e-04
6.408769083339233442e-04
4.735528221968314196e-04
3.404252711593746248e-04
6.421449777879055304e-04
4.745605735646374725e-04
2.851915031074093174e-04
2.649570508487421186e-04
2.530388249231180675e-04
2.527349895074587822e-04
2.379617207694912859e-04
2.644094416312372858e-04
3.882609186729019373e-04
3.511253294795874222e-04
3.017522617824824850e-04
4.569595234787140981e-04
5.337964921200268140e-04
3.564851222785186090e-04
4.765763829033924093e-04
5.695754124519477116e-04
5.923166344775679902e-04
3.741077084661737352e-04
4.689640603520817217e-04
4.128930738399109708e-04
3.683554661745087238e-04
3.435097093318591806e-04
3.311229085440475501e-04
2.659807554064707452e-04
2.328384724115909344e-04
4.948758071595330942e-04
7.316628740511719369e-04
2.965212897650909389e-04
2.371485298561997010e-04
4.731651455167345133e-04
5.508425719527692806e-04
4.583069003456374129e-04
4.759941733857413486e-04
3.823422038967094457e-04
5.404451546230857857e-04
4.026397977768578045e-04
4.693674067478830359e-04
3.888604407237916498e-04
4.389487788829838657e-04
3.997704445426935932e-04
3.334971382391150154e-04
2.848392060598235569e-04
2.497383288050781624e-04
4.381764980004176240e-04
5.751592833409504201e-04
3.369340457443079149e-04
3.901985807850481673e-04
5.445137772501123033e-04
4.600539661380188524e-04
5.053266780861494657e-04
4.638622568299986186e-04
3.861707312085188343e-04
4.584690665018971195e-04
5.971182551125914229e-04
9.441413840052418965e-04
4.218630577496820669e-04
3.231861214908704700e-04
3.674888461153512473e-04
4.238149709077016804e-04
5.037183228364828114e-04
3.801903925533484736e-04
2.900473537847245891e-04
3.245472820851840498e-04
4.257655821620790555e-04
6.168399766821240594e-04
6.034723779533127152e-04
5.034734135599853522e-04
5.544344704545558708e-04
4.377910252788959843e-04
5.101269754030130941e-04
5.950308029529660257e-04
8.101549730097940428e-04
1.811661481745416346e-03
5.786054618389397525e-04
3.473555130614794611e-04
4.913603755585347222e-04
5.506843756550844739e-04
5.980373903638540279e-04
5.149188874686965725e-04
3.497585572959172940e-04
3.723268112852915770e-04
4.605661600025796887e-04
4.164143965908371982e-04
4.453830595923408695e-04
5.610964425566238034e-04
4.782825811494725789e-04
3.941625746199578831e-04
4.721941982075318210e-04
5.560126185819125148e-04
5.239305911408310892e-04
1.683236771317689470e-03
7.106344298141869815e-04
4.299931632727513721e-04
5.072493967470424270e-04
4.080206082697207656e-04
3.697735813226390045e-04
3.930930510224397035e-04
3.888170291386477267e-04
5.245031918541777837e-04
5.913292451805388789e-04
4.357250530692679809e-04
5.149915601689504128e-04
6.303845959096343555e-04
4.672132953084556545e-04
6.066886137556168346e-04
5.516173381984547158e-04
4.235972225023809982e-04
4.345355552492624206e-04
1.778951308755183499e-03
1.066544661023418076e-03
5.981610744213606157e-04
5.022407194893643975e-04
4.525115929896023591e-04
5.605523648414528076e-04
5.720083082828976255e-04
4.635771769588847304e-04
4.552870634767855343e-04
4.860739296243045166e-04
5.066825718978118205e-04
5.404634470356922422e-04
4.550516167129582527e-04
4.027533289669221685e-04
5.646412980826765468e-04
4.057554259078959675e-04
5.064293344558016760e-04
5.332829333279890532e-04
1.047261759723977590e-03
6.429021993262289082e-04
4.956658477677184987e-04
4.468012533466560253e-04
3.924223934091086935e-04
4.148161194425111463e-04
4.068366279721535991e-04
5.160959878709698656e-04
5.584907310904053653e-04
4.812039423912472668e-04
5.321767177002972860e-04
4.793141075104763232e-04
4.350046484436709488e-04
5.418184491693294521e-04
3.920150855021419401e-04
4.577970588862017090e-04
