1.109685457872680971e-03
2.874663984033346952e-03
1.625075965917896492e-02
2.086344114823380363e-02
1.108624995634801061e-02
3.800471821599575844e-03
9.075174207317734682e-04
7.929410284893085919e-04
1.268710058156677974e-03
7.870301968616412241e-04
7.156021497523125168e-04
1.181097095373400243e-03
9.736323896168346632e-04
6.758043992840213291e-04
7.576871262244896802e-04
1.053145775175002002e-03
1.497388287608330485e-03
5.663491452975276527e-04
1.549676150061210468e-03
5.728124375036809136e-03
9.986344027845844851e-03
1.431920319731799264e-02
9.082853398731707481e-03
2.352259761102647694e-03
1.358315992311689979e-03
5.110216640734129706e-03
1.151360829616315286e-02
3.544744919545304331e-03
1.532170524874066969e-03
1.787029973487672726e-03
1.265619932386071508e-03
9.495912885279163577e-04
1.140032255544675506e-03
9.328709984184857225e-04
1.093518224170368603e-03
1.305795892530735086e-03
6.167210184131874037e-04
1.420812598557939571e-03
1.630129071026234500e-03
2.132361398859279958e-03
1.638582578808759791e-03
9.470511470405486515e-04
9.139606343495071785e-04
1.534632390018993630e-03
3.178642875078907960e-03
5.050958410221727604e-03
5.820294160646518819e-03
4.141815560240747970e-03
1.309367552213348915e-03
7.406645481246066113e-04
1.362798520567535827e-03
1.108863425952664496e-03
5.705500540762104868e-04
7.182772916287661876e-04
7.279144962673708089e-04
1.284812580207621291e-03
2.829217726301050308e-03
3.335287221946091427e-03
1.424571759629224233e-03
8.285450988903257001e-04
8.808658637705113785e-04
5.663661579558482758e-04
5.429619106382329056e-04
1.594821161282852047e-03
5.276671959960359606e-03
8.817297069936270298e-03
2.827838827345921426e-03
6.756645198981006727e-04
1.092411004740167840e-03
1.461244230325061755e-03
6.544233343560597717e-04
9.266320726726727172e-04
1.174396464748358581e-03
1.635062416100332636e-03
3.220966274138101562e-03
3.884766124476991649e-03
1.861335774707233680e-03
9.810448531517702939e-04
1.406915714444763018e-03
1.373714567990017054e-03
7.391017631834564646e-04
5.855803952710668956e-04
1.555780048924121362e-03
1.393769145922757642e-02
1.667641919459691632e-02
2.026739285933177800e-03
1.116205002399808972e-03
1.267138899123176204e-03
7.552800690365850346e-04
1.036086995950255291e-03
6.946707323453698820e-04
1.164421580217176941e-03
1.199613315294709159e-03
1.590538073403663421e-03
1.674085210895271585e-03
1.034367704028325450e-03
1.493115540719946836e-03
3.075917135970875245e-03
3.180439627546888769e-03
1.039965197644078521e-03
4.989928329180357263e-04
3.323948288357120480e-03
1.529409624387705405e-02
6.002517019739781606e-03
2.289049572290956843e-03
1.115665938828817698e-03
9.693543411669226914e-04
9.993176017646385537e-04
6.275716563991395229e-04
1.065944082647125564e-03
8.380155088915870786e-04
9.988065417701333989e-04
1.150142630304698890e-03
7.714465057220047054e-04
8.707852204415724448e-04
1.621726999896808347e-03
3.993116446738804483e-03
2.604382492003886988e-03
4.238217946214113750e-04
4.194428234755848812e-04
1.747377206573676395e-03
5.314413308958422684e-03
5.063647648770461945e-03
9.943704332560721407e-04
1.104085635907417744e-03
1.202994665491748929e-03
1.168277014818851342e-03
9.486046719603454663e-04
9.072893246892953407e-04
1.281354310753864004e-03
1.144894252755616166e-03
7.460892769067346483e-04
6.909655162976166207e-04
6.259117130680512658e-04
1.117387115758822517e-03
1.747327638193747973e-03
9.349372353802697967e-04
5.808825585110519813e-04
7.122313797951159483e-04
3.915231570805929352e-03
9.657457989371464463e-03
1.076900032377668464e-03
9.126083138204657899e-04
1.091394752856054712e-03
1.256955732634618692e-03
7.865519259117616756e-04
1.123203527251287904e-03
2.104038659332726352e-03
1.679515108273959808e-03
8.927351445338504608e-04
6.761045002191012378e-04
5.637918182875384333e-04
7.004098761334633409e-04
1.023142784258572035e-03
1.785802265832952184e-03
2.067325974484922942e-03
9.720933808321535101e-04
3.180288701374656569e-03
1.238926837793495953e-02
1.589755776784746322e-03
9.244062582847588274e-04
8.075533264713842399e-04
1.125014181086400351e-03
9.617275623601801273e-04
1.352957404978156163e-03
1.644549034376798207e-03
1.014551176313255700e-03
5.625831034559722679e-04
4.664193618284469592e-04
6.958270102491561152e-04
1.342287264438884369e-03
1.338545825274695599e-03
1.791721243305470414e-03
2.297554986728048490e-03
9.293990786955514012e-04
2.014877154805938455e-03
8.075865874352054080e-03
1.943425010035695075e-03
1.259950696253803876e-03
8.773669769656219832e-04
1.155155205173302767e-03
9.611185256977595841e-04
1.106253860353047019e-03
8.428014367505938173e-04
5.168145625726505623e-04
5.193118265634255083e-04
5.016540782307336637e-04
5.481929580525682398e-04
8.959455901687452418e-04
8.275177324392677097e-04
1.047860310070609880e-03
1.623592182909869850e-03
8.202812661126273382e-04
1.345182216444459032e-03
4.828692942555612433e-03
2.062941072091279554e-03
1.505038375629087505e-03
1.242125560570333815e-03
9.661371118926939455e-04
1.069788862850637413e-03
1.514758873255310240e-03
9.051827109174647975e-04
6.219317286601392172e-04
1.097955091500445310e-03
9.898343419035237050e-04
4.522884097939466235e-04
3.676685681348214460e-04
3.397701731921128673e-04
5.948008849367506521e-04
1.316714153761059086e-03
8.148704772380633947e-04
1.178399246410457039e-03
4.613413853533312840e-03
2.347710337485673336e-03
1.057095944115243749e-03
1.175154620201963439e-03
9.674482264613317676e-04
2.437588214229215178e-03
5.477015432601619466e-03
1.746117194554130990e-03
8.269713528815411750e-04
1.680302140994738075e-03
1.514305077874563430e-03
6.166026463554023090e-04
4.804038930118096967e-04
4.257545621089174398e-04
6.595451254597971616e-04
1.592865647444870018e-03
1.191753022318637429e-03
1.414396347132144483e-03
4.678090683582526721e-03
2.289049803210502481e-03
6.766806723729928193e-04
9.928759317298799323e-04
9.194443881893974574e-04
2.317171461595753622e-03
8.558690637817818400e-03
2.203964102515428968e-03
7.355077484215707473e-04
1.224718453857402039e-03
1.064111022558532913e-03
5.570339248936064360e-04
5.472640388821608344e-04
4.844492584112498868e-04
6.526646351695821434e-04
1.554343504844153158e-03
1.137216554959104850e-03
9.661292156348569001e-04
3.139335158343543614e-03
2.512559619954008849e-03
8.099073906482978993e-04
1.142964487005105516e-03
7.096654028987908844e-04
6.963956341066907018e-04
2.732912981355626204e-03
1.298688781653934386e-03
5.361687660119677850e-04
6.327831710370185759e-04
5.107198066311727453e-04
3.850602085001186489e-04
4.768692049229402070e-04
4.879936280474881901e-04
6.898291845205255799e-04
1.030029328190270113e-03
4.230802291156998771e-04
4.397726547508106474e-04
3.439535566138880642e-03
4.588965571569300107e-03
1.037422492929295555e-03
9.740298931225253257e-04
8.644324636813227689e-04
6.282938299226369441e-04
1.456125873380827683e-03
1.120399588254062870e-03
6.457753795364983831e-04
5.472364648265342409e-04
4.690689306366428377e-04
5.841657706608652982e-04
8.874263466255578707e-04
1.072840284954574728e-03
1.747665222892184986e-03
1.454327391919352707e-03
3.864468283955481550e-04
8.209237712572831774e-04
9.246723778164453109e-03
5.228103751669013928e-03
6.324609136883702423e-04
6.564975341737914897e-04
9.833180543091118476e-04
1.313370307154026724e-03
2.217795061772629816e-03
1.810425737582685738e-03
1.005356880777054157e-03
6.655486956269299377e-04
6.202085063015759904e-04
8.729390018304057121e-04
1.050946530187309505e-03
1.079103302373451674e-03
1.772846619893414175e-03
1.465178817295243125e-03
8.132435749951147331e-04
4.158911572926699517e-03
1.673738319350290271e-02
2.072719475010956561e-03
4.219949028853868696e-04
7.614649265309316210e-04
7.921202162972387989e-04
1.123345804499745453e-03
2.208250478624763664e-03
1.942586319987078336e-03
9.038691298483850440e-04
6.186043830931373198e-04
6.434215267564949003e-04
8.315654807193086908e-04
1.014177170618066771e-03
9.117875778564963262e-04
7.582636257262104435e-04
5.261612362241890059e-04
1.040034571483336575e-03
1.140459012821763186e-02
1.366268793935518887e-02
9.890522588654000660e-04
7.438450710395111106e-04
1.010486313474452452e-03
7.829858183267897256e-04
5.933267776188131228e-04
1.662705789895304979e-03
1.916388340069018073e-03
8.151109150839581192e-04
6.135207885964383615e-04
6.155561848218037624e-04
8.021786813335432574e-04
1.909999178675876727e-03
2.083363372447419228e-03
6.822886994134942130e-04
3.856486596707633181e-04
1.791962716112836156e-03
1.535681863596441779e-02
6.900689066257638914e-03
7.615319129709943475e-04
1.259749782356611465e-03
7.367429865351902106e-04
6.038863613294135312e-04
4.945891795102497950e-04
2.113980606653025236e-03
2.742606102787550904e-03
9.240487263304488158e-04
6.595915931019041313e-04
7.097878190836019686e-04
1.039265863054331497e-03
3.120222085345994347e-03
2.579681418316485519e-03
5.920788529235565490e-04
7.548990602680455018e-04
5.478029103731515276e-03
1.110950169644136717e-02
2.081505532599472325e-03
4.960911613080079031e-04
9.360859934381789626e-04
4.749332305943416641e-04
4.595314787113238385e-04
9.424345554708876260e-04
3.657483406726309318e-03
3.396679719261171560e-03
1.003612572802440109e-03
7.997937557333333666e-04
1.177070218721255630e-03
1.707704311616744771e-03
3.134224022913243476e-03
2.030691285979068818e-03
8.960273651736530131e-04
2.725375269936027023e-03
1.094654941923287571e-02
5.009802280317617908e-03
9.931208719015035841e-04
5.264986295710722764e-04
6.157881947408096667e-04
4.219383427406469102e-04
4.955373519181694060e-04
1.990565068003666196e-03
4.145352966786121363e-03
3.283136348085719403e-03
1.631313011398198695e-03
1.371413200857969509e-03
1.288175902778215809e-03
9.604736177261591692e-04
1.303843796166504311e-03
2.670330445501587716e-03
5.526709994548628657e-03
1.001668921178936605e-02
5.419487449502017815e-03
1.451114960548417591e-03
1.016707232924205255e-03
8.644783601880281793e-04
4.100433552621566245e-04
3.562815928558889602e-04
2.722622116677392203e-04
1.308534691981985470e-03
2.371657939573323763e-03
2.899561986574837168e-03
2.938554441373982841e-03
1.977216880214338873e-03
9.678834742283187265e-04
5.907263805838727615e-04
9.794927001793699885e-04
4.242262826660211754e-03
1.235656623133282034e-02
4.820063835134199941e-03
4.556917173060255968e-04
1.835647691398809012e-04
4.500231923486766703e-04
4.282550676500275597e-04
1.531278380031979205e-04
2.500195964229506114e-04
2.340057684293978240e-04
1.043451804396199317e-03
2.637127629026502287e-03
4.179726327417485413e-03
4.347169426193844659e-03
2.183759874145717577e-03
1.536182115022845501e-03
3.306799298369958971e-03
6.100922794469536975e-03
4.018109620916423923e-03
1.474068414887468384e-03
2.597848284296934342e-04
4.059616558422316765e-05
3.499501299600643118e-05
8.073689770646403621e-05
5.792315361784811827e-05
3.453815552985251989e-05
1.242234951067319726e-04
4.066876408278577264e-03
8.865448055161415097e-03
1.843787391176674589e-02
2.717177597780214005e-02
2.160618737527510852e-02
5.024635195675490086e-03
1.946236558401316999e-03
4.778064720959919638e-03
4.181436944839192309e-03
2.390070949073095610e-04
1.884967082700206959e-05
1.473477890824560745e-05
3.110420976841659805e-05
5.097338557216312023e-05
3.415859858515838971e-05
1.096825559726272786e-05
8.020562231948490364e-06
2.920498215659133993e-05
