3.796783547828431245e-04
1.881836573029249226e-04
6.699242904255219748e-04
9.497733501560527009e-04
7.541453913097915466e-04
5.971563158178826419e-04
7.110753217153390794e-04
6.210181178098590727e-04
4.223450530490286802e-04
5.095748119371034312e-04
3.869621668156296955e-04
3.211901600169589453e-04
7.970410503487690597e-04
7.440130579489363056e-04
4.926772549208734316e-04
7.577996808660515541e-04
3.224916725451885393e-04
8.456719507126950804e-04
5.416598305919389763e-04
4.042905374572355296e-04
8.820161063619072440e-04
1.090495889773499590e-03
1.884204563853261608e-03
1.489650437618853180e-03
1.269269515581881612e-03
1.512919249644111312e-03
8.482937873748134247e-04
6.409100954265433640e-04
8.757124135516143474e-04
7.240459460239871041e-04
7.008949542925384116e-04
7.095273888341056996e-04
8.041343432306460219e-04
1.357605331156153507e-03
6.016417834782525256e-04
5.556687288570860608e-04
4.024882002365019122e-04
4.220202836159811792e-04
7.139056589417834379e-04
4.184672354087582455e-04
8.200449548144496436e-04
1.244939424707687016e-03
7.916485202016883055e-04
8.514180121232162212e-04
1.180686923073039681e-03
1.595624706258948157e-03
2.909117007170767578e-03
3.106366025459064706e-03
2.140782725214714164e-03
1.164747534528219044e-03
8.387026287589673980e-04
1.420752670005695408e-03
9.845126073707048328e-04
6.444894308725192386e-04
1.856908311275963985e-04
3.814893224465062288e-04
1.116929016780951207e-03
6.739821288764375699e-04
8.749431507142306887e-04
1.572835119654660387e-03
8.716495121844938755e-04
6.822431137908546890e-04
9.188696242406348786e-04
6.297998565242471499e-04
5.365760875356601241e-04
9.731816145274953429e-04
1.711834123372570375e-03
9.650125956100496800e-04
4.615114044693289131e-04
6.373416607519508028e-04
5.074638272424066184e-04
8.673681428568035152e-04
4.920764728597571379e-04
7.960777908135785366e-04
1.360553898805561034e-03
1.024630944732068082e-03
1.027474142610377292e-03
1.348484872570722762e-03
7.491639158722346705e-04
7.643044439215982040e-04
1.442567942793220514e-03
1.139748069618709558e-03
7.719665614919562439e-04
9.251347834305707245e-04
1.601475324986649344e-03
1.131535969722393667e-03
5.171198020884954687e-04
6.267785603183843911e-04
5.030683585524220892e-04
1.435142532324703559e-03
9.908490947998433492e-04
1.324085001156460146e-03
1.282937209884215746e-03
8.257976131675434000e-04
7.544709777919125738e-04
1.021004885286169294e-03
6.201685086890370083e-04
4.812162565711429344e-04
7.069177743057431613e-04
1.260305866736978172e-03
1.740058712782144778e-03
8.855906681430569501e-04
9.321033362224485268e-04
1.344699804503096934e-03
5.332693917936709178e-04
4.290653563541584883e-04
5.966534875153975664e-04
8.298975280408298245e-04
5.655123545411991359e-04
1.019301349408173636e-03
1.364300024273583942e-03
1.029362554421627994e-03
6.417726468176080269e-04
6.391902983516816687e-04
7.754067541289708272e-04
7.907706302347615067e-04
4.523731984265350775e-04
6.609231733567313147e-04
1.381210798485764824e-03
4.259106789686582534e-04
5.047027717230496069e-04
3.170349797920547167e-03
1.472415482211132491e-03
4.606482797604191746e-04
8.250840789638591230e-04
4.632031211119114916e-04
1.014588638514529306e-03
1.102923218564933958e-03
1.005275376625979237e-03
1.324100460924101767e-03
7.465085067368973457e-04
3.381378024789457259e-04
8.487237636925750112e-04
2.296875507342465220e-03
8.201770504877752607e-04
7.906894385293572686e-04
2.133854642981541840e-03
5.285873822033035786e-04
2.688085862962273252e-04
1.679401184081802390e-03
2.051795283926783914e-03
8.335459077157837118e-04
1.255913109589603012e-03
6.411359362963702218e-04
1.144730086839452999e-03
7.298936711595782308e-04
5.235011501839708379e-04
1.172249783977797818e-03
9.214196593419670192e-04
2.467013863451255912e-04
4.881926904753025620e-04
1.476730869529494731e-03
5.397023054490247742e-04
4.950788685572050322e-04
1.673792848106859816e-03
8.944844878562038630e-04
3.056884914573761288e-04
5.167011974552657323e-04
1.171877130276391876e-03
1.171985673248723218e-03
8.525410233187458685e-04
5.666018871568449669e-04
3.951719149752731613e-04
5.508977331320356104e-04
1.029109848375412729e-03
1.442152710546949551e-03
1.121679197218869266e-03
3.338516162241177121e-04
3.326667677805610957e-04
7.989211438043452391e-04
4.572029137249708258e-04
2.792727327547968948e-04
4.914822111690654236e-04
9.415245043489550757e-04
1.492821616501625436e-03
1.498301893372409530e-03
2.137413997760433202e-03
1.966828594174214930e-03
5.822745830928623264e-04
6.951078933100149739e-04
4.164589836024107047e-04
1.109948881010890684e-03
6.501087957389859243e-03
2.257699566310947953e-03
1.398073048541692478e-03
6.556425788675623997e-04
2.492134371611437384e-04
4.682886746364414102e-04
5.844714233241366311e-04
2.908180130331482162e-04
2.176273635487985367e-04
3.765534059543101638e-04
9.470547054766195218e-04
1.039551710884906166e-03
1.658336050338937500e-03
1.688285687102114444e-03
4.705146881543163014e-04
1.408304715615130501e-03
6.013587917262398774e-04
1.030087483775366831e-03
3.155729483639613253e-02
9.397461166949588884e-03
7.693470907459609189e-03
4.374252248149057207e-03
3.635015737328352358e-04
2.384671442339210499e-04
4.616553766974207580e-04
3.797807857051068510e-04
2.931375145035342413e-04
2.900867009797743895e-04
3.570018384690046959e-04
5.688489758301192370e-04
2.440387996136319290e-03
2.241473385093251027e-03
3.272900346701051576e-04
9.134564031096066659e-04
6.488031103666890833e-04
1.236255602294825031e-03
1.423122431126534193e-01
7.954561679884339376e-02
7.521407548255890085e-02
4.207025539154433252e-02
1.830890308523949609e-03
3.848175089138291811e-04
4.715287569531751376e-04
4.232805727734400593e-04
3.356308907856848630e-04
4.097584612742727686e-04
5.451671921675271641e-04
9.325690224362547399e-04
4.510624196865771485e-03
2.799613208283946355e-03
2.706440908915495555e-04
4.300408867317967909e-04
5.331111034619780923e-04
2.080559595335199161e-03
9.179953703039206436e-02
5.081934504664805535e-02
2.566291093347788932e-02
1.166575833587122323e-02
1.921405332099679298e-03
6.094568613910937354e-04
3.916580581591434318e-04
2.567110252024703350e-04
1.790495547468881556e-04
2.533115141927422460e-04
3.047047952222867715e-04
2.244202433798402573e-04
6.200568840742466583e-04
9.671010931959438508e-04
4.494747410051779532e-04
6.202660315064241654e-04
4.348600991064556476e-04
9.326579932131234384e-04
6.364872675070503555e-03
1.161225365216587979e-02
4.545028014864599571e-03
8.210191285504864255e-04
5.483370028689568947e-04
5.312168909712603566e-04
2.278340591759350677e-04
1.644346938364743907e-04
2.759095412607219153e-04
5.895142844517438103e-04
5.116233979732292452e-04
1.865892872191869092e-04
2.480523138454560420e-04
5.278834957714500847e-04
6.408161923803771436e-04
6.893949264080825911e-04
8.204502946150549203e-04
4.423761863855937750e-04
7.164075834100164372e-04
6.919199509670736180e-03
5.279034445161033193e-03
6.027789862709118313e-04
5.224743353744932444e-04
5.820259639045658774e-04
1.770348473340008016e-04
1.533337257144071783e-04
6.123898881980329931e-04
1.878588943968566337e-03
1.783762044092711838e-03
1.145824602007858208e-03
1.233541675868778586e-03
9.278020549122988070e-04
5.780046888115037296e-04
4.280851273249452701e-04
8.858379791344312987e-04
8.863219606325713467e-04
5.892418815320396444e-04
2.761210110878550752e-03
2.590116572271033025e-03
7.175555003249514284e-04
6.683289514253662683e-04
5.360651105225537399e-04
1.984755438325055445e-04
1.861553198485286261e-04
5.404171593822050925e-04
8.142414745100030665e-04
5.485417285612941311e-04
8.783944415586092359e-04
2.080985657609336816e-03
1.453014462473072943e-03
9.306640399404653152e-04
7.580609320858179958e-04
5.563200775582337202e-04
1.592851870925180227e-03
1.024875869909412478e-03
1.074406037055936633e-03
7.866754773225774315e-04
6.958671857056252181e-04
6.981616961065457636e-04
4.121622958969924978e-04
2.552546112003159506e-04
3.039938838387129527e-04
6.117836917294083117e-04
6.372073488404675660e-04
4.279506039729416133e-04
8.089637515703566222e-04
1.302600345857297774e-03
6.798007264069217456e-04
7.673251447855258161e-04
1.134343121105171577e-03
6.415488218052550632e-04
4.885598196059863334e-04
6.867807608024867729e-04
1.155358676973028843e-03
1.094974034383524534e-03
1.220118072386424616e-03
7.995248810718809515e-04
3.695893099912103013e-04
4.522426124932906214e-04
9.122644150769014309e-04
1.364538240418641151e-03
1.326232202756191933e-03
1.920339875657846220e-03
3.883718483074421156e-03
1.584315470717756859e-03
3.184419975758482984e-04
4.023762022854247638e-04
6.875286306805417210e-04
6.209628298880909411e-04
2.325328965617447967e-04
9.473036710524036742e-04
3.116788629516507609e-03
1.733527652262232838e-03
8.191706707349621789e-04
4.737869194856457380e-04
3.416408644619816953e-04
7.387110094388640467e-04
1.700940786066492674e-03
1.139778050551120293e-03
5.681983696170803339e-04
1.126690716393463935e-03
2.925001776659179233e-03
1.257753485319871439e-03
4.521750299726310664e-04
6.729461258047612525e-04
6.579154792305831872e-04
4.576127359781664134e-04
6.120883789101513005e-04
2.775555785701554028e-03
4.353501077179609997e-03
9.909966164429761561e-04
3.918298416310860097e-04
5.790574944711151043e-04
6.825132725059664032e-04
6.693466345488934899e-04
6.979360042663540009e-04
4.596079824392272531e-04
3.497180163172058888e-04
5.990965702502162133e-04
8.469989087482946702e-04
5.626065203989657820e-04
5.312424939278862423e-04
6.452794249930951997e-04
6.203415044297464018e-04
5.313305509473321324e-04
8.358457336476756957e-04
1.517968843102606357e-03
1.398229271835792773e-03
6.261076914323345519e-04
5.702723854918065848e-04
1.059213075378885897e-03
9.046263212795784166e-04
4.561044453927937006e-04
4.290465052337497868e-04
7.521990770909639827e-04
1.322533581612406976e-03
1.050914147560906651e-03
5.373647672786989373e-04
5.307253426860348341e-04
7.494919624043306240e-04
4.979342187216824825e-04
5.869062267226673275e-04
6.930853524417558698e-04
5.267668732187849503e-04
7.317388187797438815e-04
6.005012681371395830e-04
6.439234841708247649e-04
8.804980089971312313e-04
5.508511027368866945e-04
3.260897121757714277e-04
4.385475986710331178e-04
7.670172575701435366e-04
1.186192280867478773e-03
1.172605151302961654e-03
4.624354250444871555e-04
2.868229554627380073e-04
5.628865335317710271e-04
8.902710004144731310e-04
6.644297738237508631e-04
5.494949392515280969e-04
4.647022014212692548e-04
5.046056749022906135e-04
1.697075743639013361e-03
6.954241824072638148e-04
5.827892421836792592e-04
1.361313030159995658e-03
6.387632220814745037e-04
3.364831400343649059e-04
7.657466747522460307e-04
8.718675575071481052e-04
4.874370431517891238e-04
4.143245708390855134e-04
3.785193272581192166e-04
4.999545434038915907e-04
5.487013700121638835e-04
3.477873900413341467e-04
4.629999313239182841e-04
3.010891990399348060e-04
1.140170244016765373e-03
2.107512716211451011e-03
1.292756256491981066e-02
1.751001308174641481e-03
4.900800023170123016e-04
1.178530130849218946e-03
6.337962698642158818e-04
3.142839569311104146e-04
6.388731346673942948e-04
5.263733364798511534e-04
3.627178628714579638e-04
5.545623689535385996e-04
4.686430443141285170e-04
4.171899294715593906e-04
4.601323686638591299e-04
4.287367874902671514e-04
8.513747208781871243e-04
4.295858657529209195e-04
