6.358633199371186481e-04
4.224275284019369213e-03
1.453326002110834174e-02
6.737298011897507356e-03
3.607413251294446475e-03
4.860752666703123566e-03
1.566278846908108471e-03
6.459000246878773182e-04
1.496550284881562488e-03
1.325536039516322278e-03
5.967036256974753540e-04
7.872668895072324185e-04
1.145371801571862117e-03
6.783689109895233403e-04
4.707556428889717146e-04
8.379350089544949616e-04
8.985061731190511916e-04
1.428750076282109000e-03
1.022768164277349390e-03
1.205453348905695561e-03
4.000930856810905843e-03
2.555685805513476915e-03
8.322354901974946461e-04
1.021944936415616163e-03
1.917530620150393033e-03
3.563722186215932935e-03
5.343059342681885301e-03
3.199305687278652770e-03
1.679095101631811063e-03
1.390557388582659920e-03
1.641881337213997160e-03
1.244226713978924563e-03
7.109435292373735569e-04
1.234060540289887197e-03
1.458688230813157084e-03
9.746660005525762229e-04
6.425452701751306487e-04
8.345800180195667639e-04
2.277226543209042234e-03
2.550799178557885353e-03
2.376635218701203620e-03
2.525643081420027997e-03
1.840341009539912809e-03
1.455307077921027354e-03
1.921168438651676838e-03
4.648634160939029911e-03
8.299584622895862102e-03
2.669206423217922435e-03
7.013896664586089652e-04
5.443602806624850323e-04
6.005161397664992044e-04
9.916516140504550922e-04
1.123872265459095613e-03
1.237502088526725797e-03
6.401154892349482546e-04
9.148155732601116101e-04
1.321348268448372222e-03
7.975601465541957546e-04
1.140928755760218984e-03
2.242307466235011777e-03
1.504900159360708862e-03
6.566492449870129158e-04
5.633192678864236067e-04
1.515170739945969442e-03
5.444199066545953904e-03
4.345374260430489612e-03
1.170987786518949648e-03
5.849667326252539976e-04
6.642547578597741498e-04
8.187191987126129665e-04
7.506332406238606881e-04
1.240854293873731558e-03
7.582324405029351949e-04
7.351050443059750162e-04
1.570729218113418044e-03
8.220253638575214690e-04
6.021786853660750704e-04
1.234182784296681320e-03
1.626032052563067308e-03
1.143742819747055718e-03
9.561880512479843316e-04
8.445695627341365079e-04
1.133598050374680973e-03
3.002490658343837365e-03
3.477568380624975874e-03
1.374842367854525087e-03
9.569652895133426039e-04
1.172542457809062520e-03
1.284190628843528623e-03
9.293584549244841798e-04
1.287574407529458844e-03
7.620947999201037326e-04
1.887166161422259040e-03
1.631368134681539152e-03
8.172225096170916258e-04
1.025286773026245265e-03
1.347246209447255190e-03
1.152550486252077681e-03
1.428866860249438297e-03
9.314342644882516939e-04
4.673194325730823913e-04
1.594006669107866578e-03
6.347469046068967766e-03
3.350173962432554785e-03
1.187271267094866783e-03
1.041656742098537964e-03
1.927116593984232878e-03
8.308405685477596603e-04
1.239680151621803169e-03
8.229738332942408566e-04
8.682085624388838569e-04
1.011332883206063609e-03
7.310535096878140442e-04
8.458055382792420722e-04
1.035509864940072902e-03
9.166086086530304995e-04
1.383167134106370356e-03
9.910453498622065569e-04
3.455068375223931620e-04
7.617073187103289922e-04
4.062302129538554636e-03
4.717936210197695018e-03
1.740523344103917782e-03
7.634264329524578395e-04
1.294807842512074028e-03
8.307790719320654700e-04
1.054240329233820453e-03
1.141671659791051790e-03
6.057628281081106538e-04
7.841225414777233888e-04
6.837650731421288791e-04
6.600006040481626139e-04
7.862864895415275137e-04
8.715627431480881936e-04
1.524515712997864250e-03
1.198210049413923808e-03
4.209640722772380311e-04
4.766410188297152180e-04
1.178410001306815294e-03
2.103642335064598648e-03
2.301094482112585153e-03
1.373077910037696350e-03
1.543785142831239016e-03
1.270339380096979819e-03
1.339411188226895645e-03
1.245542450909002067e-03
6.954834724688942985e-04
1.219125179258362000e-03
1.271231477017229806e-03
1.122697847333939316e-03
9.785932472610907665e-04
6.496608914333878645e-04
8.039294284811590759e-04
9.191018490772408841e-04
5.822951608269342702e-04
4.752188524253304252e-04
4.957779115819819712e-04
7.592934868554739817e-04
1.591386086189192041e-03
1.513016903447820952e-03
1.217700586589823969e-03
1.006644359755534072e-03
7.434117702522029768e-04
5.718124376868756681e-04
7.928265758470715800e-04
1.462142447558833136e-03
1.665133934860062691e-03
1.968131194875110106e-03
1.755888356078753008e-03
6.884248375975563980e-04
4.248563321356807606e-04
6.136556461588613945e-04
7.184742185355189785e-04
5.281112148095932352e-04
4.858372382570922006e-04
9.757202633607209427e-04
2.170916880531222753e-03
1.433879481787933216e-03
6.444099706718885460e-04
5.177065260580440698e-04
7.929493174287654969e-04
1.067999957920216054e-03
6.597881641076663861e-03
4.393530549590931450e-03
1.856991377745049110e-03
1.610165254571550896e-03
1.613024079132561192e-03
9.493323444981938575e-04
4.763712222627924367e-04
5.790382336678370680e-04
8.952779226003105889e-04
6.708142338190904372e-04
5.688466291720724278e-04
1.234809937654384165e-03
3.453069486703036831e-03
2.802743482596582389e-03
1.086251765035901483e-03
8.432928459823556093e-04
1.207796421459201869e-03
1.617069932910748927e-03
5.336382640747318329e-02
1.820496926772438226e-02
3.378950842908658592e-03
1.798099278087736050e-03
1.231400095190351377e-03
8.875366288608086632e-04
4.360106829417257626e-04
4.054525918823616922e-04
7.000950561482394575e-04
7.423860109766630905e-04
5.735042094122165882e-04
6.188471504091445094e-04
1.662248838472753969e-03
3.079225682888773845e-03
1.767043258139250252e-03
1.361153589235083398e-03
7.423617814245738952e-04
5.131496990799182647e-04
6.366739758908272762e-02
3.615124896924439002e-02
6.366365987519968274e-03
2.701899186411717453e-03
1.181421102996670644e-03
6.281263462248291981e-04
3.310887547792822050e-04
3.391595847558307353e-04
4.638212689673157623e-04
5.868376970033893506e-04
7.755247274486689940e-04
7.118786248497311914e-04
1.370792374758041891e-03
2.725792246838881685e-03
1.603997727368269149e-03
1.188157946030513491e-03
1.394277236909060701e-03
9.114165799355000838e-04
6.389041410438738022e-02
4.818887953599197693e-02
8.588841871303164871e-03
2.306684336874483422e-03
8.550231509031537992e-04
4.939539315363206205e-04
3.214924133602496659e-04
3.246232292762908363e-04
3.055064477950475009e-04
4.423651915290050148e-04
1.017094186342183074e-03
1.042145903715620313e-03
1.429781945459499947e-03
1.783403383705475624e-03
1.086161704358825589e-03
1.266998215254717779e-03
1.627533141213659924e-03
1.032168005625461226e-03
6.141369532160574109e-03
8.684527563844114673e-03
6.837991479924188792e-03
1.873239078909722790e-03
6.531507974064530622e-04
6.447506152829220833e-04
4.347378402134455667e-04
2.164819220364255932e-04
2.095426165815284089e-04
6.099664853629556448e-04
1.110626870845581168e-03
6.701569508774032772e-04
9.152890278020361838e-04
9.078069248504529913e-04
5.909190973817873924e-04
1.169450956229377411e-03
5.910514793021375739e-04
3.684965899268076569e-04
3.372087986646394968e-04
1.285215228379809997e-03
5.428582452995921528e-03
1.784658523766005124e-03
5.406128399583316150e-04
8.782361831045049864e-04
6.997437039628007704e-04
2.326296349220146882e-04
3.440146512306104160e-04
1.579491665844794156e-03
1.458242014939000559e-03
8.798585541099113476e-04
2.616942228777146238e-03
1.878599876841281768e-03
5.794122707745892348e-04
7.980754084094233373e-04
9.159075473812911027e-04
9.286239074295058338e-04
7.567513435847857909e-04
1.981142123066735594e-03
3.788176660625725434e-03
1.124719477738853621e-03
4.407389082632473076e-04
6.657310448168721369e-04
6.192095026630137656e-04
3.665886251956260037e-04
6.815721991067239189e-04
1.416670178627770860e-03
8.160644355076073246e-04
1.371243106807132220e-03
7.782620138680510294e-03
3.017700310195483345e-03
5.868943761382677989e-04
5.716385573526051129e-04
1.720752776730445242e-03
1.544747396655850704e-03
1.972070999803075212e-03
1.972507130154241631e-03
1.098477296106778684e-03
6.955331575065952466e-04
6.112457559454235068e-04
4.820568168920399813e-04
4.039583863012607794e-04
5.202435018248432758e-04
6.494444848635144620e-04
4.203277629360675826e-04
3.702648483533985211e-04
1.598725971168711265e-03
4.384583504144214279e-03
1.039520378833223846e-03
5.041849639554920031e-04
6.240225516830695714e-04
1.546877641071087162e-03
8.600835867901058564e-04
1.345431625878210601e-03
9.565804403570128504e-04
5.000872493757698963e-04
7.344559978670959881e-04
8.793795410331333448e-04
5.259676444057839566e-04
6.039599734282841007e-04
8.659001697442952937e-04
4.938547456306536338e-04
3.504895810441118571e-04
1.374089042116361827e-03
6.646431249154610525e-03
3.200646843797010262e-03
5.444736306643027527e-04
6.906382991873238246e-04
8.192617280520485008e-04
1.123767629844769347e-03
7.961014060977648042e-04
1.662795376225955669e-03
1.148934485503680337e-03
6.524126734410041345e-04
8.487021300943842737e-04
7.921134944835623833e-04
8.023831417696124799e-04
1.475423317786026456e-03
9.924128379562668998e-04
3.752311078518023174e-04
8.833353688759091596e-04
8.396977856412215363e-03
1.530320579965211911e-02
2.276126533284193558e-03
4.720102373053444039e-04
6.996807807684894080e-04
6.551663161888750990e-04
5.132187789843375026e-04
4.946107758872025049e-04
1.558663069173509214e-03
1.113648400443940445e-03
6.350361210784755432e-04
7.337030282309117950e-04
6.556480508088894255e-04
8.614619637687320275e-04
1.294841839771341792e-03
6.649956313366161631e-04
6.314287205951209670e-04
2.999224086428534889e-03
7.526008827480972461e-03
2.911186607224384559e-03
6.521359645893008792e-04
3.968262915086751886e-04
5.392347198363658424e-04
5.305030961186001526e-04
4.532427449769854504e-04
5.003637264029034111e-04
2.144852797864842814e-03
1.377832326575841298e-03
5.918444529904377024e-04
6.304344856244801110e-04
5.515216319977340066e-04
4.846148243716616650e-04
6.077422747622062424e-04
1.163724912448238155e-03
5.135551474069607707e-03
9.759046637302907015e-03
2.187286667119008130e-03
4.360755520292434041e-04
3.597726321938315291e-04
5.351933530601265957e-04
5.804271746441314094e-04
5.923425365149598883e-04
4.751039629921742784e-04
9.985179718803780229e-04
5.008793881772649788e-03
2.770076879494078482e-03
6.896165061500562129e-04
4.508160177282766255e-04
4.504620988932273181e-04
5.341079562210326133e-04
1.053447497546993947e-03
4.590127549151740843e-03
1.416408565487034359e-02
3.973000544326590715e-03
3.566371212258091024e-04
1.957747992777398997e-04
4.478912715100750140e-04
6.560318379893583050e-04
5.148121260660126807e-04
4.396167022600742979e-04
2.200610531944421162e-04
1.311593222828838501e-03
4.541291269934866377e-03
2.758204150707862633e-03
8.201625881191762285e-04
3.697962485362753628e-04
4.924204988517237418e-04
1.590123503746587556e-03
3.287008102552764575e-03
3.003942989848606190e-03
1.200644765321958645e-03
1.932807690411703918e-04
6.863279588006596934e-05
1.362934759871868985e-04
3.014669483493667723e-04
3.190710213765231458e-04
2.787276278046499985e-04
2.162713729296224078e-04
6.269453662497721097e-04
1.067667347656196808e-02
1.528069754513489142e-02
1.194599358245673239e-02
9.894126405965521232e-03
3.277141697804204085e-03
1.696099023387452522e-03
3.515033347174656517e-03
2.581428483938106363e-03
3.529508035010186368e-04
8.374052759584562776e-05
8.697903154961331303e-05
1.738587142760734971e-04
1.888046882232730930e-04
8.398069529314316150e-05
5.392307611667510877e-05
7.785475708739045026e-05
8.395537192736097110e-05
