1.302643119285591851e-03
3.089291968704139558e-03
1.066535874774098870e-02
9.723229341461487457e-03
4.301169317724061122e-03
3.032655370390957474e-03
1.566038716433761340e-03
1.666869810676327359e-03
2.720438029004649746e-03
1.679056080661343008e-03
1.089026226885308601e-03
1.126421390783015385e-03
1.402353110601222254e-03
2.059985090661366289e-03
1.945244431152045759e-03
1.463328086755794457e-03
9.200402048691270953e-04
9.803204648111121453e-04
1.552170136629376935e-03
4.127157911872835275e-03
5.552095574330581304e-03
5.218946141002080152e-03
2.931681145198817163e-03
1.791426070351968000e-03
1.059113272789219580e-03
1.347160477905546107e-03
2.046886885548075772e-03
1.853155703709413651e-03
1.567449245121617504e-03
8.349678249452527779e-04
6.646007555904713754e-04
1.201996278034631223e-03
1.615435495637424900e-03
1.465303752565171687e-03
6.430185923938493359e-04
8.063777224272494727e-04
1.054076977372190270e-03
1.904119771241628628e-03
1.217028094514735004e-03
1.292489180124491025e-03
1.549788213558659549e-03
1.859013278220437862e-03
1.460868792608790382e-03
1.159156821586450076e-03
1.258540503878952934e-03
2.308268655507160309e-03
2.897606405151772861e-03
1.017778727723244944e-03
7.402852608757431313e-04
1.234821757393712079e-03
1.292161646111657453e-03
1.572390489114791536e-03
8.816397070827980539e-04
9.176498392268930392e-04
1.273808870935401027e-03
1.615928481902123006e-03
1.282980656985481180e-03
1.407561689049995545e-03
1.083422950144330519e-03
1.170835275990239187e-03
1.430876051157645807e-03
1.145274991542306322e-03
1.005815374882500441e-03
2.442903311627787118e-03
5.364456123760365756e-03
3.351377969836229556e-03
2.351626288855074298e-03
1.535728017289124435e-03
8.530558589768722942e-04
1.426374044301496283e-03
1.239553090589652542e-03
1.339625264036686933e-03
1.439246623448294654e-03
1.135885075514584059e-03
1.652049731931015848e-03
2.532850934042643696e-03
1.150518680355031541e-03
7.673171720128197856e-04
1.138785551120867056e-03
1.213992950049089855e-03
9.174662946187548762e-04
1.048867203020932082e-03
1.710729080165252066e-03
2.328955254879085026e-03
2.572753918770069679e-03
1.691704386998901062e-03
1.024853448197338233e-03
1.218545056991081690e-03
8.882221650813715676e-04
1.260455293230283757e-03
1.435423826073984298e-03
8.644301290785120009e-04
1.403868410106534409e-03
2.261647401254118783e-03
1.306088644648197407e-03
9.574159026962535558e-04
1.283918398271074101e-03
1.472865483242883277e-03
1.227290087595267433e-03
7.742375223358233510e-04
7.611727558543484673e-04
1.362256972219768290e-03
1.895957915751536865e-03
2.386452054036270094e-03
2.199125280662236632e-03
1.246129352819284756e-03
8.256629007460588058e-04
1.049661696901930822e-03
1.029601231262935231e-03
1.255968570917806839e-03
2.177511662305572394e-03
1.867445861540896479e-03
1.103650784696620472e-03
1.044746349791189546e-03
1.314219132936560782e-03
1.230712423411487854e-03
9.902165165095819926e-04
6.421522667618653106e-04
6.095128228443444070e-04
1.016554872898025805e-03
1.167733855713794754e-03
2.027765002492877815e-03
2.278960377814121582e-03
1.057620071701894640e-03
1.397009987989090984e-03
1.300121459020306793e-03
8.338635097992699733e-04
1.435906580135576111e-03
2.428061595657937059e-03
1.682393712960174965e-03
1.025893485850530541e-03
8.683088663294280442e-04
1.052438458378331760e-03
9.160234366429305473e-04
6.835507440568006554e-04
5.924475891746434951e-04
6.062957799379444911e-04
8.546254214069595907e-04
1.006622637198974126e-03
2.083203487419875780e-03
2.739482842980164087e-03
1.493351908051572486e-03
2.234507312478086101e-03
1.327699819907558190e-03
1.545490851100534508e-03
1.217399218077653460e-03
1.135537604050632044e-03
1.336032022356641947e-03
1.626679763155908275e-03
9.855665151260902240e-04
8.464040897139189475e-04
7.382692707769430247e-04
4.983174568557912276e-04
5.096887199819339926e-04
6.569408676598520154e-04
1.094556795838524206e-03
1.424239620367560811e-03
2.084819960311751468e-03
2.777051900906992235e-03
2.143106250814808249e-03
2.079712408752574810e-03
1.228778871404152860e-03
2.191038035152714260e-03
1.260593737413545547e-03
1.129545861759975039e-03
1.283256770885166879e-03
2.008840214313914289e-03
1.082637450246281023e-03
8.137104095068773421e-04
9.341134756032418813e-04
5.837199969537616370e-04
4.413590763386101299e-04
5.941800943181201880e-04
1.273951393405598192e-03
1.552594940653255397e-03
1.125767139700915940e-03
1.211462631076482910e-03
1.586755842516570205e-03
1.764376117165025086e-03
1.758324920472336284e-03
1.333622442749067029e-03
9.860882407310494428e-04
4.297760500936301416e-03
1.901431434612652158e-03
1.297696056860855960e-03
8.016141707158364049e-04
5.499904118049992645e-04
8.766004202618214941e-04
8.852131407928407478e-04
6.003144960520859219e-04
5.717027970787001310e-04
9.922430273203060314e-04
1.226153871225041337e-03
7.734663378212648828e-04
6.859947116512201499e-04
1.089322769914084733e-03
1.483717844125583083e-03
1.478352964169659745e-03
1.481268250185346826e-03
9.815480571306075923e-04
3.402768207113189558e-02
5.325077188329637584e-03
1.362496510186009041e-03
1.251547913609952220e-03
5.628112445481918934e-04
5.214262665945247404e-04
6.045451944880304504e-04
5.205243399493222380e-04
5.190002392023726832e-04
7.155425114704368596e-04
9.350584910789983255e-04
9.816580999331956693e-04
1.211200591434744879e-03
1.792791862945069961e-03
1.639008410785786855e-03
9.952193370396399986e-04
1.658380744175775570e-03
1.630120484665206716e-03
1.493987435856110602e-01
1.284478457956335709e-02
1.664566256968888795e-03
1.986054903500550969e-03
9.687748368032872990e-04
6.501524138544704200e-04
5.094008213893206228e-04
4.137598311642430972e-04
6.312872162279713076e-04
8.691999797097924290e-04
8.816737042579589432e-04
1.353304987991732098e-03
2.770820089022966309e-03
3.397587851947635358e-03
1.810320105391994639e-03
1.340530207636850572e-03
8.814136365768896701e-04
1.395241807278989289e-03
6.430122429455775723e-02
9.509426647893315029e-03
1.309274771956615629e-03
1.033717794699501487e-03
5.805912801496860946e-04
6.211136027402110009e-04
5.988324238040040317e-04
4.364568362028255124e-04
6.849410002044063707e-04
8.943363177434834584e-04
8.149589164253372674e-04
1.377114550584376080e-03
2.643128274847279715e-03
2.382362514967638258e-03
1.214435897239678642e-03
1.369519971790448707e-03
1.062156402732019906e-03
7.468929918362122045e-04
4.119668264874779169e-03
2.297125721759110065e-03
1.240854283051883366e-03
1.124283669305426413e-03
4.882797320281478341e-04
4.099610724525991779e-04
5.359380491700441390e-04
4.564378255684454957e-04
5.261042675564654844e-04
6.191192621474173865e-04
6.965083319096932856e-04
1.117552703908194275e-03
1.424660813896153934e-03
1.268581202145040035e-03
1.204186398467502151e-03
9.344077105671226655e-04
1.576692169509660195e-03
8.323426281455145737e-04
9.126578562171957631e-04
1.110805560087445472e-03
1.532958327842992834e-03
2.242168891251156322e-03
9.842031112039721467e-04
4.514129972320197201e-04
5.133400386900557584e-04
5.115842008150734864e-04
5.684191508298882048e-04
6.601736864016131837e-04
6.531864888302647224e-04
8.710243221758759034e-04
9.546475481521819392e-04
7.778486419803730878e-04
1.222390044376886996e-03
8.615377176814120221e-04
1.252379035499515732e-03
1.781453306936195977e-03
1.771310214054039800e-03
2.432959610617640381e-03
1.623547657229546968e-03
1.205564414879105577e-03
7.525437098958621951e-04
5.014243651489411289e-04
5.626651268587797277e-04
5.451232972191789612e-04
6.378553748885080381e-04
6.610353710056382417e-04
5.695459147413516445e-04
1.380840542980587725e-03
2.851439390622746272e-03
1.201523543324935304e-03
9.531132703468986290e-04
1.051294649966950196e-03
1.093176665800720719e-03
1.681800332006552030e-03
1.781521835539730172e-03
2.899867575162952838e-03
1.259127536740935411e-03
6.189952890359492598e-04
6.280122490301854200e-04
6.368107074455167963e-04
6.633604964630506742e-04
6.273884319401728561e-04
6.826180092066089613e-04
6.340556477119401943e-04
6.354932355596770114e-04
2.641116731410836187e-03
9.451643482351970021e-03
2.747487152307033585e-03
9.014350731986009533e-04
1.134449087268786212e-03
1.108984293471740974e-03
9.860080722255586735e-04
9.968694771103803372e-04
1.876364151779600980e-03
1.197803679839698097e-03
9.173069321444398717e-04
1.023574358535156393e-03
7.058581415239751191e-04
7.166590550391339735e-04
8.474089614494704006e-04
7.653409131887719836e-04
9.371960171924722215e-04
1.190235867614208116e-03
1.684632515433667679e-03
2.721488770059681591e-03
1.429188357301504645e-03
8.309824997718264286e-04
1.304267941587503293e-03
1.122270598697069867e-03
1.222500892526262812e-03
1.275478491515426912e-03
1.774333664386319297e-03
1.181971871694119207e-03
9.986452008761623200e-04
9.366811137374041240e-04
6.353676256170896720e-04
9.024929142025186644e-04
9.379098583191186958e-04
5.201786890801719842e-04
1.154388841363345646e-03
2.884226488412001532e-03
1.432751456132721774e-03
8.263541478913260943e-04
8.370470705785329783e-04
1.075230000227366456e-03
1.852627757324692677e-03
1.197559498414600123e-03
1.830583696798755841e-03
1.301789103096546735e-03
1.218652520327864969e-03
9.084349964398620017e-04
8.613105282697718990e-04
9.601609259170275617e-04
8.959196051529436100e-04
1.068503328792646265e-03
8.040374498693396562e-04
6.168736701755564216e-04
2.616711570755829181e-03
7.994599174475701051e-03
2.735656135317328028e-03
1.129242184484209729e-03
1.177731774342750731e-03
1.244496526529211607e-03
1.419672063679530694e-03
1.150130972575184526e-03
1.617306216003642052e-03
9.010907512505165551e-04
9.605065330239731265e-04
1.012909944149948532e-03
1.128643192046367011e-03
1.328521666582860349e-03
1.075389566709286215e-03
9.034679480667191266e-04
1.089655005990871131e-03
2.135779695398706476e-03
6.738987419571112331e-03
7.242899795410482830e-03
1.793992976580909568e-03
9.138074017906172575e-04
1.050178838785938845e-03
9.676302075975546290e-04
9.047154479060971408e-04
1.077009630207289648e-03
9.872380028089376355e-04
9.292415714657333795e-04
1.470523628971378075e-03
1.160976080167537734e-03
9.144415546331551535e-04
9.676807054307153119e-04
9.152769046822760565e-04
1.255582434632456206e-03
2.564606772785936462e-03
3.565424934656755401e-03
3.092624815083945197e-03
1.740064162376518198e-03
8.503887378218406151e-04
9.148111479110025311e-04
1.226978656767656632e-03
1.136168574443215118e-03
1.241433434897326821e-03
1.194988431437979653e-03
7.606281591031981279e-04
2.347915186491738183e-03
4.555770828123184395e-03
1.502274347740314899e-03
9.379174970487928840e-04
1.197282102654926260e-03
1.260383037041429722e-03
1.798778946342253701e-03
2.385273020602241521e-03
1.768496638887429116e-03
1.240060034252333035e-03
1.042087869363133917e-03
1.038716829546265305e-03
1.283303599183460405e-03
1.163772701849683389e-03
9.543856297027558449e-04
1.110082918516535049e-03
1.054100631384504447e-03
1.280228673361790597e-03
2.585499700464946940e-02
5.409815096912473642e-02
4.993072560913547689e-03
2.335126197867060278e-03
3.891178637592816129e-03
2.951490919933531017e-03
1.933590763853745885e-03
1.233360883757939194e-03
9.681586699289642956e-04
1.180769900693575411e-03
1.186074376018665276e-03
1.091940857562864048e-03
1.096009783385023736e-03
1.002967881063219569e-03
1.221049187554532111e-03
1.056526559736626746e-03
