1.349314111022795670e-03
2.083057412944577542e-03
9.172172145252682415e-03
2.598552478964733826e-03
2.385220771762737880e-03
8.054973753710920059e-03
5.178968923935281521e-03
3.126044162366823243e-03
2.259906349537981786e-03
9.948736043072343126e-04
1.088033812763726949e-03
1.935111401778600833e-03
1.660900659167643088e-03
1.104838540643186167e-03
1.307016878401856281e-03
1.682981436749431819e-03
1.436537275132156958e-03
1.656834267988546543e-03
2.167397575046764707e-03
4.410099026698430583e-03
2.091352901442291093e-02
8.220020824142382568e-03
2.763136328302447965e-03
1.413363971395093866e-03
1.094543829551893445e-03
3.467055326896215095e-03
3.949872444723901907e-03
1.469262923933739020e-03
1.540387428507961369e-03
1.422185279510102852e-03
9.595072733650709907e-04
1.243319008074150397e-03
1.491711221333621518e-03
1.319571814701709159e-03
1.276741381894919191e-03
1.165415154777409579e-03
1.246823951163617689e-03
1.641523810288122607e-03
3.372802139837454381e-03
2.046547354609113030e-03
1.770677164851605255e-03
1.399270950989868435e-03
1.066977362640789779e-03
2.508431735713305584e-03
2.884301665294412582e-03
2.006195505862625340e-03
2.808666229678366197e-03
1.375249505398525593e-03
6.169016062847877766e-04
1.368191887730974389e-03
2.222903540860953278e-03
1.474549977408866862e-03
1.466260973092757894e-03
2.305844699578874033e-03
9.834532060128558812e-04
1.475940558771918730e-03
3.726991291689283215e-03
4.110707654894851792e-03
3.134772981995521870e-03
1.739637797004537061e-03
8.751584046513828348e-04
1.130590933653795663e-03
1.693450039193804008e-03
2.571628013656899244e-03
6.565244225075716339e-03
6.585493706820947681e-03
2.474936120663545191e-03
1.377308053188412490e-03
1.078194131891855494e-03
1.078517720339441282e-03
1.259621534295360390e-03
1.663936404527061128e-03
1.194162710704812624e-03
1.546207421400060860e-03
3.134340939437746994e-03
4.257415418161479038e-03
2.065898071553242104e-03
1.035133431520168920e-03
9.896698108861194144e-04
1.744042445492848242e-03
2.507172868426442523e-03
2.046472731696894181e-03
2.559773538175330251e-03
6.447834371705717799e-03
8.468955135503405604e-03
2.723580933456532308e-03
8.822510892741546040e-04
9.898809389815353774e-04
1.243726993465553649e-03
1.390200068260524910e-03
1.449231439303295824e-03
1.236521578173963758e-03
1.262404280109827867e-03
1.572318825189791564e-03
1.107858982350321290e-03
1.024253042934024751e-03
1.729212009757735138e-03
3.304479544941970812e-03
4.289684125292253340e-03
2.661944026994003242e-03
1.233409252604249565e-03
1.767184448555772372e-03
5.969436005736954154e-03
5.970099476804584075e-03
2.083222760251106018e-03
1.308238277106066588e-03
1.172296855662602593e-03
1.598279635873254417e-03
1.804485803611150917e-03
1.540963818294060128e-03
1.706235015470652493e-03
1.737225887225863751e-03
1.417683589666335819e-03
1.240785733833547639e-03
1.326794151313820478e-03
1.958544062755052453e-03
3.525513305000582600e-03
4.871804388747484268e-03
2.211805779751064346e-03
9.571515480234028600e-04
1.767502487538190597e-03
3.511692306581041655e-03
2.458740801580916284e-03
1.550713486108736385e-03
1.241122544832190750e-03
1.574074175035583643e-03
1.698675178339437370e-03
1.651064621310614116e-03
2.141891081122187460e-03
1.723235697013392360e-03
1.294951466797316210e-03
8.340113292031283614e-04
6.298563178592863450e-04
9.166797673382074026e-04
1.646725325410967411e-03
2.764938377273072363e-03
1.787458914358850369e-03
7.460788129503533646e-04
9.546821237909255270e-04
1.645847582311430173e-03
1.585922319251782371e-03
1.437322159750257285e-03
1.365042139671918684e-03
1.803203450800958162e-03
1.071245990796597294e-03
1.270711221593575409e-03
1.140487878649327482e-03
8.615607502411885485e-04
8.378655549758476416e-04
6.229033628946529762e-04
5.294175789130676742e-04
6.920358869960596335e-04
7.763324696079451073e-04
1.102057515732139106e-03
1.060810241492712684e-03
7.296665832148699696e-04
1.055864317592606835e-03
1.717330926828804878e-03
2.033398144910339433e-03
1.705414863753046666e-03
1.146394812084571696e-03
1.952235470124146942e-03
1.201740320475868685e-03
1.505998593990227376e-03
1.104507468095301901e-03
9.532934670299467476e-04
1.030793838345074685e-03
9.268804613196651287e-04
9.317040152219188817e-04
9.274966248230232749e-04
6.387289242018415495e-04
8.586832907493366666e-04
1.260532456372191745e-03
1.025306033664538305e-03
9.410413267241013241e-04
1.214915558782283687e-03
2.466484015645815063e-03
2.531855462721432741e-03
1.143000517651450486e-03
1.584093745911122108e-03
1.990771106955683580e-03
1.409208021759232989e-03
1.916546856587138551e-03
2.256178425723200792e-03
1.753207298286159560e-03
1.554366000996332958e-03
1.516007875272940703e-03
1.303783802377882868e-03
6.831017537807523117e-04
5.641429806215958681e-04
9.972587588550762151e-04
1.339055343976632137e-03
8.832412712486117836e-04
6.678709690053674696e-04
1.565060415191121997e-03
2.627771567450638661e-03
1.646001560984224586e-03
1.303706436821879412e-03
1.990421085688376130e-03
1.090369528085704176e-03
6.350871972051230427e-03
7.461243206245450621e-03
2.144319025209568373e-03
1.278723490075084086e-03
8.027026645375709944e-04
7.475822593780500703e-04
7.230965231210084287e-04
4.934745343546801180e-04
7.064885423688382253e-04
1.314965120396600212e-03
1.195173982405532903e-03
1.104135647410104271e-03
1.952086189513299380e-03
2.671278772973461734e-03
2.409046723776388406e-03
1.324623036118318439e-03
1.445747848570557836e-03
1.529147433424309045e-03
3.308870809844884076e-02
2.556734390513214217e-02
3.055192911236938747e-03
1.509338429521650277e-03
5.540153512284992339e-04
4.132750414476554237e-04
7.903127786019015309e-04
7.056980067961091856e-04
7.036481242105813508e-04
9.356582067331631596e-04
1.209386520190889724e-03
2.284658594158530277e-03
2.945202107971375827e-03
2.096072423887288590e-03
1.968888557408760009e-03
1.308643396493625651e-03
9.904768926718183087e-04
1.447803137321343643e-03
2.259555301947879791e-02
1.300009881008748133e-02
2.669598925256761422e-03
2.508019317227752534e-03
9.049845054972113171e-04
4.442647803504662526e-04
6.466391968000564624e-04
5.810675054067002132e-04
6.910732148083698241e-04
1.085102996657188101e-03
1.479786898172047449e-03
2.223581766722534936e-03
1.859130006481688954e-03
1.261852830674335896e-03
1.292293348520875702e-03
1.225840914769927735e-03
1.107277446119772678e-03
1.052989787804979290e-03
3.194092494128462044e-03
1.976762624625790724e-03
1.174605893434284678e-03
1.266383971261525682e-03
6.613773717238892935e-04
6.232735714647393878e-04
7.897191829096742019e-04
4.873976162408910889e-04
6.663619774897250932e-04
1.696666613665207511e-03
2.230094477663595916e-03
1.859226361276206715e-03
1.567475741832030514e-03
1.730638936524965706e-03
1.522703539853438462e-03
1.334230572069136471e-03
1.692983257980415577e-03
1.368614033399492358e-03
1.515728923589391638e-03
1.755240870303181227e-03
1.669785400378092895e-03
6.785604844390159558e-04
4.246810635848196421e-04
1.177406132785985965e-03
1.553218600891622140e-03
5.752438422159880530e-04
5.231433807922765107e-04
1.063745875354763773e-03
1.361572429915066350e-03
1.444091643108852841e-03
1.988985130992012781e-03
2.493287756294566317e-03
1.723211060895403620e-03
1.500436470625180277e-03
1.387779714718308417e-03
1.518796299657561777e-03
1.358031156101360132e-03
2.575618397286674049e-03
2.942592206023090899e-03
8.689933820202969941e-04
6.579778991351831023e-04
1.320424156990574784e-03
8.716049759752494009e-04
5.146794547710789591e-04
7.286696549064278477e-04
6.967547991475335793e-04
5.523137898470537781e-04
1.013354151002172302e-03
1.815567404252704580e-03
1.546232131706444177e-03
1.256053203073356555e-03
1.454055858749682580e-03
1.081981228129046992e-03
1.411113491657528139e-03
1.123198025914710864e-03
1.725551463324192245e-03
1.923962806417278204e-03
1.236871267475272897e-03
1.549448045237113896e-03
1.041283907416986872e-03
3.483563283627321566e-04
7.737420585575488985e-04
2.802604656719203963e-03
1.203609008151778313e-03
6.244523156360249705e-04
2.047953522774272148e-03
3.238281438916613530e-03
1.350874361194708863e-03
1.125692894625557198e-03
1.156376031719121228e-03
1.228342673869330451e-03
1.176966452036771939e-03
1.196321735660123503e-03
1.526416489734110744e-03
1.235498837922192590e-03
1.250268743928189142e-03
2.260087653210404203e-03
1.341946245258041201e-03
5.925216824471328091e-04
1.581903582883426159e-03
3.519565890325771981e-03
1.622899720758596166e-03
2.384243252531366344e-03
1.140572095328166308e-02
7.362921590983176161e-03
1.360050531875255011e-03
1.016504769070466704e-03
8.277085253396025731e-04
9.981814657441193811e-04
7.011505027059227813e-04
1.112791635232263619e-03
1.219174793914687849e-03
7.958748726718665361e-04
8.922580774298913232e-04
1.536231059896047422e-03
1.728736852045353141e-03
1.856818278595713219e-03
1.867159989319495646e-03
1.159116111363739593e-03
1.672034802636777548e-03
1.007648218984928852e-02
1.964767486834651314e-02
3.318143997093702269e-03
6.880504542998768522e-04
8.771820848833327897e-04
8.726310486879825879e-04
7.365433926929455290e-04
9.825038398634648208e-04
2.598459550449549234e-03
1.768710609361789921e-03
1.202409525661581307e-03
1.609918907563272477e-03
1.520267250326826384e-03
1.853810227094767693e-03
4.327890600013049698e-03
3.441306350655281166e-03
1.594670788114915631e-03
3.997128929239585418e-03
1.365929818225434904e-02
5.081776788798143644e-03
7.401660137659885671e-04
5.094376339525225929e-04
1.061522056786764383e-03
1.187519375994940639e-03
8.310434825406622181e-04
1.840848369928909300e-03
7.734852674451870615e-03
4.414072788558182948e-03
3.111919676898177584e-03
2.781622155275124009e-03
9.872906935088389402e-04
9.373630716733321764e-04
3.782764189959360399e-03
7.132625499734445741e-03
6.827142602532944998e-03
8.555536148957180662e-03
4.770730747751490003e-03
1.039474232119305848e-03
4.722159938789372165e-04
6.274658114033930534e-04
7.946746350381740523e-04
8.347297217543200301e-04
1.240811386817674113e-03
8.367653135920284863e-04
2.849181858528192224e-03
2.579404372963084880e-03
2.481386818016031136e-03
1.545170984107643907e-03
5.242548023334362740e-04
7.481362735765064408e-04
2.717149914986309676e-03
5.744299163355373085e-03
7.826118701401086480e-03
4.219093527688399202e-03
1.020398321610225265e-03
5.250461114196377718e-04
6.331268621801901123e-04
5.624306350658581305e-04
3.571802362209688031e-04
4.304882504567388198e-04
1.470088011141380173e-03
5.826106716197511403e-04
1.553535516702354066e-03
1.822082176241317806e-03
2.566291900892519063e-03
2.870180367039813860e-03
2.729563518343358641e-03
5.071591059593334901e-03
4.769131015501043395e-03
2.443369816387163957e-03
1.976021244231624622e-03
8.661077506953900398e-04
3.082007913335410229e-04
4.087103245077666953e-04
6.906020853591493406e-04
4.698724418379763386e-04
2.895856101147789292e-04
3.548767130146396353e-04
5.056407118244559502e-04
3.914191616536980348e-03
2.257508248972089557e-02
8.416048374406724999e-03
3.523205624770319420e-03
3.777264141876112216e-03
4.234301620001851285e-03
3.660895650481972921e-03
1.268464703029717087e-03
4.936639951105577370e-04
5.854774837152982225e-04
4.983251101442304166e-04
2.815379971615516791e-04
3.473102479809502072e-04
4.923373720214700797e-04
4.119990737334230371e-04
3.162423878870976031e-04
2.836279580160865998e-04
