1.049876915799920641e-03
6.291462072742312226e-04
6.119511365954269280e-04
6.830180118967353045e-04
9.948551565200471417e-04
1.230809951708174751e-03
1.304001438217571550e-03
9.557162867250863910e-04
7.256418943969303922e-04
6.643216213050975915e-04
5.720623201833840640e-04
6.727743634826681245e-04
7.361426510159503091e-04
7.987813940819218613e-04
1.105975986834684642e-03
7.418129590802608527e-04
4.111803907197408262e-04
1.025289705590756153e-03
1.081600707964271678e-03
5.843432373793613650e-04
5.999856312691341162e-04
7.961705488054488010e-04
8.875688645706515450e-04
1.111181975392743285e-03
1.535554956163427036e-03
1.009318580576094079e-03
7.412406406237830774e-04
8.522969727922031277e-04
7.441688472517328772e-04
7.759632081851596062e-04
9.764450202331043018e-04
1.170667024365656212e-03
1.155544755888253568e-03
8.097615249681461985e-04
8.571788853055454507e-04
1.136049698846686769e-03
7.272123435000781835e-04
6.511662914726622014e-04
8.066390611943132340e-04
1.342093979332564194e-03
1.093137972306642853e-03
9.928519889973765056e-04
1.361529261000283229e-03
8.183609507102481209e-04
5.901864699949707074e-04
8.046319735934626734e-04
6.956956250714944282e-04
5.788586691471071018e-04
6.945148259305889207e-04
8.632444165135767658e-04
8.585541752284928281e-04
7.175781228199151198e-04
8.066095508898650989e-04
8.533011931064259179e-04
8.261083609904209179e-04
7.922094159727248973e-04
6.424471466178528246e-04
8.504603144994142896e-04
7.194656178036650754e-04
7.837531906227672342e-04
1.583885854257663893e-03
1.375016666415486985e-03
9.651900476468582403e-04
1.090579234993130364e-03
9.451292714581464990e-04
8.237721155356324525e-04
9.748115828735198643e-04
1.026930513014440507e-03
9.558402943532909920e-04
8.224191823670442235e-04
6.771621600109316210e-04
6.908421632451209769e-04
8.576119938524601671e-04
1.363139774811911653e-03
1.705343707211743817e-03
1.915716135712697407e-03
1.194543616837613490e-03
7.542716394924166377e-04
9.460407921140438336e-04
9.465427398093045072e-04
8.561192510727357562e-04
1.050491843931665404e-03
1.185510152462406494e-03
1.380575862350049213e-03
1.621829403606734167e-03
1.331926689301580428e-03
9.966350801496326461e-04
7.300953895790404094e-04
5.405250193170092884e-04
4.622436317123184541e-04
1.078770330395875101e-03
1.307685446079981167e-03
2.034371597614599396e-03
2.166859908472391644e-03
1.332131227771601130e-03
7.710874921134546400e-04
7.803023097975256023e-04
7.122599482940359869e-04
6.604349698100783804e-04
9.192845341673511151e-04
1.031498869998379812e-03
9.530317623543442746e-04
1.015473890957740988e-03
9.614096611880279227e-04
8.195545045797979818e-04
7.472767950381185159e-04
9.218122922007010705e-04
4.927250243988185330e-04
1.745067349978166125e-03
1.022765707188982853e-03
9.325805271775152025e-04
8.389901382979228798e-04
6.918188155948596296e-04
6.586178992222865977e-04
1.129297611299244107e-03
1.162246831397131721e-03
8.398997770994253527e-04
1.094909148874575458e-03
9.298068850236534651e-04
5.260749778025793208e-04
5.694770050908015691e-04
6.534067503536543581e-04
6.023275440028477007e-04
7.684820855905827091e-04
1.536965242897929363e-03
6.292209933498863926e-04
1.180777958313280768e-03
1.037379983468917797e-03
1.046584049958582769e-03
9.659351891945427504e-04
7.654430535444548770e-04
4.616936098150327796e-04
6.651461825164834037e-04
1.091914541027254716e-03
1.069364574259013987e-03
1.250820224403936332e-03
8.579849296997323505e-04
5.359017794835999309e-04
8.387983676087000734e-04
9.514486359460130015e-04
8.146592043464269536e-04
1.025130842990330284e-03
1.548582819649225832e-03
8.919602641337708634e-04
6.395973561093648650e-04
1.086286778135230188e-03
1.726021570546305405e-03
1.568378444792615112e-03
1.363243500405224512e-03
5.998047400491890360e-04
3.924066178044879980e-04
6.055402459851006759e-04
9.682931370864103189e-04
1.130659054587598768e-03
6.728977464923439509e-04
5.644202733365227343e-04
1.006256639649316014e-03
8.981190166561935258e-04
8.143293841377310938e-04
1.018261133919057607e-03
1.172681123642813940e-03
1.679569990160901301e-03
8.517011297194185390e-04
1.645282486295365169e-03
3.949302959545524655e-03
2.469121109969314807e-03
2.018854937272945068e-03
1.513184840104186404e-03
6.678557565938544839e-04
3.735200798315219421e-04
4.912737517177608168e-04
7.688255468710717550e-04
5.506275432160675446e-04
5.088377377985293503e-04
7.018283939041792836e-04
4.572854559024879992e-04
4.092810904541769722e-04
6.118925657772274250e-04
8.984075796254040354e-04
2.042625187768882210e-03
8.912154545673442669e-04
1.859188524539335695e-03
1.074956434875119597e-02
4.702430962242716561e-03
1.533633041624380983e-03
1.210700874578793168e-03
8.137427281722768189e-04
3.251613285726762006e-04
2.559379420321954406e-04
4.408408510897022007e-04
4.830623303841772415e-04
5.370949347042930280e-04
7.289345543961918070e-04
5.599255227132719347e-04
4.739479302433455775e-04
6.838402679056455966e-04
1.066733756367118507e-03
1.035429539244221795e-03
7.465808399025293052e-04
2.680825444198527748e-03
4.997467395166586834e-02
1.660462025625041374e-02
1.544211081080545033e-03
4.825736814881171071e-04
5.404329565572652330e-04
5.839977492353463440e-04
3.687208576653321535e-04
3.873712853069921310e-04
6.380274154313727826e-04
8.965064980573255642e-04
9.738770021707610211e-04
9.355996262377109509e-04
7.915308818481896647e-04
8.365288702599052743e-04
1.287155847675246082e-03
7.069389007285636212e-04
8.284630266561259686e-04
6.532031048968540803e-03
3.024695605409458143e-01
8.345856715256717850e-02
4.545335879164082854e-03
6.291331776177301301e-04
5.312824281487164586e-04
1.061723201077339985e-03
5.567796925663146034e-04
2.907258648623020332e-04
6.548830449450481015e-04
1.102581911166223682e-03
7.208852166744436803e-04
7.883624346718190717e-04
8.761644513359230849e-04
6.767948237931123781e-04
9.798804905667769013e-04
1.076900863176510730e-03
6.666947767744660488e-04
3.279668857262802318e-03
1.118893111086312342e-01
3.317722201537093296e-02
3.385129929662222814e-03
8.484429455629571761e-04
5.146914045649055112e-04
6.437764084668460510e-04
2.884484520460083869e-04
1.391871486602783224e-04
4.396839189571648244e-04
8.802099339971627750e-04
4.641283592946835899e-04
6.350394899718603964e-04
1.067926886099302948e-03
7.285644348432305552e-04
6.828463119051317960e-04
1.316834719807190432e-03
8.527484194415731232e-04
8.120377189488103614e-04
5.111324708108063060e-03
1.855429564600107354e-03
6.050695861036375911e-04
6.176486737994500925e-04
4.339490163424126546e-04
3.098261728989271341e-04
1.870069143354368768e-04
1.380855333581901365e-04
4.202571926264666961e-04
7.736853677072862536e-04
4.285988152489737758e-04
5.518284392599043589e-04
9.166470148942987197e-04
7.989881619405608294e-04
6.736630861126235601e-04
1.096586586738907331e-03
1.414931795156175844e-03
6.325304895728717887e-04
1.015204933259028237e-03
6.836092413649303822e-04
5.128040825772509775e-04
6.918587259896821643e-04
4.468404785652415777e-04
3.865177882736805549e-04
4.544647300532608097e-04
3.427212028336031990e-04
4.948364827029305951e-04
6.389150058436290653e-04
4.840079886848568059e-04
6.139425082834697005e-04
7.709767725461491627e-04
8.387573900151142590e-04
8.284875510688961744e-04
8.156873973142633565e-04
1.100252968346813022e-03
7.881147082636339634e-04
8.081813261141929886e-04
1.030403409963930473e-03
9.475505970645283719e-04
5.776127973374756922e-04
2.942411087523980279e-04
4.390051906331728917e-04
7.556743477213924941e-04
5.418502005902141143e-04
5.484617877054194252e-04
5.856093780790867656e-04
5.944900768460257808e-04
8.807522771195006863e-04
9.695960330134843937e-04
1.008847812295689044e-03
8.720611733702490764e-04
5.847220161368734976e-04
7.954061149674089863e-04
8.561136181551790968e-04
6.508695479914579753e-04
8.219085581389707967e-04
7.827290922553457441e-04
4.341061512635624063e-04
2.883179496488637349e-04
4.129748311145194713e-04
5.153222872333201605e-04
4.818827086973190830e-04
5.760587285192808778e-04
5.240570411376033882e-04
5.536651924923683505e-04
8.049743672393394915e-04
8.177439888751572225e-04
8.695457810586097128e-04
7.101812877361275093e-04
5.543377491959949714e-04
8.884571956158217668e-04
1.043589521583154637e-03
8.174122350112132890e-04
8.923227564389960486e-04
8.642892772464859331e-04
6.884548838052196749e-04
6.251862782401089186e-04
5.991516045122233973e-04
4.971687510688747175e-04
5.381094237187113161e-04
5.645627037522396498e-04
4.271980671174619771e-04
5.066215851580968500e-04
6.734716737742650356e-04
5.958144039985055051e-04
7.144144502298217618e-04
6.873551265987587738e-04
7.708488230478924026e-04
9.343391908330373743e-04
1.257710576012110830e-03
1.321637575346761191e-03
1.305560430001591072e-03
9.341240419267986652e-04
6.540133394199948783e-04
5.963786205786117747e-04
5.664045919823246580e-04
5.282954173003476207e-04
5.902585821037894045e-04
5.712962809110164533e-04
5.006696263263869405e-04
6.161936455960639273e-04
6.839464663265701870e-04
6.011960952065118586e-04
7.672040958124198015e-04
7.323326809132610317e-04
8.417728788458284312e-04
7.350990137527265138e-04
9.185449196998338476e-04
1.039026039491883257e-03
1.052248097171589337e-03
7.156588315249983638e-04
5.354433522377990712e-04
5.563692247479747055e-04
5.885748591027645336e-04
5.779354971656835288e-04
5.703249298234849005e-04
6.028332522552465236e-04
7.018696600147260713e-04
7.544823913115278899e-04
6.897936664010473687e-04
6.764941602305133512e-04
7.806183432065860479e-04
6.761088488374612836e-04
7.172372905747733535e-04
7.253383677167336493e-04
6.888117295080547695e-04
7.872258397747888912e-04
9.931080287110618816e-04
8.532543658085153283e-04
7.688093672517657459e-04
7.900808358364241326e-04
7.540841184168025398e-04
7.196301350073740612e-04
6.689898497561549149e-04
6.571611503411179918e-04
7.287582458096457817e-04
7.289785117898406764e-04
7.310774508233023076e-04
8.123333565685066440e-04
7.677864862611284875e-04
7.342276174518970683e-04
7.962559101213883541e-04
8.934421287196968363e-04
7.261877189784937030e-04
8.312454316375982640e-04
1.017967881320316903e-03
8.940844519121803795e-04
7.660674359914817913e-04
6.812138834234788588e-04
6.398068200268888740e-04
7.205071633981566638e-04
8.142433630979083788e-04
7.921462010178032887e-04
7.316451678894469795e-04
6.823311483131213294e-04
7.453847081406788852e-04
8.404976046211247052e-04
6.886920152890295627e-04
7.379134844113525906e-04
7.080011996464571217e-04
7.343754522492446741e-04
6.938385513230947146e-04
7.404322948669895101e-04
7.411190163256308871e-04
6.945996917284688382e-04
6.889406500821231970e-04
7.819676222798612689e-04
8.143326866080632335e-04
7.527418909127267521e-04
7.413379735747467614e-04
7.353701134846056661e-04
7.488644209666945727e-04
7.694442167462203514e-04
7.530973350624278794e-04
7.782499346598731067e-04
7.263943539112373369e-04
8.417397333678453865e-04
7.311733659632461448e-04
7.724405455442189547e-04
7.937815978435196120e-04
7.572370956112683743e-04
7.276803818940413187e-04
8.025029463397281198e-04
7.522312040811831744e-04
7.610995249267519126e-04
7.822857168517335404e-04
7.489760790964570788e-04
8.032938204478197713e-04
7.687032971300341482e-04
7.399012731937506648e-04
8.086025010482330222e-04
7.144867846791510451e-04
7.461742314454210441e-04
8.054133436447931177e-04
6.938288199641351765e-04
8.084297826046830384e-04
