8.378072243243563826e-04
1.750204232322295295e-03
8.799990913384576896e-03
1.216912315245505076e-02
3.832237110375528218e-03
1.628134948176652910e-03
1.292650578698939252e-03
1.340356821142251647e-03
9.933715486956391089e-04
6.723525591128116886e-04
5.827879331380413129e-04
4.605689758530517527e-04
7.682793681984799190e-04
1.367484075792126021e-03
7.001488104842064873e-04
5.589969815379049623e-04
1.558170724237858485e-03
7.556196069285752315e-04
6.975515181093440865e-04
1.407211262204966298e-03
3.620731449105020830e-03
3.045302460957112056e-03
1.378619201877104858e-03
1.043976209592541952e-03
1.194234403167162379e-03
1.508007337552189553e-03
1.311970516228030351e-03
1.392262054541857806e-03
1.794669009298565645e-03
8.774440301448065832e-04
5.887329686406599918e-04
7.958049357202557272e-04
7.132469033523143468e-04
7.207027462980513917e-04
9.119783074087650307e-04
1.302919130485251766e-03
4.126647897515649038e-04
1.107621473908520539e-03
1.943535708785567489e-03
1.103742257478932277e-03
8.094239761379728396e-04
8.541516212715281886e-04
7.499963867433870508e-04
8.349281981352537274e-04
1.150461867553234955e-03
2.211599446363348483e-03
3.461110609853262389e-03
1.930638073047214690e-03
1.304892810222107926e-03
1.328217152118342688e-03
1.552463587448025357e-03
2.012428747224240515e-03
9.901377204224904183e-04
1.158883989047901830e-03
2.932056288784657913e-04
9.915760100165716458e-04
1.691314808574824035e-03
9.903757413442279122e-04
7.732849436933414118e-04
7.241750088891292037e-04
7.302307341185408120e-04
1.156462206310754316e-03
1.366458781724190670e-03
1.062833453453992678e-03
1.335291673697605033e-03
3.579015961015221022e-03
7.282521310769361766e-03
2.875112038098509570e-03
1.287252780238951153e-03
1.662300420787649318e-03
7.419363553709982595e-04
8.983918860695097684e-04
5.000455865222800311e-04
1.089705986487808599e-03
1.634993100870426545e-03
1.569097838948411375e-03
1.241998647409736298e-03
8.111281233387890961e-04
9.862583714077435924e-04
2.338700862594664514e-03
2.505935791372396800e-03
9.168928404960080677e-04
7.485064735811543463e-04
3.138425706286010822e-03
9.728156849144426604e-03
4.026201709116360335e-03
1.398834473174885183e-03
1.287966737570435697e-03
6.787159169490942189e-04
9.923016894219059691e-04
1.379582020099656605e-03
9.823484794877280265e-04
8.104402843614887282e-04
1.244882032143841298e-03
1.463399848409992427e-03
9.057027827187262960e-04
8.823822472228179782e-04
1.789972419336353102e-03
2.901017482630010268e-03
1.874159446859654339e-03
1.122311594190374823e-03
1.072641163990400081e-03
2.058640821022363846e-03
5.387968425301286300e-03
4.195335125080113491e-03
1.289503167769699612e-03
5.885480087943327108e-04
8.157939585935348320e-04
1.305477442683847028e-03
7.175695884136303613e-04
5.471053518518206697e-04
8.345981964018237128e-04
1.108389470670934941e-03
9.039633856575564862e-04
8.254191637236476826e-04
1.322018862964242708e-03
3.290164993882033467e-03
5.341913364593257711e-03
4.821118907672306345e-03
1.879676216256032876e-03
1.881372041839193864e-03
1.213662209985293464e-02
9.280249475667211312e-03
9.168715764889150740e-04
4.578084030700431948e-04
5.207870009555847727e-04
7.071562294398964612e-04
8.895867271375994170e-04
1.072515901449686828e-03
1.067513935273746873e-03
9.507254389566981677e-04
7.703014728192423459e-04
5.903694194364901907e-04
7.065629475971915664e-04
1.474282916308146266e-03
2.474366318446710386e-03
4.155931810343586365e-03
2.783980513506897729e-03
1.578334911075107531e-03
4.846648533914274179e-03
4.309023905411464919e-03
7.189864876018393480e-04
5.505167307647770587e-04
5.050311305085956534e-04
5.743984162801124300e-04
1.011392320219524571e-03
1.155039413211564423e-03
1.002615649780069697e-03
1.066277561892635742e-03
8.703857997404111516e-04
5.129131535413749676e-04
5.447932636330782719e-04
7.899409257404602439e-04
6.849064933938062713e-04
1.224754233656326482e-03
1.539443196554595664e-03
5.089476912368899294e-04
8.453217190998599598e-04
3.144789183157835951e-03
1.830621045374138849e-03
1.090099250364829969e-03
9.879547011003070225e-04
6.207872029624245678e-04
8.338775664024846053e-04
8.942389690638498888e-04
7.237836115598878873e-04
9.532586470957740048e-04
9.643242452640303497e-04
7.839653790712356298e-04
1.295499893667403837e-03
1.660414871713193847e-03
8.248227497268791151e-04
1.298377212650656930e-03
2.535743987372547897e-03
7.468643779996876186e-04
9.847675082026606172e-04
7.963584105333784344e-03
4.737769906931447658e-03
1.010983422137888034e-03
1.060153107986264338e-03
6.337970938184258642e-04
8.956322535147543751e-04
3.925874287471512944e-03
2.332612007701557241e-03
1.138126862442818054e-03
8.199735069851499247e-04
8.387000181187258697e-04
1.333163224256134769e-03
1.042088394006830459e-03
4.623574107923103700e-04
7.825617503315617255e-04
1.807324387046812695e-03
7.941529981528728643e-04
1.105948547665436916e-03
9.307584627556887355e-03
6.732386011594763270e-03
8.444161322258971836e-04
5.666991002187491419e-04
6.447195930906315974e-04
7.034806617967055784e-04
2.028284564994239231e-02
1.412332465725238406e-02
3.272586311683394877e-03
1.740516513248107104e-03
1.663584333498092276e-03
1.255263345758488415e-03
4.569010949242218117e-04
3.646080526984238476e-04
8.581596358287445214e-04
1.183142753615045893e-03
6.064246746323956761e-04
9.312839166342659755e-04
7.800714541921199147e-03
1.236621361453775665e-02
1.448703273578459769e-03
5.292343621622228001e-04
1.162472229421775312e-03
7.863261015603990401e-04
3.083372740029581907e-02
2.494938108815955916e-02
6.465398673582203708e-03
3.931624634943679114e-03
4.426159683178530931e-03
2.493883474764535969e-03
7.158667481740628577e-04
1.177474810210120751e-03
3.731594754120464829e-03
3.469322593145401229e-03
1.878401728830132776e-03
2.252916447352933116e-03
1.049370144352044197e-02
1.124399587119542451e-02
7.531845360367466239e-04
4.415024229317034686e-04
1.034340281809455675e-03
1.201895893710949780e-03
2.073648473006416137e-02
1.228650156697687172e-02
3.309040807252373092e-03
1.507224910105907454e-03
1.547975331372933912e-03
1.157745158872521213e-03
4.163799003837341832e-04
5.494671573618240814e-04
1.264689947903749031e-03
1.794638170306544567e-03
1.614734903507453797e-03
1.901076778663951050e-03
9.800715093383894141e-03
8.103592431441876756e-03
3.465228223525061192e-04
3.614304252098171047e-04
5.186692146921271715e-04
7.998627454862473115e-04
4.599751286925665532e-03
3.343534024806345348e-03
1.681376514816144193e-03
5.450248355356901876e-04
4.271728183944713004e-04
5.445688085327606487e-04
2.720940871804905428e-04
1.874842072897303256e-04
3.310173384192843142e-04
9.560483999568998798e-04
9.467320237562670696e-04
1.002813685311568313e-03
9.841337389793003779e-03
1.264936646318915413e-02
7.568042072058987334e-04
6.443740794151274357e-04
9.083622448194043474e-04
5.186364605279246594e-04
9.622565952240529725e-04
1.425268135911247685e-03
2.076295402122862489e-03
7.985571808401962027e-04
6.938545726881859780e-04
1.268484307877958865e-03
7.226909230314459889e-04
5.551493903665956093e-04
1.569525837090715538e-03
4.005730882333747613e-03
1.864646164181098806e-03
1.723320514333522143e-03
1.132541606954627286e-02
7.325240697248308792e-03
9.016275242479744644e-04
7.024956995603468543e-04
1.252887777039980808e-03
5.008693681671504442e-04
6.431567047551595920e-04
1.228873617295501725e-03
2.197699952186998092e-03
1.110522415652017000e-03
9.732745850332276925e-04
1.023833210506811236e-03
5.645611726103438692e-04
1.358789722444698686e-03
6.020976052889310919e-03
3.348606792568002612e-03
8.148482916160124405e-04
2.396418281889068063e-03
1.099403025855072262e-02
2.408150748096248104e-03
6.908461160439156390e-04
5.761185016015423410e-04
6.686367251776136099e-04
6.792536072643731151e-04
1.037349470457692461e-03
1.198291299518456244e-03
1.447780998286650250e-03
1.099968096450220853e-03
7.231575942003656571e-04
3.051899740180153125e-04
2.621459734488949833e-04
2.458561974576990456e-03
9.810544322984761367e-03
1.527946527050110231e-03
4.831475028739471420e-04
4.641009823257177466e-03
1.526815033636419461e-02
1.998520875086380686e-03
9.716548039598920045e-04
6.676382989580502848e-04
6.527306574943508681e-04
8.461874035525553941e-04
9.868355598276891232e-04
7.540197694917769164e-04
8.929646975321850044e-04
1.077436659546971483e-03
7.737374277789106376e-04
5.049722085383615087e-04
1.101643827390358073e-03
6.689637077267241230e-03
8.874372094710208589e-03
2.439445503372704785e-03
2.425365783243530436e-03
1.229851700870239831e-02
1.111598621416102009e-02
1.242459049257810515e-03
6.924607333388518773e-04
4.891379969789380481e-04
7.281106936383970659e-04
5.726294301023137452e-04
5.578424748781475638e-04
5.995032777968891530e-04
8.165641017221464230e-04
7.547054564429425162e-04
6.749034181461960802e-04
1.817807546991780706e-03
6.730419886233104769e-03
4.841508692748065952e-03
1.502816345256761249e-03
2.135077470052762320e-03
7.718086543792842223e-03
1.044384889064449602e-02
3.363174057041248052e-03
5.905290754746165844e-04
4.379749517367423589e-04
4.893615546758767415e-04
4.935948226232838134e-04
5.935633233861527854e-04
9.795362288043264320e-04
1.320451173886770264e-03
1.378088853779161922e-03
7.535784059070319181e-04
5.339189894949782295e-04
1.528047884886841361e-03
3.441451301659326743e-03
1.013915425072915016e-03
4.367234509149425098e-04
2.420974756434515502e-03
1.205276309864349547e-02
6.633274579890113994e-03
1.709969151029736229e-03
5.697122130783211511e-04
5.432376370024669587e-04
7.122269404449998098e-04
4.365815950004280099e-04
7.908178634109588054e-04
1.649982080719979887e-03
1.456448253563078464e-03
1.332101598471335888e-03
1.229282701446641601e-03
7.020168278063753904e-04
5.353594523132058870e-04
7.337711706299960591e-04
9.842779771299231800e-04
2.050255081460725277e-03
7.107588497901148016e-03
7.860668342720294327e-03
2.219533123108616279e-03
7.703681902422257347e-04
5.241799793491647499e-04
6.068183921878125700e-04
5.154344149021585809e-04
5.516098301508605938e-04
6.191559313672225255e-04
1.139052457732662310e-03
5.776963978962631856e-04
4.815411470921572915e-04
1.059156356447440474e-03
8.761546928440437209e-04
4.808422878705770277e-04
1.077914578111143938e-03
4.793484050359451618e-03
8.430653673253537747e-03
4.236503020972210917e-03
1.247936896253383195e-03
5.198465960935755650e-04
3.953212710569180863e-04
4.651599908222816800e-04
6.213565966101551510e-04
4.722213378171232780e-04
4.710940307785603368e-04
6.731869453219042941e-04
2.450721953667883268e-03
9.827250936553487155e-04
4.242213885322436125e-04
7.757104617236943106e-04
9.307570488644254653e-04
1.068518292449076529e-03
3.313974901566241714e-03
5.613808258773288901e-03
2.121256715378702640e-03
6.077490650374055671e-04
4.373888755713375271e-04
5.908887438923256935e-04
6.333495795324245014e-04
5.044884813227298133e-04
4.632296694223511624e-04
5.928364303005986607e-04
4.988306727142211537e-04
9.697143671229505220e-04
6.375606994939379824e-03
3.674380166018918759e-03
1.352375667274185837e-03
1.339983216278010794e-03
8.832668584126267437e-04
5.512913509795161525e-04
6.481298240399564975e-04
5.462076840847398607e-04
4.054599043926495781e-04
5.070520353259659174e-04
6.364907908423308308e-04
4.998673161428260868e-04
4.441974929712948781e-04
5.587661106705296352e-04
5.272673700785308545e-04
5.292569153883236021e-04
