1.021724659754032769e-03
3.160800358348510222e-03
3.674124756473368721e-03
3.467384632304976178e-03
1.662727692014902324e-03
1.047707537754806765e-03
1.022382891845545396e-03
6.501830786351052958e-04
8.138151762927528163e-04
1.367576525093341759e-03
9.154976838108909746e-04
8.026038000972340576e-04
1.078759915270752082e-03
1.262574911100301789e-03
1.169045189677853785e-03
1.112429342623681445e-03
8.103987581781408635e-04
9.224677710413126683e-04
1.623392135491166441e-03
1.281887371064979958e-03
1.853965653678426662e-03
1.044380495075404418e-03
8.870651429126015985e-04
2.049982282990039494e-03
2.057966389247131104e-03
1.057715779965967551e-03
1.281216587609103254e-03
1.476131747381178097e-03
1.002381371082283930e-03
9.906589152277648323e-04
1.035477029750320188e-03
1.307042899477984079e-03
1.518376183043642193e-03
1.006069060015691479e-03
4.508149992352167702e-04
8.733755789513439165e-04
8.290240257301467828e-04
1.975450897813138627e-03
1.222957142722626116e-02
2.939243484645594727e-03
9.096293563516799499e-04
1.443741548859966061e-03
1.144029257275499915e-03
8.323544458003363095e-04
9.822103231088095271e-04
1.175221999880200286e-03
1.783904443739264085e-03
2.077470707196578305e-03
1.311439608406311623e-03
1.009831259085329893e-03
1.132503782465553921e-03
1.519175993756141825e-03
8.756268348868429365e-04
1.108630158928258997e-03
5.373363794270546827e-04
2.020603394504604054e-03
1.917893744255512803e-02
4.918831420303517929e-03
1.424455265374568926e-03
1.640429184490797094e-03
1.771934535202311038e-03
2.745273693050481485e-03
1.522242301818446360e-03
7.072431790286547258e-04
1.198318057075769541e-03
1.484100361105398320e-03
1.283446758671241217e-03
1.098162531671421699e-03
7.904806454128017424e-04
1.358340631629682133e-03
1.164867293614952433e-03
7.899230696211633190e-04
9.450447290123895451e-04
1.979740415442875212e-03
9.293156466543949640e-03
5.338764106288236208e-03
4.221083743698179902e-03
4.329435088013560383e-03
3.857819259998320795e-03
8.435300447214492611e-03
5.396176896844434578e-03
1.974823124112377176e-03
1.666659991893734922e-03
1.203260312585264363e-03
1.758988790544016492e-03
2.107324512276545232e-03
8.553763091365482055e-04
1.019756269187319705e-03
1.236278383746229181e-03
7.651268168989515655e-04
1.447515122861412363e-03
1.381419924224514678e-03
2.492468290889170244e-03
1.764678207332348548e-03
2.592551615720782316e-03
3.384209439043855527e-03
2.273012182428432205e-03
3.874685771455172855e-03
6.035186952612721020e-03
4.490654104084441760e-03
1.719533691834012256e-03
7.391691566354858557e-04
1.656942548680885889e-03
2.482435697181683328e-03
1.115725042192392729e-03
1.166071710223376065e-03
1.259729712548672423e-03
8.681040031230405308e-04
1.447156428720961299e-03
1.076409796393018765e-03
1.481248701700800877e-03
9.135094172667499726e-04
9.379028477308701001e-04
1.221162919644594447e-03
1.015205608930806963e-03
1.108549504490833346e-03
2.142797641989807773e-03
4.339404185206453303e-03
2.811109952930146687e-03
1.628302206753564447e-03
2.825801290992878845e-03
2.436692364011938498e-03
1.624634598867106530e-03
1.887270678601551390e-03
1.161655043090554932e-03
9.509381732282749539e-04
1.297679888931409535e-03
1.175685585452821086e-03
1.765431485010186125e-03
1.367863157903413413e-03
9.348555631830514703e-04
6.705331907407463977e-04
8.459537533810024225e-04
8.964153272379760985e-04
8.369682379602739900e-04
2.349823043262355086e-03
4.859254379849633002e-03
4.215522479389887354e-03
3.169601010979759825e-03
1.592267305567233266e-03
1.602398539807263879e-03
1.826548385004393054e-03
9.361567521491801240e-04
1.270232357451139479e-03
1.096532036056792640e-03
1.032872180201242166e-03
1.210769951974938544e-03
1.374106834425295942e-03
1.602764074228251161e-03
7.490643326194641131e-04
9.327377764774994829e-04
1.362051021942716064e-03
6.109617637484646797e-04
9.291250912759297861e-04
2.832177145552186148e-03
2.483536413252812342e-03
1.199406261467189996e-03
1.013337102040695560e-03
1.833463132611825837e-03
1.681161750526955065e-03
1.116611862030798081e-03
1.975632784736972188e-03
1.345826761407024940e-03
9.362493736846785788e-04
8.444169412526922845e-04
9.330621517491125352e-04
2.563999987594637112e-03
1.262882701567012928e-03
7.211675762928857966e-04
1.061613658972507734e-03
5.505143349484608890e-04
5.876486621194797633e-04
2.118466238753453912e-03
2.893519184323925259e-03
1.462948277409636651e-03
1.529256610260911137e-03
2.702329027591844016e-03
1.714242701005666211e-03
1.508279214881207402e-03
2.384962220118354119e-03
1.494356340458571995e-03
8.666837927007390707e-04
1.331398326164864778e-03
7.422427931921900431e-04
1.562684492232878754e-03
1.289884286274505226e-03
5.708329887737036059e-04
5.621274887494642335e-04
3.514814721662967343e-04
3.599882941425860440e-04
1.302632135245165293e-03
2.989830325150928062e-03
1.730454851049658890e-03
1.153809480546864018e-03
1.514012864782502679e-03
1.063088601751511044e-03
1.242488527153564649e-03
1.224440412659394319e-03
1.425291210326710663e-03
1.107475700508477089e-03
7.545215863707014844e-03
1.711726629066797137e-03
6.709798701536538170e-04
8.379901436243637498e-04
8.188384960401315056e-04
5.568987059591046576e-04
3.011711490319052319e-04
4.783211104560006590e-04
1.995022972656915021e-03
4.798243503113513303e-03
2.706898557521984858e-03
1.099924607768594303e-03
1.161649605487147675e-03
1.114856816732600177e-03
1.232947468310429144e-03
5.288400736945129878e-04
1.533972648664564753e-03
2.112653270764511867e-03
7.350020623761589766e-02
1.566862845436079940e-02
1.221511600216193798e-03
6.707115697028217518e-04
7.003982043358313210e-04
4.755718560303191572e-04
3.337729228475815307e-04
1.072232221935367222e-03
8.295049985048034979e-03
2.918894439403661722e-02
1.448901943123224491e-02
2.360190323958968016e-03
1.278204980218363524e-03
1.220688148544709023e-03
1.217101168751818889e-03
6.645235199478384536e-04
1.308052892161190714e-03
1.620905461668173267e-03
6.289941781119706699e-02
3.449854381980616003e-02
3.379957924823200500e-03
6.444300234910753855e-04
3.384024354154690508e-04
3.746159189136591579e-04
3.351066629283597762e-04
5.602983340734419594e-04
3.252635199228841572e-03
1.793063733465644419e-02
1.275332366973186242e-02
1.796560260141199595e-03
8.871772958937430538e-04
9.038996894611738084e-04
7.847146852347213365e-04
1.097334917922341592e-03
8.756214314705069307e-04
5.650308482007092162e-04
3.800331679989147129e-03
5.008271020474298375e-03
2.665815056894249926e-03
6.602516564978892994e-04
3.039831992154973087e-04
4.923511924794772652e-04
3.937722519548261671e-04
2.914230553820615854e-04
7.391049862377407562e-04
2.106067183742182589e-03
2.095869102664281360e-03
9.836608625000322487e-04
1.091893069536500069e-03
1.346810602239375057e-03
8.465616117387163384e-04
1.188015123657887697e-03
9.103708983092623436e-04
7.355260875838697541e-04
9.042975045959082215e-04
1.628702670855547213e-03
2.180286462388758822e-03
7.964952825593276439e-04
4.814156020525448736e-04
6.664457451388183708e-04
3.879628102349561101e-04
5.333475397548447568e-04
2.038354747665979509e-03
1.897640184298032698e-03
9.865809474368320356e-04
8.875440461094773323e-04
1.266291576664959175e-03
1.546370941269527852e-03
1.269294233458893298e-03
1.346468418182167467e-03
1.196971631058404116e-03
1.575503189574114669e-03
9.236724420223211456e-04
1.655450808625770443e-03
1.601439925586834899e-03
5.837233199187322067e-04
8.025140283712542877e-04
1.253822640189777415e-03
3.805116376934379206e-04
6.950678803250194288e-04
5.694422984230878421e-03
4.039019197351372686e-03
1.153661975378534720e-03
9.673131801973764701e-04
1.058077441299936847e-03
9.679839997144101642e-04
1.224771017200762448e-03
1.286716754686851889e-03
1.094057279330171682e-03
1.357917318438755551e-03
7.926511537566441465e-04
1.436059115519947938e-03
1.320111431117935736e-03
6.154260492195742435e-04
9.210688030252494165e-04
1.214699140330999499e-03
3.730154730595635054e-04
5.726596818566782095e-04
3.182238115271321562e-03
2.266061049527283086e-03
8.134996257305201041e-04
8.353934392593040902e-04
1.076462739881122116e-03
9.333632168788368174e-04
1.114801137210776061e-03
9.840626299240735810e-04
1.250836684661171469e-03
1.496408149312503620e-03
1.356842121537523782e-03
1.728132831137321138e-03
2.239258497514797202e-03
1.551919542352590917e-03
7.033821727636778301e-04
5.990448611434144631e-04
1.018104891521772783e-03
2.132794706862162909e-03
2.300018300822623350e-03
1.104443691836746186e-03
7.316877059623674113e-04
7.478228448260459092e-04
9.014437665874197722e-04
9.660857696996467828e-04
1.022062643314688643e-03
8.170408223601887321e-04
9.807632088624390100e-04
1.110189718194900610e-03
1.755882582387971024e-03
1.086549516045862748e-03
1.218683046704008418e-03
1.366654928911462639e-03
6.421633769730707717e-04
1.181251154427870364e-03
8.402717940439995495e-03
9.486319374052873746e-03
1.889496294311909536e-03
1.284434606897115558e-03
2.506805364407511515e-03
1.717770262166958039e-03
8.936513600106845388e-04
9.225289608011438738e-04
9.483750071141776273e-04
9.198555159725163620e-04
7.665731929376982555e-04
9.351919684726500964e-04
3.647749644539610096e-03
2.675206784464510563e-03
1.632379071133231892e-03
1.048929020883093742e-03
7.378904785390282255e-04
1.922487696418567413e-03
5.851860940148010184e-03
2.806104801319388685e-03
8.745861568740385039e-04
1.817314610595260329e-03
5.971744036909820870e-03
2.899413845968585538e-03
9.179148986949189730e-04
9.508586754465865295e-04
9.536295321549004408e-04
1.065265411152603202e-03
1.116249126750467691e-03
1.449984100419272155e-03
8.043974115969814223e-03
1.136936720420945145e-02
6.158777313635952974e-03
1.654041834382074475e-03
7.586600077831409704e-04
9.365035189247456100e-04
8.735251908874189317e-04
7.939568227476555533e-04
1.333197623678510470e-03
2.277907583294054138e-03
2.313515127069612574e-03
1.167972573099785704e-03
7.270482542498385176e-04
9.910674898436825329e-04
9.217804396835064824e-04
8.792771719252206195e-04
8.422281593853266470e-04
7.294236042374061891e-04
1.660118218847886134e-03
1.563538750188820303e-03
1.477413327427089251e-03
8.925417347678452594e-04
6.768362005445394125e-04
1.027079991981974831e-03
1.058398985701123046e-03
1.474253456037227751e-03
3.015592543662421604e-03
1.963422294255107951e-03
7.907019174837672275e-04
6.479859154178040700e-04
8.635460966206525346e-04
1.095886592837034580e-03
9.654056839385669313e-04
9.586899330841253553e-04
1.049223929110857214e-03
9.857339433622896822e-04
2.030675998303086479e-03
9.590428877035005618e-04
9.853982885229212261e-04
1.345399278916002651e-03
1.122186798557742995e-03
1.370045640843552126e-03
1.227069492127875246e-03
8.317575156524463324e-04
9.162323302985287679e-04
9.572786440906253360e-04
9.020019769174147332e-04
1.061165226317943968e-03
1.110374835518658293e-03
8.739207982588558616e-04
8.108999523167944494e-04
1.025770315581877971e-03
8.883651601024849902e-04
1.034263713940185075e-03
7.375329903427573115e-03
3.435096233204452173e-03
1.701655815978601579e-03
2.265414528145639952e-03
1.302964610851872112e-03
8.011720975874636694e-04
9.151077899425931819e-04
9.697134341145221929e-04
9.241275056915379711e-04
9.550144704382590010e-04
9.768024308593403152e-04
9.635373305838383943e-04
8.869722031067969834e-04
8.975846245807535349e-04
1.039606373037769288e-03
8.972179273077458481e-04
