1.414968377308266833e-03
1.421688005121756262e-03
2.533151913089965162e-03
3.283792234463140097e-03
1.616882267711982398e-03
1.188743654536705569e-03
1.442469654607107278e-03
9.620101828159459889e-04
9.309957669830246172e-04
1.044146398794027234e-03
6.190339215470833881e-04
6.691862958843876287e-04
7.668047806544355709e-04
5.556019727307761041e-04
8.444250182638087529e-04
9.929229009888393409e-04
5.200579176413060254e-04
9.175070446517007627e-04
1.170445397644455767e-03
7.934357525494911429e-04
1.962552365206117738e-03
3.640049761408179364e-03
2.383139536953184437e-03
1.466789517534769190e-03
1.222677438953806168e-03
6.789453402604681562e-04
6.583757216365202858e-04
1.129769108350781558e-03
1.016100289326064875e-03
8.833191773786780747e-04
1.074969356339871293e-03
1.477389313035298813e-03
1.890403222243496528e-03
1.444859649127374843e-03
1.400055722283859118e-03
1.940047746106990725e-03
1.675215983804136327e-03
9.962961350133037360e-04
1.225848778824170605e-03
1.488329390050751938e-03
1.298201016167116820e-03
9.530532734917465405e-04
9.075414911660285204e-04
8.908373079091551046e-04
1.135665010038871756e-03
1.495218642883335957e-03
1.353653049648079068e-03
1.247403156750030934e-03
1.023186448996681562e-03
9.083925643040427836e-04
8.877932121008844926e-04
8.496799730822043265e-04
1.536173449682189107e-03
1.202629955798707306e-03
8.711244014208861450e-04
9.555242001106115882e-04
1.425223096362448821e-03
2.170684149195938571e-03
2.042104736387121301e-03
1.271968788193638886e-03
1.065858316108891490e-03
1.131916921903878496e-03
1.263704065050798341e-03
1.080712720283056455e-03
1.200673144089377774e-03
1.960869278527211778e-03
1.344831202103715815e-03
8.149146259885924753e-04
8.310312037263360187e-04
8.463633286693595650e-04
1.616963013192251018e-03
1.574118715393910345e-03
9.892474141178445729e-04
1.531226139025955359e-03
2.136447733857920698e-03
2.562981151188085255e-03
1.624257179333393883e-03
9.393989783634855298e-04
8.221398087484748166e-04
8.163856126271851850e-04
8.760668207069344845e-04
7.430819984886599542e-04
1.175915311621227553e-03
2.776754977002295240e-03
1.515545132906491671e-03
7.639003345861971554e-04
8.859434935075977818e-04
7.852727774814348633e-04
1.201211584408202158e-03
1.520730543698589491e-03
1.045943313110916451e-03
1.456307523479569589e-03
1.392054030927533529e-03
1.108150303069723418e-03
8.016673795358579763e-04
9.228447775623022271e-04
1.111374839603398133e-03
9.968064711832964105e-04
8.763653103815646772e-04
5.577493027391140128e-04
8.366273582382397975e-04
2.178174030028181933e-03
1.338208292287604078e-03
8.307055822470241907e-04
9.576026488594567218e-04
7.822214768110265790e-04
1.283494099715051144e-03
1.301689764885427536e-03
5.110002658068827502e-04
7.354837166004671084e-04
9.406669767528600670e-04
8.551073989980041484e-04
8.050207313488715868e-04
1.295666051923677819e-03
1.501088357806886365e-03
1.253160944865417802e-03
1.106987317153427901e-03
6.220122553394144549e-04
7.310636047832069166e-04
1.464343424722169438e-03
1.276905298244316667e-03
1.658780060676448998e-03
2.058081354236985464e-03
1.181704148330597589e-03
1.609466851541932822e-03
1.405817091754930437e-03
7.645972056665918280e-04
1.294160457238712533e-03
1.959396943411667764e-03
1.861291689726342173e-03
1.205914780241714107e-03
1.087742899412521939e-03
8.780410395624699228e-04
7.597629127919354420e-04
9.710706369553069508e-04
9.018448839462908997e-04
1.113392889981609834e-03
1.442648765462601224e-03
1.195339543062318545e-03
2.140597022330104071e-03
2.887506503025414478e-03
1.252373434712628509e-03
1.112068585322520398e-03
1.286635590342185241e-03
1.207615109944302568e-03
1.584823655200949663e-03
1.294234776896288630e-03
1.430543550455192978e-03
1.206999431875338492e-03
9.640380612436952974e-04
7.730508000186089293e-04
7.046233240456789950e-04
8.595987828438324480e-04
8.089143288327182036e-04
9.140906384570678112e-04
1.091784963932927776e-03
8.047396839122945887e-04
1.029719338544722324e-03
1.580452066406758550e-03
1.122197043411066100e-03
1.042670699622164771e-03
1.423188643192719064e-03
8.395037470562597510e-04
9.245986922115952264e-04
8.030088130129830202e-04
1.193986295085168285e-03
1.390459064899493904e-03
9.739796797726846820e-04
7.202886440542890937e-04
6.939137242571985888e-04
6.692731505840739245e-04
4.658922419390239679e-04
4.759545475776560193e-04
6.713343709386827580e-04
5.379407404684247379e-04
5.981264884562581194e-04
1.147000853506683748e-03
1.284386313489751293e-03
1.443539675388931824e-03
1.414748789697206676e-03
8.106729460579728671e-04
1.363848743919343848e-03
7.165980498541482148e-03
8.302259730322334927e-03
3.356432865567931471e-03
1.022613896165214644e-03
5.463361132329620914e-04
5.395745264133673452e-04
4.548642359194890504e-04
3.918518569969759607e-04
6.470051561742209923e-04
9.132205055667982387e-04
6.333520086804810337e-04
7.821472311379772113e-04
1.310193942242114055e-03
1.010452081294812687e-03
1.376965408339083643e-03
1.223555798741913407e-03
8.187845853463821769e-04
1.480533921975124524e-03
6.324377010931936383e-02
4.944885593400664969e-02
7.062275241743137463e-03
1.429202240049333786e-03
7.294812197515615970e-04
7.193934081034920013e-04
4.689225513519667751e-04
5.017009681049038571e-04
1.171983164242132620e-03
1.147161586807714673e-03
6.400689089441233487e-04
9.533409305539842409e-04
1.302295833673815934e-03
7.156754368440643209e-04
1.179575991352672677e-03
1.267600454734449551e-03
8.624217260004631317e-04
1.104586188236042271e-03
1.054768716976269005e-01
7.813817553000799998e-02
9.517929169230674238e-03
1.640138425774845038e-03
6.886334225162187538e-04
7.095324608038173272e-04
5.124036869320834067e-04
6.021215142165581725e-04
1.053737009685925576e-03
7.491605448240114436e-04
5.626387759703859988e-04
1.023128281821384039e-03
1.569499079801880623e-03
1.113562421969699866e-03
1.077850364812319014e-03
8.789068724503713240e-04
1.033931765689729372e-03
1.186849284611678429e-03
6.158971150187662197e-02
4.589347544540998275e-02
7.311876888522675713e-03
1.244063424639728008e-03
4.277413148563629156e-04
4.371976031914285091e-04
4.277292992704732140e-04
5.203105100589418709e-04
6.440332409409867988e-04
7.055022267552754677e-04
1.215477753070273422e-03
1.695976651248358490e-03
2.100413855423098868e-03
2.229518894287426008e-03
1.090009465988289478e-03
8.033926990697994389e-04
9.765431718137413666e-04
6.993305073726511232e-04
6.981773246830608182e-03
5.385421933332961743e-03
2.279781126998122343e-03
1.014212743799512446e-03
4.833108914859075888e-04
4.144196512977516423e-04
3.895901812842740390e-04
3.613270254033274908e-04
3.214485961907595783e-04
5.674707143458728592e-04
1.746143656666967461e-03
1.816833944646012141e-03
1.656463874897277835e-03
2.328931883157673525e-03
1.266877003003453192e-03
1.393311670496992722e-03
1.163650734957985978e-03
4.543796084229357658e-04
8.592807190275400086e-04
7.386425811538373676e-04
9.202863663788123571e-04
1.058499103752994983e-03
6.462742435132775350e-04
5.393497748604489730e-04
6.122871141193388577e-04
5.643184489301265394e-04
3.949233054570593180e-04
3.936798944589629747e-04
7.264101455137283786e-04
1.070567421009615324e-03
1.398834375074619859e-03
1.823782410584549136e-03
1.288255965925086529e-03
1.210248055568471405e-03
1.377905127202081999e-03
8.434382285183754033e-04
9.172049885619491198e-04
7.501712774890659024e-04
9.695189598435477929e-04
1.075818111032560620e-03
6.344176344070775108e-04
5.734161778465364208e-04
7.545860654921467689e-04
9.941340567590367400e-04
1.190229879463432098e-03
6.968644554949105082e-04
5.211972189853016166e-04
1.220537122460810643e-03
1.969024070948749688e-03
1.284844643809343991e-03
1.102076429082979444e-03
8.275255476528580291e-04
8.375445277863046399e-04
1.214145818902379742e-03
1.680387894427567584e-03
1.251626956038417093e-03
1.017704826747619284e-03
9.814072811866307328e-04
6.484622357491277248e-04
4.394027673890821078e-04
3.395466842796066964e-04
4.828567145528554565e-04
1.285812644320149644e-03
1.072567637613824117e-03
8.025960956737170342e-04
2.740472645833955199e-03
2.969522716757727870e-03
7.259774957416213021e-04
7.921082626507892736e-04
1.044050013457981617e-03
6.448028111147638798e-04
8.938854964542530031e-04
1.468846466889037845e-03
1.360586475229267397e-03
1.003451515147028156e-03
1.086487322616579198e-03
8.644828010677643899e-04
5.397012237232940834e-04
4.482620777541723484e-04
6.491085453657615767e-04
1.145093823089420862e-03
7.471935067715822177e-04
8.095352307634886202e-04
4.587296828329127767e-03
5.084927163281511946e-03
8.321617344846319589e-04
6.556545807474857806e-04
1.002405702204103508e-03
9.071138356986574924e-04
7.121699088180530584e-04
1.146093279935342640e-03
1.491582601703658664e-03
1.002174817284430877e-03
8.801681656594909737e-04
9.173882590584833165e-04
1.303936240551270640e-03
3.001206902265342053e-03
4.612601511194231070e-03
2.810305177251248756e-03
9.936206500138927179e-04
1.069273686182289733e-03
4.479583422675409952e-03
5.099686586166871961e-03
1.299061946247046439e-03
7.521407181572957760e-04
6.817149181388000535e-04
7.495073129089732059e-04
6.890923736140082021e-04
1.119707701872416691e-03
1.769545028581020552e-03
9.344764788220606168e-04
5.040247826544209248e-04
7.450341075454497549e-04
2.385467986968319628e-03
6.055804170616431274e-03
5.442883328007170826e-03
3.093890152783199034e-03
2.509070731351541357e-03
3.331839100586969811e-03
3.504211139089813583e-03
1.390132706967497000e-03
5.761452283037311927e-04
6.182618423149039647e-04
6.239759973391669021e-04
4.987078106212104907e-04
1.227620475707898867e-03
1.983298452870408367e-03
4.433516323728073187e-03
3.147139136819121757e-03
1.065169260521621995e-03
1.106373854324131959e-03
2.802093224927154451e-03
3.361369837192906915e-03
2.010849108738869788e-03
1.954448418144944140e-03
3.095630864822936177e-03
3.816387636566672282e-03
1.780878258732969573e-03
3.904174032643864555e-04
2.091143655200445337e-04
4.112786967591084732e-04
6.407726570764177548e-04
4.651245535353462223e-04
1.818226072082193556e-03
1.897094195469246469e-03
5.745052438044183016e-03
7.796477451338204231e-03
1.952509086262309420e-03
9.095581053501323532e-04
1.447782214174363896e-03
2.229431287077033187e-03
3.308435844452333775e-03
3.698660136068153154e-03
1.418606199754697365e-03
5.445359868378439345e-04
4.516441027158824180e-04
3.282541074148900167e-04
2.429584069340006976e-04
3.420919083096958914e-04
4.822979748046425717e-04
2.645790653571082640e-04
9.192869015391105705e-04
6.691362661021128637e-04
1.241482299921349173e-03
1.025496563621239830e-03
2.405386594451106800e-04
1.930789407280542221e-04
5.224057897258972899e-04
1.101542495358794191e-03
2.083432633348851742e-03
1.474407764104983124e-03
1.727227019045498809e-04
4.385977335622551584e-05
1.089438727360806189e-04
2.515979095101845021e-04
1.604850841971175186e-04
1.133069300583707884e-04
1.711553051825597351e-04
2.476771583189891785e-04
3.083089464732525695e-03
8.153396391225496698e-03
5.996711062649523645e-03
5.331222339600602241e-04
8.604362664778855338e-05
4.198470245215363793e-04
2.584076301743462069e-03
7.302104135039017094e-04
6.262251113135449722e-05
1.135545308998090262e-05
4.145593462139557954e-06
7.249330223375892297e-06
4.428219082119252021e-05
6.872823246442876595e-05
1.807781520998202836e-05
9.587886811929301705e-06
3.143872605252520305e-05
