1.690800250803117539e-03
1.679098187544552506e-02
6.854752914337707524e-03
1.140949810311079563e-03
1.750380629869487028e-03
3.384585947489607890e-03
1.464323407834903449e-03
8.090385075415288665e-04
1.168310533810629041e-03
1.583542934860163306e-03
1.162437592158809072e-03
1.201822478008385004e-03
1.199604456764330517e-03
8.433739290533310293e-04
1.324037724565019442e-03
1.188253401423085536e-03
7.118431954802088239e-04
6.828163882267785680e-04
7.719234647108918265e-04
2.455031034764539651e-03
2.452279665966493674e-03
1.315078029399283479e-03
1.287107452587374487e-03
1.204402239132682439e-03
9.448612074300017424e-04
1.373330027311438781e-03
2.472099411335677496e-03
2.145856954257991875e-03
8.024083942806243229e-04
7.298061250333510216e-04
1.432847528233924597e-03
1.395072685285047697e-03
1.305757021261118788e-03
1.355269385346228976e-03
1.758356403942718665e-03
1.110808253196328725e-03
6.309526350205228729e-04
9.728946168816651882e-04
1.294041133926485034e-03
1.323114452919525470e-03
9.075574566308217215e-04
6.056759541996227080e-04
7.173726665981461229e-04
9.313042120915569766e-04
9.151282215121771691e-04
1.395295569891866075e-03
2.021557430685245061e-03
1.754800837866932238e-03
1.137390222022779127e-03
8.164155910884219377e-04
1.076475250503054629e-03
1.302144864482659590e-03
1.321810818665144875e-03
8.544156277092357973e-04
1.019520041348299239e-03
9.769007120785969892e-04
1.654443580462128466e-03
2.039200889070343949e-03
9.813632284051529344e-04
5.150559786487900931e-04
6.843573559404552992e-04
9.392801814933864199e-04
7.835302148258182142e-04
1.344485506840693411e-03
4.243332422421485645e-03
5.931452028741689836e-03
2.734350801542354600e-03
1.103552300943617297e-03
1.008256323094480333e-03
1.205668510476898400e-03
1.212251405289617098e-03
1.003028538847018864e-03
1.159984563998686701e-03
9.036869279227288968e-04
1.565726119733084482e-03
1.772294979730220559e-03
1.443188657269271757e-03
1.056929053049785123e-03
8.506489093201881216e-04
1.172272315453480205e-03
1.386359374792015551e-03
1.097342690730121386e-03
1.139359542272642967e-03
1.658576344259059775e-03
2.238256938062102921e-03
1.587778310302509358e-03
8.060275596573613201e-04
6.914720519910563671e-04
1.003387619698319034e-03
9.559649823664940430e-04
1.038441221731054714e-03
1.207390238645167022e-03
1.155744505678280281e-03
5.884084446995552914e-04
7.798126795523169317e-04
1.250882898981554381e-03
8.986661609986217741e-04
1.107303615369746065e-03
1.655386294759745268e-03
1.198828354528036358e-03
6.988304465709899334e-04
5.363857791753028461e-04
1.085034229815282601e-03
2.783410138988258887e-03
2.095539177135600454e-03
9.844827924780634888e-04
9.243456818206094395e-04
8.846627927667449721e-04
1.127336495392778281e-03
1.652201239976055364e-03
1.095291181665365449e-03
4.623106388828401424e-04
5.474721527626358938e-04
9.901339485275362749e-04
1.031480156523120837e-03
9.942908026162077580e-04
7.862749197790760373e-04
9.047382303079948805e-04
1.546879333936393213e-03
1.045097813182994072e-03
9.753334519995993102e-04
3.525494907029060477e-03
6.352944510318886233e-03
2.179979976717270722e-03
7.647037244807340173e-04
1.152563652461769403e-03
6.318733852188699587e-04
7.323035753028254644e-04
8.754924854132317040e-04
1.128860331880500488e-03
1.189421822032436229e-03
8.837332085386903754e-04
8.266390175164203867e-04
8.782529882304106368e-04
4.951625046544480590e-04
4.728255916112283365e-04
1.185928772970329826e-03
1.482351785891253791e-03
1.057863124063077769e-03
1.498425189383076773e-03
2.359761794155201386e-03
1.150050730850047699e-03
4.409229565139122426e-04
1.610392168517258077e-03
7.234554606151099828e-04
6.521744865000152344e-04
1.246898126605337298e-03
2.282596036057914918e-03
2.455900654249967580e-03
1.162748084378052629e-03
6.290414260071972886e-04
7.093313772527539947e-04
7.530879864188828226e-04
5.857414507913269843e-04
5.908764150358800657e-04
1.002706272972552241e-03
1.330443156837891145e-03
1.009128309206485264e-03
9.753956533099819538e-04
9.590262892324219511e-04
7.084004928759149748e-04
1.668161105503209070e-03
1.942875442534782848e-03
1.566687292973480963e-03
2.324295691650297025e-03
1.171043774248958433e-03
1.133016940436697194e-03
1.210397914649725959e-03
6.523340090129792386e-04
4.868256484490205826e-04
7.553515063570075648e-04
9.739992311970814684e-04
6.412977866640601557e-04
5.551599074490069438e-04
7.057788044492926656e-04
9.428587926168283768e-04
1.805911690320917504e-03
2.737307092893870569e-03
1.726919946830534919e-03
1.124741630913361334e-03
7.763901343211599467e-04
1.218295275644595138e-03
5.362416496758361933e-03
1.461854964659274397e-03
8.000169895619205435e-04
8.684810917923402708e-04
5.275457969712956307e-04
3.786132210398474788e-04
4.066522269459674124e-04
6.187973944055598927e-04
6.839440563902526252e-04
3.869942575276964216e-04
2.825094323960625469e-04
6.846262626885505189e-04
2.884657629606922260e-03
3.913605871151077178e-03
1.565180580972326454e-03
9.696066206247764240e-04
3.402035010549431639e-04
1.323967067537186893e-03
5.441559773868509531e-02
2.637768372368875028e-02
5.498877403189413385e-03
1.171419963753156639e-03
3.766978419191957658e-04
4.687095415402764767e-04
3.789559711750771997e-04
3.005736359034928370e-04
4.863920791681573689e-04
5.367845427914427628e-04
4.881570744125622347e-04
7.738724384910674508e-04
1.916934007147261428e-03
2.684753769227483152e-03
1.433327231264794506e-03
1.399272302722615003e-03
1.270486675320163213e-03
2.855008330078606833e-03
1.828289190060519431e-01
9.293822491794694052e-02
1.224543786487056196e-02
1.304815522824076318e-03
3.230778563605151712e-04
6.374332686923170604e-04
6.787671700562273886e-04
3.805826140093105411e-04
4.442726712322009027e-04
7.584158516396350292e-04
1.276145547583442362e-03
1.126358460249137243e-03
1.240150923938844896e-03
2.136377107158356041e-03
1.390768364389541453e-03
9.751364800378769983e-04
2.338200981470587875e-03
1.939380254816220738e-03
4.122355252112249596e-02
1.441757145998611225e-02
2.306815089529597965e-03
6.582807597714777394e-04
3.383672321512085296e-04
5.236884650816294763e-04
6.754128779352188989e-04
6.360324549615808043e-04
5.321814270384336463e-04
5.475384582081797066e-04
8.955238718031768071e-04
1.012717901598414200e-03
1.645675723951385040e-03
2.556887743314155328e-03
9.825422666754379027e-04
7.111260719333196197e-04
1.105079081853246534e-03
1.024607430517359688e-03
7.816896472798456896e-03
3.694118016629620999e-03
9.144008953007298204e-04
5.323327522362424243e-04
4.262379415474938800e-04
3.637576224888135678e-04
4.484424930176994332e-04
6.670598076191194869e-04
5.319357005706446635e-04
3.811386148937699028e-04
3.887739260379929505e-04
6.147371506309619879e-04
2.197014314466602669e-03
2.521292066151105491e-03
7.596767544977027411e-04
1.415079909946537684e-03
7.959647292560686430e-04
8.027109716225394685e-04
1.775473061322133854e-03
2.073440577535101085e-03
1.303959855840751934e-03
7.790769649831802424e-04
5.299695268102230837e-04
4.455971011976873788e-04
6.251781990480293578e-04
6.200701539216816249e-04
4.214204712918905916e-04
5.206203568727922355e-04
5.362728839964561863e-04
7.115052896962646700e-04
2.224742826946494827e-03
1.636773965335184622e-03
6.557213695109758052e-04
1.468552517925525306e-03
1.030709641019130884e-03
9.679468261561709457e-04
7.556170141304744455e-04
1.233373707772445751e-03
1.339431838311219789e-03
8.324545248599346439e-04
5.741651888922471832e-04
5.739738324812169654e-04
7.688948886970698197e-04
5.366778319549978925e-04
4.288124881579047105e-04
8.788117514346984946e-04
9.969555746486662151e-04
1.183478584198015011e-03
2.464612074988656483e-03
1.413040328344675189e-03
8.938575791316008198e-04
9.740524521016283689e-04
9.081883875931183936e-04
1.617322304630469318e-03
1.560842558278813155e-03
1.654537675498429740e-03
9.430064792597206988e-04
6.220526133087926407e-04
5.612604954368680208e-04
4.018505478744051145e-04
4.086637560515805814e-04
5.050446700614845538e-04
5.801779218107832757e-04
5.827029616073951031e-04
5.028810559537806157e-04
1.137218116080384840e-03
2.859285728536916597e-03
1.512617778772581316e-03
1.130797478978063601e-03
8.959319441824675464e-04
7.419472539145857172e-04
1.550395558847781838e-03
1.875186089687517219e-03
1.546945759102160995e-03
5.880367784151135143e-04
4.723734130141814475e-04
6.402339046540236021e-04
4.333798621722350936e-04
4.232891288198528754e-04
7.478817991463728191e-04
6.606315121019297205e-04
3.171542520002695485e-04
3.680164383985765910e-04
1.333802759805737459e-03
2.620459462651671210e-03
1.313024887607542029e-03
8.881111235237565665e-04
6.644323522458794483e-04
1.161318352634727134e-03
1.433640299332438308e-03
8.209790077095922975e-04
7.910865720464647574e-04
5.357609394929672888e-04
4.964967730581861752e-04
8.666139752523026535e-04
1.049126010308209416e-03
1.043489762796585537e-03
1.029573999990874168e-03
8.233890331557555935e-04
1.170717837955538229e-03
3.134546468810266422e-03
2.939150889631034387e-03
1.247666237306124326e-03
9.282400825869952833e-04
9.055250244178414615e-04
6.389405981698681892e-04
1.188179198492362448e-03
1.560759929384881659e-03
6.662420906671560157e-04
8.880706524005675152e-04
1.038811811061865183e-03
6.681089414723509739e-04
7.393399021307040051e-04
1.095163344770764798e-03
9.491682975723222688e-04
6.326582830732534494e-04
1.030364244489307465e-03
6.834743273394388620e-03
2.095732198573550115e-02
3.338615737887839011e-03
5.019472026607175097e-04
6.752711149337690651e-04
9.097843817081231873e-04
8.257511980066929670e-04
6.851841031965295870e-04
1.065462341448448818e-03
7.288450465923058518e-04
1.015171833434665724e-03
1.350101617258990050e-03
8.205585387354429614e-04
5.098058348353634930e-04
4.901134115320305955e-04
4.938172207591263844e-04
5.480401036468870437e-04
1.042911709758500552e-03
3.765454051873683844e-03
5.520030561793737821e-03
1.126475181390429415e-03
4.324302732635497328e-04
7.455193312318924345e-04
7.142828225869610062e-04
8.303395121545827746e-04
7.004732461867339355e-04
6.765283707136944677e-04
6.644515951273559633e-04
6.372213936811393269e-04
8.566030933903112697e-04
1.047231633689574368e-03
7.160329212720486841e-04
5.531090952933260521e-04
1.046185484429255430e-03
2.342066386887476336e-03
1.637730124238034142e-03
7.704539564955691002e-04
6.433099271898281733e-04
5.793992903483904857e-04
7.680478200008290660e-04
1.021784672895472172e-03
7.020433240297073224e-04
8.379176576711894068e-04
9.129598533639848076e-04
6.158768649565372856e-04
1.026288494233093670e-03
7.979157055009841910e-04
8.388174305991149063e-04
1.414247098636537943e-03
1.315027734883736843e-03
1.143298458744410138e-03
2.734336009323146827e-03
6.202718415880519552e-03
2.373744763585049905e-03
5.848219330383027780e-04
5.446137235473808621e-04
8.400124083125160750e-04
9.711283533295611689e-04
7.418332466454182926e-04
5.610074350915635576e-04
7.501476647954890024e-04
1.723823114960686131e-03
1.331911136294578564e-03
3.337684322057519592e-03
1.343622262255404504e-03
5.280195934849545546e-04
8.078465788763021212e-04
1.460521367434247739e-03
1.361040319364278505e-03
1.073967191196018543e-03
9.147163114111812269e-04
7.233256903154156470e-04
7.588019223324114293e-04
9.344633534469582933e-04
8.186630264014236550e-04
7.313797794561341771e-04
7.511168385101935942e-04
7.385328262014661518e-04
7.076010897281029624e-04
