9.684027772428431275e-05
1.780520015753375230e-03
3.041484426055865616e-03
2.808522070364709647e-03
1.993535505304596181e-03
6.419988753283967491e-04
8.975927042755734689e-05
1.453715845496327528e-04
4.734841068984771802e-05
6.736382214606204180e-06
6.230217256751294675e-05
3.832200708979712303e-05
5.639500830750253300e-06
4.299467333884095786e-06
4.824631982010148845e-06
6.712613067351062097e-06
8.848656826288693776e-06
1.597863950949413261e-05
3.975534771565611501e-05
7.586772337170792462e-04
2.904484771370609893e-03
1.617663487538298231e-03
1.755166356834462213e-04
1.586360436601447850e-04
3.661539591417324298e-04
1.414765747588698531e-03
2.299749657974971186e-03
1.060817997471443039e-03
9.558488049512585622e-04
2.079203738512191621e-04
9.336490302815252172e-05
2.048904410644903287e-05
4.303704482089056128e-06
3.407914453402944830e-06
3.747817727819264208e-06
8.670528129059937859e-06
2.075620272151090616e-05
1.994933095846803696e-04
1.087842373162566274e-03
1.038205109660838947e-03
1.975327667626797625e-04
5.864326170838468156e-04
2.283955262394583765e-03
9.136778954553754313e-04
2.394971679400935329e-03
9.198763218860804905e-03
2.791134427174138313e-03
1.366017893950755404e-03
1.165540288608736584e-03
1.448586534355043962e-04
6.317544454677634759e-05
2.214262967690734513e-05
4.749388366302724647e-06
7.749462773063252652e-06
3.773622179593694891e-05
6.593059406931955435e-04
4.767678893423972844e-03
2.655495277670711848e-03
6.200533580516035242e-04
6.647092951472736815e-04
1.153505385604323844e-03
1.086938682477387721e-03
1.604015370141918502e-03
2.061263298808488614e-03
2.164375734671486473e-03
6.185243744497248564e-03
1.517419324681089192e-03
2.713806036819288209e-04
5.365880507028008509e-04
7.457620080713624460e-05
4.942000622748933193e-06
7.176181304181901119e-06
9.508727077082015637e-06
1.875635305721722902e-04
5.667426670687344785e-03
4.221835541106507862e-03
2.160143510280794835e-03
2.266071214278698662e-03
1.002976216719100389e-03
1.622502843894513790e-03
3.040471019019642084e-03
1.976230691805529790e-03
8.205932074399072606e-04
2.833470852702615807e-03
6.637936908143220009e-03
1.629486885193054358e-03
1.859503597241482487e-04
1.266250077043673647e-05
2.738654030417394156e-06
6.169360850221321909e-06
2.070926541185802158e-06
1.916976074377018275e-05
1.828471365519068704e-03
5.164906749838719252e-03
2.132078893909957265e-03
1.646574901436186154e-03
3.341768306029652743e-03
6.721803550744667906e-03
4.056181846301761158e-03
5.047585841057290919e-03
2.427950531448181369e-03
2.183853980528722375e-03
9.300715476138735407e-03
2.867678585562117265e-03
1.463170267193487949e-04
3.556123898649206843e-05
1.008677398150402451e-05
6.787988990794185012e-06
3.087303077676761228e-06
2.372722293753830479e-05
1.059738445020667625e-03
3.461525022131358396e-03
1.575102043132422646e-03
6.427976049933673258e-04
2.441657833811456367e-03
2.308335656290314529e-03
1.078137838135762895e-03
3.643360830650052215e-03
5.853373089563804546e-03
2.747823794692670542e-03
3.899034763882644212e-03
6.207109067151263433e-03
1.611101050827474157e-03
7.518545571094691678e-04
6.019392401506166079e-05
6.582729813042494088e-06
5.506621698918451877e-06
7.605077462215514849e-05
1.561585205473541276e-03
2.588912127227227522e-03
4.604834230674524111e-03
2.709120421277749855e-03
1.725555749589578703e-03
3.328640242965855665e-04
3.294731163207203031e-04
2.225938926686539792e-03
2.854057135408995336e-03
1.734474665945985594e-03
2.422852149632257618e-03
5.360397327891118155e-03
1.713291347979917049e-03
9.064770602384045846e-04
6.336482137699197366e-05
5.179867287701870743e-06
4.452803990757757611e-06
5.363773192942179686e-05
9.719512714136314567e-04
1.664612933999172267e-03
4.661329486875674839e-03
1.383720625484724303e-03
7.452200581641080755e-04
8.696484953124608520e-04
7.163904216876500934e-04
4.214260366349265215e-03
5.251541810653265197e-03
1.641392495917123103e-03
8.449391152516903076e-04
9.337153503730506688e-04
1.711032435410260498e-03
1.661177439826759658e-03
5.180578746338343016e-05
4.482098593601920371e-06
2.994091546587743763e-06
3.858326144918832146e-05
1.818212828232255605e-03
6.026942701450882164e-03
9.692790072962653020e-03
1.231903552421258598e-03
9.565782647510555261e-04
3.993947002898714550e-03
9.132541528236837831e-04
1.023349420051958714e-03
2.423358984280445366e-03
1.332383180385609146e-03
8.124501670132001875e-04
1.427854946221450904e-03
5.605727332568081166e-03
2.082142515615777439e-03
2.100070832259059612e-05
2.527369206135292375e-06
1.658990719583114232e-06
4.096111859644527590e-05
4.679288955891513710e-03
5.696118875786018373e-03
3.334183982129636844e-03
1.814956736043968778e-03
9.301384754260373557e-04
6.086159215924085743e-04
1.394394430598199701e-04
5.491512010668270888e-05
2.981533569095634844e-04
7.611480133700126820e-04
1.476571305591081610e-04
1.134728568940472556e-04
1.164211046374908536e-03
1.852910256421119945e-03
3.257378899904519022e-05
2.597132423217101815e-06
2.441761964688616345e-06
1.814911735566435179e-04
4.379543794565604609e-02
1.757693468800464176e-02
3.200129186614356688e-03
2.410777435680137165e-03
2.830443935753884622e-04
1.048656202493661159e-04
3.125903189828166287e-04
2.488988560803393770e-04
7.840850781762967198e-04
7.864237286271463182e-04
6.019961602536394338e-05
1.038787264023454575e-04
2.024034093972396781e-03
4.283970022116729247e-03
2.020165206768294904e-04
9.806883750599262043e-06
1.272893143650059172e-05
1.828034245271620804e-03
1.847827964008883495e-01
3.770674985391193196e-02
5.749676065919933146e-03
5.527152910191447839e-03
1.495012388532536646e-03
5.259517035783989715e-04
1.667549358058598554e-03
1.537576646839798654e-03
1.101996385822623901e-03
1.389811644294270949e-04
3.468545627978012380e-05
5.809774821240290587e-04
4.457940562910877279e-03
2.709351497421021941e-03
6.042331068404463478e-04
3.636499671247269425e-05
1.892733188195691086e-05
1.985364783709991313e-03
1.002181173440837431e-01
3.153790720754389570e-02
4.427670711927499461e-03
2.596968759571695751e-03
2.538196986318492967e-03
8.136522908447010741e-04
1.784461047640917676e-03
1.863968625038120571e-03
4.246525945613201258e-04
4.656643920616916979e-05
3.954955755391430304e-05
4.699715833232161362e-04
1.215559122653690110e-03
1.200025464268833194e-03
1.167468739497222203e-03
6.532676958917308686e-05
4.760397596823259643e-06
5.978313544843123219e-05
2.668018571223340629e-03
7.113013249283811103e-03
3.564192714080378476e-03
1.121494351364802494e-03
4.611561849364543891e-04
1.797263028270817769e-04
3.105040432272763800e-04
3.465065236783846790e-04
2.174858365501161888e-04
3.344551351825162722e-04
6.191211463177691363e-04
1.551473858691288042e-03
1.656310792085953715e-03
7.643624955799405672e-04
5.651458387359720300e-04
5.887806916783049473e-05
3.163805234206104955e-06
9.727307228215395805e-06
3.765197593076321418e-04
2.438161139992333585e-03
3.221904378440518333e-03
3.293917477716214615e-03
1.969753043116374489e-03
1.091477959890404777e-03
3.915776597848016579e-04
1.174893385586690548e-04
3.010300806537060270e-04
2.096574794320738011e-03
5.586758206389511212e-04
2.130025485720973659e-04
1.893313197112993446e-03
1.585509978246359272e-03
1.331783174305399878e-04
1.731979309510521569e-05
5.875386360321604191e-06
2.621431648750824188e-05
5.074045488938904456e-04
1.069458031999768631e-03
1.062540283928209341e-03
1.090851122316448523e-03
1.062106973489083993e-03
1.704748833089091706e-03
2.262871241453147473e-03
1.139681185510964256e-03
1.477233715267260239e-03
3.571757405021867664e-03
4.110986906112052536e-04
1.097455803303028292e-04
1.913102275370305192e-03
1.011712125361635467e-03
1.635824105852639286e-05
4.173098850950922991e-06
4.168720923566500064e-06
3.632507703247417861e-05
3.541929009278330142e-04
2.002583465966593652e-04
3.533596090072219607e-04
4.381030292221012637e-04
3.737715290530747424e-04
6.743712486942030331e-04
1.260885128718846997e-03
1.785500027426059014e-03
3.027738087764910661e-03
3.688113204718546177e-03
7.528287525304091718e-04
1.402322990196444271e-03
2.456383896601591500e-03
9.202293762926347755e-05
2.755536880457532550e-06
2.683219475747366832e-06
2.850708623295940734e-06
7.182303063291152446e-05
1.258792056187363903e-03
2.417157079587705314e-04
2.598027538380496583e-04
6.189213496741977245e-04
6.312606483925665502e-04
1.087097016514132486e-03
8.412707855811178172e-04
9.469092064273104768e-04
2.138288636490393718e-03
2.391666983745384389e-03
8.462747028292516615e-04
5.873015288500435006e-03
1.364703609039679679e-03
7.242609023853852546e-05
1.106457445249405821e-05
4.651627159869417925e-06
1.168477973286120644e-05
1.856230978730822191e-04
1.249627479060093577e-03
6.723054721213842996e-04
1.137135937854354562e-03
1.715245737267157271e-03
8.801250173539887367e-04
2.134944822355373199e-03
3.588029296166600317e-03
1.290250291651037686e-03
4.137859054984021267e-04
1.391618591176815682e-03
5.199133474789464568e-03
8.250411880958688840e-03
4.825296662047232109e-04
3.899800828884962003e-04
1.281708750540593380e-04
8.150037451848554548e-06
6.963159360311262558e-05
5.372505311035315635e-04
9.667778206506480671e-04
1.161344258088718067e-03
2.542648887042862123e-03
2.142834176808746608e-03
2.209368606605412893e-04
2.951240477266351596e-04
2.679158192712943753e-03
9.302319857751725415e-04
2.439900019533395626e-04
2.180649827572744490e-03
1.015665342681187390e-02
9.520038677059840899e-04
2.703880260211344324e-05
5.759613864292957043e-05
3.791683782864882605e-05
6.258613969537976726e-06
1.273300917117937471e-05
1.490321414851910546e-04
2.098631416553922106e-03
1.601686496953447312e-03
4.557495246988694528e-04
1.459493165818960417e-03
8.436406802094032278e-04
2.530314432408369073e-04
4.166230455450651952e-04
4.735343087011189308e-04
2.420756151250716848e-03
8.384447890600782091e-03
2.257537615830667709e-03
4.893152642351587236e-05
2.084471868060399938e-06
3.027375042463528095e-06
4.634661384361580963e-06
5.862264693587827639e-06
2.045792169751537007e-06
3.936581010905600267e-05
1.707798831243969228e-03
8.402702595273947497e-04
8.484152156752022128e-05
2.322229209051880443e-04
8.077330141317394388e-04
7.382653986941076696e-04
5.568421593045712629e-04
8.009471729992565089e-04
3.894279975234980935e-03
2.233196457506370688e-03
5.603086680196849544e-04
4.239236896880654068e-05
3.083573538764401435e-06
2.424252899415322860e-06
3.861052859256232935e-06
8.367226626135112699e-06
8.209034943400505876e-06
1.254924955786371795e-04
7.532992207816802902e-04
6.512613123342334389e-04
3.571241318322095418e-04
2.270218705135713499e-04
6.615989846652292942e-05
2.044015720053560280e-04
2.275038413137764944e-03
2.129771324735131068e-03
6.771661582498787919e-04
8.504538934476436516e-05
4.578151234716661258e-05
2.335750314329362021e-05
5.737678803821831609e-06
4.261611960790935826e-06
5.190868013646253573e-06
9.808693830960401171e-06
1.269775195415187889e-04
1.536971365840479045e-03
3.382294358814160341e-03
5.880722060672662760e-03
4.573321704387036529e-03
3.299376783448995914e-03
1.208690750322460796e-04
2.008103083755147228e-05
9.506091033288795698e-05
7.937581752379489471e-05
3.327413475139632079e-05
1.089936992451650878e-05
7.382932172799667176e-06
8.860087167960573290e-06
8.341703066107728200e-06
8.820001345900757231e-06
9.583001837640619676e-06
1.558586342860372108e-05
