6.069494235902621153e-04
4.934175957997960103e-04
5.477692024266551159e-04
5.389706610562147032e-04
4.739308220571748927e-04
7.418877255827194435e-04
6.353433713244049453e-04
5.159476819761677022e-04
6.865525858073274470e-04
7.105874412346469557e-04
7.298408404066624930e-04
7.444648462329992757e-04
8.084084062426763690e-04
7.682754203720733180e-04
6.422106973390201250e-04
7.428871384821421125e-04
3.954553246337152148e-04
8.697353113128756044e-04
1.055576634968487639e-03
7.998469057156859345e-04
6.125842675064807272e-04
5.596369948084361145e-04
5.380505015226678912e-04
7.036487769782740062e-04
6.456394235345011339e-04
8.161127653757901121e-04
1.203621244609208527e-03
8.410574490666071230e-04
7.831016005018856529e-04
1.151970104160793479e-03
1.000788137366828267e-03
5.311549211804890295e-04
4.083126912563134507e-04
5.304380254142216635e-04
3.832498594272646004e-04
5.341758011779925612e-04
6.307380508230598900e-04
7.788315520222741485e-04
8.243670780613218414e-04
1.006911238715046952e-03
9.493409052623650842e-04
6.141203664176559914e-04
3.590811190060817087e-04
4.753737986701191522e-04
9.174384960497785312e-04
7.845968124399232057e-04
5.579315653601065036e-04
8.206253562822022653e-04
1.146080625123533942e-03
9.271993301478884900e-04
8.033555885771429244e-04
6.876396941621714092e-04
4.658163119779193287e-04
5.511878753651126102e-04
6.902784754689129465e-04
8.171841907881284475e-04
7.499950812142099901e-04
7.429882594865789072e-04
6.514758136880126858e-04
5.292265935742226967e-04
6.007057997323793754e-04
7.482236500265815066e-04
7.228273116856960209e-04
5.815677505879390894e-04
4.320843897516127166e-04
5.803850207243396644e-04
9.530205268910018094e-04
8.440758922666097850e-04
6.358695172689889877e-04
4.103744007480388911e-04
3.553724896744671650e-04
7.776867656479697017e-04
8.248374034794256826e-04
7.391197562073271131e-04
7.220960559520186051e-04
6.971910126808428124e-04
6.536608647386950646e-04
7.287930377989131287e-04
1.058541640783734750e-03
9.412772312214048908e-04
5.637267461184050860e-04
5.142314481950573243e-04
4.284776792708405008e-04
4.339074371203795839e-04
6.676505046250687204e-04
7.161300313539290452e-04
7.550714251095367192e-04
7.310660494151735014e-04
6.011123161785383211e-04
7.479201477562567825e-04
1.152784093749393462e-03
8.728980557998250369e-04
1.023415317076779288e-03
9.519241009636975146e-04
9.321997806202420413e-04
9.189952613137508360e-04
5.094925632322429157e-04
2.727444998767423242e-04
3.117479323934632955e-04
5.945204972547128491e-04
7.247097451559458749e-04
7.559911615469974786e-04
9.827929980306536906e-04
8.224266597970372262e-04
7.264402925954469665e-04
9.083014151810649053e-04
7.922896041428538570e-04
5.326836099110532439e-04
7.962834864865977027e-04
7.804467266919095161e-04
9.592218050090748184e-04
6.562908939038865873e-04
6.200300720575408538e-04
9.092047002056735444e-04
4.627535575209321909e-04
2.814215093486735508e-04
3.942311468844335309e-04
4.448643611166969310e-04
5.353358347340951692e-04
8.663496195531793578e-04
1.049665282254168145e-03
7.701960236909897181e-04
5.641555940375011504e-04
5.498086779808657220e-04
6.251098460563389147e-04
7.357896805774978262e-04
4.450168878067954290e-04
8.007820205665283977e-04
1.119152856560068528e-03
7.022936790663130476e-04
3.914933326182210797e-04
5.296043761920106278e-04
4.381937324218642847e-04
4.479681799403459124e-04
5.027659033874903177e-04
2.364540736397779334e-04
2.381962017481701525e-04
4.746586439320770205e-04
5.147795805573216572e-04
5.752168635355246924e-04
7.263184209926964270e-04
5.744848920928428450e-04
6.652556449995638633e-04
1.157271101799535679e-03
4.455232974479993060e-04
6.184690449182884530e-04
7.706857626469759649e-04
1.093370436945676231e-03
7.016901205369150156e-04
6.810863268197355717e-04
4.870926478501409426e-04
3.185495138273669959e-04
3.223419414278375647e-04
2.750156942979578665e-04
3.196867786283243747e-04
4.711049495345520817e-04
4.694881288480967445e-04
4.857305190836657262e-04
5.561262968216850637e-04
4.815074179800184315e-04
6.464851251239486655e-04
8.618282475138001756e-04
5.510539215015428484e-04
3.867392324904544445e-04
3.762661574418592380e-04
8.734391240091980355e-04
8.135384383930168101e-04
9.236500340471501171e-04
8.542269348723346327e-04
3.266986393264389521e-04
2.336296724545165856e-04
3.651732768450261738e-04
3.336769593643431567e-04
3.637028002744863630e-04
6.796698049512130396e-04
5.459475467461044141e-04
3.757823161157540308e-04
5.543723601091555186e-04
8.182031308493536905e-04
8.566241465808411637e-04
7.503721320794697752e-04
6.500747812980947398e-04
1.751278028985769940e-03
1.837617114658938967e-03
4.966342609816984128e-04
2.707435470065595070e-04
4.687829648306736331e-04
4.324771094137678813e-04
2.451991972957897671e-04
2.424037591540997209e-04
1.523800208302637847e-04
1.797850333264676035e-04
5.894778363722207558e-04
4.648966123870389893e-04
4.033344012629131261e-04
1.111190792834665288e-03
9.213587763811616682e-04
1.088101291408505355e-03
8.314829563759654337e-04
1.055345652906262109e-03
4.088280344999244142e-02
2.664077047135580967e-02
2.882966410722212578e-03
6.112505324472401920e-04
6.228284545496447439e-04
9.291372639375835045e-04
3.802871791133421455e-04
1.951814541453895078e-04
1.590428272037941774e-04
2.036467046642040574e-04
4.252362489768148112e-04
3.202443997689549920e-04
4.023969619776320071e-04
1.026600657897113649e-03
4.910461532456834779e-04
7.090702278116229858e-04
7.147945534267669118e-04
9.429258897568635125e-04
2.918047378934847669e-01
1.808010647099097812e-01
4.346203799201853873e-02
1.220820843553366286e-02
2.320851888477568938e-03
1.029724865525193491e-03
3.272662678447945685e-04
2.122632052145963439e-04
3.087973373600538785e-04
2.889031163164903701e-04
3.174180488508619702e-04
3.409877152440948605e-04
4.080459263550222592e-04
5.313347675401413131e-04
3.532092610882120844e-04
3.870750870339584532e-04
5.667242958572170928e-04
6.332156938143068030e-04
9.072019106613582462e-02
2.847103864092255868e-02
1.914585917018581107e-02
1.355207930920273099e-02
1.138193442080384253e-03
2.571394677143963798e-04
1.519697545366230232e-04
2.044685543000184500e-04
3.627630865600899295e-04
2.500531606017084452e-04
2.377767174373648148e-04
4.100144352492593718e-04
4.125394683482050146e-04
3.319732499730501272e-04
4.078519156938918418e-04
2.798990468415670950e-04
5.948122066034583098e-04
3.632270159175744794e-04
3.688960122565961963e-03
9.779918276764825759e-04
1.356952191645478594e-03
1.736229358910214857e-03
3.142216449002020870e-04
1.537236076986553998e-04
1.612602451896850270e-04
1.870122267631076313e-04
2.529376019669730752e-04
2.355553290953828660e-04
2.753776724076795472e-04
4.589527715644331593e-04
4.843496798999256058e-04
4.269170361173948471e-04
5.672610630001322400e-04
4.358555113575389613e-04
7.371576659690301427e-04
3.389730495314529496e-04
6.885995126379853637e-04
5.976026485968171254e-04
1.050934153810995737e-03
8.439509466274497081e-04
3.149332464217348936e-04
2.862071352690301004e-04
2.720519130511291029e-04
2.078777962839063276e-04
2.418649294055474777e-04
3.287065641596595878e-04
4.161431370671059868e-04
4.928680869922601139e-04
5.719224232202735955e-04
6.622558988278906371e-04
7.144583324615720078e-04
1.049711398571293204e-03
4.838113971430350446e-04
3.846108254616052843e-04
6.616919820721286474e-04
1.503300398084143289e-03
1.646420281644112764e-03
6.115369136539956481e-04
3.068311817747244809e-04
3.006543556971307918e-04
2.784257062056437731e-04
3.171549314264711546e-04
4.344269189852353668e-04
4.622019717207656218e-04
4.643434103720780982e-04
4.585512245118576941e-04
4.564010315270400895e-04
5.102860651268475859e-04
5.219467623570894776e-04
1.029014886490464123e-03
3.321472626136366506e-04
4.850753872485312696e-04
5.762090649033637692e-04
8.501824767019405078e-04
5.965746862489146795e-04
2.970818656965925741e-04
2.807238425811026290e-04
2.788639854821934791e-04
2.531158233135061210e-04
4.217667165831290570e-04
5.986683182402129447e-04
4.176540576419217766e-04
3.869842116139057537e-04
4.868086812773945570e-04
4.597180691062124165e-04
4.622687701785087506e-04
5.164793298364719638e-04
6.318005896740968392e-04
5.112253528305940858e-04
8.215450450021926417e-04
6.288361728958241983e-04
5.327883801443446818e-04
4.211770595021326145e-04
4.369912845540752534e-04
6.240969802963688019e-04
5.116899660573265415e-04
3.259378634910480260e-04
4.132730999514299167e-04
4.870186456084020033e-04
3.146454420335478472e-04
3.258716789433219034e-04
5.271527346404658891e-04
5.684232180428565318e-04
6.145146714275520443e-04
8.159275446899234103e-04
6.470798831719414522e-04
8.538029430017931567e-04
8.004111033784070761e-04
7.154869425331917806e-04
7.575902926190891586e-04
7.388730082932087016e-04
8.560149685747624887e-04
1.095541437387045425e-03
7.793743093119292554e-04
4.027167076359676836e-04
3.592176992111897611e-04
3.936182074320157759e-04
3.305975897385758644e-04
3.717634301646253808e-04
5.539779296370135131e-04
5.988948082980741867e-04
6.395056860665260289e-04
8.845042733195059579e-04
7.476630915390051904e-04
9.956051300496653652e-04
5.369053523352688810e-04
5.634968816322679774e-04
6.030982315717056501e-04
4.836340412979241036e-04
4.783663607464483185e-04
6.112880176511124300e-04
5.362944742331904628e-04
3.197831290054674118e-04
2.545993139500027608e-04
3.023342669732748903e-04
3.711993883229703045e-04
4.790688311603305853e-04
6.584373376100501572e-04
7.073413667233367048e-04
6.628690357567611170e-04
7.142015338155633958e-04
5.937182295732586473e-04
7.824743808783765978e-04
5.848814717259271864e-04
5.957041260786632032e-04
3.918869731965610257e-04
2.569367427453414488e-04
2.892996983058464928e-04
3.917939818983636499e-04
3.765346502710577954e-04
2.609362876979444846e-04
2.028564278114273805e-04
2.381994055537230376e-04
3.369858843865641308e-04
4.479959325874338953e-04
5.758576757228267996e-04
6.378932708553850493e-04
6.144099470374833789e-04
6.009652929367908895e-04
4.269994927172229338e-04
4.752409688511913689e-04
6.400635121173807972e-04
6.335225859475263630e-04
3.544431381570706577e-04
3.195637034048723563e-04
4.830500191598056372e-04
5.171159588174240691e-04
3.987722446803959901e-04
3.123651223776183422e-04
2.598121647523392655e-04
2.719022333608201694e-04
3.282928382237509284e-04
3.481217882310952590e-04
3.497784078781140124e-04
3.609639028845766260e-04
4.200361774772536387e-04
5.286647320581854253e-04
3.681410574216149867e-04
3.329632008878781945e-04
3.630150861532860092e-04
3.351855548007348098e-04
2.747667403014786660e-04
4.012817216989611946e-04
5.895925427893217380e-04
3.975304885070585323e-04
2.627705222551086862e-04
2.800491862037479381e-04
2.947828998040434470e-04
2.945610466827350846e-04
2.915900197909271352e-04
2.368756337285432187e-04
1.912965839755204804e-04
1.815803243509842284e-04
2.038978827160751507e-04
2.218815352410689402e-04
1.151459250399514134e-04
2.255284918016253705e-04
1.433882677161637078e-04
1.583378176857097087e-04
2.118151254776469265e-04
2.698269413035040299e-04
1.795246243826696697e-04
6.322325732309596485e-05
4.422663018393354647e-05
8.113510943493736419e-05
1.412902191798518642e-04
1.870530313062194029e-04
2.005470582763357727e-04
1.498316156460851732e-04
1.095090466837406927e-04
8.754669546694980869e-05
5.369337234985048577e-05
2.092333132801039669e-05
4.998830687523332887e-06
