8.999010673442136904e-04
1.063439998769086106e-03
1.041245128563866905e-03
1.392420853485886682e-03
1.634968911370703396e-03
2.177527580701491949e-03
1.832785182203619783e-03
7.357842375565340834e-04
6.293534964476009408e-04
1.142064579677615948e-03
1.373775770927096939e-03
1.527142512574452063e-03
1.953511272316743163e-03
1.523009042807001948e-03
8.968276394363519557e-04
5.116339817501751319e-04
7.439264112370525548e-04
1.536585143539499982e-03
1.002384906406098659e-03
1.262205281163771920e-03
9.234631278038587686e-04
9.194964307418047531e-04
9.280626121214107481e-04
1.100513772240341347e-03
1.283077505550387016e-03
8.208292753269270806e-04
7.010014377371327071e-04
1.052506152160880611e-03
8.052235771366363180e-04
5.246460429226238202e-04
7.227040230495259494e-04
1.114427693684447206e-03
1.887026498285169183e-03
1.862148701848504112e-03
9.289042450260057062e-04
8.713874864483370664e-04
1.822265446742164959e-03
1.070641353919373189e-03
1.044453031039431967e-03
1.361039216277671422e-03
1.382151618242513907e-03
8.988134265730744320e-04
8.562977470665255079e-04
8.482750238475542538e-04
8.800539072022719620e-04
1.313817312697679925e-03
1.005073268382369270e-03
7.252838241379571662e-04
1.132431990928499561e-03
1.276685040584090618e-03
1.480239672281337534e-03
1.870655486779848132e-03
1.222191706560030178e-03
1.355764786039423409e-03
1.260074280692802685e-03
8.571749365671793228e-04
1.725586227861582774e-03
2.721545322038323219e-03
2.811495750418133242e-03
1.446678787181320414e-03
1.175570647956864943e-03
1.093094631294782258e-03
9.107011295229513722e-04
1.061634910269107154e-03
7.573813183307597603e-04
5.708072641302026256e-04
9.110942516176165958e-04
9.139481140626325335e-04
8.540770489885617578e-04
1.417976628681653440e-03
1.295544091743531861e-03
1.000596910714057633e-03
7.704091456281470223e-04
9.136515499894008350e-04
1.695666516628029172e-03
1.882721634648939265e-03
2.263993585752952821e-03
1.619786973701652956e-03
1.390380105570657989e-03
1.078133830305344444e-03
8.991741654904328611e-04
1.147575989336438364e-03
8.202709008434597290e-04
5.176268490568300320e-04
6.576771099139120226e-04
7.179593307030058885e-04
7.170059093163402668e-04
1.229559150165071210e-03
1.180089123761914180e-03
1.291067999886644094e-03
9.861921879626186615e-04
1.446950622179478309e-03
1.568786421626391534e-03
1.607778760872493511e-03
2.872440318054154170e-03
2.219662424891949166e-03
1.510163011434011203e-03
9.171043830381229956e-04
7.233403975033457197e-04
1.017329081388608069e-03
8.045974401784106427e-04
5.495977599536717995e-04
7.803915979668078675e-04
1.131880417088383184e-03
1.283867543408127908e-03
1.530741336691880498e-03
8.705614162823875233e-04
2.103409844608880325e-03
1.014308839708333906e-03
1.435446686774996625e-03
1.290037703893789781e-03
1.618087712451824357e-03
3.300785803501400488e-03
1.839882723143411404e-03
1.314690000153136270e-03
1.237473853137921421e-03
8.753066585688229137e-04
8.943359691962927830e-04
7.486608797728084826e-04
6.066224592985006202e-04
8.819280679298128469e-04
1.284516812289426347e-03
1.596596199778857776e-03
1.740259429889634384e-03
6.490293808623796889e-04
1.500177333708672348e-03
8.402216925864416930e-04
1.045398620834220088e-03
1.327474463679649726e-03
1.569225108566501539e-03
1.953565328949500007e-03
6.403982634493431006e-04
4.764353470227410971e-04
9.812151440492624440e-04
8.993285968924290578e-04
7.048629240789213487e-04
7.389879839983339634e-04
6.641231967003765517e-04
6.744550225941914031e-04
8.459576129749465630e-04
1.147163014266903503e-03
1.519725411184094134e-03
8.420985731999982085e-04
1.255864745332256616e-03
1.244879664848322180e-03
1.249299537914073032e-03
3.085953013323153131e-03
3.345476508797547502e-03
3.346311394430258671e-03
1.155050407480884668e-03
4.662591278809207602e-04
7.345677814404322084e-04
7.685574407542836639e-04
5.134610664860932107e-04
6.872341214645036030e-04
6.377901674939303505e-04
4.652611936940699144e-04
7.293866451087574823e-04
1.017633204647417711e-03
9.872909544831991180e-04
9.768396448314045979e-04
1.241672765962622844e-03
1.599241800135800008e-03
1.045689219828048380e-03
3.601536803214415786e-03
2.664907918940153352e-03
2.713203626830906160e-03
2.572868033958094006e-03
8.459018221788349194e-04
6.399661360831715917e-04
6.513252661857366630e-04
4.526372691827930091e-04
7.337065538975636510e-04
6.748811848599505945e-04
4.140576855330521016e-04
8.407219163958664200e-04
1.204075742290670317e-03
8.664482107545141238e-04
1.112824629802882694e-03
9.902596218385392723e-04
1.515452621904529642e-03
8.231816907726209392e-04
4.586648385045316405e-03
1.788911674157111662e-03
7.133223085699444020e-04
9.592647822161018238e-04
4.311412293527532177e-04
2.918878401895831144e-04
3.955834902336385385e-04
3.989385717154423435e-04
7.411031113989000963e-04
7.775403662942800224e-04
5.633021281101548714e-04
9.295404275699332020e-04
1.080393060780194051e-03
1.035824339988830568e-03
1.350245601540750722e-03
6.624705074536112138e-04
1.064652146465763479e-03
2.414533149314259265e-03
6.093719194060295136e-02
1.987079894003034031e-02
2.089930751868293579e-03
1.113549736769623745e-03
3.418203730382231992e-04
2.035220547953569799e-04
3.831746641308866387e-04
5.666285013734686854e-04
8.083538675587086195e-04
7.574221859553724109e-04
8.226067938717297788e-04
1.011478436243773427e-03
7.380641973419745485e-04
9.056658628340649893e-04
9.857195687959492778e-04
5.633132373394735600e-04
6.556495846008347653e-04
6.873127565741473342e-03
2.864157198497224166e-01
1.029287091722058956e-01
9.445361191499055536e-03
2.982950374999581572e-03
5.812331165208340072e-04
2.591032681986009715e-04
4.722123960996420298e-04
8.156932419723901886e-04
8.178592378084375376e-04
5.115613053499506232e-04
6.847971816263218481e-04
1.034428854136292724e-03
7.737705897716591489e-04
9.354069326122106112e-04
7.569761041654303208e-04
9.303730578562093706e-04
9.119766411153008194e-04
3.874710108895506287e-03
2.653841670833280778e-02
1.872581475138326845e-02
5.658414837111529899e-03
1.926194439635935726e-03
4.751834900249088953e-04
2.541820800756716659e-04
3.286505911117126844e-04
5.343662941552614412e-04
7.096662544152523931e-04
4.783005590781076732e-04
5.659180762437559901e-04
1.102142804482198054e-03
1.215536912168411034e-03
1.220545432032064167e-03
7.124368818624178274e-04
1.017869272170126302e-03
1.195772311200684473e-03
1.128805006898531745e-03
1.589204811508086734e-03
4.539383027679921856e-03
3.913872332793165085e-03
8.742409868839429252e-04
2.907680143629589068e-04
2.397055930729835420e-04
2.265665314756608296e-04
3.149698836156682234e-04
6.487338054775235174e-04
6.387575593633598812e-04
5.599197917743695694e-04
9.036699648520801331e-04
1.135829047068516928e-03
1.024222339242740433e-03
7.181509916871941417e-04
7.789443526924048509e-04
8.958165114973119705e-04
8.275355655520054117e-04
8.393551852028902039e-04
3.270433295502209181e-03
2.819472406366745326e-03
5.616767657234485091e-04
2.957671526828633169e-04
3.385620085588292522e-04
3.433695445946607612e-04
4.004519257691737961e-04
5.380462305816955879e-04
4.996751941736110982e-04
4.532716031489860960e-04
6.709721127047697103e-04
8.106155621785152100e-04
7.557083270630384451e-04
8.364537551384758612e-04
8.539379836012207965e-04
8.572795227814809359e-04
1.117957872441699549e-03
1.042207453381819790e-03
1.615250257057365343e-03
1.113439872857026596e-03
5.566408722220862878e-04
5.105962342932931965e-04
4.829848045896735281e-04
6.282650412254326029e-04
8.938516323426127109e-04
6.337715841867601514e-04
4.166731510336617599e-04
4.879511569220780650e-04
7.765757270631479118e-04
8.973432540181851659e-04
8.453977319939963517e-04
9.117625418567688617e-04
9.048242029107987682e-04
7.522168076311453334e-04
1.010387593908457530e-03
1.290398710125487819e-03
1.310748087042178838e-03
8.098414394329812686e-04
6.953266216998300886e-04
6.282580356119001758e-04
3.620860832838703760e-04
5.360183557637982800e-04
1.242329037291002450e-03
8.960304156515421815e-04
5.120032480362177825e-04
5.976302905526091353e-04
7.616605911321892549e-04
8.394971873232558949e-04
9.693703862526231989e-04
8.868227723732356824e-04
9.263638883792062791e-04
8.382290492819166692e-04
1.109145676613830685e-03
1.733533403167329592e-03
1.775235364373583180e-03
9.870812356949708148e-04
7.462676809139450222e-04
6.121531063123614126e-04
4.143069167466793021e-04
6.942781493399487148e-04
1.368471926314731310e-03
8.170377512013186558e-04
4.682262881581417428e-04
6.053347166351103186e-04
6.739794132413956442e-04
6.994033112218409672e-04
1.014892372660247157e-03
8.781156441243834470e-04
1.033262638844730441e-03
1.289152391341754147e-03
1.409132129165205013e-03
1.229496727675516042e-03
1.157727330000993867e-03
9.884175606920720964e-04
1.167441790982206781e-03
1.276024550548534231e-03
1.011066955391773858e-03
1.347423581177925600e-03
1.492691170834113115e-03
6.575739916689209716e-04
4.454353770841264497e-04
7.231369990587278732e-04
8.148995678762852805e-04
7.483202820323598325e-04
1.075795656426054838e-03
8.743332379533385983e-04
9.975532715555362855e-04
9.872257644593293840e-04
1.178963942218122637e-03
9.281033499920306922e-04
9.363271696086817360e-04
1.051261651132340269e-03
1.927541903547810636e-03
2.552362254810622549e-03
1.241915655404812573e-03
8.474887420131994474e-04
8.299032039233122634e-04
5.891537946803326355e-04
6.240663425234426040e-04
9.083619466662607887e-04
8.452168506664482859e-04
7.140712256689834333e-04
9.288452280920722224e-04
8.315969405233471223e-04
9.403128744620474835e-04
7.289322298245575578e-04
1.015119929826169276e-03
1.261763905943549726e-03
1.195142316591280701e-03
9.228858190344272185e-04
1.280685811235754510e-03
1.741128821303338913e-03
8.911467103984927396e-04
5.393890568182171594e-04
6.328488761851640103e-04
7.209188795841387854e-04
8.269802922125606267e-04
8.598956634319130906e-04
7.985808412864494818e-04
7.820263291407781193e-04
8.392026260272309694e-04
8.213657536295907065e-04
9.036982688269583949e-04
9.175664973024158034e-04
9.258175943106064813e-04
1.073813965528739927e-03
8.403495156445852992e-04
6.911508699137478831e-04
7.771067935617887194e-04
9.382414868250652093e-04
8.491825653635333079e-04
7.765617114959270017e-04
8.796766850954852507e-04
8.792401298085570152e-04
7.916327636467545680e-04
7.412447983260710008e-04
8.337700430583013444e-04
9.295642529374468317e-04
8.375304067851649728e-04
8.326772004209047904e-04
7.617133342041776953e-04
8.636096422177926089e-04
7.748942764087692840e-04
8.401610870148130744e-04
7.277209026249380685e-04
8.507032745633448956e-04
8.808750872209721288e-04
8.025868442166528456e-04
8.562875246296431774e-04
8.837245546699100569e-04
8.549017884658323711e-04
8.212807412517370443e-04
8.452898720838779214e-04
8.876505910302669644e-04
8.359658994345933562e-04
7.924268817374949129e-04
7.814304942585376937e-04
8.871218077050592411e-04
8.540905099701094931e-04
8.216479102218833281e-04
8.054456550240259157e-04
8.186299593758236551e-04
7.964397258092006330e-04
9.332854530521204027e-04
8.143992797881520040e-04
7.445060104619496966e-04
8.679267315620033422e-04
8.678720383169550787e-04
8.572710311808475619e-04
8.421107612222881924e-04
8.088327446719940960e-04
8.887170101839681662e-04
8.394532382639173724e-04
8.440900460899525238e-04
9.050617282126008703e-04
7.145444407190971840e-04
9.059598280002179949e-04
