2.296620859081683046e-03
4.748804596603785604e-04
1.480748427592025419e-03
6.073118611044046053e-04
3.392512830484559791e-04
1.008156669009433208e-03
6.762691653993366551e-04
4.006066976682827029e-04
9.702652742207332464e-04
8.914670297872610448e-04
3.673603315220247910e-04
5.213359445317149350e-04
1.222030539087495165e-03
6.848841382282829567e-04
3.627411067472784178e-04
9.608435325612331391e-04
1.143413772975043806e-03
8.885660168254532788e-04
3.170335168566677472e-04
6.624575863807324666e-04
1.412103628799666905e-03
7.875328865589948041e-04
7.678290596236823310e-04
1.081296038193132504e-03
5.654555769898592923e-04
5.754018594553060931e-04
1.121872307014932894e-03
8.636812589445111649e-04
5.650037115788233283e-04
5.452960945414409922e-04
5.586080326517194787e-04
7.915683436215000500e-04
1.279921360318002918e-03
1.039892227725364550e-03
4.169422859019540281e-04
5.025294425698386726e-04
5.557254546057422339e-04
1.243810007480733405e-03
9.886973990710055948e-04
4.666898583741178278e-04
5.052708592983202627e-04
8.209019484150494777e-04
9.251055528501185088e-04
8.723578706945611921e-04
6.531437853831689993e-04
4.190061245597081758e-04
3.855626467661851971e-04
4.030816925939906346e-04
2.685182772068310910e-04
2.639634587316006995e-04
5.278080208458537422e-04
8.010700809208370606e-04
1.109407377941519198e-03
8.255948628944552404e-04
8.740924705369613155e-04
7.727070165624223049e-04
8.612496715919808329e-04
6.881330391491033991e-04
3.990409558854109465e-04
4.585890150411246194e-04
1.046403726922993374e-03
1.064920192395235610e-03
8.458551017684638393e-04
8.852282215911892477e-04
5.251003062366426223e-04
5.303219212134248177e-04
7.977771338630408257e-04
6.680037415630848312e-04
6.101011980401458519e-04
7.266180128179652777e-04
1.547192722982557471e-03
8.332928050600476146e-04
4.903866300237335859e-04
5.963861762428088317e-04
2.139195948676148040e-03
3.133826015580453740e-03
9.932480067962750920e-04
7.340486053238615138e-04
1.717311409915823735e-03
9.511156548715379551e-04
6.273914254957016446e-04
1.350567421242384724e-03
7.653328124362251440e-04
6.178874248620755492e-04
1.326005316124935799e-03
9.169034790345329065e-04
5.800874761748399736e-04
5.390600503420931843e-04
6.271482374100715348e-04
4.804051953324337053e-04
3.343120477237956933e-04
5.233713379026533547e-04
2.574153150867447906e-03
3.692859261406798276e-03
1.252696833171430043e-03
9.182362530304131456e-04
1.537643168447990795e-03
6.004655242107689818e-04
3.042308370061211028e-04
7.481957151825159667e-04
5.663866140478538997e-04
3.579911206322362372e-04
5.503658726998054669e-04
3.769851206430663748e-04
3.921573579444141461e-04
6.536467460597917677e-04
4.098657779563705272e-04
2.448600734317236570e-04
8.805092698520513173e-04
8.807241327065352607e-04
4.430721278790389524e-03
3.347796293277853930e-03
9.050330502916410433e-04
3.703206308427748196e-04
2.984863356603711221e-04
4.237473139684136392e-04
7.434137697524192002e-04
1.216684190211472219e-03
7.926436308500335549e-04
4.650556749664905482e-04
6.442588905338051015e-04
5.903429171445109380e-04
6.363294083331380666e-04
1.478876434333574377e-03
1.075267243156068607e-03
3.541757434025610027e-04
1.078865763234829753e-03
1.653155536648623445e-03
1.586598707357465138e-02
5.008493664199015379e-03
9.959295531987157838e-04
3.472642313632020488e-04
1.250674915254386507e-04
4.082982610935418873e-04
1.694678898014680656e-03
1.248157853456467780e-03
7.780034629171495844e-04
6.618016505978911550e-04
8.983965864568132153e-04
9.680427950661095330e-04
6.743706912960338541e-04
1.253121282913209622e-03
1.680653863741309864e-03
7.155547142165070897e-04
3.907983051013323088e-04
1.565339988710133089e-03
2.359256633212795592e-02
3.676430624510779090e-03
8.148626700620662357e-04
9.458107325827744445e-04
3.639935751860860530e-04
4.885873543681305050e-04
7.915256142403388848e-04
3.234040363072383665e-04
3.700517151674695545e-04
5.735183226379269748e-04
5.597424639376765874e-04
5.002423057712937276e-04
3.624630131734556419e-04
6.871733441356606305e-04
1.210219663939486080e-03
9.732248739360612865e-04
3.823654456988166825e-04
1.478185844578329064e-03
2.553228940271288008e-02
3.372419692514998235e-03
4.216285871126690919e-04
8.018800134439257009e-04
7.002369964208890723e-04
5.578917796589710938e-04
4.280225984137719475e-04
1.912076084447593524e-04
3.109725342779997345e-04
6.204287308070678729e-04
5.472606273249993897e-04
3.408277975449536170e-04
2.601756865114446650e-04
7.129262237643208856e-04
1.420689971012354877e-03
1.080218767603670273e-03
4.460979202566794618e-04
8.800962659536774001e-04
3.013062611333567828e-02
7.189739616921040841e-03
4.692144636525983270e-04
3.471449676422395784e-04
2.986699170667650254e-04
3.166426409724292217e-04
4.147108369385222215e-04
3.406409399349017396e-04
3.539115503365640740e-04
4.071052598674354582e-04
5.133033761807863924e-04
3.917111459538280614e-04
2.215604103996321786e-04
5.190184824428338345e-04
1.065035543119560594e-03
4.793635300742215069e-04
5.352654190717462098e-04
8.842864515127446968e-04
6.003575132147457444e-02
2.864718901662901065e-02
5.046919214387900199e-03
1.840863910572429832e-03
2.819082020286027622e-04
1.895279203571909477e-04
5.695168268722007555e-04
1.234374677888442750e-03
1.013987609094774665e-03
3.952401101034876780e-04
4.412829219747517332e-04
6.476552700927016952e-04
3.246581940201874157e-04
3.395509893447720543e-04
5.633921853634189661e-04
3.476524729137970963e-04
1.018384151376755965e-03
2.286741557823788584e-03
1.483998761615027695e-01
8.026923436335452189e-02
5.834072718920118444e-02
1.949789697705083327e-02
6.711141129809909895e-04
2.674958508187854061e-04
7.699583412583653735e-04
1.838123623859471128e-03
2.258902488162621569e-03
6.926278581939104883e-04
4.508074784285229903e-04
7.927054112782742348e-04
5.192645185361805405e-04
3.737406347858398961e-04
5.204163168410755108e-04
9.448680900944907536e-04
5.659602772180906145e-04
1.565327517685413455e-03
8.024994723200978841e-02
4.399296249248366153e-02
2.138862398096273362e-02
4.836245790870804910e-03
4.110866706094946530e-04
4.578929104800698096e-04
6.201270938995798914e-04
4.177048871060515104e-04
6.433379270306282703e-04
4.480919746692522249e-04
3.189051775775840632e-04
5.612628895858784656e-04
5.876879616319391573e-04
5.077320932104680950e-04
4.801936230004780985e-04
1.215163784102739125e-03
2.723017578398430382e-04
4.981568559161018072e-04
1.597588249689593440e-02
1.709992954497078360e-02
2.934890688453622998e-03
4.524790708576989832e-04
2.408981827046238603e-04
7.027255499768244630e-04
5.381152125810649816e-04
2.322708585675149859e-04
3.789167668860985447e-04
3.343095968233872339e-04
2.839988294782670925e-04
5.776465356026975204e-04
7.159857187879077036e-04
6.121913484219904718e-04
4.372820381790336027e-04
8.625088551880617533e-04
4.513784652479907412e-04
3.017423168550203831e-04
2.495726132212940009e-03
6.881473604404802179e-03
2.098477142017817713e-03
6.218826129531133213e-04
5.377496439948185360e-04
5.247466793248244544e-04
2.640684073098895990e-04
3.211341643365456114e-04
7.479880007327247482e-04
4.532303332880452157e-04
3.417000988718161278e-04
6.498757639106366325e-04
6.093225666561932459e-04
5.269303492849759405e-04
6.050966746455112852e-04
9.778464160057767987e-04
6.702447010821696019e-04
3.463641963281988622e-04
6.693708100405983694e-04
1.821938286893692123e-03
1.545295107991797061e-03
1.170650719072867298e-03
7.147820695722094993e-04
2.239086877565097679e-04
1.134456630766399367e-04
2.259490813390438728e-04
4.515939063815704630e-04
3.063019426398121072e-04
3.218009778532342192e-04
5.181487904214673867e-04
4.077607998362797943e-04
4.836972676388561735e-04
8.198939009618036759e-04
7.289387314312074234e-04
6.898825780329695314e-04
1.072607231449533311e-03
1.476097942219040853e-03
1.547546376287225241e-03
1.134138188953711431e-03
9.135812470149944032e-04
4.209483559243172904e-04
1.936784536271813348e-04
2.109935299057457791e-04
2.681232387759107131e-04
2.405586704371488684e-04
2.249994359706951243e-04
3.182506605581672575e-04
4.070835568667400357e-04
3.920883586498471974e-04
5.699490431568683116e-04
7.048592081579563209e-04
4.608806747365576341e-04
6.200675803679332613e-04
2.098784449827545244e-03
3.874226108788493984e-03
1.949726861993650870e-03
1.196517870395191275e-03
1.169242940848471421e-03
5.097098526349348865e-04
3.089166365411424495e-04
4.509303678112118745e-04
3.912101292624744933e-04
2.957279065105462303e-04
3.704435323045661248e-04
3.882794887734692356e-04
3.679867374951584181e-04
5.417689323744840236e-04
7.671534743129150265e-04
6.108161180233006877e-04
7.258720220878207407e-04
4.437013171265048110e-04
1.200861522067153079e-03
2.739372955560394167e-03
1.055097409534945952e-03
7.419043672298202734e-04
1.443539095425636553e-03
9.981660617563348388e-04
5.408527369086249190e-04
4.777847253014564591e-04
2.886766828086594116e-04
2.759445083245230714e-04
4.673978722493812138e-04
3.968970034046931990e-04
3.465164348202191651e-04
6.772154376037800355e-04
8.852931229681827241e-04
5.563323221742296626e-04
9.252595296079526525e-04
3.367593603870979910e-04
8.402606833630960450e-04
2.667519385864142428e-03
9.645919654840983716e-04
4.303743374125320199e-04
6.976702787316800504e-04
7.610956454557362121e-04
7.108652375741459891e-04
6.891999072295391460e-04
3.330083829532420685e-04
2.494316881513606470e-04
4.034660845650631252e-04
4.000023993892206395e-04
3.416948564378589708e-04
5.033305182113432695e-04
6.063635174972703589e-04
4.105525790363547889e-04
4.573655319797292527e-04
2.728401748426585770e-04
6.651956633000203137e-04
2.062597826407803082e-03
8.922497346532370227e-04
3.413903258740952958e-04
3.332233255171039446e-04
3.292230709708878194e-04
4.523763247662156498e-04
7.321259118247448608e-04
5.279218829767587558e-04
3.740817542915974561e-04
5.011873325397503453e-04
5.666878675009773747e-04
4.100607676111274534e-04
3.413481441875038948e-04
4.108073369412896603e-04
4.344595140799712416e-04
3.662380474156254210e-04
3.102884053730758538e-04
4.839566387864497471e-04
6.737200385812931562e-04
3.328064671040441356e-04
2.563866370120616378e-04
3.460012233274797422e-04
2.725893322430486131e-04
2.092926050171659252e-04
2.681849306897308278e-04
3.265246965778320566e-04
3.469115626756990429e-04
4.170387029967991205e-04
4.845057930421204544e-04
4.013222628679363117e-04
2.957368378662305545e-04
3.325996265789626970e-04
4.432520034719938961e-04
4.168205837755505614e-04
3.273279943708538647e-04
3.959952481032488888e-04
3.444953505235019350e-04
1.865340093393129059e-04
2.093842682386054673e-04
3.657781669979829676e-04
2.742545034211840054e-04
1.237191121889141365e-04
1.022359270144297639e-04
1.384483130447648606e-04
1.385671526249120068e-04
1.055173064601595356e-04
1.226870043753460187e-04
1.899916404013481932e-04
1.934693571384163749e-04
1.421812750585349895e-04
1.233950277393440725e-04
1.396549724208409409e-04
9.770200872406364749e-05
1.135294430324919351e-04
1.566200381168255881e-04
1.310877926266752595e-04
1.089379483551272611e-04
1.170715581204867208e-04
9.345236592155603506e-05
5.875167989677818715e-05
6.172552084827886347e-05
8.102538948182612182e-05
4.757932053837728040e-05
1.910903868273043955e-05
2.225315759659926877e-05
5.930958826486649717e-05
7.135038326178202463e-05
2.956297595363441838e-05
1.478163282807193865e-05
2.078314177280220164e-05
