1.977984573305456399e-03
8.588659363896050669e-04
3.030506387755935518e-03
3.232413201023234470e-03
7.079625885548370507e-04
7.175061646429563029e-04
8.801413441737781021e-04
6.002738454042307959e-04
6.686878819086198656e-04
8.812244183895984705e-04
1.444505361994899342e-03
1.706412957509388867e-03
8.439765359580312905e-04
7.248244413074388321e-04
1.151214712252485953e-03
8.111890719784633661e-04
5.440826343825324934e-04
9.020273050190945243e-04
6.309298298991148322e-04
1.818843344559856233e-03
3.074716376996883705e-03
2.850163736029507917e-03
9.932376806690557374e-04
1.555787169198725658e-03
3.364903811268094621e-03
1.420455284046044653e-03
5.726042381512283334e-04
6.990613256615333922e-04
7.964901145631589395e-04
6.452568512824686468e-04
8.590303299558396622e-04
1.092208415730203845e-03
7.786443346910645706e-04
6.591408395046086327e-04
7.614725686064854806e-04
6.273408304783924293e-04
7.346271332573611583e-04
1.140530163758207141e-03
9.733789439219701044e-04
1.592360904200430371e-03
8.964869005871948203e-04
9.776227773017616245e-04
2.062822014071625555e-03
1.405209777405931658e-03
1.909543330717879172e-03
7.181054112993086325e-03
3.615376266984416352e-03
7.908053439361181942e-04
6.791109163848029146e-04
5.727805997925240799e-04
6.391350167665325920e-04
1.610721527302021996e-03
1.086511250133899995e-03
6.829724258784478563e-04
5.961824598364667610e-04
5.716378879136917385e-04
5.528950389526394787e-04
1.041994673404175167e-03
8.475809711182380295e-04
9.707531304831667866e-04
1.378162748529951831e-03
5.166954454196327762e-04
5.478209266242770612e-04
2.306653429449547626e-03
2.064477043091150332e-03
1.678722887555282421e-03
2.561306494990136292e-03
1.121855997972655413e-03
8.857905602237624689e-04
2.249873830324297923e-03
8.378519186083107544e-04
5.890148282258305919e-04
7.965018407736999253e-04
9.156782641274444816e-04
1.029717800647622509e-03
1.254680097522480314e-03
1.220222464259413222e-03
1.364054354624597010e-03
1.424553880215045877e-03
6.089651096056502341e-04
5.711299453977634107e-04
1.128490577427314085e-03
1.111188788353730536e-03
2.320758991781372762e-03
4.496200248348434375e-03
1.508835440286524724e-03
6.323431393213200516e-04
1.114899627491852023e-03
1.129454604805263385e-03
1.162688269915429029e-03
1.095355328799455658e-03
8.341816212491274737e-04
8.855616382868644306e-04
1.407045766679128384e-03
2.400758286311792215e-03
1.905587080115198366e-03
1.319486559079018030e-03
1.313102524633640586e-03
2.656468791019100852e-03
2.497362666989541222e-03
7.388903288105320467e-04
7.705752255325826411e-04
1.867950600587935019e-03
2.097221286800612580e-03
8.028624591943972402e-04
4.649946818817103167e-04
8.941815298544652851e-04
8.464532448685474714e-04
7.626209042223675407e-04
5.081762714707696322e-04
5.331028222098102521e-04
1.175335492817226705e-03
2.464069887617910751e-03
1.629296422017770469e-03
8.720126684238888558e-04
8.137815148551656285e-04
1.883155719232533411e-03
2.003791228711311601e-03
5.466601662462935605e-04
4.218228394384586051e-04
1.425425570013185653e-03
6.367597168171774263e-03
3.362920872576129552e-03
6.500963988198064621e-04
9.719445786663469125e-04
4.254486266848431079e-04
6.022410662187016334e-04
8.828602521128323067e-04
6.081576033479597129e-04
9.838923316025716733e-04
1.542805696205559523e-03
1.284948798897246050e-03
1.046756146514826345e-03
6.553953495700951155e-04
7.928789731120332350e-04
1.351393391253536726e-03
1.302743211956883772e-03
1.415315164102708308e-03
2.011994255267604819e-03
5.102499349719544046e-03
3.358632538541522425e-03
9.001663359951660301e-04
1.980839585403801253e-03
5.441247536228934704e-04
8.795485284497111438e-04
1.346795294226019657e-03
4.077830545854460760e-04
6.998917532219934689e-04
1.036319672342490015e-03
7.161630375696153000e-04
7.149460128383406830e-04
4.996183988937604294e-04
3.955117538621448297e-04
6.551064330408783555e-04
1.690671002873902432e-03
3.851007795115446181e-03
2.527287863313108524e-03
1.872159805937588127e-03
1.370286740404183350e-03
6.677766822770683092e-04
1.626359104315987019e-03
8.513985565563597646e-04
1.401274210752525336e-03
1.142244631217222313e-03
5.306602107322588640e-04
1.626287449435675006e-03
1.596878158750054694e-03
4.286076726009161635e-04
2.945926530366271487e-04
3.137108620181200554e-04
3.147864512142437617e-04
3.767430822346418064e-04
9.473691463930169468e-04
3.760773774299347536e-03
2.250556306578659505e-03
8.409247048495933517e-04
1.077264046484513590e-03
9.427625444327163411e-04
9.974783925008571129e-04
1.249083906605798037e-03
1.304509478144662022e-03
1.712217407746062211e-03
5.117474680666668323e-03
1.177958879828264888e-02
3.365937765771514177e-03
5.086785817312782041e-04
2.702518172926807963e-04
3.077831461113020978e-04
4.463569007299814529e-04
4.250973275385915582e-04
6.394073551449169866e-04
3.101497984342046176e-03
1.714343097527507454e-03
2.833949659692467748e-04
4.808270388827683931e-04
1.058919871573223929e-03
8.527378180019551304e-04
1.196453972030121641e-03
6.273107637629184250e-04
3.764177307631188379e-03
5.051107805739228629e-02
3.680637751439715805e-02
3.529805075702637310e-03
7.651959319731962972e-04
3.960362245060250995e-04
2.429542281753649196e-04
3.503350872475673107e-04
3.174474695210072498e-04
3.293057164669025219e-04
2.381739469490435582e-03
3.225983212002838437e-03
6.236905258558749984e-04
5.338280170754256806e-04
7.117592102742665997e-04
6.898760638769568581e-04
9.820240652022381011e-04
5.217238544979166306e-04
7.344660845402700353e-03
1.482071704375120536e-01
5.263427442433234182e-02
2.618655353813849427e-03
1.055060365896588227e-03
9.396129202280267432e-04
3.398727178918473828e-04
3.690785786463046518e-04
3.926962350438176837e-04
3.100549802281193056e-04
1.622266495610102900e-03
4.637690503954515139e-03
3.404578978347800027e-03
2.666222435915176561e-03
9.655647449857890146e-04
6.599688436183635690e-04
1.127146730570843282e-03
7.724913977773887599e-04
4.563900194208675258e-03
6.855628352243862966e-02
2.767557891595606723e-02
1.026791362311317872e-03
6.464744683108532763e-04
1.347603673369166801e-03
3.944603325212494281e-04
3.020696556111897649e-04
5.014540710073000021e-04
4.960508034877315854e-04
1.150675108233418413e-03
1.354112431818418677e-03
1.273956492364681061e-03
2.495086490248148159e-03
1.229559940455659823e-03
6.379834194376388708e-04
8.563629748344463990e-04
7.271835162008128415e-04
8.788903441448104236e-04
5.895947485310393775e-03
3.864701674148511221e-03
3.544056346634571705e-04
3.502175763416032921e-04
6.829213450093598019e-04
1.799789298492465543e-04
1.585708948583296565e-04
3.741108388426009931e-04
5.729325173559684592e-04
1.498062398960511203e-03
1.132420299667003536e-03
5.962899473600174289e-04
1.233511478380038776e-03
9.387293117517156059e-04
4.995060942005515861e-04
5.901998375760477084e-04
7.621999728999318121e-04
5.022196010475372995e-04
1.144420172015337463e-03
8.737089591429530533e-04
4.348903786801252939e-04
5.957399674781112655e-04
5.744230992929779322e-04
2.629307732558789561e-04
3.930809023471228819e-04
6.027999552704156128e-04
7.423287042768913612e-04
2.408282655976517767e-03
3.144829169460782239e-03
2.384919952361411622e-03
2.854479586021731186e-03
1.033266961174933831e-03
5.129579089586868302e-04
1.057101451330152465e-03
7.975439034751530395e-04
9.187577934719211694e-04
1.167738924595028991e-03
8.021647918554619108e-04
8.914534349146772474e-04
8.360363083103297026e-04
4.753900229730846573e-04
3.983888746002792517e-04
5.054709651091626689e-04
6.120792787069427978e-04
1.472302826047632626e-03
3.278516555705603477e-03
2.072243405484330229e-03
2.364111288309366302e-03
3.655308921452929925e-03
1.045702420509605785e-03
5.082984726855513087e-04
1.502113499564476824e-03
4.763241507707004240e-04
9.836270151344125422e-04
1.153255587891591476e-03
9.384733701948314933e-04
1.054039059882674661e-03
7.145889483238393198e-04
4.269863382591296578e-04
3.078877024429524530e-04
1.938037340758239318e-04
5.417292716055090423e-04
6.480959429163625322e-03
7.501496005588399393e-03
1.000744040479764098e-03
8.741335878286300926e-04
1.898311694390769026e-03
8.382121435372099673e-04
4.346617183687543793e-04
7.384114068836199109e-04
4.511006713923004937e-04
8.148119131970728941e-04
5.584916014589630818e-04
5.034374395997081144e-04
6.164255071076092489e-04
8.934048175420266844e-04
1.640039319495988513e-03
1.357960205911744106e-03
6.861938592995516341e-04
2.125492674168374431e-03
1.424295462412491532e-02
7.819612846475920698e-03
1.410164695950146679e-03
1.277713438340536160e-03
1.355708853955238076e-03
6.766007683122955869e-04
5.412099438829567812e-04
4.776137769679211493e-04
7.083473551911385587e-04
8.748384900368512277e-04
3.713029676319785075e-04
4.213610274062934142e-04
5.544285062186508038e-04
1.266920609139016943e-03
4.801559416080373663e-03
5.321043433709762675e-03
2.730373122526584279e-03
2.882145310226512033e-03
3.458333531586237769e-03
3.111777249417008347e-03
3.813873991758798092e-03
2.683295243529052430e-03
6.527503333326611793e-04
3.609910371155637828e-04
5.872119755477546920e-04
4.478023851460736907e-04
5.211862542774557336e-04
6.426329713334079895e-04
5.137116689547905702e-04
1.580907648360952052e-03
2.532257147702418002e-03
2.794849667983621399e-03
3.944902409742137919e-03
2.347523938142505318e-03
1.061913450471704042e-03
8.666104017818379145e-04
1.133758363504498538e-03
3.363002378434521052e-03
7.565102293774723929e-03
2.003447715120832123e-03
2.987967312372792682e-04
2.945607045236764030e-04
5.168658727903063148e-04
4.178312781041861827e-04
3.785380798407104726e-04
4.644591950261346930e-04
5.684543152484623470e-04
2.579687852069857592e-03
4.943594608666873787e-03
3.108899791123091554e-03
1.762458507244925266e-03
7.878771511492394788e-04
5.901873567506866558e-04
1.079816750035879043e-03
2.292136556082156624e-03
3.995911115272115198e-03
2.807305228166624440e-03
6.682938917754784741e-04
3.185013434310184923e-04
4.998882485569726202e-04
4.743537573233614691e-04
5.362145940136002703e-04
7.107911137997929450e-04
6.341514603652346560e-04
3.977642828904718935e-04
9.421656510056803692e-04
1.665799423877819272e-03
9.464755390657060346e-04
5.360510376534818487e-04
4.466141869312438843e-04
8.035934737469215905e-04
2.269123344797290606e-03
2.760880734968440553e-03
1.323308242585876336e-03
5.931393019581055609e-04
4.471614076823164641e-04
6.251927068427151103e-04
7.173757234877496582e-04
3.907946530820162814e-04
5.791299459106016411e-04
7.724472545173773335e-04
7.435166099442611694e-04
4.314175519719192550e-04
1.358054448366809424e-03
2.568310851750412686e-03
8.342535344080982554e-04
3.490372107089893860e-04
3.402560631083257920e-04
5.585815789015722383e-04
9.914407815192068877e-04
7.549570614062992100e-04
3.728054987030266073e-04
3.649794072345476548e-04
5.980150280028855188e-04
7.716308785427101894e-04
6.126428176558132216e-04
3.594075543934184980e-04
3.740573296685315821e-04
6.473896558379822882e-04
9.555069255248606992e-04
1.031760524757200856e-03
6.029802326418813758e-03
6.979564762833033453e-03
8.033331364648305800e-04
2.740122366546369321e-04
3.221665413097825120e-04
3.728135808103485971e-04
4.907301504361387921e-04
5.624791219620918535e-04
4.956199818736275282e-04
4.933587999390806351e-04
4.498978657819371289e-04
3.681363365725402108e-04
4.531599621561821088e-04
5.927637593770120669e-04
4.240817853359844293e-04
