2.782257003152217422e-03
2.379063354851773237e-03
7.294754501806015659e-03
2.152268912922191118e-03
2.834262325664414425e-03
5.582102626761348795e-03
1.435295739352923129e-03
1.802016379019784776e-03
4.514963899583728998e-03
1.257777758948782796e-03
8.696210883837211325e-04
1.972309991540779819e-03
1.392797352560704461e-03
1.333843610003657316e-03
1.907266145238446396e-03
1.183169508406803176e-03
9.821618872373602451e-04
8.198303946880621971e-04
1.965096024836650475e-03
1.760820493358341340e-03
2.430308718416874115e-03
1.282998994624557449e-03
1.395195548605485808e-03
1.555079780444258491e-03
1.072652729893149286e-03
3.257407559383760157e-03
8.272140992705552184e-03
4.066643196457377270e-03
3.515839869289205492e-03
3.495584537549379939e-03
1.489451041748400453e-03
1.522688693049366717e-03
2.084734866859818715e-03
1.381274660209840617e-03
1.309827702866060229e-03
1.011204432451221023e-03
1.190171083793035295e-03
2.497045253289478621e-03
1.106304171438201320e-03
1.244842165314038627e-03
1.820264487781539592e-03
1.543438355050908220e-03
1.692042959440045579e-03
2.220408528303649629e-03
2.021343136387051490e-03
4.092269057106040324e-03
1.601025166563012705e-02
1.099948226361931874e-02
1.532980972024467403e-03
6.884357131815628961e-04
9.710930630727343396e-04
1.127751935639464747e-03
1.602552870472752182e-03
1.936933516863335609e-03
9.992564172363639641e-04
5.914361618919649830e-03
1.357812061150184433e-03
1.357199683446983374e-03
1.438173195341415625e-03
1.261000165182234178e-03
2.438703313772998000e-03
1.543405473667181079e-03
6.039561935532511200e-04
1.699501788619469387e-03
9.992230944042246668e-03
1.635110110564462829e-02
5.886148678082181451e-03
1.961938508033954191e-03
1.672306031127857593e-03
1.570947486048933795e-03
1.182737629829740556e-03
1.434780636332079126e-03
1.184774764901702073e-03
4.649777884804950565e-03
1.351566606977386330e-03
1.126724070331183974e-03
9.250769541174805972e-04
8.942097667354271867e-04
2.192289405772405737e-03
2.069474768723428195e-03
1.291204420400810741e-03
1.418573962020507539e-03
1.339689732667384038e-03
2.933542584958352076e-03
6.992209072359961870e-03
4.232439576921087458e-03
2.362418224784348063e-03
1.993254264843913586e-03
1.069712854444443808e-03
1.025533103672647854e-03
1.894290567932927546e-03
1.748839577207832391e-03
9.380418432800918327e-04
9.743545615482190328e-04
1.166383729843854409e-03
9.435657675048685208e-04
1.198638597584253266e-03
1.501752394451558517e-03
2.089286724405808870e-03
2.436794639948797886e-03
9.360327532616224012e-04
9.504801417387663065e-04
3.741021781238987754e-03
4.322357920436905275e-03
1.760195631176136085e-03
1.450538979303353602e-03
1.379572504693067636e-03
1.517187809586585407e-03
2.012531652017800123e-03
1.374634787045664981e-03
9.514431329368934313e-04
7.562767580694883208e-04
1.323621755822115918e-03
1.068829466191855175e-03
1.073980273455590623e-03
1.108794160841544479e-03
9.659841813728837524e-04
2.754145972573116170e-03
3.802869715763494869e-03
1.726089006028552319e-03
2.838180075892538824e-03
5.188927148173371438e-03
2.269003150881913206e-03
1.230331602924327307e-03
1.189383266771126043e-03
1.189825830317563660e-03
1.026228342821938928e-03
1.649404630890570619e-03
1.793437562844580344e-03
1.136689583313975219e-03
1.522164558002163251e-03
7.057805316308824730e-04
7.740144846157786650e-04
1.027382785551267776e-03
4.640739865918108113e-04
1.469819013274024921e-03
4.865234026377461378e-03
1.618807594619780165e-03
1.337464387473835149e-03
2.866182665958408315e-03
2.205806924694720794e-03
1.297179188708593540e-03
8.128227862166276544e-04
6.471367750951055901e-04
8.395266172322384630e-04
1.533317588224476693e-03
3.471889992199441669e-03
3.659074975944113291e-03
3.744856044548263482e-03
7.238109073475646740e-04
4.558272841360905357e-04
8.186402278595296747e-04
4.910890298979185596e-04
8.161033166008257317e-04
1.445803964737801210e-03
7.913508677161383261e-04
1.222203841162236050e-03
2.143534668486839993e-03
1.932177282928256110e-03
1.903205199819659127e-03
1.018260789185427726e-03
7.419027690745953621e-04
1.385931450588609145e-03
1.011587586696787930e-03
2.063031908316801440e-03
2.381656639123439726e-03
3.593407537278286382e-03
1.271913738211564527e-03
5.878622959953927777e-04
8.376910155642016201e-04
8.364125500014969565e-04
9.459857544807282088e-04
9.126267954347893653e-04
8.848803889878419354e-04
1.969791804393647861e-03
2.090742407363987629e-03
1.812348971672716981e-03
2.615055377608354117e-03
1.498443292232054221e-03
7.934495109978969901e-04
1.986336922012322398e-03
1.232332545148175779e-03
2.354168170721233390e-03
1.254894396229823145e-03
1.423085750102144175e-03
1.001899869305348514e-03
4.425438012529258193e-04
5.152456627831654857e-04
7.007861159772009419e-04
7.982820280587669915e-04
1.076251758595999459e-03
1.216132835597322865e-03
9.662771615804271845e-04
6.757575163114774332e-04
1.105287357581035681e-03
2.033061333420557726e-03
1.736710240450735528e-03
9.193449952432120606e-04
1.571481727521016744e-03
2.691207597370671740e-03
2.076105253044545351e-02
7.842447483096030847e-03
3.028341403166404707e-03
1.290379689227774164e-03
4.189400589140360545e-04
5.950456939081647531e-04
8.647888996853863187e-04
5.756625447517127112e-04
1.181598336497930715e-03
2.267430155125708252e-03
9.449667933202827216e-04
7.450567151060151104e-04
2.077792222571908133e-03
2.127115461314178866e-03
1.793030303052348985e-03
1.336730370004576189e-03
1.140698037392935855e-03
2.970801889283036443e-03
6.409206775455006388e-02
2.047329294768394578e-02
5.343896037803460772e-03
2.932224187744868465e-03
1.076358068504903705e-03
1.445907946939872834e-03
1.611947547196587163e-03
5.447395298845517401e-04
1.074057173164825801e-03
3.856811577271178695e-03
2.285616190317436586e-03
2.258542138328090837e-03
4.922284576043891267e-03
2.338388865116989603e-03
1.289588541496229732e-03
9.445557157067747955e-04
1.239652662700982573e-03
2.066768392090522020e-03
2.103681350724631235e-02
3.261218008220976607e-03
8.842901185984131324e-04
1.423482643773128558e-03
8.943584662841777642e-04
6.724409518821715609e-04
7.513964574477984860e-04
4.897566116878324842e-04
8.576594764171796689e-04
1.992040528888273498e-03
1.425722914884572324e-03
1.341333497577822153e-03
1.905605234602218831e-03
1.464380748939198788e-03
1.196550883568423939e-03
7.899814605433422158e-04
1.398868162097988838e-03
1.730593027769909741e-03
7.450266990667460919e-03
1.800447140829163593e-03
5.963760874896466280e-04
9.548014538482403699e-04
6.832378748644654361e-04
3.679302080376129977e-04
5.122080497476108694e-04
8.398358362482735750e-04
1.195949406063852652e-03
1.252485966252839906e-03
9.897934617157705308e-04
8.226606164099001337e-04
6.774036274408745716e-04
9.069373326980906692e-04
1.215672660408234716e-03
1.083067154555199859e-03
1.212639376991240039e-03
1.104580977595696857e-03
3.117694445483280754e-03
4.568816472253574637e-03
2.934649702874144415e-03
1.733596601644670073e-03
9.893993827475519327e-04
7.252357004669155545e-04
7.899929720599381793e-04
9.576175174905156252e-04
1.220368044106520406e-03
1.275327565832210875e-03
1.140820746780244052e-03
9.613154503630730275e-04
7.987034647960908297e-04
1.155434139245894000e-03
9.626505874622700264e-04
1.062788248750450850e-03
1.045900127652872212e-03
7.752469289596745352e-04
9.982597160747746015e-04
2.417228022796804373e-03
2.073997792758762448e-03
9.674633853292136359e-04
7.143614888496007190e-04
7.355296520997443854e-04
6.121082147340679716e-04
6.089852260192295209e-04
1.091240177613201972e-03
1.239618558378854062e-03
6.753044451811305096e-04
5.834770970508559558e-04
1.091684602461750510e-03
2.143264846357277424e-03
1.046666259774236326e-03
9.806198643079152340e-04
9.090931898738974530e-04
1.091842341316226353e-03
1.151712564194365320e-03
1.234891887143383391e-03
6.901782102214912068e-04
7.226241820577184545e-04
9.370466528157141107e-04
6.678604748173171297e-04
6.612364467421220785e-04
1.161943044107240997e-03
1.996378732628964914e-03
1.894153134921901975e-03
1.317207684574811695e-03
1.647256980680040150e-03
2.419418489804553690e-03
2.301579149619830626e-03
1.118823645544713731e-03
9.906519342906009926e-04
7.865163358168301977e-04
1.477055160212584857e-03
2.562763067139432922e-03
2.434728036531640279e-03
1.003966347725850517e-03
1.617662856373167221e-03
2.178330218593365220e-03
9.841161999346438680e-04
1.549377354770443060e-03
2.798075474248777530e-03
1.608438510340918625e-03
1.680866288940587212e-03
6.073618875709850366e-03
1.715263459721589473e-02
6.928987359236507028e-03
1.478045043961767483e-03
1.056409443907974088e-03
9.803558022592688114e-04
9.574590042301924994e-04
2.004527702740086480e-03
2.960626757911941596e-03
4.315039649485361006e-03
1.948266653528287189e-03
2.292669094843853908e-03
2.460083123195974317e-03
1.249479823412056375e-03
2.142706906484680152e-03
1.911394682912650111e-03
6.777773688469922956e-04
1.185514896919932998e-03
5.817478731079373314e-03
1.360138283999110659e-02
4.334448907165808045e-03
8.898882403991582911e-04
1.116208563115634895e-03
9.930539711513594516e-04
1.156041315455851558e-03
2.592191799005666951e-03
2.190273415692881552e-03
3.637676000686390892e-03
1.843770533110206155e-03
1.659448763390075979e-03
1.792747219997931248e-03
1.040233839091560556e-03
1.035612415158334784e-03
8.063306209389645932e-04
1.363186778475110284e-03
5.474470692054958856e-03
3.676129533637394458e-03
1.613528907766629585e-03
1.239704848803955834e-03
7.516660548078999814e-04
1.015725925092607861e-03
9.156772055802195635e-04
8.670665563318423518e-04
1.695780230522868186e-03
1.293270205374701196e-03
1.780621840340254657e-03
9.481964775922887417e-04
1.004339771222209285e-03
1.256151348766307340e-03
8.050649798962106977e-04
8.228835144763989307e-04
1.234056705007054991e-03
6.575468362749106906e-03
2.791952310156676706e-02
4.210307124204428798e-03
6.596192593303257289e-04
9.495163217935480467e-04
9.988090351397661219e-04
9.387160222931042412e-04
9.326318796146831295e-04
8.042503894781866331e-04
1.816316936062099688e-03
1.677125552584237496e-03
1.408029549274825154e-03
6.780439323026775768e-04
9.353252544970129621e-04
1.259882955638068174e-03
1.027741861236777408e-03
2.266389978053618293e-03
4.626320299599979112e-03
6.395875981301199671e-03
7.881477659970244701e-03
2.338246151632394562e-03
8.908069108695622395e-04
1.213506278306430682e-03
1.050176480859556921e-03
9.028962474232851308e-04
9.598891306316599059e-04
1.066480421209852446e-03
3.637650886784770266e-03
3.087461947333324744e-03
1.957766322971338149e-03
9.760597401715072428e-04
1.209787700314034339e-03
1.439873598870358403e-03
1.334906346224406636e-03
3.344020003396678837e-03
4.504453257323902914e-03
1.434338658919985044e-03
7.255698654011413914e-04
7.689309258939999508e-04
1.021661740973550843e-03
1.119264639630045350e-03
8.143652096059282629e-04
9.359570754097319093e-04
1.008763028757027986e-03
9.407394124078587378e-04
1.763089550796257364e-03
1.017172641804904359e-03
2.028116719282740520e-03
2.931819898677911172e-03
1.967902761873337094e-03
1.099960492433214735e-03
8.322678481885459074e-04
9.669476595031454647e-04
9.881848765705366668e-04
8.971572974521421166e-04
1.000411041731568166e-03
1.009881015096222466e-03
9.488181215590425982e-04
9.378149797574701716e-04
8.980197991407748307e-04
1.080370947115138688e-03
8.940316276109185230e-04
