1.461886844443533893e-03
1.962224268661448209e-02
1.851917424823562239e-02
2.653584847125802296e-03
8.380814006673677338e-04
6.249728562286316217e-04
9.373112128885470939e-04
1.745924988041835674e-03
1.040410927019164199e-03
6.324784026944412808e-04
8.981032674332022417e-04
7.587321793016447383e-04
7.792749916045111150e-04
1.170883953370296503e-03
6.557788095859454647e-04
4.641645244465444973e-04
8.028074373384150482e-04
1.405316656964859454e-03
2.354102264733484978e-03
1.745601442594326216e-02
2.493886155736280835e-02
5.772397805619347566e-03
2.668542302637873839e-03
1.765845221160482117e-03
9.871282123463862284e-04
1.363342120237839242e-03
2.089653342918774449e-03
1.782828195971400973e-03
1.047934567601400274e-03
3.849949289541332829e-04
3.621479107281046932e-04
7.977645314490458637e-04
7.828302606184591979e-04
6.838121598932236662e-04
5.301512982331345585e-04
7.143671111293463253e-04
4.618181687007413263e-04
8.432635466503884958e-04
1.835401056559117375e-03
1.311215443860359615e-03
1.086122729362523414e-03
1.475747396251402910e-03
1.189486458103477043e-03
9.360508554341704507e-04
1.865180380245714609e-03
5.729798667292953888e-03
6.582118963006154504e-03
2.315199644393253157e-03
1.149989506228210959e-03
1.089064443952384234e-03
1.106649367936435573e-03
1.372057035915655310e-03
6.328201255116967143e-04
5.860262174854026420e-04
1.072638070575279235e-03
7.745032453125567885e-04
1.331356622310963080e-03
1.691645001970064604e-03
9.691458833776300840e-04
1.044297385442755207e-03
1.515060001667222715e-03
9.266110444895434874e-04
1.021082077118659094e-03
2.857723742972074869e-03
4.690191957797062820e-03
4.674496465574318887e-03
2.877322999253117616e-03
8.120810456345946065e-04
4.045825980905534930e-04
8.862016788935949676e-04
8.913974826508059765e-04
6.632246585900868898e-04
1.379467715187624507e-03
1.428496183502935089e-03
1.557028771907479573e-03
2.691627624719863769e-03
1.771463789806271630e-03
1.264184564250042534e-03
1.702525650612627013e-03
1.069811449246337552e-03
8.284345723943194054e-04
1.005024370500608253e-03
1.205793839974452332e-03
3.124413242010919481e-03
4.642305833021436769e-03
1.155343553440618502e-03
2.878277563210426262e-04
4.839520727945349440e-04
8.780000198454737713e-04
5.226501688720456250e-04
5.977605731714760165e-04
1.266817060799725874e-03
8.260945119253448703e-04
1.258158109123580287e-03
1.665501568201946435e-03
1.322372866256010327e-03
1.153596083907068148e-03
7.994343010876735819e-04
8.284735845050499731e-04
8.960077372616664189e-04
8.426276476209675764e-04
1.568629865655243438e-03
2.953975100379456660e-03
2.541957248519647640e-03
1.087291761966384081e-03
8.934563683195446146e-04
1.263428549160745124e-03
9.956319463300914059e-04
6.791683995619218111e-04
1.601184946545868015e-03
6.867313402556773612e-04
5.853671012280630900e-04
9.283736167820575260e-04
9.347117448312917661e-04
7.254185846830143785e-04
6.121482559165304475e-04
8.098966092219848706e-04
1.027788907135108749e-03
8.521529828296773527e-04
5.648691489066049983e-04
6.415826290726525010e-04
1.787344453450252779e-03
2.196208617335087838e-03
1.204565328520265568e-03
1.134011264073146470e-03
2.013753552370324464e-03
9.918688437205976441e-04
1.651576256501767828e-03
8.155200982319098279e-04
7.012954480677811202e-04
8.249133707349625127e-04
6.016955996292224331e-04
5.022303714579382959e-04
6.480938786492500140e-04
8.504653401993809373e-04
1.082932329289786402e-03
1.194492339349297483e-03
6.743147435493499885e-04
5.739854156385431694e-04
1.742715622755097423e-03
2.467758259838671864e-03
8.663782917682095325e-04
4.794733086214746846e-04
1.061199857242248841e-03
7.861099004693687794e-04
7.863492995552887662e-04
6.368628440459963734e-04
1.370353626084544821e-03
1.618539305005233528e-03
5.981671158028304671e-04
3.976402328185950179e-04
6.334740735407190602e-04
6.473767983659125137e-04
7.655816974548566595e-04
1.414553505901998713e-03
1.153784985680320280e-03
9.121523533521085905e-04
2.353257987719331763e-03
4.495503380243957500e-03
2.034192913275501870e-03
8.529506674403930988e-04
8.950735706201780892e-04
9.347690716612899742e-04
5.958333023208257483e-04
4.779344409014126644e-04
1.097771092563286453e-03
1.593398925042714730e-03
8.391655815949406166e-04
5.818671510234034363e-04
6.140515687259803790e-04
3.942099871431013302e-04
4.580225287769170957e-04
9.924290887919234340e-04
8.077708933722191646e-04
5.216112338875124972e-04
1.131003837117377153e-03
3.166841854401809819e-03
2.692794670484392923e-03
1.400059055520271479e-03
9.531059130889407097e-04
1.288598204305709243e-03
1.202419382195952114e-03
1.767825809426717704e-03
1.197654904079443073e-03
8.995096913538118150e-04
1.089722351314629297e-03
1.022226595277750697e-03
6.067844003633648259e-04
3.858447951429559144e-04
5.042470065834520846e-04
7.156730148237810951e-04
5.490107051828205069e-04
3.978538943846599615e-04
5.394781723783576011e-04
9.663149955551346600e-04
1.072384921292232618e-03
1.016960489078841791e-03
1.104076029159033320e-03
6.756968850299533390e-04
1.025914251457042421e-03
1.523234660296947027e-02
6.209857475218833953e-03
1.129187254624652772e-03
8.793375714041731100e-04
6.019098238436014926e-04
3.253152066147857306e-04
4.639391263474116093e-04
7.309138662315519015e-04
5.237389343410080384e-04
4.018713558960123559e-04
3.698565472675022074e-04
4.155580343231175442e-04
8.209389281694746618e-04
1.706503508140494799e-03
2.333874432212229219e-03
2.132306058180190745e-03
6.186329313887437269e-04
6.405150986614040545e-04
5.820754737452128735e-02
3.081728047340468249e-02
2.095873725177571038e-03
6.801758461606614891e-04
3.448402624094005901e-04
2.379874657332463990e-04
4.597224433710273657e-04
5.953922425986666678e-04
4.179369780987338330e-04
4.824946970316897239e-04
4.389251539052433705e-04
4.893884013377324677e-04
1.646565088483333082e-03
4.321622635238800587e-03
3.075563725583231860e-03
9.913634563110311580e-04
1.296303309212342748e-03
1.122967018404985758e-03
5.760578895075284950e-02
2.691693578562579306e-02
2.203695030224109980e-03
7.544747337816554329e-04
5.608757846724733319e-04
5.403893328648005619e-04
5.153478461498980706e-04
2.950904087328708137e-04
3.331100216403352085e-04
9.477898387224493364e-04
9.934853500181502119e-04
9.357199957122863893e-04
2.388107135358979224e-03
3.044170373753359547e-03
1.390297361257422822e-03
5.374203512946851150e-04
1.095785585276724599e-03
9.623507577108822647e-04
6.423578894735024018e-03
3.531267367518858488e-03
1.225536463156237698e-03
6.977647515352709958e-04
6.199035416373647241e-04
8.803720864522710486e-04
6.741472582545226340e-04
2.478469852763438819e-04
3.003829740685463878e-04
8.658396552059525108e-04
7.444862888388650846e-04
7.905044258521097935e-04
1.992837544803268378e-03
1.540143233426078274e-03
9.321984224576193101e-04
1.282339406595478818e-03
9.313455863130230697e-04
4.914981628288116753e-04
6.384033520851488570e-04
7.128560473395365808e-04
1.031989226777058153e-03
7.392503816302962646e-04
4.566650311539098344e-04
5.995568407751562063e-04
6.597566608181423429e-04
5.273521401652640815e-04
8.756280926463950445e-04
9.883978179096994041e-04
3.713533667638749063e-04
7.228159322501501475e-04
3.762102573992469248e-03
1.781103913046005365e-03
5.865095472474946394e-04
9.786707206327067803e-04
1.114410349985740182e-03
6.292817829510193202e-04
6.306979050613608674e-04
8.705328603815814430e-04
1.088307425263976757e-03
7.429787212708620879e-04
5.173055317795669092e-04
4.136573779012473503e-04
3.457237154423169721e-04
6.949083004874237295e-04
2.116138090749601457e-03
1.184881011667457190e-03
3.826217875749578137e-04
2.093603109898915359e-03
1.468911690512689390e-02
2.960793572326099465e-03
4.543631710109508428e-04
3.914683846470430172e-04
7.093369555834084898e-04
1.014942303672998003e-03
1.388789307160160887e-03
1.350883489621762176e-03
6.537887368831681815e-04
4.300730572852954855e-04
6.389149695123164325e-04
5.233497063616285782e-04
3.211711155148072247e-04
6.799169759048649762e-04
1.346106766711225450e-03
5.165220853084286686e-04
4.545911500139914753e-04
5.412892839356722892e-03
1.431902790385872377e-02
1.607047542294743085e-03
6.154748639920914902e-04
4.761656962194226275e-04
4.553784205836109507e-04
1.210813419604444326e-03
1.493525181523204341e-03
1.130075679508637859e-03
4.798180011835001492e-04
3.326663871333592946e-04
6.263515915369908659e-04
8.784493665081803638e-04
8.852428959892448806e-04
1.180390603035798075e-03
9.845792476026349761e-04
6.621334560267835801e-04
2.117818811108273473e-03
1.296833593452649362e-02
4.751654284298124226e-03
4.780954743682170119e-04
8.208247058932520001e-04
7.364799169234005497e-04
4.757074191707079272e-04
1.787290880672773828e-03
2.576432905547696751e-03
1.714514715685701556e-03
9.845445614686438879e-04
7.090784847334478556e-04
8.303662280307804811e-04
1.260933857267740842e-03
1.261439544103192673e-03
5.840535716308245572e-04
4.563586539801969518e-04
1.960418480006217729e-03
1.171099491552400618e-02
1.167811027070043972e-02
1.522661789208043558e-03
3.475349364858099435e-04
8.189734814014847228e-04
6.612799391509079430e-04
5.974117833278849276e-04
2.328365244678174198e-03
7.348475965590797569e-03
4.786973680411300142e-03
2.675835156544998858e-03
2.202894663996938542e-03
1.721047464968193143e-03
1.581749367780269696e-03
8.925577663304702040e-04
2.052113907727830125e-04
2.789124285554337910e-04
3.873548321045285070e-03
9.903805929916915940e-03
1.853058546746018994e-03
5.229439615771795322e-04
5.182810158706521167e-04
5.593515107175610476e-04
4.688435767587358061e-04
6.557257983676150880e-04
1.095372026432550865e-03
4.245200018849291240e-03
3.058243500954117150e-03
1.578635653936692447e-03
1.675685295956605902e-03
1.314837377507281635e-03
1.087025422244892190e-03
1.214659526962116182e-03
9.513525462438299348e-04
2.431492495712484457e-03
1.494282046315083441e-02
7.015656170382966739e-03
6.943378426168676136e-04
5.555530137250305235e-04
1.012475584675522500e-03
4.299192897851998119e-04
4.818493539699056469e-04
5.393901072391470847e-04
5.410695083154918369e-04
1.160114822601149157e-03
8.586846095593914270e-04
4.722070244077419278e-04
6.590411103589111043e-04
8.954395300033462677e-04
1.407954723479868352e-03
4.245643107371455810e-03
8.170579235416692079e-03
1.075595127753850751e-02
9.946488359780143035e-03
2.431460336924721934e-03
6.303411153376499952e-04
8.849462418822977815e-04
1.198243913390929175e-03
4.522009179136628719e-04
6.737882841573927459e-04
5.437319188696340157e-04
1.150407600926018790e-03
1.588781418263288418e-03
1.439765125599498652e-03
1.170231522872658674e-03
1.911996240144076941e-03
3.823745551270505295e-03
7.289758932579272835e-03
1.106125590932798344e-02
6.404290125953582616e-03
1.845562404756348257e-03
5.348464477851585163e-04
2.726941519211697920e-04
3.445770228871094620e-04
6.068584601502640796e-04
6.643600238241646619e-04
4.767629408026596675e-04
5.989024510648333858e-04
1.919566571129662164e-03
1.319892124394292203e-02
1.407121469727677827e-02
1.207650704275804558e-02
1.073592184264915775e-02
8.479956448916020975e-03
5.098371882113010220e-03
3.015613910153140242e-03
1.505340118348879718e-03
6.542251476323417136e-04
4.580407910118692856e-04
4.667302198400416773e-04
6.138093480036720942e-04
6.720374383905914099e-04
4.588830101270162951e-04
4.759740375109045322e-04
7.071616963595409814e-04
5.087027577330954353e-04
