4.693429926056998710e-04
8.751355377137905699e-04
2.130061648181192681e-03
2.334144447405557283e-03
8.702288346361437442e-04
1.851355027662950114e-03
2.544452620604122778e-03
5.147550315485562890e-04
2.552387784557965398e-04
5.183514089574152526e-04
8.591390415778678595e-04
4.571736121047311678e-04
3.209910055084733062e-04
7.985255420286617705e-04
9.353585521846992899e-04
4.928510833970656084e-04
5.649918076665409999e-04
4.365704533761860973e-04
5.260521487051546870e-04
1.293504028326405899e-03
1.089464061548989704e-03
1.342143720390687710e-03
1.670346321093609454e-03
2.027960425482134427e-03
1.008059829712636872e-03
4.975870018428859426e-04
5.813834736310942919e-04
4.645271475164991309e-04
3.917938343731091591e-04
5.455240224174122497e-04
5.421686616024188905e-04
6.315980289509422630e-04
1.216175737694628368e-03
1.329575265195463837e-03
6.450889348601128665e-04
3.800274831180260114e-04
5.679057352967133328e-04
1.310591243080586315e-03
1.251914423153237515e-03
1.529884215629064969e-03
1.411056435301089387e-03
7.687844087998112804e-04
3.167147727602235446e-04
2.858662092984320642e-04
6.093388906188174775e-04
8.477949803262096627e-04
8.582034947383272196e-04
8.496566539403398784e-04
5.573487687561659749e-04
4.536413257435072707e-04
5.919535044348328686e-04
4.724028288219226821e-04
3.545955406683799424e-04
6.747125034513826343e-04
3.010373679720549918e-04
9.848697955364951653e-04
1.747767070541724485e-03
1.612707673038305759e-03
7.374097730152823866e-04
5.929952142091268058e-04
5.943258038514080037e-04
3.747284752483922426e-04
3.443492146508281239e-04
5.648779611087431348e-04
9.740334675178774016e-04
9.338477078883562418e-04
4.926350898391075638e-04
4.012062321694682553e-04
4.675716548141850386e-04
3.958059069014216859e-04
5.887536249293604494e-04
9.626625156890962227e-04
2.263322604905357587e-04
5.529325861393372728e-04
7.216922736277576198e-04
1.049822468229597190e-03
6.386323871721547767e-04
6.786524985760163759e-04
9.974308870603907414e-04
6.518020875200519065e-04
6.198532195986670122e-04
9.691050134166514151e-04
1.317490948461919834e-03
1.259198639031885352e-03
7.261930913583587895e-04
5.733197684165575745e-04
6.069095108611371244e-04
5.897445018429307200e-04
1.084682222418894290e-03
4.283493051054831024e-04
7.020099134221890894e-04
1.080525399276242209e-03
5.349687671411134694e-04
1.665620374961976216e-03
1.574549087142138948e-03
8.712310344618628142e-04
9.112229118617476203e-04
5.518108788165921067e-04
5.614925253202490219e-04
9.893809899332920137e-04
9.965019538155056415e-04
9.188839274002503490e-04
9.860941863864573428e-04
1.031904033410296819e-03
5.349545293406106523e-04
2.796960291158596392e-04
1.101611426886448669e-03
6.171289115536614288e-04
9.829457450767822152e-04
2.159811414490126445e-03
6.107113895139030125e-04
1.745366793571514205e-03
1.220862277051475370e-03
3.788397324043197645e-04
5.480679104613445096e-04
3.534208087697988140e-04
2.133851027639278918e-04
3.791456587080097441e-04
3.319512728592551899e-04
2.408619846376864454e-04
5.170881069740905760e-04
1.478404017346949401e-03
7.710018483761716139e-04
1.813018146431832379e-04
9.580875698276708789e-04
1.648867640050365397e-03
3.920954401500862112e-04
1.156310608680750137e-03
6.037400195494011228e-04
1.620930121286994581e-03
1.208214881810378612e-03
3.090832746636924333e-04
4.086148851986323998e-04
4.121552509349466907e-04
3.379191631509138416e-04
4.932844459494822864e-04
3.021487504933460387e-04
1.820240376430474561e-04
3.097117724909349921e-04
9.897854359228739404e-04
1.276114659070115174e-03
4.073018833538701359e-04
9.859281502478725850e-04
1.015921721910578116e-03
3.073627722539075120e-04
6.263033785624997447e-04
1.943457270142937530e-03
5.510392888940613201e-03
4.357325800211673400e-03
8.976295273909944226e-04
3.362202629672320585e-04
3.181618146241475624e-04
5.018802851063464219e-04
4.186629940174332355e-04
2.202805088846345437e-04
3.148156686553381573e-04
4.219981796278557016e-04
4.954639845064512122e-04
7.578288077716786430e-04
4.678245290047883102e-04
7.159945484230388233e-04
3.776487992196370992e-04
5.744664076831945340e-04
5.611136281897800534e-04
1.002677083474484178e-02
1.269940128895063330e-02
4.175718768868900109e-03
1.049445796722357337e-03
2.343100367072472928e-04
2.295022776244009795e-04
6.368467867704894099e-04
3.059141531465561043e-04
1.108553640029599031e-04
2.426623024099392280e-04
3.923862998480695443e-04
4.466145578891026076e-04
5.815370138342036655e-04
3.081262218022050585e-04
4.989272069972237530e-04
5.309379322188825887e-04
9.584248727159299427e-04
5.583779266720100519e-04
2.655834617731608893e-02
1.628278788793896190e-02
3.751256593102743255e-03
1.560077589682953066e-03
2.362249799975559721e-04
1.745671087787408003e-04
8.409795551459344843e-04
6.134741335278999204e-04
2.073832527145193173e-04
2.406176925039119790e-04
2.323893291573756728e-04
3.830501836839018698e-04
7.786348244362189999e-04
4.163972516153327812e-04
5.951244855522854881e-04
1.018313377607521497e-03
5.559655456100639180e-04
6.943389650276647314e-04
7.719919443137891746e-02
4.595462782015576758e-02
1.810783247718425817e-02
9.253284696454495278e-03
4.717794715962762690e-04
1.001739113983131607e-04
2.871292820600932264e-04
3.474288219366867842e-04
3.184286665268665716e-04
5.322075190005977428e-04
3.302432865898229748e-04
3.290395742761637239e-04
7.526535169285695484e-04
6.027996239801285258e-04
5.249835499638454313e-04
3.501563926331562526e-04
3.544287542954548207e-04
1.346012742172234206e-03
1.917275480572945279e-01
7.866010593850018828e-02
2.858486010860499665e-02
1.538163055592826380e-02
1.049807786212695031e-03
2.183635493039814339e-04
2.437340790865135233e-04
1.484406502425354973e-04
1.754523276440807711e-04
5.493220384918002250e-04
5.367270831985432962e-04
4.733164749932352211e-04
8.290167740199889642e-04
7.288187207755577289e-04
5.369435340712734378e-04
2.169440977431265826e-04
7.917529066161988404e-04
2.019873266062741004e-03
8.044469022713933437e-02
2.595067314730560917e-02
6.788529537644102593e-03
2.634694137608915507e-03
4.807011970678763853e-04
3.624738091481861002e-04
4.719358802817204420e-04
1.724592377061906110e-04
1.205142126803524470e-04
2.539965988519250653e-04
2.688148650385239168e-04
3.429413852867113166e-04
7.102717693128297524e-04
6.857340472791522909e-04
7.907745505842300651e-04
9.026822573184937982e-04
8.589620318158569219e-04
9.830494516223789794e-04
7.665350669233551850e-03
7.285191284955142704e-03
4.184721230389023584e-03
9.810144506257590345e-04
1.572366072336287468e-04
1.668984409704152262e-04
2.968334451392421261e-04
1.465554884159124863e-04
1.398826250282829008e-04
3.032827832181742771e-04
2.393954954161834129e-04
2.806905880013411915e-04
7.770856607109728623e-04
7.863854939639110210e-04
7.373273056671935657e-04
1.318783334865714172e-03
4.759481013060295009e-04
5.759135197724756568e-04
1.386240697495513124e-03
3.814089818292024960e-03
5.537887316287025234e-03
1.311716880511027469e-03
2.487781097221326474e-04
2.543296436421908931e-04
3.543551004627962762e-04
1.843187803361956640e-04
2.202372265393254377e-04
6.214662614254193871e-04
5.645980558332865931e-04
6.186826180667435744e-04
1.723017341490615598e-03
1.467401901778835321e-03
7.129486509451851564e-04
6.478715577137712745e-04
6.716830422102670331e-04
8.901028475529337977e-04
7.338208958790295349e-04
1.495350123718199422e-03
1.679076127200631804e-03
4.562338305738683703e-04
2.417649578064505239e-04
4.293549494244148015e-04
6.397789508179150967e-04
4.583994036369791057e-04
3.638945230185841942e-04
4.355505818385588756e-04
4.292797539416213950e-04
7.101198096814383739e-04
1.873277618372169891e-03
1.494011721163984599e-03
7.950920146584303499e-04
5.448369718961807622e-04
8.046590017888144257e-04
9.992423361880468143e-04
5.895307800256596254e-04
7.477402406240840193e-04
5.804312684701863623e-04
1.914380480809056229e-04
1.609504396912622497e-04
2.398770994156293143e-04
3.691927720046308615e-04
6.834061958406100140e-04
5.576423881973846227e-04
2.655983333778147481e-04
3.068783124438924934e-04
9.178585907626469380e-04
1.903306443334439263e-03
1.125138828041655562e-03
6.236362860146055578e-04
3.755806107808445536e-04
6.414436623463055194e-04
6.497548701734637755e-04
6.146909984552221314e-04
8.228188817997750260e-04
8.691153146880784951e-04
5.424182389204334825e-04
3.596399179858261112e-04
1.835389882003556278e-04
1.857298958891525330e-04
5.916889607610558268e-04
6.606666794009959315e-04
3.577800888292540990e-04
7.268187998292400089e-04
2.144642940985652235e-03
1.968439039145758896e-03
8.227416872890804542e-04
4.728489898915327807e-04
3.066784905650932745e-04
8.263156699887866646e-04
5.339226890005114180e-04
6.850971576599400792e-04
6.581543118823941383e-04
6.529773316053246943e-04
7.786070474129779028e-04
5.756000075832033843e-04
2.107455654037523570e-04
2.047352523744059574e-04
5.803252720016329391e-04
6.254823177516509588e-04
6.004550157789531866e-04
1.578197724530677791e-03
1.785387144843689385e-03
6.886280090796871372e-04
4.755752924880442007e-04
6.443907144763453849e-04
8.824883783297595135e-04
8.110541535295944914e-04
7.108569209745993706e-04
1.284652671323331403e-03
6.010219283554374230e-04
2.802082006422520512e-04
4.153793326890292204e-04
5.138716089547407453e-04
2.998249641252258573e-04
3.706135453977818929e-04
7.749458472440786880e-04
8.221492638131096958e-04
1.321461134739862833e-03
2.555591805130067069e-03
9.520977526999731527e-04
3.056194115819624432e-04
4.820181387580429436e-04
9.029823992046109729e-04
1.379159722299958804e-03
4.134974834337240166e-04
8.648235261508204191e-04
3.041354365495577399e-03
1.077591962355183312e-03
3.121483748137795621e-04
4.586814150178791208e-04
6.393902872054483232e-04
4.034437710749954318e-04
4.645306689123037476e-04
7.720724376608166083e-04
8.553043040758799087e-04
1.492377254975707892e-03
1.817947034730294257e-03
4.614692565628469726e-04
2.240021632079381591e-04
4.872270299640282906e-04
4.642348310515132513e-04
3.551262716434229667e-04
2.617385812002041953e-04
6.360005608400576185e-04
3.084190749168739306e-03
1.219263041173543035e-03
3.842655108633394865e-04
5.387732019986903303e-04
5.087246434003541568e-04
2.464930950939521080e-04
3.540301198764503159e-04
8.203500214701755361e-04
7.278843867539782752e-04
5.840531667683433433e-04
5.042609075485976608e-04
2.145878738914888196e-04
1.534563412345396778e-04
2.435926603056324591e-04
1.677791186160174064e-04
1.361625043961275146e-04
2.493683697120242077e-04
5.701561388384603080e-04
3.527732389664453919e-03
1.989583454121815736e-03
7.201867382865095564e-04
7.198715075278968450e-04
3.647127813948594622e-04
1.369214262199513945e-04
3.339264961045891188e-04
1.659531104190955456e-03
1.231442768961269786e-03
3.755068716002609927e-04
3.064589006868784454e-04
3.202861591968464905e-04
2.011785321920434900e-04
1.181660188445379567e-04
9.637916135792813795e-05
1.854615902650105265e-04
1.263563615982385695e-04
3.239251608942056459e-04
4.038588062619419272e-03
6.731798740943378476e-03
3.506417787542450912e-03
2.029997083549717023e-03
5.200246218037852261e-04
1.086655248837522158e-04
1.451958613424408754e-04
5.137016120165390984e-04
3.506908942550239451e-04
1.037485863078329418e-04
1.312232168437964730e-04
2.896084112303914915e-04
1.602125220731589995e-04
5.193752752834443351e-05
6.278460180073959951e-05
2.059857199753302502e-04
