1.111613865842286768e-03
1.133706760954136025e-03
1.353571680390781287e-03
1.554260595424521553e-03
1.757858444673501309e-03
1.590199403595177500e-03
1.472004579217021849e-03
1.758574124447617954e-03
1.914043089322426013e-03
1.233716889096828648e-03
1.306069234753407015e-03
1.504416966070137906e-03
8.926408175686493824e-04
7.344182377345701224e-04
9.604154533634652038e-04
9.347001318886638413e-04
1.089971413336572126e-03
1.128268290956081690e-03
1.304862497617239681e-03
1.259898267818823940e-03
9.783957269213338498e-04
1.260215776331738121e-03
1.576197794100281510e-03
1.528997487339916507e-03
1.511337981847881177e-03
1.576800537343179013e-03
1.358193799317511429e-03
8.950046445868430197e-04
1.055714196438332962e-03
1.041191994014918892e-03
7.861668205055964437e-04
1.233419091691253470e-03
1.513671134382889435e-03
1.062468471725671769e-03
1.471335081602389173e-03
1.470760354599194618e-03
1.647112045066222077e-03
1.897202126980886052e-03
1.166131463207927899e-03
1.057805778881746629e-03
8.675809655536856823e-04
1.111476981120574671e-03
1.432250229721802924e-03
1.144896418475921515e-03
9.518014979535067196e-04
9.368251247357839472e-04
1.429158202864818728e-03
1.487440440362227398e-03
1.236388221516172099e-03
1.613153211015725275e-03
1.501515751692700197e-03
1.398934652678449379e-03
1.849406782462109048e-03
1.286965470031593232e-03
9.100147834012831940e-04
1.556506341565424851e-03
2.076103981987627647e-03
2.057415053331912609e-03
1.401821080223892776e-03
1.762983486431564384e-03
1.452775004462623747e-03
8.068319108187793805e-04
7.908832762267655652e-04
1.053693522076357917e-03
1.627993266179120734e-03
1.536437678992029791e-03
1.491528435319186942e-03
1.880469228116189414e-03
1.230272784799210997e-03
1.015476160677125216e-03
1.291789965099331399e-03
1.744886993303349258e-03
9.898517519553642202e-04
1.412122633011123150e-03
1.864009113989320175e-03
1.598659102454849830e-03
1.620349970664065713e-03
3.073590736939831383e-03
2.511797587178400595e-03
1.920734500932131392e-03
1.978640575084781705e-03
1.350288665533687892e-03
1.350944150198953074e-03
1.486281636584059658e-03
1.469903474090958166e-03
1.444493134960802335e-03
8.911296056845710188e-04
8.477524777968305399e-04
1.513881306116368272e-03
2.478307457217493806e-03
1.445403949175344711e-03
1.473746029648552881e-03
1.586995375793429693e-03
1.170204634039446806e-03
1.020961465718064941e-03
2.025397397138479182e-03
2.192670063712098393e-03
3.210451682761540464e-03
6.504695680777636095e-03
3.240110793168185684e-03
1.292414809914174765e-03
1.298017414193126462e-03
1.389475500561767642e-03
1.070299061970341869e-03
7.844629889719594322e-04
8.457645802728949898e-04
1.621555798564105252e-03
1.490176288735402298e-03
1.219949435081865404e-03
9.240207992285174666e-04
1.813906791471048968e-03
2.080708728871803748e-03
1.001958820418445261e-03
1.512309195274240447e-03
1.615966853175598893e-03
1.596868954749983919e-03
5.127751939008895650e-03
5.350772035311069340e-03
1.363539583111434122e-03
9.427347551514753989e-04
1.197181408849375649e-03
9.981761804142897689e-04
9.545051817760210168e-04
1.007705418778499090e-03
1.501700246744475022e-03
1.113557477870186609e-03
1.207402640094372903e-03
7.175413045504794871e-04
1.672543943448511015e-03
2.443040351525022254e-03
9.013612608961739598e-04
1.145769646711482367e-03
1.177155111781298018e-03
6.599798767390521173e-04
1.498903965202392184e-03
3.985971067738746515e-03
3.459686862126388519e-03
2.996878728416743284e-03
2.196554659542636519e-03
1.114381628494493220e-03
1.118008934916443937e-03
1.472395992280130066e-03
1.811970824348626457e-03
1.341726317145018480e-03
1.353441344851474132e-03
9.546476676115089183e-04
1.238852938179355739e-03
1.638490977954498240e-03
8.785084374566408567e-04
8.182729466511384341e-04
7.564852287476618630e-04
6.151225705433526446e-04
7.288834608122073426e-04
1.630118809363461513e-03
5.088351552858899791e-03
6.561461985947424601e-03
2.887763445268961247e-03
1.268537239093617437e-03
1.157224643132450390e-03
1.429697498529283349e-03
1.488419929391995378e-03
1.349314904963411395e-03
1.449574341582392277e-03
1.105542062425921360e-03
1.038640615674670713e-03
1.251651052726230609e-03
1.372236149109143204e-03
1.282391416292949678e-03
9.094623719536718432e-04
1.052120593945100706e-03
7.290348135305458124e-04
6.003917809641254322e-04
1.483752857295964978e-03
1.876711744436535293e-03
1.497787226931661820e-03
1.622569594806591055e-03
1.474117596543074102e-03
1.204095256358892743e-03
1.036829694015630734e-03
1.807132933354998680e-03
1.523844368651019977e-03
1.093154382754216603e-03
2.739968418750899151e-03
1.809995160031613185e-03
1.373775595607714447e-03
1.639273980371538627e-03
9.529249211489367087e-04
8.569767526411373095e-04
6.726396912729550514e-04
4.937998676942649155e-04
7.799168838788782558e-04
9.970541765143405098e-04
1.186439598526270066e-03
1.270714761878523422e-03
1.237238019858232776e-03
1.306056172870710685e-03
8.506662444145870160e-04
1.870982126485206841e-03
1.276675967172787723e-03
1.310383845587050067e-03
3.058997652579183504e-02
7.898188299725770675e-03
1.247043987532940167e-03
1.259012733040538318e-03
6.947054196406146805e-04
4.885149858226588626e-04
6.249520281377405262e-04
7.474966360212074350e-04
1.323005432624070827e-03
2.875142732353017008e-03
2.722484650153432668e-03
8.109099940523071138e-04
7.775959350281785388e-04
1.932818549951958531e-03
9.229575591934702488e-04
1.185300126333894543e-03
1.266513734666260046e-03
1.634226880179798095e-03
1.615275984080520311e-01
2.850070781949646040e-02
1.880904120107346027e-03
1.289960517104781022e-03
6.520898772771879705e-04
4.438841769332821201e-04
6.354011424449737414e-04
7.834356947699611497e-04
1.865689151536886140e-03
1.395155319979572706e-02
2.307560502553944459e-02
2.362476040744476008e-03
8.403271641393095454e-04
1.928064800357563160e-03
1.074309882107471557e-03
1.121833816859637905e-03
1.393756382083558270e-03
1.245455893149900305e-03
4.378365920131073452e-02
9.983747999671332973e-03
1.497451623971104507e-03
1.114803498466881851e-03
6.218594644010427917e-04
4.276187215223818780e-04
4.141238388985444543e-04
3.965611807416086101e-04
1.011265011208939716e-03
1.199689082286238724e-02
3.833046944755139074e-02
5.349583023603250199e-03
1.063333791616093062e-03
1.248701192421365798e-03
1.044982746356184176e-03
1.311224820541831686e-03
1.344488149754635578e-03
8.704924293535394294e-04
3.321839225439912006e-03
1.380175329435527447e-03
8.591826934926619520e-04
7.840164542709521364e-04
5.662430042374797445e-04
4.653011761035997433e-04
3.203246109902309889e-04
3.109861489721792854e-04
7.100008284346851287e-04
2.259833217968089478e-03
2.711107027281972181e-03
1.133588575228208209e-03
9.094880151003267681e-04
1.296135893588398931e-03
1.138581569850239967e-03
1.244470860269468199e-03
1.329721297045462951e-03
1.030899768919238011e-03
1.346885465397680602e-03
1.158030153887058475e-03
1.292109059753725675e-03
8.272065964907136283e-04
5.309385100394673710e-04
5.184314997518232274e-04
4.546730302495017987e-04
7.912530919811721448e-04
2.494891470734054116e-03
3.194985530096754699e-03
1.171830526048501641e-03
5.189403059004517402e-04
7.998163661442149507e-04
1.315521696694643868e-03
1.136133672905853542e-03
1.132926965539769477e-03
1.086404641054613488e-03
1.435438259392393234e-03
1.953563746160534142e-03
2.043148634897136873e-03
1.929144057448528614e-03
1.121846014302664216e-03
6.633163326957621647e-04
5.356549962066994809e-04
5.563074351703568062e-04
1.221133793230622360e-03
2.941066696467713789e-03
3.618557477386144614e-03
2.374684568337835297e-03
1.151342242855753163e-03
9.596322094088342164e-04
1.073653805484509971e-03
1.084028012666700706e-03
1.113395650434297231e-03
1.005227336816589189e-03
1.559124816836836075e-03
1.789854481426000855e-03
1.200679035103407663e-03
1.001410600362274972e-03
1.004973174944876011e-03
9.629220814222545256e-04
8.590593378395113737e-04
9.798604336219529469e-04
1.759001662201965192e-03
1.403078563121009118e-03
7.281026345414673331e-04
9.235110754178279223e-04
1.126663645333049555e-03
9.853926940848998801e-04
1.012917785211575996e-03
1.165679978747399511e-03
1.167313642266198676e-03
1.217049832965375489e-03
1.413790307478798121e-03
1.744349583207598824e-03
9.904588345720759940e-04
8.951815657393586735e-04
1.243411653755672900e-03
1.581665925037209703e-03
2.091252540873272427e-03
2.897297516256744452e-03
4.823960770401153862e-03
3.120780980728546199e-03
8.408972256469733923e-04
6.439159277411292577e-04
9.428727239432881102e-04
9.660029484073894999e-04
9.773165888070942196e-04
1.091228910429391024e-03
1.115689856059193588e-03
1.010586299552872040e-03
1.449785353354678076e-03
4.969720243117902933e-03
3.240543042118479954e-03
2.503319407063346082e-03
3.123262120049870565e-03
2.586762388228501693e-03
2.694674494791441093e-03
2.453606675234002495e-03
2.094424719265661466e-03
1.960333877447757115e-03
1.126360628638339162e-03
8.652373237096578577e-04
1.057284940717696580e-03
1.030707837121126822e-03
1.030419852742636569e-03
1.074347824129031747e-03
1.053009061443331042e-03
9.251006133993691562e-04
1.641283978153385220e-03
9.965070848572194634e-03
5.906236090094667442e-03
3.244275450119485545e-03
3.500801718828008835e-03
1.836141186637883652e-03
1.417890486752149863e-03
1.194874105025015877e-03
6.745864324812873500e-04
6.611540935822292657e-04
7.555629641409069642e-04
8.606027758265332502e-04
1.015250659981559080e-03
9.752899556195071974e-04
1.103675905556816090e-03
1.120689004378991977e-03
1.058215049090153754e-03
1.269180632144304745e-03
1.523219281564342506e-03
4.261545014587492068e-03
2.507259121533590880e-03
1.580501170258531663e-03
1.860309369331848185e-03
1.092752413034374934e-03
9.370362935816394998e-04
1.173100044280854645e-03
1.009403608484524132e-03
1.098069009035592064e-03
1.160105869777936774e-03
1.096196197289032569e-03
1.088265050837385452e-03
9.773123285141246865e-04
1.065383860494791566e-03
1.015218950403700858e-03
1.031082875292317364e-03
1.017501227499970767e-03
9.925196141936862282e-04
1.182018376785201738e-03
1.027141132738597536e-03
9.308291448891904771e-04
1.136803020265106249e-03
1.122929370542427195e-03
1.178120456487541726e-03
1.144657489360665368e-03
9.257173331325341996e-04
1.015928641364201258e-03
1.048153277759892796e-03
9.761323011816223916e-04
1.093660822626394725e-03
1.072252794712254655e-03
1.064268576796880816e-03
1.088285987814174025e-03
1.064581119656609698e-03
1.125077699337426445e-03
1.114002745660089451e-03
9.723387856668390958e-04
1.156683976982508929e-03
1.134185405461784384e-03
1.001371810371029861e-03
1.000928255950834416e-03
1.070547036304568544e-03
1.040224037350537777e-03
9.920469257652365057e-04
1.076558824768144218e-03
1.087577309706690793e-03
1.026296847759305573e-03
1.108778463885543844e-03
1.088184961833603718e-03
9.954611779642681072e-04
1.116556141263118276e-03
1.057174595985845879e-03
1.069197980080803219e-03
1.118812594295380764e-03
1.034338018154220846e-03
1.108560790091194263e-03
1.056222499557132530e-03
1.044528759750769538e-03
1.138654226819539291e-03
1.045409759372081674e-03
1.024735332221277974e-03
1.130734587457636782e-03
1.064554139598460937e-03
1.045992527742033162e-03
1.103104242329183996e-03
1.042422264273629336e-03
1.067924497593193906e-03
1.080202147991513300e-03
1.063660666473259303e-03
1.043322718437969445e-03
