8.432031268140652682e-04
9.476619840727483436e-04
2.443123581711210621e-03
4.056669692213177997e-03
2.055148389190837241e-03
4.521184217678974595e-04
5.028638304774237953e-04
2.448108459728474528e-03
2.270316385974292979e-03
6.857114544516342914e-04
4.500345169187663441e-04
5.059726035642568825e-04
8.925133483506003705e-04
8.874790246207326901e-04
5.041878112198042378e-04
8.126798996630591821e-04
1.174849663654987681e-03
1.112358679254851724e-03
4.754201333380730032e-04
7.880155347923581671e-04
1.146871573606583500e-03
8.939352778532081052e-04
9.534627705977184210e-04
6.399418441970113319e-04
4.021600936523808656e-04
1.427784136458194655e-03
6.178457911584361861e-03
3.710118482775142442e-03
7.982817997337492448e-04
5.677867673681126579e-04
1.370546076109989886e-03
1.267370367522240590e-03
8.699687390368615906e-04
1.340111330974589048e-03
7.486085942770485772e-04
9.131559048041104545e-04
1.163061404007760579e-03
1.531931334682347639e-03
1.148782395339720264e-03
7.455411889804247974e-04
1.306482091366622036e-03
2.736200633303795520e-03
1.346938078778251065e-03
7.655519622527160416e-04
1.989553463801635360e-03
4.018252756787005393e-03
2.044196490162435674e-03
9.457125172229397447e-04
6.059439136642014341e-04
3.609937422485979706e-04
7.362549473210130719e-04
1.813656414930980062e-03
5.724663714717424627e-04
7.240483352668530478e-04
1.757455039334338519e-03
1.538259082012372308e-03
1.183078264050445088e-03
1.311127663726101462e-03
9.579827253314417363e-04
1.570113920413576669e-03
2.048859762614527180e-03
8.306676437533404506e-04
5.668248013221123495e-04
1.036727152213401046e-03
2.501725964190491553e-03
5.201458067743917196e-03
3.012293423940655239e-03
7.784603905078058038e-04
7.863378179355177272e-04
1.176969650416254641e-03
6.371364434843932584e-04
9.928815669864711566e-04
1.147466069262423685e-03
6.010250577252528948e-04
6.017249366520582019e-04
2.130477206542513539e-03
1.052092473968555073e-03
8.833311879433103321e-04
2.282691732716653731e-03
1.889823114331258547e-03
8.854709337194135998e-04
5.545230433051181887e-04
8.316274602047279887e-04
3.536139652403271806e-03
6.354612212192216857e-03
2.853633939718324807e-03
1.184911421041355507e-03
6.196807825704954420e-04
6.587703346612003730e-04
7.795291375998588583e-04
9.456938689985062377e-04
5.553917343266406414e-04
5.129427822339412048e-04
2.449505534546065223e-03
1.603654441959377012e-03
1.238688360065542428e-03
2.865538309726593270e-03
4.150854455302752793e-03
4.172748060066013356e-03
1.635025418878178691e-03
5.661207034229423247e-04
1.012713763653828479e-03
3.436872284610148053e-03
5.418494368347816052e-03
2.116937327610565137e-03
5.455266674473343343e-04
8.780359044700311979e-04
7.050501892994802053e-04
6.392286065427277590e-04
8.617134048325253122e-04
6.664948710835434100e-04
1.140155685622845942e-03
6.763120496787832078e-04
6.728634435222265392e-04
1.585147005686247338e-03
4.137811891871322374e-03
8.925156255609982894e-03
4.070381837660721688e-03
1.099469614671709202e-03
1.168687812349700162e-03
3.199195697652243431e-03
8.490915483262344993e-03
3.683922607012553568e-03
5.690268747913412905e-04
8.933781289342869773e-04
7.430727264368599963e-04
6.070270697067919885e-04
1.146236169872039959e-03
9.984089451444142296e-04
8.285047836253219477e-04
6.696740984174601478e-04
6.130181785778407791e-04
5.281800393674743969e-04
1.037780202938140550e-03
3.454337698856567700e-03
3.819634012560845730e-03
2.565470414355761758e-03
1.746317841417516226e-03
1.760877993327548355e-03
7.149139800655290866e-03
8.221022338318560371e-03
9.214006477544660128e-04
5.795765896146875271e-04
7.191933459036828910e-04
8.376727930998516605e-04
1.066397555335254956e-03
1.649772308636194814e-03
1.289046728822666786e-03
2.640740596219117841e-03
2.504786217021370224e-03
4.542749373009208054e-04
3.152026318427125317e-04
1.152721698000896229e-03
3.682842115412574002e-03
5.728959115908322484e-03
1.506279358407531643e-03
3.659515725055038264e-04
2.307804044958971113e-03
1.449994580088811644e-02
2.112210576623462736e-03
3.999931150604096766e-04
1.204246134352485046e-03
5.479568871448845142e-04
5.871214727701518218e-04
2.200619988559650818e-03
9.324227055537958600e-04
1.693804047778603699e-03
2.801915594357311506e-03
8.898934064901367971e-04
6.669726714916090040e-04
1.020709821328018470e-03
1.805897007932886003e-03
3.507242008067110173e-03
1.181655431055893659e-03
2.484144387795020142e-04
1.073541665939166780e-03
1.132907269054689997e-02
4.066592494147674118e-03
5.078286307688023062e-04
2.473594952257699309e-03
6.902979233473478891e-04
7.850031550017055274e-04
5.184082139054082931e-03
1.028358561915439142e-03
6.465793641992827016e-04
1.079221713928125385e-03
1.206968645285297738e-03
1.738630489969707508e-03
8.654809566756635616e-04
4.345638365672488575e-04
8.090903294690035595e-04
1.003323635435570457e-03
6.682178739763536659e-04
1.047575723612732259e-03
4.065130997421007031e-03
4.922332104307165085e-03
1.051240239183183186e-03
1.976231473931446339e-03
1.705979741277933613e-03
2.455271511777188959e-03
2.263905040090416140e-02
5.319438559215410207e-03
2.223026556872498109e-03
1.911062024351847626e-03
1.359509841606731636e-03
1.371939989802974796e-03
6.724962714982989608e-04
5.381352579396396149e-04
1.247237387646559165e-03
1.590449293012371600e-03
1.008793401429520934e-03
6.076863050411922523e-04
1.100795850004320084e-03
3.426518492848259091e-03
1.347263244071278399e-03
6.384141066871195508e-04
1.115553972598568987e-03
4.036253065698590728e-03
7.733940323908823633e-02
2.191133838283804494e-02
6.919639164369805959e-03
4.709844281828362220e-03
1.771123642967864812e-03
7.987410817261487994e-04
4.910913546837034462e-04
1.239477484459990033e-03
6.415287132216017200e-03
4.301326783426532262e-03
6.293719042273973737e-04
2.866745553953202832e-04
1.166952364731790740e-03
4.594995017114384718e-03
1.252367592540155937e-03
3.783416679305613120e-04
5.084229125581225112e-04
2.012209113166569044e-03
5.474030443587731692e-02
1.464044997839887563e-02
3.506513759340618760e-03
3.109588332430426438e-03
1.348088557885450183e-03
4.695524726444252049e-04
2.193361160734616760e-04
5.122457616441856943e-04
5.310859254112918447e-03
5.202353752761486663e-03
3.611048094763981333e-04
2.567454176333689234e-04
3.891730273648465362e-03
8.544886455610429393e-03
9.456382565600576513e-04
5.909008664838283700e-04
5.455434938029275890e-04
3.714586162376554883e-04
4.740050284991556388e-03
3.416135189471423191e-03
2.138844629733977626e-03
1.837981085663603197e-03
6.542582845482032604e-04
4.380028761617714428e-04
4.047910476556210342e-04
5.046476579175944227e-04
2.447001291304339889e-03
3.005687047178149350e-03
3.123385640678924416e-04
3.440297463774263714e-04
4.994092323583416461e-03
3.934507331275558482e-03
4.351899500496334700e-04
8.289238441311719361e-04
7.894208456583366382e-04
2.212708971456272384e-04
1.079313582440665723e-03
2.126501518405125510e-03
2.725779902380182952e-03
1.262885193141709056e-03
4.227196049105818600e-04
1.035834825221744471e-03
3.561847423733036869e-03
2.919939226322188722e-03
2.358204143157333239e-03
1.353172179639621029e-03
3.468149515012313518e-04
6.614224405474784319e-04
3.996628090540455674e-03
1.662439617491526375e-03
4.032767747948287651e-04
6.856947480145523556e-04
9.364784004030222899e-04
6.698929140274526321e-04
1.640096905388119253e-03
2.499240763491021502e-03
1.961001019842312232e-03
8.016758688858829050e-04
7.287815890425745511e-04
2.570178528811223762e-03
5.350548654692337779e-03
3.319857802536381811e-03
1.348600692724293655e-03
4.223422489082370962e-04
2.888220812162841256e-04
1.609985641272931650e-03
6.558824550645943330e-03
2.246961367713318572e-03
8.551744068330146458e-04
4.768542393362193259e-04
6.680380499532729936e-04
6.995894828061930554e-04
8.751564734641446072e-04
1.192969367238929691e-03
1.152195287354752145e-03
1.223871871926436074e-03
3.411891813788105274e-03
4.895361346583646314e-03
2.144743013153386103e-03
2.000897894868802936e-03
1.733244748491728987e-03
4.158675329768576293e-04
4.293715404698278610e-04
4.616562752548714586e-03
1.064503204981223465e-02
2.118837089528360570e-03
8.393913757961825707e-04
4.547524671480276167e-04
4.485208405837536939e-04
4.080149246447599561e-04
4.139946292347599938e-04
8.703375824731053373e-04
1.448860467301774915e-03
2.212071097692753542e-03
7.149991225400485241e-03
8.157001487085271951e-03
3.423292783630857775e-03
4.848528188701904315e-03
4.503190046030572380e-03
9.837246240534057960e-04
1.442244709009014988e-03
1.087779780959639321e-02
7.770193091010370139e-03
9.887955280743834785e-04
4.164357181827417313e-04
4.636137744662378662e-04
4.249903200793052186e-04
7.369425711583252585e-04
1.274807003467645855e-03
2.842500085176856862e-03
3.165618546461743295e-03
2.105127652151870740e-03
3.660901784061501747e-03
7.255164544030178256e-03
5.800694380107059879e-03
3.547317607905360083e-03
1.599037214206430139e-03
1.199826365753986750e-03
4.350248464582265155e-03
7.571379450915949154e-03
1.795898068021639302e-03
5.673848725458225826e-04
3.334769156190051250e-04
2.622282189929276710e-04
3.169171640592032360e-04
8.090206822237712122e-04
2.709982899754351422e-03
6.380884056173638519e-03
5.401138202251579840e-03
2.485057162380753092e-03
2.433328694261530003e-03
3.634528380388341636e-03
2.194416017726506709e-03
6.960938626877050768e-04
5.628999011009767732e-04
2.959691805953179600e-03
1.055474222859927903e-02
1.764621541591143532e-03
2.312884731830129939e-04
3.943093527885785377e-04
4.064861583047079492e-04
1.572093835640322123e-04
2.809507120079488278e-04
3.304029529313658544e-04
1.302510781861209235e-03
3.662483841254308634e-03
3.591051116295431670e-03
2.674008685213025496e-03
2.335231772923180866e-03
1.381676958862372183e-03
6.752365433121159570e-04
6.983381399056123309e-04
1.897318090457011941e-03
6.971457996910931758e-03
4.909977893273656697e-03
3.671656135496473121e-04
1.040567387087490452e-04
3.722246376978009699e-04
4.075064927135706519e-04
2.214221820112911930e-04
4.908013109760402939e-04
2.021298132626247806e-04
5.460918690459687190e-04
1.103007463631573053e-03
8.257140496909226709e-04
8.957449402747015999e-04
9.119671677171462335e-04
3.820996327501230785e-04
4.141193439057963750e-04
2.378797625493414211e-03
5.008911304215700813e-03
1.380114729931530360e-03
2.864791155256626778e-04
1.392267944543921360e-04
2.090556391825239496e-04
3.591741075706448563e-04
2.002849871545805537e-04
2.839247141672239082e-04
3.662381015334354806e-04
1.346133807316712676e-04
3.463943481108003623e-04
4.879275771032781216e-04
2.260355523197649834e-04
1.987886283413543517e-04
1.947243956919949453e-04
1.247093997209766702e-04
3.371542894925136651e-04
2.169176491918369410e-03
1.222223187108770030e-03
1.027561781612596609e-04
4.216794100307480285e-05
1.047845169522267989e-04
1.694261998326542765e-04
7.858919805802606407e-05
3.544723441601853260e-05
1.246684596924710797e-04
9.567859687538281960e-05
1.837550663949612977e-04
2.150532161244140573e-03
5.465136594549523975e-03
1.715626301737795600e-03
5.199976773873700615e-04
2.616277504861487654e-04
2.561422113893054215e-04
5.413651307498424086e-04
4.013269343888244242e-04
5.011795805640146623e-05
1.373398926134149662e-05
2.857045187064873702e-05
4.291314693161126735e-05
1.173283231384720948e-05
2.884622980680039782e-06
3.617290471165020152e-06
3.104231976301000757e-05
