1.085511426490595819e-03
3.256140390981155253e-03
5.739084116551436236e-03
8.079448585075237749e-03
2.789517193661288866e-03
1.526325778489523747e-03
1.749873117091481356e-03
1.073515169969868838e-03
1.076891407149290153e-03
1.457851943533376672e-03
1.693038921067883647e-03
2.221970407659355686e-03
1.598428917889791996e-03
9.464132909230023837e-04
1.003863708444603349e-03
1.278059693867003143e-03
1.437537261639420649e-03
1.148454501317772158e-03
1.163195733203538145e-03
2.153361523464169917e-03
5.965894080916502897e-03
7.609425252750352288e-03
2.548012968348486139e-03
1.419999391579002210e-03
1.291468919545797189e-03
1.291360923124603311e-03
1.887021686569647499e-03
1.290832118565692424e-03
1.013579612082562281e-03
1.517100370222550709e-03
1.286616989017671121e-03
1.272872795088192312e-03
1.734244348817789560e-03
1.701386512537517029e-03
1.542284742358413126e-03
1.670948618716424023e-03
1.425379705603713751e-03
1.145529851499341254e-03
1.440620991276515828e-03
1.904842671556892684e-03
1.707514989641984067e-03
1.775050720829547332e-03
1.168539691181754965e-03
1.007217112978380262e-03
1.785098009243934331e-03
1.855749944275868722e-03
3.230249714583729569e-03
5.238671718631677902e-03
1.956833836631628829e-03
1.079133736934605268e-03
1.174722855122835178e-03
1.171033348035826647e-03
9.696821594027961152e-04
8.106667311045615823e-04
1.586379779069200385e-03
1.177590391893780725e-03
1.038728516435951559e-03
1.325504243662267365e-03
1.518128976816593640e-03
1.706602459016755150e-03
1.326910569414035393e-03
1.366599846580233459e-03
1.507283937288738480e-03
1.058685668958350701e-03
2.769867865974821874e-03
6.507406236384003818e-03
2.186403317768367133e-03
1.020961138730692216e-03
1.143222673601318332e-03
1.435701551817457995e-03
1.566999001515584876e-03
1.578909818951192970e-03
1.309260573458568633e-03
1.642109530193524821e-03
1.903444414168033866e-03
1.829458760119840070e-03
1.568218074941159093e-03
1.288961559701309531e-03
1.163886456601345753e-03
2.151406653167783987e-03
2.595115615995281094e-03
1.076706607463273234e-03
1.340221055382201593e-03
2.382421231946730937e-03
1.319876930149370495e-03
8.994209629546574781e-04
8.603548990666711783e-04
8.764804684794645423e-04
1.146891033850410248e-03
1.449536098641356768e-03
1.414146999658260923e-03
1.641634530844731992e-03
2.248717900739661581e-03
1.683225711930000845e-03
1.499176835873959959e-03
1.426095350326869564e-03
1.228641934174260885e-03
2.364248420946888241e-03
4.161103637487153541e-03
2.182208596770334689e-03
1.406812279117056631e-03
1.472670843110412790e-03
1.555225468557907675e-03
1.835590207237793340e-03
1.228952002650849111e-03
7.995127500747312198e-04
9.185954871397843721e-04
6.635374887175086956e-04
1.607321587352118211e-03
1.124250946522743896e-03
1.874370611249285765e-03
1.360614930303074817e-03
9.629312614480098212e-04
9.566072693387681373e-04
8.060677369754429581e-04
1.093805184392020961e-03
2.060082865957936406e-03
1.942561472033786174e-03
1.230784796635956161e-03
9.700997475079304287e-04
1.656972422471252688e-03
3.172377711392572984e-03
1.720258419756156816e-03
9.610727025607792911e-04
1.286157215618059010e-03
7.510328428562928994e-04
1.611317317077132910e-03
1.180459424512632968e-03
2.100578389906712033e-03
1.663967505365860624e-03
8.838398730237262066e-04
7.031924368080580932e-04
6.379694225265423492e-04
7.032279277942065417e-04
8.675559192840194556e-04
8.723336616513804789e-04
7.451437561987335999e-04
6.639099241675925668e-04
1.475338352594147756e-03
4.140989159568481993e-03
2.311057180275371929e-03
1.087228099431037385e-03
1.477586852949521910e-03
1.653257996701749987e-03
1.284120384418739385e-03
1.141540282026985015e-03
1.359658733493931525e-03
1.554156124100500606e-03
1.305320349652367394e-03
1.038183418264820813e-03
1.197929996954316331e-03
1.399770554781236843e-03
8.019384052855977035e-04
5.157358226647541571e-04
7.391258835479782522e-04
8.332703614411111947e-04
1.174625729236593308e-03
2.983724129851136019e-03
2.634461046166599457e-03
1.525026534968121957e-03
1.498118639021213654e-03
2.483753968621976466e-03
1.188296131799514372e-03
9.659773966858132372e-04
8.611538443690570140e-04
1.310043823083192416e-03
1.664091088727993190e-03
1.263781741684567340e-03
1.591447040823259660e-03
1.974006577631180672e-03
8.102469823227836975e-04
5.273858772012063193e-04
1.144247078409036571e-03
1.035143641005584203e-03
6.617854824181930874e-04
1.187961033179297816e-03
1.827981032186789265e-03
2.024542396463953949e-03
1.525801243829925675e-03
1.710209836508539598e-03
1.423475685550587436e-03
1.320852750206527289e-03
1.785957168967597418e-03
1.475214193823399036e-03
1.339811340281877759e-03
1.160421464929966076e-03
1.129595267203037422e-03
9.077444053570645800e-04
4.897136542657913030e-04
5.689530817132485525e-04
1.065239214021386494e-03
7.061872169438275330e-04
5.668735973414392977e-04
1.056895244690055514e-03
1.644766428585709003e-03
2.598873642509160267e-03
1.769133022904250101e-03
1.125306595843380674e-03
9.357866413764741494e-04
2.199354023553255419e-03
1.121043738666140099e-02
2.312812265445008883e-03
8.567831894338669889e-04
1.278435389830639632e-03
1.039889710242635325e-03
4.650600943596018338e-04
3.401621506640830164e-04
5.579221950177187458e-04
7.670462859189576326e-04
6.082259230237390367e-04
8.028377712409755272e-04
1.011701246614237978e-03
9.618897378460368247e-04
1.872325334076248857e-03
1.806629944527209835e-03
1.057693033860698491e-03
6.915613331092217804e-04
3.897386958542897479e-03
8.238677673480862551e-02
5.628449288374632112e-03
7.841034226521944629e-04
1.357667642672792056e-03
1.024910257165142233e-03
4.630739654197350841e-04
3.994345993716141331e-04
5.653092490683466267e-04
8.649243970095362366e-04
1.091390446076693620e-03
1.140845935857007481e-03
8.769660672842239475e-04
8.426288590766104099e-04
1.513668276580335805e-03
1.902057678657063239e-03
1.296240682310063419e-03
1.066121966156714481e-03
2.798595703756882706e-03
6.345663384579022792e-02
5.761351546343862137e-03
9.629963932639802257e-04
1.168774581526176633e-03
6.281439452678768375e-04
4.554317921306348595e-04
4.904671359031261739e-04
4.530017253137375867e-04
7.342736173418527900e-04
1.223721624303887980e-03
1.037685447541269448e-03
1.423300507291364037e-03
3.055851124465191679e-03
2.469169702978671159e-03
2.107910174023961639e-03
1.533189272199703872e-03
1.318827767941178593e-03
9.300939695541011760e-04
6.424397533437173000e-03
1.898861435262850670e-03
1.107729845664207719e-03
1.058150001591655299e-03
4.166546956027038814e-04
4.537281742009414628e-04
6.189766179277994551e-04
4.189420259897429655e-04
5.117772298914529229e-04
7.836093248020796530e-04
6.481312649252004079e-04
1.626063225697454073e-03
5.716021194699743256e-03
2.014704907380685320e-03
1.310942581027933068e-03
1.466422907280189123e-03
1.381949390949427717e-03
9.591647906709109940e-04
1.986568689353791252e-03
1.133846051101999788e-03
1.192123149429550775e-03
9.653106886807289117e-04
4.764180401444416358e-04
5.826838039961179097e-04
6.572902327093454360e-04
4.856314604431230682e-04
6.338190816139435604e-04
8.730314011216222699e-04
7.171436639959913838e-04
1.815111955089740480e-03
5.921272809404259756e-03
1.595616219309293603e-03
9.012587875499913090e-04
1.557248238881743605e-03
1.333123992881066287e-03
1.550441022713237166e-03
2.162407252312453353e-03
1.682124647643860535e-03
1.285584418970726374e-03
7.304480803986268533e-04
5.769439763361699060e-04
6.675407737464510204e-04
4.453068470083470002e-04
3.877187746878593298e-04
6.495968528563752630e-04
7.967422187148488809e-04
7.388397009662282366e-04
1.953895042472414672e-03
5.857108383078599850e-03
1.957533267145282908e-03
9.198177322827132737e-04
1.378122020456408340e-03
1.027470825885423147e-03
1.074186527956223639e-03
1.841320266086325522e-03
2.081725683828950912e-03
1.226825033301888555e-03
5.843524819313044389e-04
5.159730598953917889e-04
5.454262751252023566e-04
4.301091291476785250e-04
4.903084896889863637e-04
6.276063206956377510e-04
5.427700442051198526e-04
5.399940551333344422e-04
1.203240337606158693e-03
2.302876755380804056e-03
1.067709763348082246e-03
8.669389513129740739e-04
1.068534069690261481e-03
1.069131917831140591e-03
1.015394904753788574e-03
1.899236111350324904e-03
1.707731220324351521e-03
1.075258012811643616e-03
9.195062823706025420e-04
6.756366809549488621e-04
5.239476143593427802e-04
8.635002912804597228e-04
1.151589793763928022e-03
7.802470598595721320e-04
7.371050018278085727e-04
1.157536123057018159e-03
2.118297169339915676e-03
1.936700929523946279e-03
7.736843354197635390e-04
1.087296329739223522e-03
1.088756043368386758e-03
1.022831392648924963e-03
1.241905267779396926e-03
2.318276406699870153e-03
1.317973210793487761e-03
9.505407069940173016e-04
1.774586673895155913e-03
1.222339575604753118e-03
7.145470280661737894e-04
1.380113863116120762e-03
1.052158899447047311e-03
6.586762668166363513e-04
1.888896302339386317e-03
3.692370105067666313e-03
3.541261447130293269e-03
2.698023150043139286e-03
1.117700373203842730e-03
1.248265499821115624e-03
9.734171178815684061e-04
9.472923862965501639e-04
9.928980906259243875e-04
2.164898951835888923e-03
1.586895900681983699e-03
1.220786643240657533e-03
2.170133410273849487e-03
1.525861880773467716e-03
1.011651465083261096e-03
1.516287528222997521e-03
7.318345478137241794e-04
1.117856067389092541e-03
1.174094748349933763e-02
8.773280017368762299e-03
1.364788601521286365e-03
1.130970480612112413e-03
1.059438655714141841e-03
9.759626163526276049e-04
9.299029262448983008e-04
1.241321448072374434e-03
9.496137532287072473e-04
1.782970234360056576e-03
1.843535059929394876e-03
1.459879986661657405e-03
1.723406454818662359e-03
1.307601318108206692e-03
1.041564727640654142e-03
1.719954481311092211e-03
1.334295389762523787e-03
2.715310802404526797e-03
2.159268030453420639e-02
9.190868712887790073e-03
7.930079506630754744e-04
7.592922480774108888e-04
1.183159186099011669e-03
1.000594268150228417e-03
1.141281112176080340e-03
1.053100389472693202e-03
1.053030366205478640e-03
1.067822050350614258e-03
8.662213930575932272e-04
7.508276382300723339e-04
9.779381395099188360e-04
1.154902186505487672e-03
1.039282247584214511e-03
2.122547172827857296e-03
3.036305341438698489e-03
1.884235509017737412e-03
1.978875628929316344e-03
1.548101567117011416e-03
7.809964992072260682e-04
1.099681706400007421e-03
1.249696175538680390e-03
9.546659401285461331e-04
9.836393971898260789e-04
1.079475209939501426e-03
2.149366820795878090e-03
2.426041160060023703e-03
2.385258374250842899e-03
1.792048301409554295e-03
1.336100376299765007e-03
1.872575322813007682e-03
2.429243352866567764e-03
3.935738557249768288e-03
5.807872245786948467e-03
2.299941998778370130e-03
7.891907431806571491e-04
8.330112813026371464e-04
1.119675631884097010e-03
1.248459863199578813e-03
9.259914234366018945e-04
9.961849218892808444e-04
1.124356816682387048e-03
1.033483074669340343e-03
2.776813972988817925e-03
1.810387756607369919e-02
8.743988068854322004e-02
3.350418664050038714e-02
1.956698441351889702e-03
7.505451709716127670e-04
1.258652660597432736e-03
1.051748107563228859e-03
9.384199939568492422e-04
1.166537932473490826e-03
1.108052282164499226e-03
1.093813747197548095e-03
1.081959576900385061e-03
1.037693492676326507e-03
9.836968412461617566e-04
1.201937909589511060e-03
9.942184077945557738e-04
