2.017263550609175483e-03
4.125170339702394738e-03
3.602123916709993549e-03
3.640687880406715937e-03
1.784739582697606125e-03
9.773543300267920758e-04
1.334434720443058737e-03
9.016251130447999491e-04
4.877729748632188820e-04
5.817246266010948387e-04
8.707735212390413284e-04
1.006737027320333449e-03
4.978325256159409897e-04
5.793620500689536899e-04
1.842925349316705801e-03
1.415770225945128065e-03
1.723186064854585059e-03
1.280026738303323289e-03
5.933871344839204351e-04
8.299332598507345006e-04
1.003930588782350015e-03
1.751428762065969759e-03
1.171226993978902479e-03
8.975298341565316005e-04
1.346895455607368753e-03
9.634849289908043336e-04
9.013438995057647743e-04
1.401251154523716147e-03
1.392226477031021552e-03
1.302831869991231354e-03
7.678757802517575210e-04
7.547052551409189633e-04
1.283409543683592183e-03
6.725080983049682706e-04
9.518373009387979438e-04
9.241173497680902661e-04
9.773835797918975065e-04
6.231202842481915099e-04
6.691737592423880471e-04
6.281683293124670732e-04
4.416268396021259725e-04
8.267731325386122945e-04
1.747298454583544628e-03
1.092881437686993610e-03
7.619911651357781559e-04
1.020579927888065619e-03
1.866686091312032151e-03
2.861417251938991151e-03
1.162222949519481352e-03
6.924964378747382231e-04
1.299342686886752109e-03
9.115618430108506564e-04
7.511451642067310495e-04
5.077548745587820737e-04
7.122066794929314895e-04
2.939042141921458418e-04
7.313258426796231384e-04
1.062738130623687568e-03
1.048166866677883004e-03
2.089344292625899130e-03
2.505856467605270792e-03
1.057969015283946601e-03
5.381001675055795174e-04
5.868577792652869378e-04
1.978991757641520091e-03
7.721449995738816942e-03
3.443611030132495959e-03
6.257844805840177826e-04
5.655733172637348021e-04
9.375762175991787708e-04
1.073153622594437678e-03
8.337257436759479756e-04
1.049240408216469637e-03
4.644478931183550359e-04
1.108742918057039261e-03
1.610067422004412283e-03
1.097605802654662331e-03
1.280307958007947770e-03
1.401863214513772134e-03
8.894091914816268547e-04
8.672821523066225361e-04
1.098613688602372842e-03
1.351328420221894555e-03
4.439130688190593386e-03
9.446277654355276013e-03
1.695590467116752037e-03
3.651573927852917734e-04
8.166222138704889479e-04
1.732422605012729974e-03
1.071506105083361131e-03
1.347836180864528041e-03
1.173844469916758126e-03
1.246125085127508395e-03
1.039270903080029285e-03
3.996209600696939371e-04
6.176751158960658945e-04
2.390471494029971795e-03
2.118602680920426626e-03
1.750293763692235957e-03
2.632624113347391877e-03
1.090771211108918686e-03
1.197516991817646273e-03
9.324505756151468122e-03
6.214791641939972425e-03
7.512630873329572247e-04
8.869286444542901068e-04
1.765433583725228590e-03
5.970544137037432121e-04
6.110326450361372019e-04
8.563217034725539205e-04
1.015990036617816020e-03
1.440364720367067397e-03
5.750949359055773820e-04
7.421801169703810255e-04
3.301998241223629178e-03
1.929570847580570209e-03
7.822231689694410543e-04
1.685051907606598728e-03
1.302773910164661646e-03
6.570710317341005476e-04
2.071713552710854715e-03
3.875493938954877645e-03
1.542448564996928666e-03
9.054230534859359844e-04
1.114130040975501272e-03
4.432166173636209114e-04
4.793989535498924411e-04
5.042953830345969692e-04
9.939254216688342847e-04
3.344288622039708753e-03
1.992301873942746004e-03
8.118068636284145366e-04
8.886382483802758451e-04
6.622931817565566332e-04
4.826541804198753328e-04
1.237142375807853689e-03
2.335870263039280335e-03
8.399483540061682130e-04
2.573276296171326388e-04
4.263204770180179111e-04
1.112504530817943257e-03
6.389853443350397653e-04
7.168105990848562840e-04
8.094370132968560028e-04
4.143657615622944900e-04
4.203954439595651311e-04
1.263384418890964875e-03
5.016377137822023574e-03
5.603755091257486137e-03
1.762348255748231790e-03
8.882175349166162746e-04
1.084575209376929805e-03
9.822919160939716683e-04
1.117972889617549394e-03
3.306855419624984971e-03
2.628622977033281266e-03
3.110854534384769319e-04
3.121576760659408871e-04
1.905259106657613373e-03
1.098228981036243699e-03
8.850628905945084500e-04
1.341863038107591515e-03
3.914922052004712102e-04
5.843851781946118266e-04
3.139841143131576022e-03
7.476169162655934251e-03
8.673280365692729796e-03
3.576912047045854425e-03
1.691570175524396546e-03
1.606693910817621378e-03
6.878468363545223001e-04
3.408562061970280975e-04
1.198610803289385874e-03
3.065950870887119810e-03
8.654393484500580522e-04
8.723757126201898493e-04
5.463355567157006723e-03
3.625727075103018886e-03
1.255430772601094083e-03
5.899564678143149428e-04
8.491976769436511939e-04
1.516795105904471209e-03
1.256155775581358630e-02
9.367064783831213076e-03
4.853384712169484493e-03
1.633802675257463397e-03
4.992711506670140459e-04
3.415474753669590002e-04
2.489196746804189070e-04
2.268500747746622496e-04
5.564480001923483845e-04
1.334335477168884995e-03
7.389156400985086304e-04
6.332535914997535452e-04
2.918152666831258860e-03
3.749454482340773380e-03
1.048135185401579024e-03
2.544997176397603244e-04
6.564153881577140153e-04
2.701567223426415160e-03
5.321599818710561619e-02
1.844575672124557780e-02
7.601634552104336549e-03
3.198419463746936340e-03
4.872887303049100796e-04
1.901663193314341474e-04
3.149590417549951501e-04
6.464148436472039573e-04
1.215051859894804428e-03
2.242072270715158959e-03
1.176782623401210343e-03
5.882176788674553427e-04
1.838207776348733686e-03
2.874898370631975061e-03
7.170405574933492879e-04
3.140054219507179231e-04
2.655035728972980104e-04
2.773614071704555255e-03
1.256766681655482609e-01
4.303687928312070060e-02
2.037081603053204557e-02
1.219949909720664631e-02
1.669508208036306384e-03
4.732760431354344740e-04
5.279608415905102329e-04
5.735240421180077099e-04
9.996649982329348320e-04
2.537629916736651881e-03
1.157300137899515370e-03
6.965133950943181058e-04
3.884900852647808853e-03
4.946462596622455861e-03
5.826216693229335211e-04
2.973586990666960317e-04
4.934455737958120961e-04
1.904252160824564978e-03
5.322323717873555377e-02
2.823650473341456080e-02
1.134993409892712420e-02
4.177524570907460363e-03
8.447543231109885635e-04
5.216089148066334509e-04
5.019996558993578733e-04
2.249121739241720928e-04
3.038092576034821021e-04
9.837051243175587174e-04
5.313058030783302183e-04
5.347579578321232574e-04
3.842420349949968346e-03
3.635481566039322054e-03
5.169039984961197511e-04
2.661049307446881613e-04
8.251508708711495802e-04
6.107494086250820709e-04
9.014732810272523683e-03
1.602789959445355059e-02
1.047245224396351794e-02
2.511107274385655092e-03
5.602920777481256408e-04
5.543419696188284489e-04
6.863284344346630948e-04
3.010598528548270761e-04
2.887184964307384048e-04
8.261807780731027272e-04
8.944460902510703105e-04
1.259814689301842327e-03
2.646806741217224562e-03
9.906270832748017684e-04
5.026097021133002236e-04
6.055614269342399257e-04
5.504490517022789069e-04
3.120424999562246998e-04
3.018225116709947076e-03
9.314790680574761353e-03
1.190184098732030918e-02
4.569107090840107341e-03
1.284108901939670470e-03
8.188631094083784851e-04
6.940549091082988875e-04
4.712876093320464378e-04
4.653893260103911808e-04
7.101571868398127161e-04
9.458484775856055042e-04
2.707853315955536556e-03
4.857540649853488331e-03
1.030009994236103952e-03
6.920620934562441698e-04
1.102481884912835924e-03
7.312338585326006671e-04
6.595900992846573645e-04
2.382678387411665301e-03
3.287282539980457795e-03
3.676652044515431577e-03
2.425774705258887647e-03
1.291896297787634672e-03
6.167000400874357319e-04
3.074590207955397677e-04
4.582380826100217685e-04
1.156092531478377207e-03
9.232796745075972852e-04
3.662939788445340847e-04
9.357839943833771079e-04
4.655256173222903013e-03
1.922955724113398646e-03
7.971145823386721011e-04
6.637629567730282416e-04
7.685556497499261477e-04
1.093028366168070920e-03
2.605296869852351174e-03
2.448519337463153905e-03
1.610729688621066183e-03
8.232276083400557904e-04
5.957073066448060174e-04
4.146728649063758927e-04
2.880965975480694573e-04
6.823866905399844553e-04
2.175191917376597360e-03
1.567446540635419145e-03
4.180195320695200044e-04
4.193229303209809722e-04
1.168906273334306732e-03
7.924454136622300325e-04
4.933416690180813906e-04
3.425383526873900138e-04
4.397975252915498046e-04
7.484334076756037329e-04
2.388809177916536956e-03
2.406161520824918326e-03
9.812897980750645739e-04
4.205001014304548851e-04
4.079111378325523426e-04
7.008483321720569053e-04
1.485038088545188916e-03
1.901523208528433685e-03
9.027366253675610241e-04
6.924798355118966155e-04
1.334364863370862426e-03
1.825567731562124192e-03
9.529506139959263017e-04
3.594011287060458991e-04
4.767327977023058509e-04
3.593358066233371491e-04
5.311525691471100964e-04
6.269586692279554381e-04
1.613848692217879997e-03
1.197935784610855686e-03
5.268557008023108321e-04
5.489986436164484172e-04
8.840261767914295819e-04
1.764315572395709414e-03
4.900312200400294867e-03
3.100600254151610578e-03
5.132604437189566262e-04
5.757872092864539659e-04
3.613193167026143571e-03
6.751901770749031695e-03
1.863990685951814495e-03
5.161878237228739643e-04
8.466326006061090578e-04
4.730522641805920718e-04
6.393928821237634865e-04
5.782078397098338544e-04
9.417429542014003722e-04
6.208589734494867739e-04
4.586300219489007775e-04
9.749333312457295064e-04
1.353091889896184362e-03
9.601055312611838592e-04
8.571886101847405641e-04
5.972280550369136066e-04
7.258970531484300803e-04
2.385834939594332332e-03
2.756444919758652308e-03
1.244886817988860844e-03
6.633625346479521271e-04
4.492182138634130705e-04
7.688446058345653217e-04
4.130482225878246436e-04
3.403912506322084560e-04
3.816847351969575395e-04
5.305765894878762068e-04
4.370512267989169275e-04
3.758648405400943459e-04
4.980640256360055734e-04
4.759236521410021735e-04
3.250265309776130215e-04
1.873852670116704059e-04
1.678505636493768339e-04
1.225796218590254972e-03
6.185525622981843941e-03
9.261955687911728984e-04
1.430891113358398513e-04
2.129359142469296608e-04
3.068206780460139413e-04
4.346073326803432833e-04
3.643545414377311856e-04
2.063310889183460751e-04
3.302679808838431441e-04
4.319516392812042791e-04
3.749693186428518579e-04
2.936187787273973377e-04
2.322103648421844596e-04
2.546311324778085714e-04
5.560560229220696008e-04
7.455054591010256814e-04
5.627914150131186916e-04
1.775478346759477941e-03
3.417160354124363763e-03
4.669078681045218276e-04
1.627021211787010001e-04
3.660699339305633726e-04
3.402079603904791427e-04
2.947749044856358912e-04
3.792495550054632595e-04
1.906248053878678030e-04
6.263173475021132806e-04
7.469127617809503527e-04
3.687771672268782695e-04
2.626413191046275230e-04
2.598399837520558265e-04
2.554225673107018285e-04
4.212716993018352689e-04
5.964735618057768465e-04
3.664608225781811187e-04
3.412864538022609040e-04
3.480947283217414767e-04
1.794818010156865311e-04
1.980040154694129111e-04
2.629850420361210884e-04
1.213564223499974181e-04
1.007686624164532411e-04
1.839904841055590577e-04
1.171718978463836733e-04
1.232041235192161011e-03
1.164503940114161324e-03
1.657584743142390430e-04
8.386113916088317724e-05
1.660122835919401285e-04
1.430852552171411928e-04
6.275391675100053886e-05
4.017005297623527256e-05
3.010723508173274450e-05
3.113022687184653349e-05
4.784165441971165639e-05
6.827858317168462084e-05
7.306705405321815643e-05
3.728111547574292485e-05
1.513322218852228287e-05
1.817838668110840217e-05
3.935809012682422162e-05
