1.527562367799596005e-03
7.617441202067472966e-04
2.474810101820283572e-03
1.315081525181993442e-02
4.578264814556511075e-03
1.545867221297993633e-03
1.012138694237423508e-03
6.997029534073158407e-04
1.742774981008044215e-03
2.290435232011521060e-03
1.242718411308141487e-03
1.799717587045889487e-03
2.001581713312420956e-03
1.632334904078693028e-03
1.468660784849824125e-03
1.153418023207356631e-03
1.810219997896281947e-03
1.128954403522946549e-03
7.132589032318689985e-04
1.213048345123381253e-03
2.353743254336329496e-03
2.841496754713827236e-03
1.297438602782502014e-03
1.530548754618208263e-03
1.721769751673993395e-03
1.894624207496622883e-03
6.335140242595566420e-03
3.619372901351016868e-03
7.382375269955643608e-04
7.851475256689746402e-04
8.155502783576849476e-04
1.051882078393573177e-03
1.542827933903993939e-03
8.744622356576659114e-04
1.115970568291830677e-03
1.202295318705952180e-03
9.592229386019243990e-04
1.591066077456007675e-03
1.923914035832865630e-03
1.170939991559247434e-03
6.817161738555674918e-04
9.692174971739243991e-04
9.792993780096952584e-04
1.115013203949417669e-03
2.569212344044966966e-03
1.964742995688459424e-03
1.966949672279312035e-03
3.883835621384510665e-03
1.681426837474557122e-03
1.123683443214011386e-03
1.378565674874183879e-03
8.196474852176512766e-04
1.100785033183762120e-03
1.071171370280761016e-03
1.300898940752912404e-03
1.259105611173699703e-03
1.441290276513912047e-03
1.205065004628757836e-03
9.713695269556965562e-04
1.325478843708398878e-03
1.425577378095087711e-03
1.412782939412261319e-03
1.345167817481697980e-03
1.262211396325479225e-03
6.270084645148329278e-03
2.138322757503979474e-02
4.901955613839377272e-03
1.600574065610120425e-03
1.119852689654329261e-03
8.748700184812245031e-04
1.721187207862176797e-03
1.614145895956628973e-03
1.073844311184585058e-03
1.180424573251327930e-03
1.690459295034714383e-03
2.251674286309271814e-03
1.507447338091107277e-03
1.148862732142262458e-03
1.086705530161365856e-03
1.642780029832319058e-03
2.022698324275270989e-03
1.185838190594288872e-03
1.749329319882930462e-03
3.263486311592562420e-03
2.388912272869492173e-03
2.604312281875884733e-03
1.520247885198653705e-03
7.422371732773926263e-04
1.184817627344831367e-03
1.714767154830511547e-03
1.037153836746008279e-03
1.697088823579323254e-03
3.146321995074653419e-03
4.485393225179647343e-03
1.917395785389000270e-03
1.267807591406726461e-03
1.077921311839844442e-03
1.565768380926482782e-03
3.429927237848079055e-03
2.029165796373815292e-03
7.607474175224009701e-04
8.580361712994124352e-04
2.840695604777562083e-03
9.837226493980083530e-03
4.519463947213214587e-03
1.132429162803890495e-03
8.889308087000652621e-04
9.297207216760482217e-04
8.299200593826601890e-04
8.297067065566038476e-04
2.127753932497636422e-03
3.338492567779037957e-03
1.041757067580958117e-03
1.483466246479873312e-03
2.464125151853578059e-03
1.565931779375077069e-03
1.670020214043866540e-03
1.911985573062937975e-03
1.556288371522561702e-03
1.553914498457384949e-03
2.845684882794373427e-03
5.641577033731204512e-03
3.314436939037423372e-03
1.802615353544321456e-03
1.432893667405556138e-03
7.448355933960869400e-04
9.615688893015892844e-04
5.143382253085194891e-04
1.534298618873227316e-03
3.833361171184000542e-03
8.604543401925064065e-04
9.886338427905286014e-04
2.700852555059743074e-03
1.387418565107050852e-03
4.971500792997374804e-04
6.607343415063659988e-04
1.963494391404619743e-03
1.940603479350139823e-03
1.223384515609621291e-03
2.159912158035733748e-03
3.232892770855567543e-03
3.313663562835392987e-03
2.349342755030627786e-03
1.146648290430627576e-03
1.140010731637789961e-03
1.187929100256918547e-03
1.778070720557043587e-03
6.147958734336621267e-03
2.025801261839097096e-03
7.540960973834922188e-04
1.196967225029210279e-03
1.451695874780027738e-03
6.204225402783608177e-04
5.402791819815694167e-04
2.207097145530466896e-03
2.835501927026786752e-03
1.452010973006213467e-03
3.061509105352434260e-03
6.005674460877566054e-03
3.930924775217867033e-03
1.818187479091196157e-03
1.243768277581679777e-03
7.332296582280440744e-04
2.242701204733742269e-03
9.724571593742770441e-04
2.123497416385513106e-03
2.357951578521908821e-03
8.784356839003397898e-04
7.573566293959947855e-04
1.848287630947632572e-03
1.583196755025175883e-03
6.781835038957530941e-04
1.282684417835930433e-03
2.074433135403102018e-03
1.031831064402536236e-03
1.062123101616902279e-03
1.871246011828788837e-03
1.823674951345944902e-03
1.225185749252346310e-03
1.381732749175715704e-03
8.433895697282198407e-04
2.112816181020383145e-03
1.271250727594504422e-03
1.369642073974444317e-03
2.030697039754899170e-03
1.307198314937903748e-03
6.806835459481815889e-04
8.401308647112096673e-04
8.349920736968230624e-04
3.727704389376523624e-04
4.008720698364549037e-04
7.322946689769131235e-04
5.538027068646900935e-04
4.899451813379575478e-04
1.245142986317984831e-03
2.141696589134082455e-03
1.108740627976521897e-03
1.598075285904201588e-03
1.218898720125827619e-03
1.196397328292904448e-03
9.108615332319424177e-03
7.946213065851746513e-03
5.365620001249998133e-03
5.059868633376274523e-03
1.983445742353997197e-03
6.441410244093470324e-04
5.128444463260626272e-04
6.665641590185965998e-04
8.809628856862906920e-04
1.037321413593433493e-03
9.196799633367829180e-04
1.253365250920991008e-03
4.246579709307458581e-03
5.625402970926560338e-03
9.234872370371136410e-04
9.788850116016982027e-04
8.528419046888249550e-04
7.235257243185118890e-04
4.239979108292567939e-02
3.021676328053839872e-02
1.057624064791844003e-02
1.190804349044549161e-02
5.819468009035709197e-03
1.347909301421559803e-03
8.377844469012700598e-04
1.937148939741822852e-03
3.647690088369414958e-03
2.632295210495962014e-03
1.413649632987868179e-03
1.489355286695660417e-03
4.258420222419149678e-03
6.755164722564741681e-03
1.131875379846665692e-03
7.948354813855937426e-04
8.637593054541955421e-04
8.104134666955618155e-04
3.517871534799048294e-02
2.808880585501463689e-02
8.824772671602410662e-03
3.812215051591926786e-03
1.784436660883330838e-03
9.848097299953203869e-04
5.217715853887861400e-04
6.505096283650005102e-04
1.564544495541295892e-03
1.805598097433734313e-03
1.003806421725696998e-03
8.643915692905614675e-04
2.121352729247195576e-03
4.525603876874163996e-03
1.388023480110098977e-03
9.190511849595769988e-04
1.353172989711204843e-03
6.968441256214727084e-04
5.546359230171659348e-03
1.039286515327035067e-02
7.642368531182087976e-03
1.721873008287998826e-03
8.260594487280251965e-04
1.112577485480648314e-03
5.070985494148655881e-04
2.486019391155604229e-04
4.752728335423971051e-04
6.656750807065048596e-04
4.362129885349825533e-04
6.754225824446021638e-04
2.541449809042466580e-03
3.739656146066566884e-03
9.884272934497985875e-04
7.382589790430857434e-04
1.195042775859854987e-03
6.295481133630989211e-04
1.210928169925012217e-03
2.936647937608526104e-03
5.575151561953145020e-03
2.597219616241948966e-03
1.511801946596592460e-03
1.840199685638824190e-03
1.046025031834811603e-03
6.174186563824830918e-04
9.194320605749475937e-04
7.403775478086564721e-04
3.512636081790902472e-04
9.065431220169668401e-04
4.993657289961073685e-03
4.243742258025755276e-03
9.460023547780241652e-04
6.871357071098285491e-04
9.360008349217310191e-04
1.175891096567845172e-03
1.497506070396738146e-03
2.709783940606432483e-03
5.976134375382694680e-03
3.673446629080545818e-03
1.217300866637054156e-03
8.342151078785449859e-04
9.071206444723418959e-04
1.104531089464723132e-03
1.482254674267658107e-03
9.525079877432436485e-04
5.416167103244585133e-04
1.767966175376686202e-03
5.898213692673062378e-03
2.567959545536537252e-03
9.561092715249198612e-04
9.294928698084458339e-04
9.130578539627900178e-04
1.444601976083334169e-03
2.032367301891264359e-03
4.274333418535789311e-03
7.651036115925781075e-03
2.776331533871410993e-03
6.723349628074296123e-04
7.108737142909067998e-04
1.346301703751684150e-03
1.201027613960881394e-03
8.119317021988950618e-04
5.334990131400804908e-04
6.920575187313814623e-04
3.601937090738749347e-03
5.399403222965924037e-03
1.028239904052690367e-03
6.267743851058063748e-04
9.527051049750882806e-04
8.402314134575030293e-04
1.216078712941911447e-03
1.593309255334606541e-03
3.075629476732521812e-03
3.830290393832674889e-03
1.279654784508516387e-03
6.203830599353469004e-04
1.521963689075752062e-03
3.447954594065109641e-03
1.973896773809232126e-03
8.136995287117565348e-04
5.738857749794757735e-04
1.332408664106373613e-03
7.835944784377740779e-03
6.812367806023721453e-03
1.028319608061951896e-03
6.550317235366956556e-04
8.311054122719812622e-04
8.780664918138786227e-04
1.569213116393064315e-03
1.692019322246245431e-03
1.975335960822041659e-03
1.987444836336396941e-03
1.072802085292280921e-03
8.068206837986906070e-04
1.438505227349788163e-03
2.200584811429004937e-03
1.504865531695529380e-03
9.073846313079565523e-04
1.060750475576721728e-03
2.792943327568241617e-03
6.709485759392072937e-03
3.823276065310949809e-03
1.412193017539678649e-03
1.065199998904656654e-03
7.045705361028211646e-04
7.971431556193962157e-04
1.199925363445304791e-03
1.394213710783831365e-03
1.502044486385023959e-03
1.906875581624748080e-03
1.631453419863521060e-03
1.142457219167325715e-03
1.054864903895006778e-03
9.009253357626590070e-04
6.483174268055539322e-04
7.547102550591639099e-04
2.095140112062340854e-03
5.210797662475608744e-03
3.461667851320895158e-03
1.336407899389051692e-03
1.321340357567339727e-03
1.309585021666998753e-03
6.117373550728570772e-04
7.062727261567800820e-04
6.930202652840262208e-04
9.771064727584206737e-04
1.117896990949559122e-03
1.620610934366477828e-03
1.536379753401622816e-03
9.485777550619652445e-04
8.817499250911808818e-04
8.463145488681296860e-04
7.378253543115810553e-04
1.151258991131907288e-03
3.177350706673450452e-03
4.886030369111612343e-03
1.982358340544396538e-03
8.095444054605162223e-04
9.750782954334684784e-04
9.984123325823489846e-04
7.082006853834405154e-04
1.028894162735980973e-03
8.131483742235911085e-04
1.120099042887604326e-03
8.899345499310864485e-04
1.126838411997494079e-03
1.235954544429209226e-03
6.875489110414391859e-04
7.811998083046245130e-04
1.514497255792855279e-03
1.735611434538205516e-03
1.411341669966916564e-03
1.164289726242225204e-03
1.006759780410225675e-03
7.881541867591824492e-04
6.694290011232442153e-04
7.399785156797977683e-04
6.742206173709372561e-04
7.975828547320214018e-04
7.028376958952979765e-04
6.080418791453291553e-04
1.227078487640582147e-03
7.253399372214342248e-04
6.809203554426890683e-04
1.158204222724502604e-03
9.809875545663327475e-04
1.605468422833237476e-03
4.822567332777111249e-03
3.862425340935945767e-03
1.283123245189050432e-03
6.164647975049857139e-04
5.784422908373883275e-04
7.796910475739351337e-04
9.046501874244169223e-04
8.730936194432569126e-04
7.475638006762575253e-04
7.683059468462532550e-04
7.085882214417821333e-04
1.792395099194173938e-03
1.235497656777434852e-02
6.961684072250049794e-03
1.803381235072328958e-03
1.184394837750882843e-03
7.263711061334906290e-04
8.202148206370604667e-04
1.445858907606801733e-03
9.067787359789730890e-04
6.294155159738237023e-04
8.262205367737339825e-04
8.545397489030829652e-04
7.876597845021110749e-04
7.399126515754842273e-04
7.083748662474520291e-04
7.877499859623948676e-04
7.384606758161555611e-04
